3.717721243951187027e-22
5.964362747857843611e-22
1.477300417864331715e-22
2.787551685889244445e-22
-6.903021332898431006e-23
2.378900080618417397e-22
3.500001525642078241e-22
2.019306070007441557e-22
2.336927433937165112e-22
2.804703801201986208e-22
2.346381505826011746e-22
-1.681760999732968852e-23
-2.194551310955851552e-23
1.610519004778501341e-22
8.113090947277071916e-23
-3.458242315320510131e-23
1.745366166560090876e-22
-2.634308150359684227e-22
8.739143187508395604e-23
1.481854297829577745e-23
4.565318918135379399e-24
-1.356393340327105641e-22
-3.406651357968778003e-24
1.133734905601511417e-22
8.149779962365236887e-23
6.955212171075335682e-23
1.032103510538271087e-22
-1.286492354441338132e-22
-2.537037915603317864e-22
-6.132169168159973205e-23
-4.098745579219092253e-23
8.719273498514934100e-23
-8.645737924839734422e-23
-4.144919567913936927e-23
6.041565396554334663e-23
-1.474331909955769604e-22
-3.139160327783481179e-22
1.794774820539113198e-23
-2.394126091120352197e-22
-1.919974214680982372e-22
-3.046689840084720405e-22
-3.631130207209075907e-22
-8.502504260410101859e-23
-5.350389114873490652e-22
-2.540170592418160386e-22
-2.420191511232258178e-22
-4.626256133950183902e-22
-3.890000932596290806e-22
-2.899088791025501754e-22
-2.473772126656992913e-22
-5.287609426781981583e-22
-2.060433620026466337e-22
-3.953389210549127941e-22
-5.332167617454883652e-22
-5.677868823612498950e-22
-5.103165342820103086e-22
-3.660506683107453061e-22
-5.022453449169692906e-22
-3.131135797775801669e-22
-4.967839734876427266e-22
-5.148389327710691195e-22
-6.756830822225115141e-22
-6.474913208330814118e-22
-5.014163455862362998e-22
-6.576171206738693340e-22
-3.067541361503738375e-22
-4.845576456970608060e-22
-3.582466521802823911e-22
-5.718546603860844430e-22
-3.938394368794264295e-22
-4.309303665435747275e-22
-5.532225237867944617e-22
-4.295575955573966827e-22
-5.839325132157927705e-22
-6.643679118514744196e-22
-6.744612027143858765e-22
-3.741878852943944085e-22
-3.357879275830079009e-22
-3.541736515055899828e-22
-7.809061107303249157e-22
-4.850077867614192212e-22
-5.992358648790712221e-22
-7.043584984628985408e-22
-5.028431828427003820e-22
-6.333805970454068083e-22
-7.204821653102543836e-22
-7.513563292521212593e-22
-6.537724154915293736e-22
-6.616065411227501827e-22
-6.589473558163114530e-22
-5.245618805851244719e-22
-6.125920354360085064e-22
-4.297670463752554156e-22
-7.029828721985261906e-22
-6.434280279401835257e-22
-5.869976946122447881e-22
-5.117076605043315274e-22
-6.994243524315465338e-22
-5.553680788884282260e-22
-9.221711763840158258e-22
-4.388831902118132245e-22
-8.018214486486081477e-22
-5.449113279844977417e-22
-8.970104143849060203e-22
-7.297619431982925302e-22
-6.073948381753156466e-22
-8.674335684538822277e-22
-4.980002518258264058e-22
-6.750846192318545712e-22
-6.504807937182546136e-22
-4.412221116553202832e-22
-5.226079821028375945e-22
-5.448371401695579174e-22
-6.392330360415134941e-22
-7.238631718799911798e-22
-6.072695303050200252e-22
-6.432799000714227703e-22
-5.403785401970610064e-22
-7.848804054121265791e-22
-8.200979487202969290e-22
-5.424846144181342760e-22
-7.058550502913626695e-22
-6.439272244451794935e-22
-4.709314277822155689e-22
-9.017409258613107483e-22
-2.737548086578998665e-22
-5.775810640646973471e-22
-3.559488500539687589e-22
-5.340284113474630049e-22
-5.585816576842892483e-22
-4.614365851421686315e-22
-6.341097354565079360e-22
-5.835333596195396514e-22
-6.142472679551082728e-22
-3.910530078915213014e-22
-2.876488695606762416e-22
-9.478984453153871578e-22
-3.020522686053251195e-22
-3.439341730950724584e-22
-2.007914976589216576e-22
-6.846764659282772810e-22
-3.702866242690706729e-22
-6.326345798270563633e-22
-3.330118250835159924e-22
-3.823986550553095960e-22
-4.381386927280800015e-22
-5.954964867515200846e-22
-3.023747197001427287e-22
-3.556563134401766713e-22
-5.505649191517939937e-22
-1.196381416586977230e-22
-4.262827176081624196e-22
-2.610287239628232279e-22
-1.721797591799403826e-22
-2.387918372306972978e-22
-2.020515167559019812e-22
-2.484151805160060082e-22
-5.266895788908437897e-22
-1.590703222803082244e-22
-2.141198517536065584e-22
-1.291553303075217496e-22
-2.971536246970572594e-22
-1.905617758262177446e-22
-1.942405835478138630e-22
-1.948810263085651376e-22
-4.506570130699330533e-23
-1.214127324642790826e-22
6.914900704326245252e-23
-3.931710580898583792e-23
-6.886110374787756390e-23
-1.457742988799503797e-22
-1.470282186049716202e-22
-2.045086845752803725e-22
1.452027451805466962e-22
-8.682300121612392535e-23
-1.134769935873225470e-22
-2.851120430229060215e-23
-1.701896344072835428e-22
-8.071895777951225086e-23
-8.234753357598029913e-23
6.467335436865743552e-23
-2.299559491154444411e-22
2.832053743945615262e-22
-2.206641860857204206e-22
3.085748827261516385e-22
-6.381503706986637625e-23
8.402078665233998591e-23
-9.363197475621854891e-23
4.652194791883889501e-22
-9.007306851898877028e-23
6.436702009845016598e-23
1.338862170311193646e-22
-7.382793571142033944e-23
2.984118267521850685e-22
1.568189796794805459e-22
6.071383516453794827e-22
2.116982295888500015e-22
2.946097303128820717e-22
3.492579636100612150e-22
3.374061583773713709e-22
1.397302964841557833e-22
2.736165466328541925e-23
3.266932313669699754e-22
2.056082233772382042e-22
4.448907972121536054e-22
2.539013510524079049e-22
2.617048270389589765e-22
2.487492705016282302e-22
4.726476422306441780e-22
3.119858611765082073e-22
4.802295443202341356e-22
5.750558682330351621e-22
5.274485793807746939e-22
5.315744617496299176e-22
4.998684588418196363e-22
4.563659214471481767e-22
5.884323328278401343e-22
7.714081399775310980e-22
4.628777583146726460e-22
5.059125943057179776e-22
4.721561575473919261e-22
6.021636129717556258e-22
1.401372623104021469e-22
5.410425631490304297e-22
6.055812908903588864e-22
5.305992054490304062e-22
6.453407475478015559e-22
6.423290636292112154e-22
3.940891543524787521e-22
4.608789241629134074e-22
6.291518333491225969e-22
6.343059818580101200e-22
3.783347785673907485e-22
5.601667338626167094e-22
7.119649101836695751e-22
8.500368183485720286e-22
1.626505108736225739e-22
7.480125014647946942e-22
5.142971773431914945e-22
5.961455005731498373e-22
4.366543447111375343e-22
7.451625843765377208e-22
7.725926305537964019e-22
5.221138928258699653e-22
6.230428848375777514e-22
4.887048146957555681e-22
5.584953779528608919e-22
5.313134434509875183e-22
5.323304006893470664e-22
6.621872697258341306e-22
6.620969170123864796e-22
7.900039389425298469e-22
5.889227485687237664e-22
6.778841762861169840e-22
6.850200800701744857e-22
6.766964089943805107e-22
5.667678838773235751e-22
8.236404298978461201e-22
7.265510019831265562e-22
5.831865881326653748e-22
4.586583300336275618e-22
6.462924767747569720e-22
6.734385929711897235e-22
5.270798842465595096e-22
5.705797214562812227e-22
6.197336244019703454e-22
7.371915510738015078e-22
1.054922616643310686e-21
3.679888825691817716e-22
6.360401766606288408e-22
4.709541317656954152e-22
6.499186928618699848e-22
8.396888792888872464e-22
6.664824796301159176e-22
6.060450168070329963e-22
5.550998374605538055e-22
8.159080310403422068e-22
6.983054285645300338e-22
5.786585112923136068e-22
6.849799226176860736e-22
6.213215554202870960e-22
7.695608437424865766e-22
6.951673551015966668e-22
6.390331362592271073e-22
5.203606485210251063e-22
4.827494823009217043e-22
5.640759063696839627e-22
6.082640736647542724e-22
7.860843580145705440e-22
3.847004307030014728e-22
6.918986601387965871e-22
3.229961533683402766e-22
2.864279949121888099e-22
5.968537160728191475e-22
3.981567282507554989e-22
2.143872383346412319e-22
2.393701117543563133e-22
3.326736645880247656e-22
3.996988874079223041e-22
3.701354830028900322e-22
3.038645196649243122e-22
5.645155079830007397e-22
2.718216561087454696e-22
1.677161925837119732e-22
3.994607434251857669e-22
2.613402279084739292e-22
1.748992617851274215e-22
3.441230749192011911e-22
3.750412325974790228e-22
1.768530977615839778e-22
2.616807825022509402e-22
4.930460063378753647e-22
1.496112691499074262e-22
3.079528152800057805e-22
3.835875535393252198e-22
2.415581161634886707e-22
2.797609579053709921e-22
5.991364491946387580e-22
2.904388728164015374e-22
2.421235903523791084e-22
6.358823154904133864e-24
2.401310733224403944e-22
1.773920347287767598e-22
2.424233030743833953e-22
2.575056827767863121e-22
1.426447442083743136e-22
1.330941929603933412e-22
-7.205487814912433997e-24
2.500465782710866669e-22
2.518386164927768355e-22
2.362906795437866229e-22
6.809986689219738534e-24
2.176831177021932311e-22
-2.195052209989821895e-22
-6.723108051699761607e-23
-1.452862805220803127e-22
-1.890815802984485772e-22
-1.224117924021485380e-22
8.909017405581712687e-23
-2.208732681947376837e-22
2.496790059706195880e-23
-1.442103971779276344e-22
-1.799407423195681943e-22
-2.692138915383734354e-23
-4.219133997355443624e-22
-2.091388965905044692e-22
-1.182899397023095481e-22
-3.572734336038471797e-22
-1.908222240717657469e-22
-2.042919372509164263e-22
-1.521050009300295924e-22
-9.336809191026122376e-23
-3.217140396642905634e-22
-3.426484339822322433e-22
-2.733180054543227433e-22
2.468484459595532831e-23
-3.681271686397380549e-22
-3.344493334588287444e-22
-4.469447804874651677e-23
-3.582068926728299716e-22
-6.112357794871645286e-22
-3.465560593767327784e-22
-3.893800580880200404e-22
-4.332300459518839808e-22
-4.080483923851115003e-22
-5.084063880337123852e-22
-5.962489711974342056e-22
-3.699918826771616019e-22
-3.955282352152442328e-22
-2.420218754426230418e-22
-4.904057588627772324e-22
-4.386169954494091009e-22
-2.938197419658112119e-22
-3.132093914263262185e-22
-3.021351273825950418e-22
-4.447915421032095464e-22
-4.658903471117823707e-22
-3.192049333858646884e-22
-4.776025551892633916e-22
-6.687923861559754393e-22
-5.283250591308465859e-22
-2.825614059338505863e-22
-7.655483642577478309e-22
-5.441299852860521589e-22
-5.272583920978832107e-22
-7.392457659243742187e-22
-3.005844391817526872e-22
-6.263192034291744967e-22
-5.768696421406326243e-22
-6.737532487150200148e-22
-5.400343722627614943e-22
-7.282025563440404216e-22
-5.886693670467273336e-22
-9.851404917389313945e-22
-7.204316080947259130e-22
-7.827651532730637429e-22
-6.185440970790081954e-22
-7.013438507969282419e-22
-5.108291884654495910e-22
-4.862576197190373093e-22
-6.142141971365776887e-22
-7.881997046569236535e-22
-6.414378705286730054e-22
-7.569811702267075815e-22
-6.054078451702800412e-22
-6.679499780378710237e-22
-8.234638451307845666e-22
-6.483634444826239091e-22
-5.671501127141125810e-22
-6.263907297506456735e-22
-8.526238568742121634e-22
-4.918556727996085241e-22
-6.163705193325808984e-22
-7.651255498784603247e-22
-7.869379377693340499e-22
-4.629350552292644326e-22
-7.408831295118263904e-22
-4.706665702539224380e-22
-6.741613197375205216e-22
-5.983810233400806547e-22
-7.160282329893701377e-22
-4.916945904293946851e-22
-7.719423001657284239e-22
-5.335264389615282888e-22
-4.218382258106142135e-22
-6.357161219293575368e-22
-4.779395899996487281e-22
-7.885014830104208685e-22
-4.276766184175230290e-22
-5.769393926352622170e-22
-5.941194371413245388e-22
-6.733049326816139213e-22
-4.942783580830699184e-22
-5.046687881714382510e-22
-6.400664528315944071e-22
-5.741588013036391423e-22
-6.783761967431239141e-22
-6.006977802706457649e-22
-6.421777812989058293e-22
-6.045846819639945490e-22
-6.385451737060683917e-22
-6.635746513473234878e-22
-4.506542374796131839e-22
-5.462966090390925526e-22
-7.393564883932267816e-22
-5.734343624192214985e-22
-5.067907556728935292e-22
-7.592741144143057232e-22
-8.300342291286695015e-22
-3.877606927351964851e-22
-5.252249782343736130e-22
-3.969779651755977115e-22
-4.682583855941145827e-22
-4.265759541008249022e-22
-1.926034348882269868e-22
-4.472976422829637331e-22
-1.691098355108639627e-22
-4.430239335013125288e-22
-3.782469194169939891e-22
-3.838454106520404214e-22
-4.048873759042502313e-22
-1.307560915279657541e-22
-4.865834420854034396e-22
-2.203978782433656308e-22
-2.145759803558310699e-22
-3.214675785081371104e-22
-2.411961665873813659e-22
-3.005381596162772686e-22
-1.721544285102723811e-22
-2.515811265187675576e-22
-3.414813690500916309e-22
-2.590724466924384175e-23
-2.987755117981795955e-22
-8.757895616671329562e-23
-1.355475646343120410e-22
-2.501740937628788866e-22
-6.435636951144097766e-23
-1.502977820805028243e-22
-1.157487508323162513e-22
-1.325719168746175421e-22
-4.516898779897918830e-22
-1.599646629981752185e-22
-2.862113538157234853e-22
1.654295715002694927e-22
-2.012221378664642338e-22
1.473374573834844336e-22
-1.748120759841074437e-22
-9.140893586417901849e-23
-8.153946616911339248e-23
-1.044349700209474539e-23
1.514955160421273556e-23
-9.790444754529199586e-23
9.229721416925930685e-23
1.745916426904752180e-22
8.926602745877499227e-24
1.137731703885428118e-22
3.071189958078876644e-22
-1.362002761823212870e-22
1.593366784153462839e-22
2.418956564525109533e-22
8.364537929218090872e-23
1.614639215144394059e-22
1.711839885543546521e-22
2.875603256295442931e-22
2.204078737473262056e-22
2.810194975757009510e-22
2.759192377659372485e-22
3.913758136068891903e-22
3.209571275755252157e-22
3.726862851991265194e-22
4.421924829079109384e-22
7.283114296229730314e-23
3.473120491224764998e-22
2.956657160352777075e-22
2.752346256250509519e-23
2.907286719897430581e-22
3.404625028823497769e-22
2.223518048125302342e-22
4.859532817017581553e-22
3.922149966330828546e-22
5.424088609695250591e-22
6.394938449560335813e-22
8.732514133850903844e-23
8.068385591439093058e-22
2.817497118928729597e-22
3.404726392816787771e-22
5.403366163483149955e-22
4.431835560899305632e-22
5.213643713557319069e-22
3.223141936884994085e-22
2.900414741881085499e-22
5.895704894235839990e-22
4.272238394112098709e-22
6.734549459361680260e-22
4.429360196032274640e-22
7.338229657853553229e-22
3.718329927872341847e-22
8.080100758807776547e-22
4.128384479466605157e-22
5.902066403109444100e-22
5.953588172346326217e-22
5.438650132434988840e-22
4.960365767652584065e-22
5.843461175117271414e-22
4.323168871563844193e-22
7.883580580634926153e-22
7.877644822030143172e-22
4.696043480846847445e-22
5.057694508811533156e-22
1.000803321542314182e-21
7.316669468100384086e-22
5.899162154178003893e-22
5.197520951410992367e-22
9.093497662186887920e-22
5.433547108581223967e-22
7.481696507830472044e-22
7.025487500788963293e-22
8.395535168803115063e-22
7.549271860707296635e-22
8.114124604560355015e-22
5.627888362473167061e-22
5.727194324827623358e-22
6.704204994422995383e-22
4.624793500354283595e-22
6.008875679059546403e-22
6.063236153548943800e-22
5.693099083820537434e-22
5.410758450868504735e-22
6.379521412336233471e-22
6.984730802029283491e-22
6.680407439413477681e-22
6.934091982200030619e-22
5.765750983914174583e-22
5.553230418831066523e-22
5.353291091812346948e-22
3.815013432402995903e-22
8.167184047241690546e-22
5.669867080746587858e-22
9.299824981914863113e-22
4.478393160824580265e-22
6.153040702094147277e-22
7.188510593734135078e-22
4.274731925367086900e-22
8.551849729789429318e-22
6.158178828585554421e-22
6.330753731253417070e-22
6.499494143043956414e-22
6.955691427665647488e-22
4.791482934315496410e-22
7.142692775243914845e-22
6.217065414093128676e-22
5.179718671540691255e-22
6.702011376105778520e-22
5.157994998179042906e-22
4.561687175978395135e-22
6.211500375543243250e-22
6.311875457213149138e-22
5.706940116511776158e-22
7.971855275788563464e-22
7.066133969127431775e-22
5.072278956337288461e-22
5.503080428407799086e-22
5.638468081481252510e-22
6.557727977288528647e-22
6.081063217100445177e-22
2.714999846188120290e-22
3.460694702525046914e-22
3.667590479974116962e-22
6.212461067705682198e-22
2.262609792707061447e-22
4.111394853314609729e-22
2.915785207445179605e-22
4.529398582645454595e-22
2.174780527302729765e-22
3.866979470443690838e-22
4.053306703762171538e-22
3.383157419464820003e-22
3.102510037161800543e-22
2.453634947344428191e-22
3.666987381032036305e-22
2.679287904664196187e-23
4.360760117207983320e-23
1.844423313243755064e-22
2.572803747405658012e-22
4.105460585495438328e-23
1.793121312144314213e-22
1.261529426879863613e-22
2.560675527864076195e-22
1.088721067439185294e-22
1.612038501386403254e-22
1.251339171605274268e-22
3.612256218458108842e-22
1.358511408857518143e-22
1.252495997763586786e-22
-1.004100274174980893e-22
3.249111972577689119e-22
-4.527730947853649336e-23
-4.354400279078185608e-25
1.534664831782831932e-22
1.509949464500223971e-22
9.424077835863349552e-24
2.506578373092046164e-22
9.709689463787839963e-23
7.581433770304753414e-24
-3.697988870659759112e-23
1.153973614462019206e-22
1.389891105615313786e-22
1.560394971634283078e-22
-3.196868324745934666e-23
-2.724312496066381283e-22
-7.954560627670392882e-23
-1.313256135536048296e-22
-3.153319549908399599e-22
-4.189571913018523210e-23
-2.207776575398130249e-22
-1.132650775028057303e-22
-1.190318816874025902e-22
-1.902636332536128832e-22
-1.911808630709325141e-22
-1.392134988856372717e-22
-3.330858080472332079e-22
-1.473428027101326363e-22
-5.134203399259428596e-22
-3.783376953523761739e-22
-1.409482192374146227e-22
-3.625773870230604730e-22
-2.141943676135918962e-22
-3.586617240773827196e-22
-2.969104370317198933e-22
-4.982455823549746888e-22
-3.875658059382065957e-22
-1.883370386460502306e-22
-3.908623875954093999e-22
-4.860440399789187919e-22
-6.519620402157763545e-22
-3.369503587999075283e-22
-3.564301406931479896e-22
-5.727920810307045209e-22
-6.373420061550796204e-22
-3.627446884749959684e-22
-5.656211760777344754e-22
-4.826951358723772223e-22
-6.577184797896763943e-22
-6.331099636960916477e-22
-3.979448612025160510e-22
-7.533085186033365078e-22
-4.778002926459865647e-22
-6.148901764473522960e-22
-5.750924162446445721e-22
-5.158008644359401934e-22
-4.649060201337860104e-22
-6.254670259667878710e-22
-5.413122104014002909e-22
-5.903060834643914005e-22
-7.104520383353076822e-22
-5.322962294449393841e-22
-7.056169416139277990e-22
-4.752025842307273432e-22
-5.039537990316634235e-22
-6.434839340009685443e-22
-3.838745958163835253e-22
-5.463697049075457865e-22
-5.794653444882156603e-22
-6.093482370520921406e-22
-7.004283066271452207e-22
-6.790921101341866288e-22
-4.953923553579819104e-22
-6.844415008282812513e-22
-5.624988268779700523e-22
-6.532358449616398890e-22
-6.616034331293545046e-22
-6.458220815214400048e-22
-5.034642127106969320e-22
-6.331496003747230201e-22
-6.890982173263828387e-22
-4.143031995176680299e-22
-8.572744491432735190e-22
-7.054292627608290777e-22
-7.289670369513521282e-22
-7.057775121351960226e-22
-6.307021726750737774e-22
-6.841575930557377560e-22
-5.297625064903762050e-22
-8.249094534725173135e-22
-5.594441332504775035e-22
-6.168630543387588841e-22
-7.736285006287331543e-22
-5.505428250213961209e-22
-9.207156057158875191e-22
-4.279624862946346548e-22
-5.960973315413916201e-22
-6.852651501796131908e-22
-7.034150501406587979e-22
-7.469734455222007914e-22
-5.880325577811103140e-22
-7.028796241901241715e-22
-3.856598909471005988e-22
-8.372981122116048619e-22
-6.265531145075419437e-22
-8.276226886589516683e-22
-9.786651882566356944e-22
-5.895709124120921089e-22
-5.498015765662430738e-22
-7.032908530201213496e-22
-6.571157043887920095e-22
-6.305190772187786476e-22
-4.516969929528208857e-22
-6.241722165102019009e-22
-4.609750041685447666e-22
-5.875725043910363096e-22
-5.411129992414973684e-22
-4.055966892516863016e-22
-5.438809661804999989e-22
-4.399989610650015548e-22
-6.292550270436644439e-22
-6.019054256151482331e-22
-7.855114415566741063e-22
-3.120140455825140239e-22
-4.110919389060017216e-22
-4.494270078505035608e-22
-3.626901119786138714e-22
-6.467152713119732092e-22
-2.113946156891940249e-22
-3.869222252571106914e-22
-2.864141231486663682e-22
-8.759112558419028799e-23
-1.431252059139960158e-22
-2.830616670579316451e-22
-5.860597972179235607e-22
-1.404392536373096499e-22
-3.026954557110512630e-22
-3.877584778242562920e-22
-1.834434374460275693e-22
-1.414109388465307522e-22
-1.354562333573435909e-22
-1.284081121356718394e-22
-1.619173356680077206e-22
-3.433121345622860819e-22
-2.782991630504939783e-22
-1.641168628991209625e-22
-3.973351085543631128e-22
-5.754492676061209581e-23
-2.801832864564290313e-22
4.726805958905674775e-23
-1.325397225219349732e-22
1.840487044198139522e-22
-2.290111808820121668e-22
-2.653149314209319290e-22
-9.420390843979916758e-23
-9.153452043755835233e-23
-2.349441169200799020e-22
-9.645290213272650312e-23
-2.464074078477258631e-22
3.089727882179125179e-23
-8.708311856821473550e-23
1.067038467742880197e-22
-2.271896798702141307e-22
-1.898317045017702320e-22
-1.261289949091535505e-22
-8.766375231742667100e-23
-1.378388412011142928e-22
2.280360419390779654e-22
1.582321666249808302e-22
1.295666176866627940e-22
1.831083888840771775e-23
1.987100572894973264e-22
2.059785867944809481e-22
3.010487434896334791e-22
1.608051219363688628e-22
2.221977045561470305e-22
3.030142268001645186e-22
1.862926788513769373e-22
3.927378864730532827e-22
3.299556353496027478e-22
4.249640105694259604e-22
3.572295446906567354e-22
3.005962709128830383e-22
2.403157230107068649e-22
2.972800819125831344e-22
1.451042783015455138e-22
2.848723705045073679e-22
4.690894433157417062e-22
3.590487283364326667e-22
3.324592716364629874e-22
3.477286037384425438e-22
4.250641454147256019e-22
4.557494510519432348e-22
4.435948129340566140e-22
4.741030851627866994e-22
4.447164783286415076e-22
5.298858078131579065e-22
7.379508131026106950e-22
5.529944680527075337e-22
3.875191087108876029e-22
7.041261755176015258e-22
4.617454456261339466e-22
3.153051077088055471e-22
4.708573124756590359e-22
5.331589517101897376e-22
4.288223983337060004e-22
6.790585065726970711e-22
4.528962862670119027e-22
6.990941983008415288e-22
3.382105533160187228e-22
7.469393008590373442e-22
6.589353174098227860e-22
6.006113789698636088e-22
7.986582371043895654e-22
4.140923946450313865e-22
8.177318635622062944e-22
7.250833943449178819e-22
5.986816677150001503e-22
5.676049242746632871e-22
4.146610058235109675e-22
6.901541032972027606e-22
7.059114196748816006e-22
7.542153690658508025e-22
6.338450839184897002e-22
4.578202819984642429e-22
6.954465855900623250e-22
8.046348539374901077e-22
4.412297068134361325e-22
6.472705410163026271e-22
6.569833622638597495e-22
4.451699570853153635e-22
5.430469850669378971e-22
7.818654216730709693e-22
7.465594635625319319e-22
2.600495054057676091e-22
5.814463295339252892e-22
7.095914640977167514e-22
5.412022612356605194e-22
5.966677303694579142e-22
8.570033899703776447e-22
3.353969626347029354e-22
8.760393744983510445e-22
5.840705580222772453e-22
9.647848019726932512e-22
6.806077290636793203e-22
4.660975264404616141e-22
5.212028563038394366e-22
6.261255885310609089e-22
9.390066362871100502e-22
7.415348536546791004e-22
9.241196056469551358e-22
3.938323014266278302e-22
7.755192095533141872e-22
6.067562202945977012e-22
8.141953127011172943e-22
6.019028117926133538e-22
6.185917260638712213e-22
7.762194314384429944e-22
5.573372757626877251e-22
8.521972797561650274e-22
5.247275745283594090e-22
7.061609213241930208e-22
5.745259626551546392e-22
7.395742949907407695e-22
6.745834789164213095e-22
4.147552587348516829e-22
5.755645187555563208e-22
5.605300358649542305e-22
6.026154713007859884e-22
3.740191285395105971e-22
3.477325397346955592e-22
3.636958444070223606e-22
4.779521915678320019e-22
5.834329143988508305e-22
5.074859791907478218e-22
4.581274135255230585e-22
4.771444026778587256e-22
4.904621034292826566e-22
3.595979443970914603e-22
4.528708239715374238e-22
4.776702155657979809e-22
1.084803713715532279e-22
4.863224896175987728e-22
2.881340649798108460e-22
4.696522766286482503e-22
3.132756074973219723e-22
2.042869457922518560e-22
2.739554117689386115e-22
3.019465266621372607e-22
4.604523456900054946e-22
3.292641695966263782e-22
3.107509368143365200e-22
9.556750676291667481e-23
-5.474248671912545240e-23
1.658086406558396542e-22
3.198323778434967546e-22
3.423225038386205393e-22
2.975278952092630899e-22
6.094005609344248646e-23
1.973318468246200692e-22
9.389345720314882198e-23
9.449563027542615432e-23
-7.910058165792845072e-23
-4.874443149213340711e-23
1.162499111724418932e-22
3.207382363974117113e-22
1.010959474402672441e-22
-3.476635428416841061e-23
2.437693797187716333e-22
-2.911215907265576305e-23
1.279301981289903689e-22
-9.605289891522178631e-23
-4.567641188411441639e-23
1.595666568178924213e-22
1.856257119184585136e-23
3.367187463189343028e-25
-5.749587396150523468e-23
8.298426804660166167e-23
1.607899309300837766e-22
-8.046887093141424098e-23
-1.076986193961590797e-22
2.052929226659414354e-22
-2.916230995385905563e-22
-2.663961329680565423e-22
-7.018711436291501142e-23
-1.381672643400014089e-22
-2.534977564238281031e-22
-8.336523228292919262e-23
-4.235229217475190448e-22
-2.370585100491782169e-22
-5.012100178626529953e-22
-2.151950219686526193e-22
-4.121425091497419731e-22
-2.392276583518115067e-22
-6.244985083405548182e-22
-3.177109063867057691e-22
-6.066578052903752672e-22
-1.633586976884947484e-22
-3.471216817975211202e-22
-1.829549092797146325e-22
-6.901650149970327512e-22
-4.255421657819847524e-22
-3.140250676294944908e-22
-3.724600034012686769e-22
-4.262249787208393837e-22
-2.388270618797186940e-22
-5.621517498931478783e-22
-4.524703289679393803e-22
-4.625887530883613537e-22
-3.671573342875575066e-22
-4.057919987183694503e-22
-5.787495381756604149e-22
-5.163209455490254283e-22
-6.279108051437269362e-22
-3.960829401572890253e-22
-5.108172596221287641e-22
-4.980887565044174223e-22
-3.791277613361636671e-22
-5.052159167990459249e-22
-4.370976893091061369e-22
-5.657620172409972169e-22
-6.879731307605571605e-22
-7.510470529427654711e-22
-6.384304451795358176e-22
-6.757698549101862427e-22
-6.825404048828773933e-22
-6.224677115335098798e-22
-6.595250238710892409e-22
-5.135209289310580401e-22
-6.395466225627687216e-22
-6.843560639756098145e-22
-5.716429839403547721e-22
-6.510942331519621483e-22
-5.620095869998702739e-22
-6.755897311494424224e-22
-7.488435708416613058e-22
-7.629295312604111426e-22
-7.096332645482107166e-22
-7.280591301994147981e-22
-6.437979607065124946e-22
-8.200581074269038396e-22
-7.075568525680737490e-22
-8.069814560027873142e-22
-6.774687558797910701e-22
-6.675310685004217570e-22
-6.889227968490846159e-22
-6.011780620190392331e-22
-4.260923487314641249e-22
-6.680824174479194641e-22
-5.097744674681219221e-22
-7.700948687074227728e-22
-7.659909926406941470e-22
-8.752549479401951646e-22
-4.658300605847996125e-22
-6.179802753236930379e-22
-7.695321874754076492e-22
-4.460341865240339654e-22
-6.499017483530631454e-22
-4.838647335399044092e-22
-7.576243634373743095e-22
-7.195884531883729632e-22
-3.766996820365859735e-22
-5.813910671618968934e-22
-4.649439020860554297e-22
-8.233229362368945094e-22
-7.131470294362483141e-22
-5.431402644265689614e-22
-4.576421879502879283e-22
-5.727555634618083837e-22
-5.030809325415188955e-22
-6.006508542717882160e-22
-6.615186536353301704e-22
-5.289337501029309903e-22
-7.474889281280015288e-22
-3.867905898720596661e-22
-5.386858927142443628e-22
-7.355286655574790993e-22
-5.487578032103698018e-22
-7.418091659393110442e-22
-5.310733438778711757e-22
-8.021866014377437585e-22
-3.904720670703974314e-22
-5.863093329356682321e-22
-4.255923533123032302e-22
-4.777497332174006771e-22
-3.319499012323845192e-22
-2.689405773267323466e-22
-5.090530492603439198e-22
-5.924798664526395063e-22
-5.038169814166178310e-22
-6.721517179312400974e-22
-5.647981447203331143e-22
-1.891863031644445092e-22
-5.738809687024436831e-22
-3.927716801179688413e-22
-1.298848711726795338e-22
-4.875406532170911376e-22
-4.062969959761471178e-22
-3.484430153735816943e-22
-3.085126181855837203e-22
-4.966026673837282022e-22
-5.379188552143528825e-23
-3.880666152579559754e-22
-2.308130986103452085e-22
-3.319426599587166288e-22
-3.156299271568676581e-23
-1.355965697129399865e-22
-1.247768308602779173e-22
2.812127438055169976e-24
-4.530705663833245145e-23
-1.503163072023128551e-22
-7.678739585347243545e-23
-3.046039457632316516e-22
-3.431353286656355906e-22
-1.328040055515533684e-22
7.877219937455302560e-23
2.129111806627437415e-22
3.508956563212841109e-23
-8.059262804304386717e-23
1.303537332422741448e-22
1.311192970567335130e-22
8.669572041653287567e-23
1.504824090936908126e-22
-6.760919421450881931e-23
1.338049483593098928e-22
-1.160118788930376442e-22
1.575081778913556181e-22
1.239764226770217996e-22
5.526770775971922723e-23
2.052628062780523237e-22
8.764576032286399513e-23
6.996085687482712509e-23
-2.653094984681418318e-24
2.642401347840807957e-22
1.563072603387660465e-22
-6.470464436230552200e-23
1.043855166289772498e-22
8.219959459867580577e-23
3.159534592878283757e-22
2.834535686998645648e-22
1.203390755467180591e-22
2.384731123337168120e-22
2.838088891365607753e-22
3.452972678430461387e-22
2.562758023241907175e-22
3.318386012011885814e-22
1.836896742698895941e-23
3.666714673509666095e-22
3.690988240934983274e-22
1.492317475665164256e-22
4.737547379952691158e-22
4.224378638185933937e-22
3.333093031282299316e-22
4.413011059531953224e-22
4.753838838065819505e-22
4.973840024516961453e-22
5.404534021664226769e-22
4.644157173894008919e-22
5.713384027924724410e-22
3.963641392829120114e-22
6.498796810072358000e-22
4.199884237327899923e-22
6.808945080371758141e-22
4.061765492729735423e-22
6.786254825866355320e-22
5.189897287184391938e-22
5.166389495949012403e-22
4.553913185038010546e-22
6.834889547042941046e-22
3.834619474357654823e-22
8.889922810762664517e-22
6.730949339713535016e-22
6.479627283823739504e-22
6.314520884668787447e-22
5.704669591084698971e-22
6.175299779447474835e-22
6.969522900890388333e-22
4.974093160926028025e-22
6.638952483700137023e-22
6.541599101587605203e-22
5.308444674158390912e-22
8.251635067937134184e-22
7.095135463665268767e-22
7.456719224944607957e-22
5.170438755244833337e-22
6.205259996854240143e-22
7.050033199637714926e-22
7.243378877032805005e-22
5.465773196991101297e-22
4.987874681330788546e-22
8.494239539558384081e-22
6.635826398423861649e-22
7.870702005808889516e-22
5.195867841699937908e-22
8.765913900070623354e-22
6.064955858309989272e-22
6.670202848421689997e-22
7.002982947477524371e-22
4.061219345675066618e-22
6.314527993831815698e-22
9.051264993585429591e-22
5.941363737445141453e-22
8.702422726631355871e-22
4.619512427988634012e-22
6.745608110748141534e-22
5.939479801771808174e-22
5.345567031472929019e-22
6.925810174421041788e-22
7.488116402783082993e-22
4.508706454021593367e-22
7.039274216559223110e-22
5.556813199793329373e-22
7.077647383626736078e-22
5.392298061222742612e-22
4.499142857783088677e-22
8.045304045274086446e-22
5.884450950474510993e-22
5.083343759149372111e-22
8.764493606469482950e-22
4.416894949786232154e-22
5.063437619098611590e-22
6.724184380991489310e-22
6.372466900629205699e-22
4.782993187636882021e-22
8.090716706694941776e-22
4.961569334326260917e-22
5.225974371272667572e-22
6.426720029756821694e-22
3.515248077554063430e-22
5.697904579280354574e-22
4.778120510495659827e-22
5.799213852908065254e-22
5.224843836033896231e-22
5.157582580622494388e-22
3.860727230146265401e-22
1.294885251101342485e-22
4.330523598796807270e-22
4.090405503108848847e-22
4.335853998521059304e-22
3.969946315281926012e-22
4.520290126254689309e-22
3.100693036952110175e-22
6.709888229574481106e-22
3.377847199396557241e-22
2.263751743398147019e-22
3.849846485148918629e-22
1.804285271068095415e-22
4.961664105890530343e-22
3.438014215353625204e-22
4.420264319109412357e-22
4.182408967268558818e-22
4.049796366949247898e-22
3.211794126202159216e-22
3.875257653599329949e-22
1.440008172347571036e-22
1.391944529576990022e-22
1.090275078842283306e-22
1.461133732649682074e-22
1.516180316866641831e-22
2.783285488803513193e-22
1.820885045874871470e-22
1.757897478890164167e-22
3.555227729780549949e-22
6.604917897619184475e-23
2.460481597727709752e-22
-1.703650691550239162e-22
-5.728125831256200324e-23
-3.530381988463323416e-22
9.168547334477150384e-23
-3.129837788471439029e-22
-8.097638509980101740e-23
7.255268877193124454e-23
1.726705200410141870e-22
-6.659778673198201701e-23
5.508355651175698627e-23
-3.236827706851697349e-22
-3.474997020742245524e-23
-2.584876284744785882e-22
-1.876483382979903333e-22
-1.827060432875877242e-22
-2.291877052650484594e-22
-1.685214382380542329e-22
-3.616092657464559607e-22
-1.712152576325066334e-22
-4.292530488052567637e-22
-7.172820829258622843e-23
-3.108379547015170208e-22
-2.547333369696202478e-22
-2.833311182869653471e-22
-6.849662745116447545e-23
-3.563195108996365481e-22
-2.177206061182828837e-22
-2.543028212554118145e-22
-3.715648344503872536e-22
-4.421249006185291581e-22
-5.028511898460835490e-22
-2.446707162772762386e-22
-3.675655370061731119e-22
-3.591294377890567253e-22
-1.010888120073810489e-22
-4.746843854235386016e-22
-2.615580991431055410e-22
-2.705465750204612745e-22
-4.375447999634478744e-22
-1.545615186231977725e-22
-4.315742371672431981e-22
-5.433717741994036129e-22
-3.414004409458455055e-22
-3.516089096449944133e-22
-5.418031692859711155e-22
-4.113713820074038146e-22
-5.660087797563724947e-22
-4.709648156557214555e-22
-4.889605691889611368e-22
-4.127788019584254459e-22
-6.107556710162206254e-22
-4.971489606459532848e-22
-8.113144596230981072e-22
-2.199633015007882457e-22
-6.621326708554935917e-22
-5.715437597593349521e-22
-5.849099917242046300e-22
-7.869853992416082227e-22
-6.809345729206690913e-22
-6.700623610396857967e-22
-8.367172425699322788e-22
-7.061760207169591754e-22
-7.840151673664173019e-22
-1.043850695639058159e-21
-7.560162024093987409e-22
-5.538094613323410054e-22
-7.642618500552392954e-22
-6.464244627966259306e-22
-8.059540537804578216e-22
-5.621812925769167839e-22
-8.274064025549821732e-22
-9.304187865910998406e-22
-5.998348137874706803e-22
-6.838355231825619904e-22
-5.407180399101685544e-22
-4.673498963378481757e-22
-7.139561869860943843e-22
-8.050137958777627864e-22
-7.585256921221799269e-22
-8.423699139671153508e-22
-4.637105613543499699e-22
-6.152050926900147838e-22
-5.082601213572440507e-22
-8.744978975343099206e-22
-5.467211018469099645e-22
-6.104195972562245381e-22
-3.810926415775965782e-22
-9.356966926288646695e-22
-4.948609770170688545e-22
-7.165094532312127778e-22
-5.913129563942440512e-22
-5.262857753193102070e-22
-6.999775078034834562e-22
-6.582473590776297369e-22
-3.213552243242568658e-22
-7.452394973771355827e-22
-3.965339887799335381e-22
-7.411154626456664304e-22
-6.412559035976075629e-22
-4.292522771207310445e-22
-5.870088770316781997e-22
-3.249529608056936561e-22
-4.369756007406490223e-22
-5.030613681888791750e-22
-4.800540675712359207e-22
-7.629349117012442270e-22
-5.208403186803137874e-22
-6.788113278509943203e-22
-7.619759221671926222e-22
-9.123531100241374033e-22
-7.242921524543134099e-22
-5.656782233153006295e-22
-5.258886671780539897e-22
-6.215687175849807636e-22
-5.594772563783055487e-22
-5.809841446209188123e-22
-2.578204678854843464e-22
-3.768858602304674083e-22
-5.998428061770935957e-22
-5.534623017558877507e-22
-3.921609296846772130e-22
-4.465801667985122549e-22
-5.210634992414130494e-22
-3.196297827750386777e-22
-1.300712820329128703e-22
-5.708575554387444221e-22
3.173678501188018064e-23
-3.827372251887487814e-22
6.008070552603520856e-23
-6.431712261805066185e-22
-3.548882970529027208e-22
-3.119351908213746600e-22
-3.466120205842616080e-22
-1.866902445555882289e-22
-3.386657306360547593e-22
-8.503879290040244028e-23
-4.025437359174735912e-22
-1.714559590329999896e-22
-1.260407077934612698e-22
-1.976027618107498411e-22
1.477736240903207593e-23
-2.409209372057670078e-22
-2.762524734656121192e-23
-1.120410039350934864e-22
-1.859652096426360147e-22
3.879612805465097019e-23
-3.546011368196898393e-23
-2.451412774241706332e-22
8.828543685394902138e-23
-2.829295685944194176e-22
-5.193818868097105073e-23
-1.137309063263515744e-22
-2.433110355801609912e-22
7.874008904672097931e-23
-1.069624718747776472e-22
1.514393220259697132e-22
-1.292503116948503660e-22
-1.825243543662830813e-22
4.503607326980429624e-22
1.394248728946670125e-22
7.484215186448073439e-23
1.220366088673242884e-22
3.420144445295751793e-22
6.846932889194304431e-23
2.570573275345178826e-22
2.304226876419327239e-22
3.254825732277642948e-22
1.838503884571853769e-22
2.911457777727684860e-22
2.275499280702107463e-22
3.979669593406667449e-22
2.617663102817085045e-22
4.146908891744533177e-22
3.139054225709078985e-22
2.458472806579808696e-22
3.701375826161479064e-22
6.095436703931626853e-23
4.585653872510118167e-22
2.731197078569483436e-22
5.127822114407832291e-22
6.966118399858991531e-22
3.839822378128887111e-22
5.103126464001546279e-22
2.991968341411405353e-22
5.041666149239573241e-22
4.700099771469854827e-22
5.284821291889576199e-22
4.269686214453615437e-22
4.823563699347852126e-22
4.191939260993871831e-22
4.463207831031814320e-22
4.289739856734595667e-22
4.878566711175689278e-22
3.064110680704287973e-22
3.607265668233722985e-22
6.482933378764551365e-22
5.725999247416161704e-22
6.282769264741186991e-22
5.932960226974897444e-22
7.782713051657104913e-22
5.314007601619714859e-22
5.046977817456501885e-22
7.059688704472114115e-22
6.003017077806471688e-22
6.264196764574837877e-22
4.346824349525773847e-22
3.848363063031748739e-22
5.744410590112066100e-22
5.836463542461067504e-22
7.622070894780298259e-22
6.193423839226995871e-22
5.936783691959828529e-22
5.445837078311838847e-22
6.268770435735565877e-22
6.907565983290181769e-22
4.015439842082731850e-22
7.528299971009439473e-22
7.148642379133674977e-22
5.495042893970826924e-22
6.164731307327303767e-22
5.984901871226154301e-22
8.968804146965888470e-22
6.939029586278028274e-22
9.568948453165000841e-22
6.290350310596656103e-22
7.064080070610028361e-22
7.161823296029050469e-22
7.455900764350311959e-22
7.216808046346899700e-22
7.031061700566673152e-22
7.587652464788594181e-22
7.338526768470427156e-22
1.025641838679009082e-21
5.407510299294061726e-22
6.184257292742556960e-22
7.088256335355042000e-22
5.947623264856787111e-22
8.379623325539798116e-22
6.745766318643225643e-22
7.319498452696722644e-22
6.496888494270626685e-22
6.508178549478447340e-22
5.703944607197565147e-22
5.726551252566395899e-22
7.961716553487190549e-22
5.811128729102739685e-22
7.820382581209868048e-22
7.844536781189666085e-22
5.425091785633273241e-22
7.287347639664270061e-22
4.566824716876887656e-22
3.602116554581259245e-22
2.630104138813333911e-22
6.545634138241771583e-22
3.946505769251794613e-22
5.074885759000285624e-22
4.019850115618341184e-22
2.828655210415217275e-22
3.967197383628047236e-22
3.581951183240027728e-22
6.589945024396898178e-22
5.832261539537385076e-22
5.376848579342686394e-22
3.685366098447367114e-22
3.911267820446554622e-22
3.736474124795118125e-22
6.251668115378851138e-22
2.745727630684835825e-22
4.023697940683809754e-22
4.606117494845607932e-22
3.782935712017106282e-22
2.668596382146888176e-22
2.363806317617821201e-22
2.822512607546474319e-22
5.220033529477840125e-22
2.701543026177015345e-22
2.279524891406397971e-22
2.752033008883936317e-22
4.771898569991519640e-22
4.208674040785469194e-22
5.614709782308310976e-22
-1.210687209017459994e-22
3.308841430147675938e-22
-6.254202212039517277e-24
3.332343952941823263e-22
4.217418064959853628e-23
2.684488024091804404e-22
9.619563607197216539e-23
1.198753680890801926e-22
2.884367196426042324e-22
3.949710649692223967e-23
3.506868249620704420e-22
3.244438965189139435e-22
-6.749444193047063848e-23
1.485727793837887822e-22
7.792229122707500173e-23
1.650744558113897689e-22
1.555595483222720645e-22
1.581728443861570650e-24
9.987985259102916319e-23
2.322333444769695194e-23
3.452939091062974386e-23
-4.536269933604697158e-22
-1.970087277716973584e-22
-2.162282061680818807e-22
-1.842111566029449451e-22
-2.921484271558371273e-22
-3.265355843690673429e-22
-2.755595067684247947e-22
-2.266428530883621020e-22
-1.158319241281701614e-22
-2.310772669237114945e-22
-7.552661508314048561e-23
-3.029396209632073939e-22
9.167558066400443332e-23
-2.635410887642268088e-22
-4.015315717695568252e-22
-1.384338666962010706e-22
-1.449980928943717028e-22
-1.196673690752389708e-22
-3.834539734911811647e-22
-1.454752956690007167e-22
-4.850966520928971165e-22
-3.671473089662441145e-22
-2.530137905375714606e-22
-5.294371987198656533e-22
-4.169992352634262482e-22
-6.646010684711183217e-22
-3.046003879533289326e-22
-3.987844086674668162e-22
-5.065957693691821767e-22
-2.948179881098520134e-22
-3.634840513533239635e-22
-8.569000565921858982e-22
-4.861443090731559301e-22
-4.819621939346200904e-22
-6.666785151591779417e-22
-7.136604857047310435e-22
-5.470150486187051422e-22
-5.996006533371928642e-22
-4.797174315139875033e-22
-3.638055765970424083e-22
-8.249167687790544235e-22
-3.473084566925229724e-22
-4.973784344131866911e-22
-6.677699210457411330e-22
-4.409981198920755508e-22
-6.229945718532770759e-22
-6.276557016920996326e-22
-6.968281653206531076e-22
-7.967945041477723287e-22
-4.776910852479728730e-22
-7.104824372287462111e-22
-8.141919676093604815e-22
-6.205686870980476809e-22
-7.429027832817296805e-22
-5.548038148590499551e-22
-6.076409986761199384e-22
-4.887983086122083585e-22
-6.684965667566421205e-22
-4.048354368561845101e-22
-5.757936986799063101e-22
-6.140935520140650127e-22
-6.617740060644837520e-22
-7.586855602159428912e-22
-7.450769876317550932e-22
-6.460469838687444984e-22
-5.181067144585110781e-22
-5.426798296557008174e-22
-6.863783116050706323e-22
-6.713997076424149022e-22
-7.027374618610057086e-22
-7.949221509059349604e-22
-5.465846605288569393e-22
-5.033684680200936669e-22
-5.503802058871683373e-22
-6.297320279369066859e-22
-6.943561368359722944e-22
-6.684849837940367976e-22
-6.715446438068758097e-22
-7.252717126124414199e-22
-7.222866276649277058e-22
-6.807617948376987325e-22
-7.882798285434609736e-22
-7.679690848185924834e-22
-7.460812962114501268e-22
-5.525613887284850597e-22
-8.531128913394538837e-22
-6.219659594964054086e-22
-1.140431928533139176e-21
-4.509515764141667809e-22
-8.738847446705006336e-22
-4.666895218456259730e-22
-7.193760134348522531e-22
-5.713875966934135184e-22
-7.675903470336620301e-22
-3.887763391517264917e-22
-5.176246704270839217e-22
-6.697674012767861811e-22
-5.515805555392443542e-22
-3.497438560928145614e-22
-5.433790237247710121e-22
-7.476549475060125139e-22
-5.896291735090596347e-22
-4.584942077976220277e-22
-2.122125290183526454e-22
-6.155988097223807891e-22
-3.960646678840755836e-22
-4.838354893829855874e-22
-4.252538505289102060e-22
-3.805681041599138373e-22
-5.513634737407357326e-22
-3.958914929583251128e-22
-4.662429940664484901e-22
-8.880415813958327495e-24
-5.425886767229124114e-22
-3.600255378938966773e-22
-4.241052606976083882e-22
-5.180400335288713242e-22
-1.482730067855879342e-22
-1.076357841932768573e-22
-3.667370206593911237e-22
-1.256931317193854953e-22
-1.488706799836345346e-22
-1.830329626317400903e-22
-2.577355286684558149e-22
-1.739024284871573648e-22
-1.127602053510054345e-23
-2.803002817962633808e-22
-2.640433191234126996e-22
-4.742073113215871061e-22
-1.494570665233352433e-22
-1.884355642903691370e-22
-1.055452478662151115e-22
-2.508730036916614876e-22
-8.806073580680802388e-23
-1.485923754311304103e-22
-8.746226972709420889e-23
-1.088559990062768152e-24
-8.541456799938213369e-25
9.302154330806253662e-23
-5.726946096240457731e-23
2.251907177935435137e-23
6.887297377490180422e-23
-3.014355534202580589e-23
-1.212437791391127812e-24
-1.148390950637488522e-23
-1.379452490027903542e-22
6.919082331977515839e-23
1.712026887144921371e-22
1.323416878748168376e-22
2.583031028454641031e-22
1.515500964562867505e-22
1.784448969481910291e-22
1.832934153331494695e-22
2.214577199490755030e-22
8.749564513776154656e-23
2.445735714488198160e-22
5.083302193531665665e-23
2.725178823083170175e-22
2.119869781671459462e-22
-1.717344394171885746e-23
4.238928781279143926e-22
6.312320067733792752e-23
4.183487712296890678e-22
2.325463737568963179e-22
4.890733405609037914e-22
4.815051531017135344e-22
5.405599036458466641e-22
3.541304465288736199e-22
5.388036047613259516e-22
2.474934247622332615e-22
4.909554712886428168e-22
3.680907565322044113e-22
3.680327192586863376e-22
4.313009369955420428e-22
4.991100684545961469e-22
5.248998615382927720e-22
5.481828598026188856e-22
6.409082773883902400e-22
3.508196431855245560e-22
5.187844200023824725e-22
3.401346999517827264e-22
5.497565039153145009e-22
5.256238495672081803e-22
4.677289026330583792e-22
6.459169140629463169e-22
4.163303113347006021e-22
7.066566536668688473e-22
6.317219777388752389e-22
6.587078407077495086e-22
5.882345207756722259e-22
9.080498945610280533e-22
7.309457911554065609e-22
6.861363740450683888e-22
6.595082170564407441e-22
5.893929325079742109e-22
8.620126262639631713e-22
5.166372371769841539e-22
4.662352821745910501e-22
6.389382838644739605e-22
7.814383954269674404e-22
5.479445658066217322e-22
8.638323638745704916e-22
5.876561622761918285e-22
7.543857497144555143e-22
6.990994906816519938e-22
7.637657701297375051e-22
4.784092737885580662e-22
4.861774130424802567e-22
8.196695081597848964e-22
4.480016748689830666e-22
6.035932923577224004e-22
8.016984787899863926e-22
5.863454976857108790e-22
9.157317926492611079e-22
6.468809154444368113e-22
6.287060467487435401e-22
6.749509186705709283e-22
6.811946158566115917e-22
7.048994706903613941e-22
7.629610107497708978e-22
6.940853305402344892e-22
5.838028250024439156e-22
7.920241164542364301e-22
7.092804764094007031e-22
5.927183881187530428e-22
6.997108912505451633e-22
5.678223272744515077e-22
8.946451832620714515e-22
6.583200077539760600e-22
3.818387793698056902e-22
6.769135184121087969e-22
5.933559478682428730e-22
3.865020884303719005e-22
4.441158126505697386e-22
2.409554908639113567e-22
5.624024911832166405e-22
6.556809537262305680e-22
5.055151584891875551e-22
8.156691824775258451e-22
7.163720142860820766e-22
7.454018799134063211e-22
5.819841339003310268e-22
5.824823207678872508e-22
5.728965264431575547e-22
4.993268620734365967e-22
6.706008277178869272e-22
5.280353052827475676e-22
7.000985107535651296e-22
6.508764665338755374e-22
4.935664301062271862e-22
4.141233760998289001e-22
2.548829511932600779e-22
4.893782453270364257e-22
4.300156561213584438e-22
5.820947424586358092e-22
4.214443625006636881e-22
5.434422774233475503e-22
2.661574215163552530e-22
1.913636955394924351e-22
2.151941168050006233e-22
2.182174942960707053e-22
2.100834523752619851e-22
5.604253001970702447e-22
4.617530614282414303e-22
3.370221876579793393e-22
1.959241484669978219e-22
2.405687012325365750e-22
4.494621820450847479e-22
4.319862628421772372e-22
-3.356680769832473686e-24
2.284007616977646425e-22
-3.448494165338771278e-23
1.993893362537047924e-22
-5.212355090526836503e-23
2.206815011691194759e-22
2.480964143911213470e-22
-5.848896908842551858e-24
1.454243468555158143e-22
6.832355458527521412e-23
4.166836199274021955e-23
-6.855186657531971354e-24
-4.574313283747030703e-24
-7.042879160461686950e-23
3.579905925605179016e-22
2.286210874650499139e-23
-1.706949197802835157e-22
2.369279429764200130e-23
3.386714314520192689e-23
-1.783591711059644478e-22
-3.107468500490006626e-22
-1.978464366293040958e-22
8.651297816020604142e-23
-2.315836504969681231e-23
-3.760478452497929652e-22
-3.106007612218402061e-22
1.462558509196756008e-22
-3.332705039037468260e-22
-6.042565832025103256e-23
-1.245685910974219367e-22
-2.873734416084468633e-22
-2.865535958034567909e-22
-7.548696836581331206e-23
-5.192985913183377867e-22
-1.691173659789917907e-22
-3.470748643189404406e-22
-1.593193412447204939e-22
-2.543024272596841923e-22
-4.824905918898748449e-22
-7.327141965479719089e-22
-4.176230749901946991e-22
-2.834158845548394793e-22
-4.357647274015971004e-22
-4.450099940622798063e-22
-3.794215028018447015e-22
-4.847305278578896577e-22
-4.081970608152335523e-22
-2.221404519106587661e-22
-6.427647861165673966e-22
-4.141051610066687890e-22
-4.684779838094866821e-22
-5.172152937802547607e-22
-4.015074449907197323e-22
-4.756692141780512857e-22
-5.846976371883242413e-22
-4.063830152173233990e-22
-2.859644447835627651e-22
-4.027137147289704996e-22
-6.575896872525374525e-22
-5.998751677693917431e-22
-4.428209406163082202e-22
-5.121053884090131972e-22
-4.953154377388865864e-22
-6.467355596699084295e-22
-7.359923107032023524e-22
-5.198116018454000232e-22
-8.171229498997059579e-22
-7.506034231914957967e-22
-6.213335322094675325e-22
-9.619277697595754631e-22
-5.546785299003121865e-22
-7.702418663124264721e-22
-8.600448824056838123e-22
-6.803473521607815401e-22
-8.666885962187667165e-22
-4.726353140953108574e-22
-5.263567134253395226e-22
-4.512060703061331803e-22
-9.265626390311534007e-22
-3.501631617029445361e-22
-8.544958514466652072e-22
-7.704947741627894481e-22
-8.915709021361415105e-22
-6.487430433018961979e-22
-6.557669735864710279e-22
-7.669379887757171967e-22
-6.880377510148545834e-22
-6.019766705610188274e-22
-7.168428317706012188e-22
-6.471824649006386866e-22
-7.299952686724230868e-22
-6.284735301487367489e-22
-8.487118954483777719e-22
-7.106071683723824062e-22
-5.758214101386885364e-22
-6.774894040434721005e-22
-5.816057544598207071e-22
-6.908662099936864260e-22
-7.748683946060726382e-22
-6.970834991889663344e-22
-9.186287083496418878e-22
-7.656343448448825552e-22
-5.633347333760045627e-22
-6.213951175732147320e-22
-8.445899378146968698e-22
-4.706710224201380092e-22
-5.036492632975467831e-22
-4.102502130390349031e-22
-5.906433611623765497e-22
-5.908872407581661532e-22
-5.536087294011254036e-22
-4.952258944005051668e-22
-5.879331142455930530e-22
-3.677202828019179101e-22
-4.703472751337837328e-22
-6.555433022296984925e-22
-5.631938541592289661e-22
-6.667564609093609787e-22
-3.412165469132295782e-22
-5.363946822821377041e-22
-3.647114126437323291e-22
-6.967833030704063681e-22
-4.272231689162248486e-22
-8.118286816178308498e-22
-5.968556775796229223e-22
-3.232729724383136489e-22
-4.631352723075286068e-22
-4.350412758745297658e-22
-4.445402376958622785e-22
-3.380917126627313554e-22
-4.630102031331973017e-22
-2.733687698651069833e-22
-2.427438832336299823e-22
-5.055292595310727224e-22
-3.886184071211233828e-22
-5.360300715019745266e-22
7.085075112986777022e-24
-4.589106603463117615e-22
-1.525636196604297224e-22
-3.524707893541445895e-22
-2.144029099867910567e-22
-2.956839902443900850e-22
-4.547428642085862462e-22
-4.273448079518439965e-23
-4.799913267963642789e-22
2.113325780483438283e-24
-2.492696466071030747e-22
-7.904999804882236025e-23
-1.323445515208085866e-22
-9.647867203658114925e-23
-3.691397116879214397e-23
-1.748679036900280089e-22
7.761212843653117685e-23
2.463602451637551338e-22
-1.359049614311907472e-22
1.330682185856444387e-22
-3.551244613932578692e-23
5.684241713861820186e-24
-2.796138909520315634e-23
8.574206909921514602e-23
-7.079194747820400621e-24
-3.942008234722727282e-24
-2.179203551588207864e-23
5.668332911874590051e-23
-1.142773644889608518e-24
3.212836984450854689e-23
2.408930200450349527e-22
1.244174349384487077e-22
2.967333861393683483e-22
3.311625322011015476e-22
-1.665547942813985597e-22
1.963013183519300836e-22
3.143430820147782006e-22
3.503632889969372171e-22
2.123230447048727216e-22
5.874648358110477131e-22
1.360214802869868930e-22
2.016985591459441035e-22
2.885857657430029634e-22
5.587991834419050519e-22
3.169949953047864141e-22
3.218287835159108028e-22
-4.792675407760528132e-23
5.974701698496603136e-22
3.207388809313895855e-22
4.183624942179917939e-22
5.598148207880268210e-22
4.530713861446818252e-22
2.958265735400951865e-22
2.814887692203014875e-22
4.972692081196217248e-22
5.194355188724606769e-22
7.576502112803391363e-22
3.742055904326205564e-22
5.737112255069037856e-22
4.289750691937961396e-22
6.089331742052989081e-22
5.357698162698778715e-22
5.713476550903015186e-22
7.031238541344806511e-22
6.563062069115040838e-22
3.768708669263831405e-22
6.270848677828207219e-22
7.041242286667861795e-22
7.891268485441212332e-22
6.133167504625122250e-22
7.213706441899311684e-22
5.861767494831815440e-22
6.346472667844857094e-22
6.214103635316863132e-22
4.487459995488651231e-22
7.204302231992779820e-22
6.158608321686382759e-22
6.493032015271311569e-22
7.289615030269482065e-22
4.519143782196161963e-22
8.607654112733899844e-22
7.388684447550477822e-22
6.267136763216416742e-22
6.948734863187865081e-22
7.254463472967410471e-22
5.840138060313500196e-22
6.075104886518433578e-22
8.432848364411927666e-22
5.556632706446617376e-22
6.331616571307441431e-22
7.867642874292989312e-22
6.495672861241937104e-22
7.129090782422446448e-22
8.389174295393681830e-22
7.143942846954106142e-22
8.830904902068198293e-22
7.710719664032339308e-22
5.979899281652741135e-22
5.434509989525241753e-22
3.411571564963847833e-22
9.367782551620155864e-22
4.985420187235810371e-22
5.893486544472581331e-22
6.433034995178912081e-22
9.634320705006020246e-22
8.009773769771788797e-22
5.885230793425963530e-22
6.030264470698879953e-22
7.290330786959709945e-22
5.580033881154370049e-22
6.667404587402093542e-22
4.412136799905573229e-22
9.332796995402534010e-22
5.952693541746868529e-22
6.223565296089245068e-22
7.357355094179986936e-22
6.505781856235114733e-22
6.576476277581973913e-22
4.369768718641897978e-22
5.008764717830486687e-22
6.558637395430970745e-22
5.156815960433784197e-22
3.470400458270555267e-22
5.964547240541470988e-22
4.843809685448887678e-22
5.006649041220610312e-22
7.127969723682647590e-22
2.887893391342533858e-22
3.157751669331473467e-22
6.718434636798258799e-22
3.076221390087225501e-22
6.437426124968280595e-22
3.406923893409425584e-22
3.505775296358273603e-22
4.057308100465031656e-22
2.682187946276543387e-22
4.992906093042668730e-22
3.421367049804044580e-22
5.406935030127605852e-22
4.319186164210053161e-22
3.366959855928275883e-22
4.089053466084298074e-22
4.046341393327609620e-22
3.864201087742435962e-22
-4.739918781686019193e-23
1.661291957525985749e-22
3.113344283370242405e-22
3.971709036295443834e-22
2.653153913692391428e-22
-8.314026445155394448e-23
3.810283642918730724e-22
3.541740772906112845e-22
2.025060738043323924e-22
3.786012492204096032e-22
2.102230939274927543e-22
9.231028634474169235e-23
7.488786531917471263e-23
-2.656161914786021934e-23
2.578660393383521671e-22
-3.064890323829427160e-22
-1.945884878399145520e-22
9.286783054436656536e-23
-3.318206091290242119e-23
3.982388918459777221e-23
1.096322634551847443e-22
-7.176578520775904104e-23
-2.401246666454336057e-22
-5.973329871460746709e-23
-1.863781251237599066e-22
-1.464772853106101946e-22
-4.700894805983708132e-23
-1.988042645145993199e-22
-2.407532584730477396e-22
-5.235523121090725522e-22
-2.693392148384313201e-22
-3.884723674345381002e-22
-2.603204614510572265e-22
-3.953606643411122552e-22
-4.230729524095956159e-22
-1.736730816403407841e-22
-1.632304653717570837e-22
-3.329376340873001654e-22
-2.690499660288275817e-22
-2.620457694462751788e-22
-3.067305484108003882e-22
-2.748136833514297732e-22
-2.641114286802200343e-22
-4.009006231285445222e-22
-3.258037716513344542e-22
-2.870939280757902777e-22
-3.392441697122840965e-22
-3.668603765119831115e-22
-2.402456402692412136e-22
-3.912724013162653628e-22
-3.950044682082243897e-22
-4.451002326624772429e-22
-4.617890906482545628e-22
-4.493623737813026313e-22
-4.052502612563484735e-22
-5.729389303808099824e-22
-3.572870735670850468e-22
-6.082629116663432414e-22
-5.404205298753647775e-22
-6.821710004625876118e-22
-5.568413684956389827e-22
-3.389160252483713730e-22
-8.300727180411784797e-22
-5.789015164385685474e-22
-4.305294413510150738e-22
-6.276133399914080033e-22
-4.311422409032700305e-22
-5.372376408613778844e-22
-6.357976385771089756e-22
-7.656173457252849183e-22
-5.432744735029414517e-22
-9.124322604319110326e-22
-8.471496849789616156e-22
-6.834488803347184623e-22
-7.079672433642898284e-22
-7.730299692038187602e-22
-6.285804585116416358e-22
-9.169514433695266909e-22
-7.768981333676297372e-22
-7.412843641604755407e-22
-6.158566987793844778e-22
-8.241512955009069505e-22
-4.972881024491555905e-22
-9.309349714860922819e-22
-5.778919215965370056e-22
-9.734633494185908380e-22
-6.426992724834217696e-22
-7.408982379430286057e-22
-6.189546706929863671e-22
-6.533696269319871712e-22
-6.101091974640916337e-22
-8.547185700315757926e-22
-8.312076069316931447e-22
-8.167946474995836145e-22
-7.035248426435973717e-22
-7.378530547464682125e-22
-7.434080841640960885e-22
-8.582611475072900885e-22
-5.373747927900551744e-22
-8.987668459788489006e-22
-5.790802297899296696e-22
-5.756526752245003897e-22
-7.954706731572680217e-22
-6.391753305402414335e-22
-5.037376028346616411e-22
-7.224902614445743943e-22
-6.785285138302871241e-22
-7.595368639807876484e-22
-7.404300959603382713e-22
-4.642892240696314054e-22
-2.249261786482934665e-22
-6.899498209675961640e-22
-2.580100680987770384e-22
-5.409315722200894684e-22
-3.862807092025074411e-22
-4.681484649586844121e-22
-3.644421921158731792e-22
-4.457007288773072172e-22
-3.479968463481403178e-22
-4.441084017453540889e-22
-7.340933034754547612e-22
-4.327289627588038751e-22
-6.483530064592569644e-22
-5.126374536483945898e-22
-3.373004605358072541e-22
-6.887859657239860589e-22
-5.892137206779849104e-22
-1.962778929649960023e-22
-5.923076861008949187e-22
-4.887677476995418018e-22
-4.313612565000147532e-22
-5.117276707258364872e-22
-4.154879817462047402e-22
-4.846269047294902934e-22
-5.854616956996552138e-22
-3.064793853699731762e-22
-5.744602928616407133e-22
-3.965613874925831365e-22
-2.843566572924458653e-22
-2.181689566092162188e-22
-1.376219723506842910e-22
-1.839815381239057124e-22
-3.380415538882858325e-22
-1.543878771200957080e-22
-2.618476978469309911e-22
-2.982133475616951421e-22
-2.888934724795080605e-22
-4.852481993958713125e-22
-1.805101298204288799e-22
-1.559228417633386318e-22
-3.177980697641725870e-22
-2.356643273248150170e-22
-1.388754304659258025e-23
8.984750367822140398e-23
-2.015328776643946966e-22
8.767367431797483472e-23
-1.711006351848123565e-22
1.488158269447420411e-22
-1.784746575912424832e-23
3.428572180380281605e-23
3.422507156885787252e-22
2.373192060012341135e-22
-1.105462654076950088e-23
1.912863362547922081e-22
1.616611785665623431e-23
8.155293715125040411e-23
2.494486994827472252e-22
8.148409668418802872e-23
2.644292151838753022e-22
2.967862342339624542e-22
1.110996503273710832e-22
2.933232292468309332e-22
2.869533487901644832e-22
3.024034400454053989e-22
1.188267832062128687e-22
1.739073835374070528e-22
4.692536033467961592e-22
1.951928528613273190e-22
4.478396741446596460e-22
2.131070180442517737e-22
4.844913442965870227e-22
2.977865843279487735e-22
3.510696051277288735e-22
3.572637813081899936e-22
5.456055068643621423e-22
3.009355751773194318e-22
5.675503351936014056e-22
4.308356170950563944e-22
6.623683965723371120e-22
4.520696159692761231e-22
6.290711781504602204e-22
7.178171035646921404e-22
4.849321491240468561e-22
4.275518783224854094e-22
5.726823903480658160e-22
4.497653236324143989e-22
6.131483277299720468e-22
6.976633325038340969e-22
3.556258184369554113e-22
4.658627058242751595e-22
3.225573235995644688e-22
5.085891051980209487e-22
8.313675918205015167e-22
2.662786540850139071e-22
3.853041743253396967e-22
3.670214471975651667e-22
5.283793752930092827e-22
5.346285815693782015e-22
7.068384400193125175e-22
7.231097226349928786e-22
4.791527282793401955e-22
6.239026538572911668e-22
5.641306809532895439e-22
7.320480543316512548e-22
7.574864301190463774e-22
8.156261403233598169e-22
4.809567577285627976e-22
8.648931564977192894e-22
5.640461017233922776e-22
8.167690153844361067e-22
7.097577416110216537e-22
8.055604206773934326e-22
8.873007888808330634e-22
6.304929807500247929e-22
9.466787548306961582e-22
6.324139065707009590e-22
5.456236932100439267e-22
5.481329709410522200e-22
9.189629253905462721e-22
6.805686534888313019e-22
6.742455267593823201e-22
8.129934147180488508e-22
7.140025485068445247e-22
7.824552402275367080e-22
9.308878781854589427e-22
8.609630578037558033e-22
7.524059911154888780e-22
8.439102699917734457e-22
7.713744995692551685e-22
7.313762154042007101e-22
6.419692511135021798e-22
5.773280457534797693e-22
6.200033519430982025e-22
7.882402145124647100e-22
5.474295714305115994e-22
6.536044838521517831e-22
5.929978593426467200e-22
8.520526000781336159e-22
5.585127838312372820e-22
5.354835147672970238e-22
5.401500702448434259e-22
6.538776294956250674e-22
4.317208392718284839e-22
7.312874972338271327e-22
5.405871991949827438e-22
7.737432822533715265e-22
3.244720743992445920e-22
3.967477811567431150e-22
5.647924944553522823e-22
3.194251846357536296e-22
5.697968448779559538e-22
3.430655149294864719e-22
5.088256082370219742e-22
2.906662063572183536e-22
4.296396177545625229e-22
5.621283080164483509e-22
6.411913764476429877e-22
4.675587652055353970e-22
4.758669591292721347e-22
4.679698593130930705e-22
4.797963070068488423e-22
2.867040973913036477e-22
3.658014943118856000e-22
3.810276279623389058e-22
2.344451656043357281e-22
4.251294457919076930e-22
1.739493683680256060e-22
4.729523790578926759e-22
-3.700936922803648417e-24
2.724983538655494381e-22
3.837430430199958807e-22
2.685241507015236083e-22
3.899854633664203293e-22
2.569023686151306688e-22
2.181185827551219494e-22
9.777297741437114732e-23
4.126283041351063005e-22
-8.180335221912720126e-23
8.286070059630642662e-23
-2.286930692302535484e-23
2.206276642353568504e-22
-2.276022299322672985e-22
-1.800219493572659083e-23
3.959722947667752589e-23
1.475825008215303124e-22
6.270980434738472795e-23
1.070648162409143371e-22
2.682528809182353106e-23
-5.856912112616354497e-23
-6.466943195418835398e-23
-4.535833864423306409e-23
-1.323531888820631087e-22
-8.061397814724969566e-23
-1.306226765023532751e-22
-4.851047195407686949e-23
-1.020378356426693484e-22
-2.957010896316266147e-22
-8.106218193051285745e-23
-8.933535542473943843e-23
-8.525952997693080419e-23
-1.785951112345341947e-22
-2.843447653780258031e-22
1.900533282919438143e-23
-1.510066744821853544e-22
-3.575112497586121374e-22
-4.281830032831618282e-22
-2.509664205502838495e-22
-4.854619761248531628e-22
-3.544859523710661272e-22
-2.009838976575135901e-22
-3.920521703722395671e-22
-3.869997168478787978e-22
-6.894190077756278393e-22
-3.201825634607923761e-22
-3.209665310147368850e-22
-2.541300343260587904e-22
-4.329242846440694564e-22
-5.598099445881056610e-22
-6.406648363004458658e-22
-7.071463523125725911e-22
-6.923698893277399217e-22
-6.952190215443091122e-22
-1.450105610443195423e-22
-6.283730266627011473e-22
-5.833442485223528865e-22
-3.002837129925118093e-22
-6.857237140322949807e-22
-4.218490767833394911e-22
-7.136438185787775740e-22
-6.685384437050665179e-22
-5.983275559168355495e-22
-6.147212693124517501e-22
-6.637176667751010753e-22
-5.428403727836173244e-22
-5.049957976178949516e-22
-7.091533745145327834e-22
-5.636088722343885408e-22
-8.264053287145339126e-22
-6.672109646484287094e-22
-8.447832273524042696e-22
-6.806461322467293671e-22
-5.601310051759981613e-22
-7.602407569691341497e-22
-4.659216717146086246e-22
-9.890659021671850013e-22
-6.917194701234620839e-22
-5.562895228808739080e-22
-7.376783027654880163e-22
-8.772715895296838106e-22
-5.773546482383915051e-22
-6.292057643337596935e-22
-8.365346084778684507e-22
-6.770136011205670012e-22
-5.707268822845888346e-22
-6.901595940397525857e-22
-7.059426936104982309e-22
-5.955445784353470582e-22
-7.142177329821337683e-22
-1.022906395035480000e-21
-5.057905165125454984e-22
-7.524065091373198268e-22
-7.096006091986202814e-22
-7.327649086979852106e-22
-7.268166019015427541e-22
-5.423971224226395895e-22
-5.677685212208710294e-22
-8.966089896632246842e-22
-5.801415524788745417e-22
-4.682637215690774871e-22
-7.810108876296438388e-22
-7.211685333537464324e-22
-7.114151100109530028e-22
-8.356329948243792619e-22
-5.392127366141834187e-22
-6.617510896457538805e-22
-7.042654792668947637e-22
-3.779809026188698839e-22
-6.182886052686375934e-22
-6.310816447336165982e-22
-5.434425787563562742e-22
-3.928002562041730708e-22
-4.257278273345980580e-22
-6.668964048506162603e-22
-4.756021009719688734e-22
-5.304103519162147165e-22
-5.623438797038575296e-22
-6.402814612074148295e-22
-5.723686054739086889e-22
-4.266888172112583474e-22
-5.077767566513518539e-22
-7.094079099954923242e-22
-6.504750592940271327e-22
-5.997773892075496288e-22
-5.138688218228707297e-22
-4.685813411250961259e-22
-5.858577698331227121e-22
-3.107695596428032573e-22
-4.099705048004107778e-22
-5.118092932643368768e-22
-4.092867230471735528e-22
-4.632373349130315397e-22
-4.071025732155778350e-22
-2.062130896618233166e-22
-4.284412041494735809e-22
-2.721918726834604500e-22
-3.355043759089908161e-22
-2.120838931686348311e-22
-3.791119070866967194e-22
-2.178548531135559764e-22
-4.084338940278311724e-22
-8.075154232793859993e-23
-1.693392346623556550e-22
-1.097169698002050639e-22
-3.147419654766126844e-22
-2.844072581891449545e-22
-1.245601289084276153e-23
-1.715257753068932524e-22
-4.798012469363661850e-23
-4.321479047517557598e-23
3.376278197246627657e-22
-1.312639552489226513e-22
1.594169916811318534e-22
6.342171644265723105e-23
-5.997494854711669378e-23
7.749820678002750377e-23
1.586398045857332205e-22
1.860481445852720667e-23
-1.556988744940359259e-23
6.121816872986272158e-23
2.665176762679165947e-22
1.601546751415463931e-22
1.957661768400916958e-22
1.928227390552647650e-22
3.477845064498323108e-22
2.009041075186471929e-22
1.863041663120420861e-22
4.228725613853460308e-22
3.238173723450788475e-22
1.328260540714116284e-22
4.812517504794924118e-23
2.761201299496926614e-22
1.294477139391759526e-22
3.222796337756441286e-22
3.069556059733649550e-22
2.667970712063041762e-22
1.303898444151899926e-22
2.738763218415436343e-22
2.705135292553012225e-22
4.042867383913727940e-22
2.963395902512362838e-22
3.272653217575304899e-22
5.149490995996270211e-22
3.491834369628921356e-22
5.216085198620604724e-22
4.176644071963959443e-22
6.085651085887839630e-22
2.396835068918662904e-22
4.031098037226904340e-22
5.779344526347104017e-22
3.717804559895748877e-22
6.545752609936380686e-22
4.347019065691439741e-22
4.967294818853264297e-22
5.998858636425276603e-22
6.771178411953971889e-22
3.992991158166558822e-22
8.487866185122458322e-22
6.302339937437670049e-22
6.052521306633242370e-22
5.682428503515462877e-22
8.827527096915812673e-22
6.085782014844912364e-22
8.142261016958306943e-22
5.937957787662914390e-22
6.395063943208288020e-22
4.437156159195477748e-22
1.055059045283609460e-21
5.745481533294235837e-22
8.943245711148353060e-22
7.433043587750685204e-22
4.561711059696608392e-22
8.399908266685365493e-22
6.678445520601855707e-22
7.482001017606784711e-22
5.554304992886250750e-22
9.342120865433199100e-22
6.390076403843049026e-22
7.699693846382745146e-22
6.549252355362712151e-22
7.538368276977706397e-22
9.276445715159343687e-22
8.421670440274948614e-22
6.599492521141230039e-22
7.080006798718120990e-22
5.759903498580257909e-22
7.320733734604780793e-22
7.542991094150635393e-22
6.278060211307239575e-22
7.171089914638498642e-22
5.669302082076696186e-22
6.026374571868304987e-22
9.108190842214599862e-22
7.069238123487513734e-22
6.351874632106499742e-22
5.748942153651242352e-22
7.886314663910447276e-22
7.011309483167589994e-22
6.910404412727293363e-22
5.719390919013472579e-22
4.238255969605493161e-22
7.531732837553215124e-22
5.917823549230298797e-22
5.019494533971892321e-22
8.244727460899411051e-22
3.391545825572825712e-22
7.510499152420009595e-22
5.342665182393980346e-22
5.116041362961806396e-22
4.941926991157369554e-22
5.520739558884993157e-22
7.214198223590380975e-22
7.035158550257486027e-22
2.641054471708921857e-22
5.878834635519098347e-22
4.546386144851836987e-22
5.606013936370319170e-22
7.406141776462706658e-22
5.765038606309881730e-22
3.379927829300338350e-22
3.790128219136859832e-22
4.585124837853288281e-22
5.534130283521927551e-22
4.363036801240292987e-22
6.542928743247435798e-22
2.920266405221675530e-22
3.759177472432962438e-22
3.400123719566015496e-22
2.735379456868852281e-22
3.799619358438378515e-22
2.406818103937260603e-22
3.467199988892399113e-22
2.825216336265519937e-22
3.760797784535642340e-22
1.985195989908740247e-22
2.219018134433762015e-22
6.643580844559014454e-23
1.774193499054109683e-22
2.662705080751145812e-22
1.035033389806910007e-22
1.044971755477360344e-22
6.171524137350736664e-23
1.471983990401478652e-22
1.975859095501264502e-22
9.461135958406554596e-23
8.536734422454258232e-23
1.959931071887846725e-22
2.575346018461048537e-22
1.165468374551307034e-22
-7.710061472430241167e-23
3.352422561518304823e-23
1.519896150321013504e-22
-1.812716429662961132e-22
-4.800461241577949415e-23
8.609146107501333795e-23
-3.843180816510019694e-22
2.161188666669108061e-23
-4.204229519232044738e-22
-4.717913922084024777e-26
-2.721593500734605399e-22
-4.157329277895190028e-23
-9.001167526642570155e-23
-2.467648762357907845e-22
-1.424638895971970185e-22
-1.918271881756938415e-22
-3.777432682827838070e-22
-4.364462572592243891e-22
-2.917649783273745580e-22
-5.262557958180575129e-22
-1.768455407940722600e-22
-3.421886914012278624e-22
-2.471707198695695005e-22
-4.799331653692603281e-22
-1.488721546680851356e-22
-4.503544158932418855e-22
-3.120698199764021257e-22
-6.921809116474871307e-22
-2.565614311197080775e-22
-2.160893288819069792e-22
-4.177267601373151830e-22
-4.920102299976883280e-22
-3.415430494813751377e-22
-4.557566868633271731e-22
-6.349192507143394931e-22
-5.405559922287086810e-22
-7.270244180784647816e-22
-6.089979554553006448e-22
-4.929083411781888623e-22
-6.146648529547551776e-22
-6.830815886307881242e-22
-8.028831759480133437e-22
-5.515307649726725385e-22
-7.783008965739290064e-22
-4.804379584636102029e-22
-4.963188072299656465e-22
-4.274874789704090925e-22
-8.810622201589026707e-22
-4.936446929726178728e-22
-8.779550266230186221e-22
-5.010020448571749105e-22
-5.962667296207832122e-22
-8.598883725844108989e-22
-7.861735980756612894e-22
-6.066994017063097099e-22
-5.329938796942355203e-22
-6.013896284609066331e-22
-5.772053880674077505e-22
-7.619553422737062368e-22
-5.026736158578942659e-22
-7.577970624559239420e-22
-6.617335337750056910e-22
-3.342274184468443328e-22
-7.719932719219212857e-22
-7.339571903800595557e-22
-7.074764829577017777e-22
-6.667370184811959450e-22
-6.260850174422850288e-22
-7.365986163486278395e-22
-7.028648048827948686e-22
-8.035766244429234109e-22
-5.391868812588413649e-22
-7.618466090525873282e-22
-8.874466268239095854e-22
-4.788166053807495954e-22
-9.396923899580965246e-22
-8.273509793034528165e-22
-7.047148012506900042e-22
-9.141313602581060862e-22
-8.539403307893791237e-22
-7.127439257182882530e-22
-8.425339422524895628e-22
-8.731714442490623090e-22
-5.277992455992471551e-22
-7.874882500674055528e-22
-3.405183485570626228e-22
-7.754122888350636841e-22
-6.593277410668774627e-22
-8.017985852974641032e-22
-4.492356066773460799e-22
-7.904389170833203806e-22
-5.302039146084991473e-22
-9.492129689087041640e-22
-5.482180621353308100e-22
-5.733093022168156552e-22
-6.393874390386665007e-22
-5.689032330184945603e-22
-3.992231685271429569e-22
-4.680190873712896330e-22
-4.964670389282854111e-22
-6.191735220849630273e-22
-4.759654758913304546e-22
-4.063072951813523945e-22
-5.414000625606959905e-22
-4.609190282045830209e-22
-3.217192660973212623e-22
-1.785736047474896270e-22
-6.025805286123485749e-22
-2.899907733177768924e-22
-3.776541409734102522e-22
-4.622975844887953462e-22
-2.230770884527303684e-22
-4.466461607796138192e-22
-4.176867225472842502e-22
-2.364538735454793829e-22
-4.170897362093540963e-22
-3.149490784728468228e-22
-3.635985364008704541e-22
-3.596596784909815054e-22
-4.551801467319280338e-22
-2.148195291982584630e-22
-3.483471862796110849e-22
-2.960153348317924778e-22
8.929208253485127910e-23
-1.723691557155773820e-22
6.563191502782125660e-23
-2.538197094392610247e-22
3.532982215233347670e-24
1.748309430871645576e-23
-3.067932024218344466e-22
-2.697095292262675774e-23
-2.822208659067227404e-22
-1.025317213398625484e-22
-3.242480153280581427e-23
4.758051898398105636e-23
1.346038511464016568e-22
-5.018963252293710378e-23
1.963207555459646506e-22
-8.113087376184558967e-24
-2.681382704747217879e-22
9.235701123002963953e-23
3.512752362485228626e-23
3.511281617535576975e-22
1.302101953481896936e-22
2.080752094015003774e-22
1.174344181127936304e-22
2.993219821162938831e-22
5.226792593594389373e-23
-5.986248758804075278e-23
1.042810863616928553e-22
3.127542808986424677e-22
2.989072891054137682e-22
3.769046779150532210e-22
2.567210927717379022e-22
3.077871892401581188e-22
6.815499020321199966e-23
4.936326298168831363e-22
3.443585968870177037e-22
2.896569527673189712e-22
2.841219424246861823e-22
2.645936286335638274e-22
5.217957911098548606e-22
6.137000330320238650e-22
4.764288489655700933e-22
4.533100880253392621e-22
6.408358630084670006e-22
4.954862559971625469e-22
7.073880742046072933e-22
4.119426015449667747e-22
4.874358713394873410e-22
7.649913113650220157e-22
7.152993726221510017e-22
5.713115928737493129e-22
4.917693256171046868e-22
7.171574998160589787e-22
5.469271556958266171e-22
4.767312571076867398e-22
6.292972344109836943e-22
6.741393440194156295e-22
4.326363282349753165e-22
6.497831728153630248e-22
5.303320407540173071e-22
5.041590056863377633e-22
5.358259841824166740e-22
7.469672553862018567e-22
6.381409302312698280e-22
7.119721415968225338e-22
7.170992619318716138e-22
6.141206679352076202e-22
6.520848207719609635e-22
8.743806672118420026e-22
8.995196471575833768e-22
8.005047886235172056e-22
4.555457199024151862e-22
6.914735026621152356e-22
7.342016069509804108e-22
8.807466430277613735e-22
9.226321504808901352e-22
7.776949009814017481e-22
6.623124109866181955e-22
4.999101932089852308e-22
5.115174557177898437e-22
6.953215020366303798e-22
6.461209318428224571e-22
6.937405528737111261e-22
8.977732285671139078e-22
5.681283930753265029e-22
7.156162699191916514e-22
7.280616740299872037e-22
6.677580172645140407e-22
8.923770261464009472e-22
6.357990573201961135e-22
8.482079305008110229e-22
5.706262913135482197e-22
6.643201189611784538e-22
7.389570863780871569e-22
7.498759892951311812e-22
5.921720856179388778e-22
7.668876265440704957e-22
7.192451849836943607e-22
6.637583620489973963e-22
7.731815006037201259e-22
4.333151095436684040e-22
8.299373242726910034e-22
4.186387656457547095e-22
6.587531412494417131e-22
5.343672363501765543e-22
5.328697954631557879e-22
4.951162665393768723e-22
6.188659700102796525e-22
5.275891472285688686e-22
5.891782463697258855e-22
7.146071568987096526e-22
6.016244795069846325e-22
4.533870393847994010e-22
4.769112521760454558e-22
4.953280722960869920e-22
7.003926018005646801e-22
4.607866037105883447e-22
5.674100936384867037e-22
2.184005338512536966e-22
4.586262302529224809e-22
4.276262734027794459e-22
3.618229692875195731e-22
4.007192246229575969e-22
3.273098256139439213e-22
3.069229677072289362e-22
3.740391503150139483e-22
1.046459419226871810e-22
5.048064076936766878e-22
3.816071278932787190e-22
5.963742724085726673e-22
1.642395644347078388e-22
2.695958921705242560e-22
1.861515958240649689e-22
2.310216103678578076e-22
1.857633600336179884e-22
3.941607715696526475e-22
3.762073694199707171e-22
2.435225896352728912e-22
1.181964085705042180e-22
7.911519659010647768e-23
1.542016300799490378e-22
1.746474509162728371e-22
3.730478901567320395e-23
-4.429271394023884294e-23
-3.106180008381489142e-23
-1.808646318442450816e-22
-1.701474675142913891e-23
-1.455078260685826025e-22
-1.041791430360332104e-22
-1.091264898545799406e-22
-5.510375346102758071e-23
-4.115676598600591361e-22
-1.657008779411363329e-22
-9.648768145091049150e-23
-1.224522333334021440e-23
-1.942533807747054339e-22
-7.631388456231016217e-23
-1.984998847624447196e-22
-1.743327684280165611e-22
-3.412516240038435778e-22
-3.493643705939313745e-22
-3.166662228002523038e-22
-1.375682642437126057e-22
-2.592427203914387248e-22
-3.111015760692606462e-22
-2.785995585829120002e-22
-4.626613181885500482e-22
-2.759458979649859162e-22
-4.117671038913120877e-22
-3.630125855559438165e-22
-3.049937414075031453e-22
-3.836301651643458514e-22
-4.976429876943359667e-22
-1.544787479426878654e-22
-4.371368153407362783e-22
-5.625829259595673100e-22
-3.135414793157583482e-22
-5.607926062093516974e-22
-4.749066016756624173e-22
-4.870134736015382705e-22
-6.203365121023891955e-22
-3.894920906679884331e-22
-5.324661813739728996e-22
-4.743797764763273615e-22
-5.639730847479845426e-22
-6.889253430652323404e-22
-8.354920585422596344e-22
-2.209813000213587944e-22
-5.740640600987141090e-22
-7.076272185729855088e-22
-4.692691425822375200e-22
-5.589966905169773939e-22
-7.042240519268032822e-22
-6.218154651939348421e-22
-6.763862699491693902e-22
-4.994407663654659673e-22
-6.376538709588672598e-22
-8.550178915318700727e-22
-7.511471249204958242e-22
-7.588550485954631148e-22
-9.246188900140343921e-22
-6.375861284203501352e-22
-5.819274606778401280e-22
-1.126214606084140802e-21
-6.371032902113195335e-22
-9.884792603978480294e-22
-5.678773736454151611e-22
-8.713941934592702180e-22
-8.391864350468519487e-22
-7.349435990458952291e-22
-6.376058302377148348e-22
-8.765974773137795867e-22
-6.995594563123929531e-22
-5.649758055798775118e-22
-7.041355333144549955e-22
-8.769042653194771700e-22
-6.315115213160808865e-22
-5.327036899801808780e-22
-7.520974685919829795e-22
-6.982798869432219060e-22
-5.682740319239873459e-22
-9.627617437245199801e-22
-5.948198658035630643e-22
-5.473944018150077183e-22
-8.857086734877527188e-22
-6.907111997251580913e-22
-5.134887483212244419e-22
-8.510198757510941465e-22
-9.212041647093136411e-22
-6.689481735316058104e-22
-8.134828344710998288e-22
-5.969494661853589787e-22
-6.056561610417656308e-22
-4.671959110961417598e-22
-8.427130366929022671e-22
-6.379710966576242699e-22
-4.768204241838420131e-22
-5.780640314724753003e-22
-3.739002768812366067e-22
-6.963027095874086303e-22
-5.943541673789985178e-22
-4.992274017515475125e-22
-4.613796230903175007e-22
-3.612551143375182424e-22
-4.682028970932495966e-22
-6.187153398985420172e-22
-6.627790293127293559e-22
-4.330548431237164320e-22
-4.600884428208342492e-22
-4.660245929616241455e-22
-4.445760430904145470e-22
-5.640620459951116188e-22
-5.334120653419911632e-22
-2.014153705129898097e-22
-2.641309339455881870e-22
-3.131962537014381149e-22
-4.268221679775287575e-22
-4.630728310481750985e-22
-2.283108290780793263e-22
-4.281863131559704821e-22
-2.345748138686253502e-22
-2.967346318230915795e-22
-1.882145474793810028e-22
-3.836616292455104437e-22
-3.281363569670814843e-22
-3.911173070444337166e-22
-3.221666413257236502e-22
-2.754106843076706584e-22
-5.252382339850562454e-23
-8.635967111340923608e-23
-8.954185408875418034e-23
1.873699824515700242e-22
-2.446140868830137342e-22
-8.314045299747634576e-23
1.363640934887917562e-22
4.353647449875262143e-24
-1.704069734719766927e-22
9.662747062939612237e-23
-3.668847021622823621e-22
-1.355058928252322992e-23
2.083664728366579556e-24
1.716928459925471137e-22
3.369452232949821555e-23
1.729069199765561016e-22
7.032391911746746813e-23
2.919564473091346909e-22
5.386536711934939224e-23
3.069951167854672929e-22
1.547711869293181914e-22
2.594584794824455011e-22
1.226001748858787920e-22
7.423946667926747526e-23
3.646688942671261573e-22
4.188702995612837309e-23
3.180142141368784484e-22
1.263161868732307714e-22
3.273194986639603295e-22
4.016120543177950626e-22
1.997974590177542938e-22
2.321294919980721138e-22
4.771346557493282484e-22
3.328692752572551030e-22
3.613558332536946160e-22
4.409592583220688027e-22
7.325964293594083979e-22
3.510209515483381829e-22
3.632136169086447745e-22
7.488654755140131935e-22
5.231810921169874107e-22
4.650869289171575770e-22
5.535632069378604437e-22
4.440164570863529210e-22
6.014361027361775182e-22
4.895660818743551489e-22
6.369678041663364982e-22
6.768036415729999193e-22
6.924712043205633321e-22
7.245409916062795345e-22
6.672835166254724804e-22
6.233687158883390056e-22
7.065752223486099671e-22
5.813340246191902892e-22
9.400907889263055416e-22
6.080786508033483865e-22
7.466334288530319589e-22
8.670348895733147366e-22
5.208345377640398359e-22
5.409871070574988211e-22
7.857641253904571996e-22
6.590793324867363484e-22
6.157831723454970671e-22
7.025711044009285354e-22
5.133046898252097838e-22
5.779335059606505411e-22
7.550562558719286790e-22
6.968965032706951999e-22
7.226391013180630829e-22
7.019841956847291742e-22
7.344453569694646753e-22
6.059167056334096846e-22
3.660803840608176258e-22
5.947183802884744979e-22
6.605304636631317937e-22
8.436714290788557713e-22
4.874668177267956633e-22
9.750559345242853691e-22
6.408598050018296272e-22
6.372864004362088678e-22
7.449550095963571798e-22
7.507770353105149113e-22
7.158903474433112041e-22
7.992187699544994172e-22
1.069029329372352642e-21
4.819356646945940580e-22
8.182817104076406561e-22
7.806077930758135685e-22
8.009417442140379286e-22
1.133964052005615196e-21
5.956313140512513447e-22
7.805962471804926252e-22
6.582361826480184441e-22
7.122117102863963332e-22
9.076742125824728083e-22
5.176157425669818499e-22
7.786994891646870263e-22
4.848896546702967337e-22
5.473671988293569963e-22
5.640086901229354199e-22
6.079609795005130230e-22
4.251695356235220639e-22
5.366281078349708398e-22
7.166695770274436052e-22
3.774808278987963378e-22
5.331456617523617591e-22
6.634030624765258244e-22
5.336438426012116172e-22
1.910030261373698295e-22
7.135198533088801982e-22
4.830689574512908394e-22
6.490702477522550297e-22
4.410739993568621324e-22
4.269449228860744865e-22
5.706345337154616743e-22
3.844250613837631970e-22
2.907256932849596759e-22
2.939945327187845601e-22
4.512337640015217677e-22
2.581229854700817684e-22
3.252348941071284909e-22
2.185678815597480329e-22
4.163420783953344619e-22
4.841229361938363124e-22
3.473405869581398336e-22
2.800931841397314058e-22
3.325773984302559178e-22
2.003477068922181723e-22
2.363143779902846680e-22
2.627596814487040880e-22
1.186851748402763176e-22
3.829838991043220983e-22
7.208252164787735510e-23
2.130683046074681723e-22
2.167673529218201306e-22
-5.406555780479343519e-23
-7.293021244069803551e-23
-1.075960665550146192e-24
5.578903629522170019e-23
-1.094884872545369829e-22
-1.437655257552335392e-22
-3.407414947125615420e-23
-2.336681436795822056e-22
-1.048779631321075562e-23
-9.572268681032577483e-23
-3.220927193338951510e-23
-4.158612046486313110e-23
-1.463501923335326249e-22
-2.797978436981871807e-22
-2.044910985342083872e-22
-1.715488814791616345e-22
-1.029259717766697487e-22
-1.884788530050015660e-22
-2.525441779605738394e-22
-2.884070705375721868e-22
-7.081289699519785121e-23
-4.128173310568422269e-22
-2.907581684030020267e-22
-1.815928838667186432e-22
-4.229301216314932747e-22
-5.860871897887654043e-22
-3.879550651117638768e-22
-2.745065219407289576e-22
-3.844330616588683026e-22
-3.802287830974548259e-22
-4.479104682295011127e-22
-3.295518630757587879e-22
-3.525276953345890099e-22
-4.894430643843610290e-22
-3.188745113603118813e-22
-3.820795381465543037e-22
-6.049925658501229182e-22
-4.213040458322927359e-22
-5.436437367557686383e-22
-5.642881540591717834e-22
-5.558836393191162875e-22
-7.661576226944411224e-22
-5.094898527262889370e-22
-4.830220113317667571e-22
-8.541721450356911684e-22
-4.800890241414546641e-22
-4.482636441924958295e-22
-6.932056503066794285e-22
-4.794120754210482359e-22
-6.706022308155550204e-22
-3.536379084203436860e-22
-8.286484169746294762e-22
-7.224040472429881916e-22
-8.638594433119562464e-22
-5.994827374179469556e-22
-7.631394250867898528e-22
-7.451037285067223411e-22
-7.068135123187270480e-22
-7.848634683103045882e-22
-5.810197932862839808e-22
-8.235514620251573247e-22
-6.547661747889375527e-22
-7.481582542591229511e-22
-9.455399080290121468e-22
-6.747052604132371825e-22
-5.676324920269004506e-22
-8.802565845080481356e-22
-8.193409457907187595e-22
-9.639476137988725683e-22
-6.581252303191290072e-22
-7.488583674380712098e-22
-8.650402048465784175e-22
-7.274694506858806838e-22
-6.718301460173828979e-22
-7.256125534028771447e-22
-9.445772718893285543e-22
-8.560401655849134340e-22
-5.902450064748155380e-22
-6.968768083272187866e-22
-5.753719141193382718e-22
-5.888106084864608440e-22
-8.979842392579306284e-22
-7.267717898503678341e-22
-4.085493541371795492e-22
-1.053703636760504574e-21
-4.978291405854994090e-22
-8.200099661891287594e-22
-7.046123123256331295e-22
-4.732506716317756579e-22
-8.235335859909258204e-22
-8.285249106648690630e-22
-5.992214295024355198e-22
-9.081394309886724480e-22
-4.709186683162396173e-22
-5.463339984960952073e-22
-5.104656565208392098e-22
-2.439573134824876543e-22
-6.135979974250262591e-22
-2.222686963018272194e-22
-5.590666204477341079e-22
-5.635886692413819555e-22
-6.061632989044381774e-22
-6.249099359462263636e-22
-4.923928828694375042e-22
-7.700351462918520543e-22
-1.600815179198587941e-22
-6.643567520520083652e-22
-3.211465327426069137e-22
-4.799807299492229934e-22
-4.614201154294314854e-22
-4.957070940128067598e-22
-5.755544834560721091e-22
-2.766277275773593910e-22
-4.635822800961157984e-22
-3.524609816880357917e-22
-4.683176032215593155e-22
-3.184674211138856797e-22
-3.586102297552867433e-22
-3.695671304952287968e-22
-1.188363900565478892e-22
-2.285260761896286407e-22
9.734327031528174518e-25
-1.317189063283590805e-22
-2.608865484761165405e-22
-1.808044517375544345e-22
-7.711132760675457522e-23
-3.582557495692353463e-22
-3.053175857270424990e-23
-1.628825919861938306e-23
-9.298370107129420044e-23
-1.230243688619563400e-22
-4.574708851909719175e-23
-8.779075383320600885e-23
-6.662760887358827245e-23
-1.003252465295709435e-22
-1.028412861385465034e-22
1.891937653993101259e-22
6.997830078927651278e-23
1.938095165839391912e-22
3.151576728640492673e-22
-4.261238160781734648e-23
1.443806524984726823e-22
1.747063270882842503e-22
3.724952640984115405e-22
4.411143681625312655e-23
-7.008979265464920991e-24
1.912166861290028261e-22
3.886114031026093769e-22
3.591879577721828644e-22
1.782486509776835196e-24
-6.773729755844927112e-23
1.684516966544375600e-22
3.398961041802810907e-22
4.425511982659185679e-22
5.737955990559158939e-22
2.836743592416024857e-22
4.261941183228903831e-22
3.592146942028671667e-22
2.854116015149886146e-22
2.519815127381833851e-22
5.823284036614282584e-22
4.349541087079722475e-22
2.160715649375871831e-22
2.987628380396322124e-22
8.302921483134147266e-22
5.865372852518766540e-22
6.153792369702629112e-22
7.138059280595772788e-22
8.382864370920584015e-22
6.825514208664995095e-22
6.250042460007066897e-22
6.741693565970547784e-22
5.712109312786052353e-22
5.834037551457459954e-22
4.366011339237147498e-22
7.256069528001929310e-22
5.729434211280944429e-22
5.351545341140315147e-22
6.463360924958546459e-22
9.319276713113809557e-22
8.419354580418298518e-22
5.885939750281752803e-22
6.934386420887360659e-22
8.570901734210990782e-22
6.692803606101227740e-22
8.361598238557792578e-22
6.835511443857400339e-22
6.634682064509556907e-22
6.028941778102743128e-22
5.938029595472669507e-22
7.278344886160546574e-22
7.159492803437685802e-22
3.212282081784301087e-22
7.745810142621708904e-22
6.015966101095103302e-22
8.506668561717719706e-22
7.399808415761267064e-22
8.132986831583167034e-22
7.985966475400488502e-22
4.421115565609259882e-22
9.291898421122338339e-22
8.950497583910305678e-22
1.016547286930237765e-21
7.805839613514007306e-22
9.230073346127700179e-22
6.822176994786503868e-22
3.764570958470622735e-22
7.469803997414591223e-22
6.039093659621074471e-22
6.316443764136917707e-22
8.429659952670765183e-22
9.916012231402363448e-22
7.209161023132339936e-22
8.098802648304173168e-22
5.533023400293899248e-22
7.270554965656310152e-22
5.777342376654801056e-22
6.152548169454532541e-22
6.923883904719391176e-22
4.768882859892114970e-22
6.088859793510510437e-22
4.703219312333093021e-22
6.946011123994661740e-22
3.755563295734815330e-22
7.131825118196840838e-22
6.532677703769307144e-22
6.253690893983323006e-22
6.075724445350125915e-22
4.416448897209727108e-22
3.879837585197657453e-22
2.332767535260957514e-22
6.788545167471879528e-22
4.508621624690278451e-22
6.347835017851167087e-22
4.885306865501283959e-22
8.127933761814566113e-22
4.315253019558876097e-22
4.510787159338489978e-22
8.129502952653409616e-22
4.140012299034438225e-22
5.181295425175839739e-22
3.637165713704531948e-22
2.042902988834166683e-22
5.602263548216111839e-22
3.025245901279956564e-22
5.030801437761699864e-22
1.072082536965692885e-22
3.736043731982925339e-22
5.728212097594578123e-23
1.863848413800598723e-22
-7.816512135297532651e-23
3.932212009613909390e-22
9.039999023714592338e-23
9.154055476129573565e-23
1.582892993655344217e-22
1.049467430496427068e-22
-5.687012133136854304e-23
-1.929605145529534734e-23
-1.250431724183420687e-22
2.780495099197875201e-22
-1.182890123161606874e-22
1.090529049845341949e-22
-2.416418699314051072e-23
6.907525770442657116e-23
-2.823542806666477058e-22
3.014633657513532839e-22
6.398881545276057772e-23
-1.975910616552089193e-22
-1.410774744804458290e-22
-2.900429438214259771e-22
-1.321463574245360944e-22
-2.369729171697873929e-22
-1.392011520116848869e-22
-2.872468088991581691e-22
-1.411700976540549009e-22
-2.271815173869696981e-22
-1.877515187131525612e-22
-3.604748282248226333e-22
-2.621367680564467440e-22
-6.502566584656520700e-22
-4.542717040375447809e-22
-2.067775293544462890e-22
-7.240307323913494883e-22
-2.861110731761277923e-22
-4.095219518936959868e-22
-2.847300663903784252e-22
-3.417348921978931152e-22
-3.308901116836115832e-22
-2.876147713625310763e-22
-5.436646281005601705e-22
-5.294703465183064368e-22
-3.999057330053997001e-22
-5.509031540523917005e-22
-6.646829100667431650e-22
-6.478804977212844991e-22
-4.833982383171818465e-22
-6.754516565900031306e-22
-4.954871385249024041e-22
-6.187028338781418571e-22
-5.298893338405680742e-22
-6.766265919273997821e-22
-5.559777883273734082e-22
-5.249095231300193038e-22
-5.932805097695936172e-22
-5.595095297972218558e-22
-6.701474197431921964e-22
-5.627657619774510322e-22
-6.408869570265800448e-22
-8.005591306552008643e-22
-6.081875286811574827e-22
-5.454681331586758027e-22
-6.609917123370247052e-22
-7.816184941787935992e-22
-6.281430218137093906e-22
-5.196521646430960985e-22
-6.262721957478886177e-22
-8.364856092080656696e-22
-7.957752259957461390e-22
-8.494230333459685209e-22
-9.197450774138325982e-22
-7.294463811778832246e-22
-8.643549221552842797e-22
-8.304559310138361237e-22
-9.975282117014891963e-22
-6.383782104138936186e-22
-1.030378755209811925e-21
-7.474886334853993064e-22
-7.504865085969907119e-22
-5.479818854038543403e-22
-8.066324355366196209e-22
-7.692608800268762771e-22
-8.889741711663495038e-22
-9.616220228638198073e-22
-5.417683810426660652e-22
-9.785756677678443912e-22
-4.956070247261445577e-22
-5.844251981994559070e-22
-8.422859858105859486e-22
-6.450502673775999251e-22
-6.350340461045262197e-22
-5.514704685414557687e-22
-8.592328598907392405e-22
-7.201026284932691451e-22
-5.496217742043133430e-22
-7.961766569474512379e-22
-6.066810659527514138e-22
-7.019027344565912129e-22
-6.113968912261103487e-22
-5.848233540422328876e-22
-5.472062884217158686e-22
-6.151033146177872366e-22
-4.983520270976940894e-22
-7.702314016698030025e-22
-4.686965504144774373e-22
-4.183387816418326339e-22
-5.209269422004958972e-22
-3.832550948339155543e-22
-7.350670830226446057e-22
-4.966073205495711678e-22
-4.174858127888318052e-22
-7.120131602028283484e-22
-4.230417048690471558e-22
-5.495241897304871245e-22
-3.147795454153828504e-22
-7.698594661580494775e-22
-2.409857740696115047e-22
-3.292814725156013834e-22
-3.542651365663887545e-22
-1.796395603912684070e-22
-3.389309528747140104e-22
-3.043273471870830723e-22
-3.413677240928193755e-22
-7.458359283576810623e-23
-2.636535454251675592e-22
-5.799653424529284267e-23
-4.237603971899037252e-22
-3.844898770928052715e-22
-3.178750633493241069e-22
1.685449935796591722e-24
-1.741414253465539831e-22
-2.683670802259917562e-22
3.100349315276173510e-23
-3.404279114978676805e-22
-2.079180382173629337e-24
-2.100105842293396986e-22
4.796607316684240487e-23
-2.267186916658794492e-22
-2.188731265482806686e-23
-1.314449039712778420e-22
-9.769751371019742422e-23
-3.545870784298811441e-24
2.996342538913863630e-22
1.801430655840933056e-22
1.732088670874240133e-23
3.735821824986321591e-22
1.148636582897893423e-22
1.402591656617213585e-22
3.936214432348596309e-22
1.143425677528213359e-22
8.402704186403495612e-23
4.612079533337166937e-22
2.253636302682835249e-22
5.437304689055095656e-22
1.231886237949616528e-22
2.896054643521393778e-22
3.721552206690363700e-22
3.017871536760296606e-22
1.936727390428638471e-22
3.614528447438737174e-22
4.533851962338062914e-22
4.320369565180452434e-22
3.189640013144884937e-22
3.146422620299103911e-22
3.219857880034485688e-22
3.679650887112490237e-22
5.646801371428634011e-22
5.628070934770045066e-22
5.808526843653487626e-22
6.668747746951898226e-22
5.571406691363216401e-22
5.716463599715719374e-22
5.352152658163213884e-22
6.017211018314853172e-22
6.244247637624837765e-22
7.320111634951739928e-22
2.368219475197536141e-22
5.653456604582787112e-22
5.943001067139413415e-22
5.636443704368761899e-22
4.921535817342444264e-22
9.468552817897145327e-22
5.823525869452551749e-22
6.814229156082493300e-22
7.540126237049282680e-22
6.928114076033911167e-22
7.796521355646778365e-22
7.226479371444923101e-22
6.306411683031437823e-22
6.115982093929221733e-22
7.344149196537021267e-22
7.997759633048578522e-22
5.232117412378991833e-22
9.377598535778686379e-22
7.905467397238145106e-22
7.514872683762287633e-22
8.267782674807714154e-22
8.840495197612110927e-22
7.226806573213576923e-22
8.168579644994721863e-22
1.026376478229276469e-21
6.881592081920804447e-22
7.798262373865776376e-22
8.749039332573126520e-22
6.832966488248138081e-22
5.857233975327196657e-22
8.307081166038563148e-22
5.931441492223004544e-22
6.139153217612253903e-22
6.893481722608865175e-22
6.497834977715062672e-22
7.726444688276758663e-22
9.445741703860689005e-22
9.123199649893623617e-22
6.929901862817759139e-22
8.643683025736304172e-22
6.232907079760406189e-22
4.991810497553511282e-22
8.260635487132202693e-22
6.129390044517058725e-22
6.990776753900269278e-22
7.489758523499130524e-22
8.209712129070927661e-22
4.425746354933138417e-22
7.465252995113205300e-22
7.317467301058053262e-22
5.876989126038320612e-22
6.552608593386534495e-22
3.401925073297450477e-22
6.756403187105722517e-22
6.095977248107365281e-22
1.990453680944667951e-22
5.629282721477252395e-22
5.806853319060082434e-22
4.678363238721229261e-22
3.875948923788001973e-22
3.051915346141238510e-22
4.087259968372461960e-22
2.362024024359762281e-22
7.639530802968138292e-22
2.360069543445083666e-22
4.548554494055518390e-22
5.828133457918185653e-22
2.797840155618195584e-22
1.510781192717840365e-22
2.541872277634151546e-22
2.711227811811548368e-22
1.042827909035156961e-22
4.438288348705385773e-22
3.886021277650461192e-22
3.306913810356327065e-22
2.609363520932949339e-22
1.628129291364377995e-22
2.683775247731760238e-22
3.392803229957572960e-22
2.705359922983938549e-22
-2.078136724943046733e-23
2.455248393387538034e-22
2.185787802802511663e-22
9.039742559623370484e-23
1.965224924477107396e-22
2.231290854126404509e-22
1.397613008436817862e-22
4.662788411127825546e-23
4.168982536786457011e-23
-3.268889817741112197e-23
-1.887036304810050853e-22
-3.725979695491812774e-23
-2.912784773101146436e-23
-7.814530956245946252e-23
-2.917280232720231483e-22
-2.503445839194455217e-22
-1.784707579533173647e-22
-2.279229523184588017e-22
-7.455837862899613595e-24
-4.886941517666143146e-22
-3.154133073783763962e-22
-3.126354298687959387e-22
-3.537797929979435168e-22
-2.883154715043908701e-22
-2.261078083278223780e-22
-3.751411403475232173e-22
-1.998791090341590738e-22
-2.812202364478717759e-22
-4.300577379466879798e-22
-6.173112351626470694e-22
-2.789601623306835733e-22
-2.298302059994610806e-22
-6.055006638781239842e-22
-4.567902545397489004e-22
-5.359551927590569307e-22
-4.887527441362320338e-22
-6.385559486290394073e-22
-2.895536085392948063e-22
-7.434957787971113727e-22
-5.979502866628176371e-22
-8.319906660782269110e-22
-7.676522485028374047e-22
-5.434969410710378163e-22
-5.587618140204642681e-22
-8.478233634313099798e-22
-6.050782724915340499e-22
-5.984840548842264194e-22
-5.536760435979270320e-22
-7.321475970082642630e-22
-9.046634347401912871e-22
-4.389748269550678667e-22
-7.040195337123436963e-22
-5.289064826198285355e-22
-4.295835106825729951e-22
-6.444778516488985432e-22
-7.095545969036503284e-22
-7.511769714231500381e-22
-5.087467185129288150e-22
-7.338358558690374172e-22
-9.767525819603828721e-22
-7.825566122417365229e-22
-7.264103209285757323e-22
-7.486828063952735260e-22
-7.646640493471459915e-22
-9.133898118470793933e-22
-7.048664834516034127e-22
-5.931103987133104533e-22
-8.406939254075555478e-22
-7.312743785565596351e-22
-6.792788013540227248e-22
-6.773451996236084964e-22
-8.098858528654544241e-22
-7.604113100644235926e-22
-8.592837993637987639e-22
-7.727556599753167752e-22
-7.395629033013119116e-22
-7.831783151806698964e-22
-6.152574529640144874e-22
-6.903861376815043397e-22
-4.357071487759824965e-22
-9.463271730264983856e-22
-5.494682858105366798e-22
-7.958458500954730568e-22
-9.484156104256518335e-22
-7.290773791633574062e-22
-5.695701534303133006e-22
-7.708422611345256265e-22
-7.123109370602056414e-22
-6.756107954905426986e-22
-4.392385514011106981e-22
-9.173932914176780815e-22
-5.340932860865225963e-22
-5.714695526931097341e-22
-4.634606085824984162e-22
-5.915907243504417015e-22
-6.618714397083361919e-22
-6.025873590643322006e-22
-8.478838372992838356e-22
-3.310874613331594564e-22
-7.378426582178117689e-22
-5.919442760134427066e-22
-4.905352560730195434e-22
-4.968860818637223160e-22
-5.933708283671106162e-22
-5.072494057780013427e-22
-6.126907757252908557e-22
-4.877292953114743189e-22
-6.890836126073574456e-22
-1.717032269244334278e-22
-5.642308985167581892e-22
-3.971335537812331868e-22
-3.357300206224887442e-22
-3.741548378324776152e-22
-2.648639562863658797e-22
-2.635622771505869730e-22
-4.701970188581376677e-22
-2.640335109227498675e-22
-2.559579038425647990e-22
-2.412411595543508393e-22
-4.519002665773408630e-22
-2.087782163736939757e-22
-3.382514785332127469e-22
-2.550340647509834473e-22
3.994991439927960069e-23
-9.505984393659521395e-23
3.528575158682913987e-23
-2.063324951160314108e-22
1.826684332304444297e-23
7.393887458303253496e-23
2.707125893765145735e-22
1.248283412378185569e-22
-2.018604021153273380e-24
1.612504821908946663e-22
3.186494714368731919e-22
1.658807559764269638e-22
9.824130241579062579e-23
9.616497593016474685e-23
1.740257872568044824e-23
4.312206239110535078e-22
-3.039464875772873542e-23
3.486057928408503801e-22
2.683208454844067378e-22
1.492211850758552652e-22
1.173098973761625819e-22
1.609150632373638101e-22
2.985022938332747227e-22
3.664629851518047031e-22
2.887860375424131567e-22
4.526721104836453210e-22
2.391779735669991096e-22
4.731425163001168801e-22
4.924343060928762991e-22
3.321236768069152646e-22
3.609276063551326218e-22
5.443199664476913108e-22
3.500806417259367702e-22
2.218376077421396511e-22
4.626176523984753357e-22
5.810036524179337729e-22
5.203043218751711432e-22
5.267388164718176072e-22
6.520131238801549050e-22
6.619799659018420818e-22
5.678876559196761161e-22
2.594537350099613800e-22
5.537822990443870266e-22
5.986868086512653504e-22
6.388845343816546596e-22
4.605730580230138744e-22
4.179363466854999564e-22
6.218686431308887729e-22
3.284034050384546837e-22
5.327384007042109606e-22
7.228092347181736182e-22
8.972013993098103764e-22
7.700693427599661709e-22
5.229469331970555032e-22
7.081233325589444919e-22
7.461270723724835051e-22
9.845689173147321719e-22
4.850075065931997314e-22
6.911258915431775251e-22
7.634050035327265623e-22
7.846608136484273885e-22
8.013255254629173874e-22
8.035012966621413419e-22
7.254859891028629792e-22
9.033772876371764407e-22
7.494726675647436668e-22
9.766391224034075138e-22
1.037377023465293332e-21
9.109205214536912637e-22
1.004037809354157325e-21
6.300520016609360407e-22
1.055906794521396983e-21
7.149012570858508218e-22
8.193168362565305889e-22
8.283820604670226434e-22
8.973826775315130136e-22
6.706230179321463761e-22
9.143259133263728226e-22
9.398414808862692541e-22
7.613986423831126653e-22
8.130144141845504701e-22
8.129439471904662917e-22
4.208610058482297021e-22
9.571545270135389519e-22
5.945271008211711014e-22
7.213144938696156895e-22
6.326502987852537205e-22
4.802563927995523328e-22
5.381540756252808601e-22
6.098093636698743702e-22
5.112341991944090166e-22
5.195605140519132352e-22
6.432108967140398721e-22
5.761908909977469658e-22
7.819194416216119259e-22
4.979337981262955632e-22
4.646517088024590532e-22
7.001637211742409786e-22
3.440882153280326248e-22
3.742621295716509314e-22
3.854894838833161840e-22
4.646753146654396711e-22
5.231769604604830975e-22
4.481278527384069731e-22
4.252513033270829148e-22
4.256242920122661969e-22
2.847855269681111080e-22
2.953090679781748805e-22
4.882945920078075651e-22
5.379065429618311013e-22
1.518458174422977716e-22
5.269233715098751602e-22
4.663008396909648065e-22
3.371993342050188615e-22
3.013322570584918473e-22
3.103528546595136549e-22
2.645493170794551441e-22
1.350502714244697903e-22
3.576314488870029397e-22
8.924799370364354940e-23
3.515683861318605228e-22
2.108918491319189208e-22
2.557930737808841486e-22
-3.029029359987868297e-23
2.289263581967901547e-22
3.817896542225995175e-22
1.568160144310496907e-22
4.009752250931069179e-23
-1.156858954532997963e-22
3.561868423369176783e-23
4.163164829967388843e-23
-9.082556169172408650e-23
-1.334447806641190238e-22
-8.725346606399098280e-23
1.021423974842796803e-23
1.357751534532953106e-23
-1.228636845061334597e-22
-1.909361043696673410e-22
-2.772131844492712733e-23
-2.927815976353896321e-22
-3.944143944578632605e-22
-1.440484010962613526e-22
-2.213157402309223577e-22
-1.743322876723010526e-22
-2.648309171069622988e-22
-5.169039143367716897e-22
-3.335316391743843367e-22
-3.994381759887598406e-22
-3.590235756310594006e-22
-3.708626996022032457e-22
-5.144631538426324143e-22
-4.248123062329140366e-22
-5.222861283267848663e-22
-4.096140017171334898e-22
-4.218415420008896332e-22
-6.600338304131498674e-22
-3.999904196261485191e-22
-4.038172249893248753e-22
-4.841935632486832416e-22
-5.976974627910633753e-22
-4.952751564905642227e-22
-7.495952378239079290e-22
-6.816299763929550228e-22
-4.178460449613943068e-22
-8.481515523029325259e-22
-7.585020354890811736e-22
-5.168220089989196712e-22
-9.083079691088425034e-22
-6.857122533974902801e-22
-5.672556126122428799e-22
-5.577194244407530486e-22
-9.895319066456234242e-22
-5.416501102583379467e-22
-5.988477787585641942e-22
-7.599482597517454471e-22
-7.540897103367547317e-22
-8.644452791362016711e-22
-6.084860606618791591e-22
-7.528741767830090980e-22
-5.975530158768914041e-22
-8.445184118545555411e-22
-9.039001699412279224e-22
-6.794142576323992220e-22
-5.971824221570195434e-22
-6.335954192861030951e-22
-6.785629881556091811e-22
-1.007259978166948820e-21
-9.594825783685972507e-22
-7.975992329275412995e-22
-6.072667761870727213e-22
-7.484753482224016947e-22
-8.240737746590144145e-22
-6.869103292103067159e-22
-8.388494705697304852e-22
-4.838632716149531125e-22
-7.163666937932442780e-22
-7.250419290886227583e-22
-8.873543980625608913e-22
-7.929942600408354649e-22
-5.353106356526481826e-22
-8.037130241841698798e-22
-6.775387607769695086e-22
-5.786142364660679423e-22
-8.479695216805334533e-22
-8.448673816840623580e-22
-6.793836434591727016e-22
-9.563750104049577092e-22
-7.119428271559112019e-22
-6.187207893968470259e-22
-5.740986266535479681e-22
-7.034262131076738080e-22
-8.070047554602217868e-22
-3.502752906376421635e-22
-8.871815426731703202e-22
-5.562780879631987054e-22
-6.248981784363178424e-22
-6.302855073621611098e-22
-7.067175350174538260e-22
-4.216011504823737951e-22
-7.827602600269011203e-22
-4.835159910817899218e-22
-6.480373112239266208e-22
-4.843223456505899902e-22
-4.781159290862097124e-22
-5.893809152621520843e-22
-4.831302086029115010e-22
-3.480493986635796272e-22
-5.197892260293507330e-22
-4.246466398686145728e-22
-3.651439399372702522e-22
-4.384069461190713029e-22
-2.917072142335795277e-22
-3.743853095570125202e-22
-3.273616955415264719e-22
-1.999436315678813023e-22
-1.617562103905591986e-22
-1.697329598176757616e-22
-2.728813980889075649e-22
-2.536963447410973218e-22
-2.000350588296695347e-22
-1.982089283310066972e-22
-1.961532818898316523e-22
-3.621281464806702949e-22
-1.727493664462361235e-22
2.547977494602284272e-23
-3.636152842698845547e-23
-1.938150631076486096e-22
-1.106687659525146147e-22
1.302843855662001191e-22
3.068561641288541990e-23
8.446081812093796226e-23
-1.907571693304812204e-23
-6.368529253679706854e-23
1.432972982080781887e-23
5.857308713627660369e-23
5.836791420416746126e-23
1.505597571877573008e-22
2.432975678462884783e-22
1.336162236858555529e-22
1.137471761999195290e-22
3.898666398925516337e-22
4.226019840189629638e-22
1.858333388634747251e-22
2.113630063673254161e-22
1.698961670969164383e-22
2.561210802273335255e-22
4.731271390693012741e-22
4.519678572682317602e-22
3.959901807819200698e-22
4.142365711689011373e-22
4.592981300187438742e-22
3.825047255144610515e-22
4.957489544988004685e-22
5.619063291758896510e-22
5.602224434229065510e-22
3.918467605969614963e-22
5.202317524830669398e-22
4.641000555455996093e-22
3.891798918495443763e-22
6.716582589559667838e-22
4.160485863448376933e-22
8.054969594042851926e-22
5.775116644477017863e-22
6.269606826284977232e-22
6.008991361922803394e-22
4.286316051054555916e-22
7.478493608297836942e-22
6.843949404114682545e-22
5.511653706861267633e-22
8.153255004822081505e-22
6.262728312209799937e-22
6.841168166076354544e-22
8.129355286539544143e-22
6.028512801302798405e-22
7.926736602953809756e-22
8.267162463179447224e-22
5.840273386581010669e-22
8.154188292376804160e-22
4.860932963439357377e-22
8.797848573865282612e-22
5.754452277669277171e-22
4.871988956393238833e-22
8.389116610007748681e-22
6.335435653341574403e-22
8.288362553509232757e-22
7.137021095185250825e-22
8.670114733286216129e-22
8.892459958682736764e-22
9.413914408681363316e-22
7.237217500865491558e-22
1.015250983482611001e-21
7.640314881600299184e-22
7.813208387257574062e-22
8.764187745743654327e-22
6.894256074113099368e-22
7.401917978318356204e-22
8.547909509264902404e-22
7.572302480410707938e-22
7.417086602695115329e-22
6.254576983330743984e-22
8.773539646406773482e-22
6.655369639041879328e-22
8.364213845046014502e-22
5.808575390099868253e-22
7.320948510360249605e-22
6.642851356659783771e-22
8.413228895238424163e-22
9.332507741178488751e-22
6.052755007173556986e-22
7.239383189936203890e-22
7.154081738303694986e-22
9.768893732256130182e-22
5.429589296328781187e-22
8.289148286198799129e-22
6.723683697758966994e-22
4.480520419216659407e-22
7.193644106464451613e-22
3.892491621958927212e-22
7.839957746718959392e-22
2.187735072064695072e-22
5.875515582084815373e-22
3.265203514170986377e-22
3.321404940323520490e-22
7.828439046360878581e-22
2.979549308526685035e-22
2.745561553029161793e-22
4.006044796915118840e-22
4.718241129694859192e-22
2.835125980076683245e-22
2.557295514594904980e-22
3.219580238067361982e-22
4.483566219340680308e-22
3.155135437895251551e-22
1.734126002061109285e-22
4.067779447553504803e-22
2.538694978909562381e-22
2.306371588250695346e-22
2.268356063983632146e-22
2.589927380846803497e-22
3.500855585314308989e-22
3.060510399118898379e-22
1.103618599932896383e-22
2.419131513181008802e-22
1.556656380545172725e-22
-9.577118924372645315e-24
1.652604736060207874e-22
5.525585113037790904e-23
3.745207126012021746e-23
-3.371582536858848451e-23
-1.270426528473594735e-22
-1.035937284052958035e-22
-4.787196336085379052e-23
1.229259850083222833e-22
-1.475948426260654142e-22
-4.777827387155531261e-23
-2.330402057309166559e-22
-7.838873122946932345e-23
-1.454779030693187889e-22
-7.392281781404480345e-23
-4.333602679966875411e-22
-3.593929264743683794e-22
-1.956952777590825485e-22
-4.355156870062240145e-22
-1.673505950232896646e-22
-4.728401441222187700e-22
-2.553571459483416146e-22
-5.505267644183786576e-22
-1.952023644353315518e-22
-3.770732282270764527e-22
-5.467363318199653362e-22
-4.419164842559522582e-22
-4.370572920875521389e-22
-8.366372701412131534e-22
-3.045842746773724798e-22
-5.575455375157329821e-22
-2.979664310284030553e-22
-5.358499248650048282e-22
-4.214983610006036783e-22
-4.399526287499991289e-22
-4.833541860826325939e-22
-7.072871168271135196e-22
-7.733076178407924866e-22
-6.004397389915791445e-22
-4.242236777023873935e-22
-6.526822013389101696e-22
-7.114985340558218209e-22
-7.580572127921462120e-22
-7.396135415455887170e-22
-5.912907048732285316e-22
-8.893974136777559388e-22
-9.199249373021706971e-22
-8.254139755641568615e-22
-3.808155010451468814e-22
-8.703177347726503424e-22
-6.952330078432118989e-22
-7.108715889134450981e-22
-7.572102579292963202e-22
-6.369770466124023407e-22
-6.097796434532724981e-22
-6.389793760668602945e-22
-8.910170891686021808e-22
-7.805644116974987827e-22
-7.999207851152755805e-22
-7.073766166303466739e-22
-1.070225487932384788e-21
-6.557483777569190187e-22
-8.288527915635002952e-22
-6.442261465542353566e-22
-8.812617221073221048e-22
-5.843722203645895929e-22
-8.685924158808388065e-22
-9.016921224134323853e-22
-9.541270288950884985e-22
-7.995274082395060611e-22
-5.433927510238562606e-22
-8.417744506943953563e-22
-7.053837815531315780e-22
-8.095370172035842470e-22
-8.251011727633784284e-22
-8.671122188769866420e-22
-7.392200568883605583e-22
-8.048692826717190262e-22
-7.418317528088282230e-22
-9.514190762724443787e-22
-7.974752801612548939e-22
-3.131495534944276583e-22
-9.348169958439107368e-22
-5.695333375189355632e-22
-6.433440169213626473e-22
-7.964499001097953714e-22
-6.836738967829670609e-22
-4.819894638706343183e-22
-4.347036972642352586e-22
-7.274654199377831114e-22
-6.002483256122117986e-22
-4.843047201416633479e-22
-7.868858757000045624e-22
-4.233887476810462087e-22
-4.755923247008422624e-22
-4.928569374632632280e-22
-3.052763228832911908e-22
-4.479765566097959666e-22
-5.985077361519116424e-22
-3.703684398984539858e-22
-5.178226140487191672e-22
-4.604957092953599043e-22
-3.916815629649521105e-22
-2.441507070867898660e-22
-3.969494040391755645e-22
-2.470828868111251638e-22
-3.134736187203004203e-22
-5.238550543059923687e-22
-2.409623787301555473e-22
-4.313675680143787137e-22
-8.976551691223967446e-23
-2.915858727927231420e-22
-1.003233348723937406e-22
-2.447925640060241271e-22
-2.389161090055327218e-22
-2.914374618019095816e-22
7.669383379505878523e-23
-2.352389198664787660e-22
1.355711504798776937e-22
-9.188104150097016434e-23
6.882083764562418590e-23
8.667554229341102342e-24
6.261686780405056305e-23
2.427970135943271635e-23
1.152735025571208991e-22
1.828487979953244974e-22
3.397881010698297669e-22
6.138664151609413896e-23
1.182554781663806277e-22
1.122962401732496509e-22
-6.607206291907245025e-23
2.613472886349716681e-22
4.264462206815779128e-22
1.284566670495764521e-22
1.542080646263662511e-22
1.225584231911360404e-22
5.630147978586056062e-22
3.461878895463408672e-23
4.100474462020345037e-22
2.126260041274601649e-22
3.760743330572266962e-22
4.903196092850684023e-22
4.710012440237269246e-22
2.671828081027220883e-22
4.579274962529516538e-22
4.649310054203028383e-22
3.169981176208842060e-22
7.211893915845349384e-22
6.261765863347758923e-22
4.570312955959318940e-22
6.195252012408689232e-22
6.816985181800518635e-22
4.214835441237586096e-22
5.539441087551009083e-22
4.872401850466247100e-22
6.873556541407226845e-22
4.710499946479587065e-22
7.473539008429505245e-22
5.452434491191655102e-22
6.758441306905326759e-22
7.252479648733614060e-22
6.175589741527235391e-22
8.226962642178588547e-22
7.961230385652379299e-22
8.434555332858195925e-22
8.685541632899802496e-22
7.617087047491614650e-22
8.239638858491084461e-22
9.525501486000261141e-22
7.876177494765417024e-22
9.773847082653653247e-22
7.980344523244856999e-22
4.610156812286664743e-22
9.066267368149873216e-22
9.426299543625161059e-22
6.573176195251268515e-22
8.864468915902865966e-22
7.559209659819683606e-22
7.497594020580270689e-22
7.121918361977382768e-22
7.675354528428994155e-22
9.148531077894550922e-22
9.034618919265988454e-22
8.611342624524068564e-22
7.675647293444484559e-22
6.932726766254832918e-22
7.515455725468418989e-22
6.111471448770088763e-22
8.924532688020695904e-22
7.339707288293009129e-22
8.344142589896176002e-22
6.691791050833812740e-22
6.057526288159947283e-22
7.214098890937626936e-22
6.954348561529877106e-22
5.936677607220839314e-22
7.437858025040596723e-22
8.435618384761616258e-22
4.899499987686714302e-22
4.889903512580450592e-22
8.148544395621438828e-22
7.999301796750753092e-22
6.023123594801867257e-22
4.638074821694661722e-22
6.548722276791055840e-22
5.514496314762967403e-22
4.443990360194558968e-22
6.707525761515472041e-22
4.202382168626216213e-22
6.621832763382713254e-22
5.052801962417070547e-22
4.168836712326656867e-22
7.093027004474502711e-22
5.679319893446190109e-22
5.506988546576672708e-22
4.986802006340409608e-22
4.239919834069987461e-22
4.782902793693022489e-22
4.513215633060227310e-22
5.463714085016730211e-22
4.156707379537116222e-22
1.974674097828005670e-22
5.200193066286335942e-22
5.078380309478753069e-22
3.477087793060692985e-22
2.646102861857049672e-22
2.754886307064959920e-22
1.902179542492641816e-22
2.845580381762624207e-22
1.609326262882860595e-22
-1.779325887873300466e-22
3.514511233237370123e-22
-1.297719496756098730e-23
5.119842856013671267e-23
-3.282663471255043956e-23
1.594004247171904106e-22
1.339489279406172700e-22
-6.682523263562333681e-23
-1.124181552947620824e-22
1.141903675914597653e-22
-3.580796095336988300e-22
-1.296981525796907344e-22
-1.847932038720678660e-22
-1.114911831661386094e-22
-3.901501560934941034e-22
-1.768639014158216309e-22
-2.550765428331400534e-23
-2.038740290705470554e-22
-3.555006219053209108e-22
-2.105708612972048353e-22
-5.206169723460095532e-22
-2.743350255213389551e-22
-3.538729955604216858e-22
-3.140675145331953456e-22
-3.125463961915094540e-22
-1.738792206405552080e-22
-6.004768333081187868e-22
-6.308015896364058821e-22
-4.077377478650063018e-22
-2.711854422204707473e-22
-4.743800850357263514e-22
-5.049155170070579549e-22
-5.562227518073316371e-22
-4.153084200598477494e-22
-4.292336355398822730e-22
-3.245135320691738178e-22
-5.981492114222002333e-22
-4.712372411412287736e-22
-3.983598896922316077e-22
-8.768078510723913471e-22
-5.989548291597267310e-22
-4.793804711386560581e-22
-6.109210718530257509e-22
-6.444541252640490225e-22
-6.983216248785697575e-22
-5.943664691542223530e-22
-8.848965413296440607e-22
-6.267570044748209119e-22
-9.081608840966666572e-22
-7.210758929582465731e-22
-6.774375929152482268e-22
-8.223292422675179212e-22
-6.987585488230213837e-22
-1.035312874951956223e-21
-7.855268917766992818e-22
-8.780377516343095315e-22
-6.058097933521235589e-22
-1.073336278446809885e-21
-6.893948381534851354e-22
-1.061564260567294824e-21
-5.696441787757533967e-22
-1.022447389270389287e-21
-8.974989411184887324e-22
-8.436811289590861651e-22
-6.228237519076316370e-22
-1.003028218448028722e-21
-6.760468109303205936e-22
-7.166730082011193875e-22
-7.549970007612220205e-22
-7.767697765512285744e-22
-8.821719764607210692e-22
-9.230972136339803352e-22
-7.044516187727701430e-22
-6.153099653698819114e-22
-7.210894985789461249e-22
-6.288631240390243226e-22
-8.011282932515973766e-22
-6.658254221481990248e-22
-7.832588910105062818e-22
-6.823063876223967591e-22
-6.404620422532108023e-22
-7.926252840989520825e-22
-5.331393470080290583e-22
-6.603566295682621774e-22
-8.282291298227259234e-22
-5.362671027927108463e-22
-6.844720225995175643e-22
-6.566788599917896060e-22
-4.796584966096898278e-22
-7.592600020788444745e-22
-7.294395734875888808e-22
-6.350860860296373388e-22
-6.031421643438556728e-22
-3.544209570801284847e-22
-6.120583568174301848e-22
-5.034844561175188449e-22
-6.020566087913878434e-22
-6.503622648909141506e-22
-6.766718153118497188e-22
-4.060992408490534273e-22
-4.021408993334816124e-22
-5.047987243634890632e-22
-4.284642013654342251e-22
-9.775950331030391752e-23
-5.216326208565203865e-22
-4.590462451357038946e-22
-5.528504448584408655e-22
-1.539571187343943401e-22
-3.661457726096732346e-22
-6.489828157289301876e-22
-2.404528582870349566e-22
-1.300522652694604182e-22
-4.182006377708923866e-23
-1.558428851360295197e-22
-2.113309026457335354e-22
5.911517057423094808e-23
-1.080829201033075503e-22
-6.112314003169174314e-23
-8.663039387571867939e-23
-4.595048571264612135e-23
8.210862973364885060e-23
-1.904726947338242299e-22
-4.133613625073036607e-23
2.569163252085149608e-22
3.071200760381728070e-23
1.786270826553818218e-22
1.857121236381790357e-22
-3.110420605810590921e-23
1.976582587371921439e-22
1.294973300386877404e-22
2.302329728332552612e-22
1.380902154740379381e-22
4.063565141839652079e-22
2.742654894218357280e-22
1.385512975011296970e-22
1.595338942647656933e-22
5.044311726767203062e-22
2.131396381346778021e-22
1.995789890264852587e-22
5.071585129830989665e-22
6.342471798325219378e-22
3.881489944359146647e-22
5.470230360920723281e-22
4.694649704333170044e-22
5.186401672716253809e-22
8.895169515029421462e-22
4.683687073195782656e-22
5.222002823492315625e-22
6.683233592581543071e-22
2.668832235231118095e-22
6.233745948127600079e-22
5.563366171992462124e-22
5.402220293138535495e-22
8.188370538765992881e-22
7.936562782627801482e-22
6.917879054883703885e-22
5.297964521876082329e-22
6.974966945402586094e-22
5.793664408620443887e-22
7.894797558466632230e-22
4.783046801672238249e-22
8.721999144402271582e-22
6.982239684501026284e-22
5.794881846998133121e-22
6.820500352380662139e-22
5.162259634061662968e-22
6.322913682031053437e-22
9.585784910927004114e-22
5.475707340303725805e-22
8.244271403997169812e-22
9.315020952216564396e-22
9.459477892064753085e-22
8.745152438566800228e-22
8.256609815725008221e-22
6.593781501025278389e-22
6.350424156316728253e-22
5.550872668895383469e-22
9.171735003619738022e-22
8.905066670298998872e-22
8.070479375536055149e-22
8.568601474999944380e-22
8.472595197624069409e-22
5.677961648136332531e-22
1.012084938374629980e-21
9.265468350292779774e-22
9.475903550678813677e-22
6.552817643696269668e-22
8.180616393145685923e-22
8.120789467150591947e-22
6.968937436043423378e-22
8.137246477783894837e-22
8.974844146866115600e-22
7.846267302580171922e-22
8.299742116482004031e-22
7.569345958514748788e-22
7.812403654691423247e-22
6.086698912156788919e-22
8.442116908948795265e-22
8.028832958987696328e-22
8.005354635325461099e-22
7.447567048733786944e-22
6.616507100484785384e-22
6.206384766717169791e-22
5.398873107046994073e-22
5.894874404390418937e-22
4.762362871114891610e-22
5.875605827003720662e-22
7.071847459397254064e-22
1.441967308886392433e-22
5.848480594518771589e-22
2.698190087314536207e-22
4.814683474468006723e-22
4.636264523825704660e-22
2.575468150927950696e-22
7.250104772059526503e-22
4.796209367135592783e-22
4.800781684511072349e-22
5.055045226855342648e-22
1.621701666696901005e-22
4.717487217138247155e-22
2.916811658320782080e-22
4.037263357991625833e-22
2.301834655910230296e-22
1.022963277057074217e-22
2.835650455886328551e-22
4.071454374085306156e-23
3.371968017223720830e-22
4.305991853421919838e-23
1.064216915053730494e-22
1.599709753673907620e-22
1.051280492506201625e-22
-1.295966568468971500e-22
4.650424041974818138e-23
3.259325087694243203e-23
-2.900271639400305254e-22
1.380842989188436815e-22
-7.557836224378303284e-23
-2.538497597612637509e-22
-5.568329743126150011e-23
-3.429233511349710785e-22
-2.073995655876447349e-22
-1.433309986455247650e-22
-2.751094313542747349e-22
-1.416810851744090880e-22
-3.600541426850371055e-22
-3.930895862383341500e-22
-1.671887129757761575e-22
-6.710520847270354415e-23
-2.636954785428537756e-22
-2.249453729302327523e-22
-2.693786173645325777e-22
-3.958223830597048768e-22
-3.743132858433327388e-22
-4.259187008833333375e-22
-4.092554785608196236e-22
-3.651583329272198547e-22
-2.466489031020633792e-22
-6.413059251494466530e-22
-4.750300845934065822e-22
-8.286833829091962016e-22
-4.081039099585983372e-22
-4.988756744470246540e-22
-4.773002841019682864e-22
-6.018181891971279921e-22
-6.506966946603733966e-22
-2.104109531537147832e-22
-7.520991011657044415e-22
-4.755316339865428221e-22
-6.727211533222531276e-22
-8.165797528240818954e-22
-6.217319389065082717e-22
-5.854620545548624376e-22
-8.648798013687238928e-22
-9.463324598276175572e-22
-8.422899367815380002e-22
-7.293558451536059810e-22
-7.799253353497871707e-22
-8.518745939317809504e-22
-7.090341167320296638e-22
-7.830261064925989278e-22
-8.670041635447244475e-22
-9.393817014155219412e-22
-9.722902974008355974e-22
-6.825301847443116591e-22
-1.041418439356666677e-21
-6.808233734898238263e-22
-6.615676047324464725e-22
-9.894074593782653745e-22
-7.086657317440431982e-22
-7.790043965292170092e-22
-8.102766480035536511e-22
-8.916504014282301110e-22
-9.475204585862767299e-22
-7.588731511921443681e-22
-1.007107272133168559e-21
-7.525634104352858095e-22
-6.694435180630931992e-22
-9.260432049898001053e-22
-8.195151795270428024e-22
-6.699526769249219430e-22
-7.281075747024403872e-22
-7.712741424600707294e-22
-7.732622861106430486e-22
-9.661180241247902906e-22
-5.464058557818299604e-22
-7.736402517723208474e-22
-7.839587781833812199e-22
-7.920425797853052532e-22
-8.224380577137441640e-22
-8.244044779951445347e-22
-7.403453793731152083e-22
-4.670521100924028352e-22
-6.735169695946554601e-22
-6.894530323568268823e-22
-7.702683878483387953e-22
-8.451305512287054003e-22
-4.718294939559825407e-22
-5.152729093100208626e-22
-5.098668144845341745e-22
-3.130963638175535073e-22
-5.578560342634601552e-22
-4.844451741275585633e-22
-4.390016415916643730e-22
-5.291240147068028289e-22
-3.564616445309785603e-22
-4.217208096359114112e-22
-5.398682704807585137e-22
-1.347573096586283707e-22
-3.969284797446712468e-22
-3.372962757393519419e-22
-2.820185028726004606e-22
-7.240950388189537496e-23
-2.737456599676726726e-22
-1.278295437201605928e-22
-2.437681963503798954e-22
-1.980262484256850473e-22
-3.286591965660381253e-22
1.201723844425778235e-22
-3.971404032988680912e-22
-1.678492595680901807e-22
-2.097723214410358267e-23
-7.961518354928308919e-23
-3.205591469308127233e-23
-2.838479644838309715e-22
3.670033440123295965e-22
-6.736108085570456419e-23
-3.292360330310920479e-23
-3.170378821054223538e-23
-7.909695529375914686e-23
1.049768913708879612e-22
-8.045905363323000633e-24
-7.314942068775420736e-23
1.675705316665931612e-22
2.959609187419944478e-22
-1.561232631964593836e-23
3.966845814427646218e-22
1.571559899959709932e-22
4.273730525772783114e-22
3.094136622130305552e-22
4.949418550148288570e-23
1.966074776256270055e-22
1.855457866165548772e-22
3.342335169767079216e-22
2.925776323121472738e-22
5.963290401993240226e-22
3.834272560388051492e-22
3.302350913473130206e-22
5.646163943375381061e-22
5.239169065757424323e-22
5.496899355558343431e-22
6.577435813903572447e-22
6.206347908096585804e-22
4.292482449080361599e-22
6.611429125505771933e-22
3.990174965126094364e-22
5.178652214579332702e-22
9.579741922461182821e-22
7.063513130760358328e-22
6.991145593767397747e-22
9.360639503277914315e-22
7.469312113355260670e-22
8.648556988526218064e-22
8.431374988389339438e-22
6.819119104903589301e-22
8.884586277866106188e-22
1.044253796444177073e-21
7.086202890352933300e-22
8.763726234305580641e-22
8.520149832622302810e-22
9.352238654240741772e-22
9.582362772770536901e-22
7.745914967367616375e-22
1.013856300408819517e-21
7.339245494020217703e-22
8.680571401794896158e-22
7.521947138097078708e-22
6.726380122944782113e-22
8.208969739056662436e-22
9.688049495747906794e-22
5.400182371088702800e-22
8.938899877307696638e-22
8.122290949147893293e-22
7.794665959969750497e-22
7.714582177111168386e-22
5.064333452384339105e-22
7.424320021087550236e-22
7.171229272193201375e-22
5.975541497699183374e-22
8.743065692813097094e-22
9.663967542703461102e-22
7.877359117640957857e-22
6.788496371598937167e-22
7.810363863674285562e-22
7.253799292660774156e-22
6.843315683573559287e-22
6.865404377307087849e-22
6.397236885592489892e-22
6.861768432533194045e-22
8.287194208452132190e-22
7.288428377011287765e-22
8.211654931534932389e-22
7.628436054371630358e-22
6.719952287167404103e-22
6.785133521365677939e-22
3.902619286084779930e-22
6.047104998596848166e-22
4.397862881627015475e-22
4.858378522246772519e-22
6.182329682780401266e-22
6.443482923074696435e-22
5.376788019235276104e-22
3.337654047304844031e-22
4.730798424466768190e-22
5.210948823882815006e-22
5.767918592345372355e-22
4.666901246578145448e-22
5.457603190841568626e-22
3.594232802904840168e-22
3.427329142381775392e-22
3.114508403117360177e-22
4.837747964809381579e-22
2.845906616808096171e-22
4.599723832352887665e-22
2.477291242388660744e-22
2.194301610127864830e-22
2.752405262816887686e-22
3.617753158456747668e-22
-2.684900781933670931e-23
3.496697164765197518e-22
3.306517153156816752e-23
1.722622164156196654e-22
1.464256866765950519e-22
7.162344453399917598e-23
3.212839790721549937e-23
2.984626110760833183e-22
1.084421537766647171e-22
-9.299920033305726851e-23
-1.040392835654999121e-22
4.272558563771768535e-23
-1.914760684305246066e-22
-5.879447308011421403e-23
7.697462726487519791e-23
-2.127989095750298715e-22
-4.318371162216120177e-22
-2.099692139773012707e-22
-2.782287129491530472e-22
-4.616761567780210320e-22
-5.513140510565296026e-22
-3.298770643802121536e-22
-7.389144682014633842e-22
-3.777885702080622028e-22
-4.942008246480967160e-22
-4.985237343143899914e-22
-4.344438167398363833e-22
-5.909048598271474648e-22
-3.596737331789819306e-22
-4.712832057479360087e-22
-8.116820190014551639e-22
-7.738135193334225450e-22
-4.282225793146370088e-22
-5.686539418920508402e-22
-5.537648352713023968e-22
-6.206796163088132162e-22
-3.428225537187331422e-22
-7.672827406920739341e-22
-5.494300030059515257e-22
-8.881907429426162798e-22
-4.415451212163476332e-22
-6.538051430747658083e-22
-4.734523658912553395e-22
-7.507206787338170666e-22
-6.102536015613940155e-22
-7.298184687995812182e-22
-8.347177736067799415e-22
-8.909041495486383371e-22
-8.393892013972418383e-22
-5.942988707162712956e-22
-9.410241703647034547e-22
-9.435361497751162692e-22
-6.010537766099974822e-22
-9.094482820734823282e-22
-6.811892558306983601e-22
-9.583910374234014777e-22
-6.313512744511224640e-22
-8.333955448103102572e-22
-1.004092259936141390e-21
-6.307647885990456666e-22
-8.397333620157290662e-22
-8.670533344052803561e-22
-8.948440481350864513e-22
-1.032692397461465477e-21
-4.577422525069246795e-22
-1.065454434357098688e-21
-7.226457502843232173e-22
-8.393422437108815558e-22
-7.271633471903653343e-22
-8.918871155237269105e-22
-7.552171878722337185e-22
-8.469797271954392355e-22
-8.966726188585835334e-22
-5.721701139496212578e-22
-1.000640962275555501e-21
-7.040890860657302440e-22
-5.321124991929488012e-22
-7.936773089254130043e-22
-6.726636947318220144e-22
-6.702125605498828649e-22
-6.523079454786205730e-22
-6.614298466754047823e-22
-4.943732703741759689e-22
-5.534969083861780356e-22
-6.613092505617303804e-22
-7.681823131473246688e-22
-5.869921329939459954e-22
-6.386815357199847607e-22
-6.040328499946963788e-22
-6.980351957835613596e-22
-5.894585472050903727e-22
-5.073333270706037859e-22
-6.642318625533455739e-22
-6.586241168935732326e-22
-6.469201725381140976e-22
-6.226484304034783843e-22
-6.380320179437823168e-22
-5.408700248796514080e-22
-3.404471408503697932e-22
-5.201539574619777907e-22
-4.260620219362026423e-22
-3.359036582360546803e-22
-3.743078904706321529e-22
-2.922734311885166432e-22
-1.583103319209452016e-22
-2.599915577375674363e-22
-1.908761681498255334e-22
1.170366635440216579e-23
-1.878598785600506025e-22
2.052017301121499607e-23
-1.853297600621824510e-22
3.962945873872803377e-23
-2.592400142413372887e-22
7.295538447665506216e-23
1.795995182110261208e-23
-1.441201166491044594e-22
1.356278381665242422e-22
-9.295844030709137839e-23
4.787227901380972331e-22
4.655028606812101181e-23
2.291431592472080173e-22
2.270149780648514443e-22
2.966151885916248272e-22
4.004747175301881526e-22
4.064894527749402211e-22
4.220286092070740248e-22
4.721156352024221918e-22
2.201303529180603000e-22
1.887280549759370694e-22
5.751959811113382730e-23
6.138993279294352156e-22
4.356079013549187578e-22
2.954190884323770531e-22
5.415855663269319478e-22
3.544698706234465232e-22
4.558582182240792135e-22
3.150185121377886960e-22
5.837947029200565371e-22
4.135933546371348420e-22
3.872971349671389190e-22
5.202871922085131636e-22
6.486696972118546212e-22
6.540432525020393093e-22
6.243964993995368166e-22
6.648148601636930907e-22
5.947617583473218831e-22
5.896943416901776892e-22
7.395177939942045986e-22
7.296397355437469101e-22
5.229600330912921144e-22
8.225634746745726622e-22
3.401915807512464056e-22
8.049376076150154324e-22
6.658218489809681688e-22
7.062387442130655694e-22
7.415922501461774973e-22
8.989449553444315892e-22
6.874786827015683037e-22
9.486152790325194063e-22
6.937502478712257476e-22
8.680718464614568465e-22
1.091940184112405462e-21
8.675516899315187896e-22
1.007267351164507424e-21
8.776499894759704804e-22
7.286340349795002289e-22
1.070531355510097759e-21
9.884686491328914325e-22
6.802979743894630519e-22
1.061053416270364387e-21
9.577004674639010681e-22
9.956899354435573449e-22
8.307781331462411619e-22
5.212981559655192395e-22
7.606150761421570711e-22
7.735435647391526896e-22
7.106441318348009522e-22
1.096584965830523156e-21
6.609866262025529001e-22
9.031137089767156272e-22
6.707533180445650890e-22
7.182577944362984781e-22
5.154621405694042232e-22
6.924957163837370844e-22
6.779821031268205878e-22
8.397697307169788120e-22
1.043544047332249772e-21
6.993143270564956462e-22
7.188335775191582088e-22
8.201660406116353698e-22
7.366693908939753612e-22
4.330848752484486735e-22
7.510927411549512884e-22
5.713366337552593319e-22
5.729342649694805001e-22
7.071333743284097325e-22
5.404617791587096921e-22
5.435409832180674390e-22
3.716771039046803942e-22
6.431695498344178053e-22
3.936663260770356891e-22
4.393510257781373173e-22
4.483997711630018575e-22
2.858348716860584908e-22
4.041188197309633938e-22
4.786361276235466520e-22
9.462194786107620025e-23
4.219779204557148939e-22
2.252390410538124906e-22
3.801960946197831739e-22
2.595588605058146969e-22
5.325513423963980109e-22
1.646021535865145407e-22
3.155248295584595538e-22
6.262494645203892240e-23
7.913447026024076297e-23
1.826807029255027401e-23
2.437740305821120770e-22
7.951619391054563950e-23
9.510488206618342380e-23
5.256789585638895776e-23
3.283981949578991670e-22
-5.288162152987987254e-23
-4.594413430603137262e-23
-4.808143138577389714e-23
-1.708978645808602588e-22
-1.799899090278252084e-22
-2.846330171726282475e-22
-5.133251025943120683e-23
-3.517873268313379476e-23
-3.918540637669795696e-22
-4.111389678566386090e-22
-2.475101625684101750e-22
-7.427374965274314544e-22
-2.544313198843580017e-22
-4.801627599643542552e-22
-1.444215442436224890e-22
-6.144056539129733721e-22
-2.870086619135378526e-22
-8.202688957090763603e-22
-4.006681728239663779e-22
-4.521297469810774900e-22
-5.410106753215562982e-22
-4.474588337588451738e-22
-7.187651612290533469e-22
-5.720015090220471818e-22
-5.323767638748853448e-22
-5.751098507246177128e-22
-6.222443064451787799e-22
-5.503057306259321766e-22
-7.632233662863439881e-22
-5.783079298612353003e-22
-8.113037989623183647e-22
-6.200350630848257994e-22
-6.682793707194000149e-22
-6.229579718504457166e-22
-7.609023665318835350e-22
-9.310002410315388619e-22
-7.955770958903249772e-22
-6.982750401551892626e-22
-7.979370407274243055e-22
-6.190629789476122879e-22
-8.461149804013474916e-22
-6.678849868724439350e-22
-6.466343409562314717e-22
-7.703315425908032766e-22
-7.228380199372622224e-22
-7.601902033822410714e-22
-8.576516089859436708e-22
-1.018011859836920101e-21
-8.433264422171335734e-22
-9.002122409084405216e-22
-7.950795889771674651e-22
-9.584535268054037738e-22
-8.279728228886953393e-22
-9.294356040392611439e-22
-8.281760841678539098e-22
-9.386265692875665074e-22
-8.557817822340865950e-22
-7.919461053596072933e-22
-6.611877347286862567e-22
-6.150970243983634329e-22
-8.913714294460602798e-22
-1.147605708390421249e-21
-9.157263730324693730e-22
-6.689563766681853339e-22
-9.714720282762873084e-22
-7.295631589457344534e-22
-8.891315035821797221e-22
-6.579529163977879598e-22
-8.211668214819157134e-22
-6.829335283761401545e-22
-8.396661804429416656e-22
-8.683169270284752852e-22
-6.237605104195383723e-22
-5.821437887371393723e-22
-8.083290389326440058e-22
-7.074359025199375831e-22
-6.245409389215844448e-22
-4.996226370757431735e-22
-7.065281262525335122e-22
-4.684848211253751676e-22
-5.244271654312411948e-22
-5.763086763901387152e-22
-6.083122388912575664e-22
-5.251442568027522150e-22
-5.244725807278226912e-22
-4.496737236285115871e-22
-2.217103325404823917e-22
-2.365934388265662464e-22
-4.781553754464748586e-22
-4.124885817454357988e-22
-3.755064938990155090e-22
-1.664748275289848435e-22
-2.048157370340602541e-22
-1.585815457939002190e-22
-4.989502953543617763e-22
5.095579864287596112e-23
-1.842366429571076543e-22
-1.977256564564190134e-22
-1.610651932831340087e-23
-1.868363772066159721e-23
-1.945931063058669449e-22
1.000345595135201172e-22
-1.878824726068020238e-22
-6.787531589307638373e-23
-1.428271042796439062e-22
4.241196169986269215e-22
7.868191428623046178e-23
3.191261832722340220e-22
1.309980498268042290e-22
1.285583550794594687e-22
2.191116299656392308e-22
-1.973375346357302396e-23
1.347176909820245480e-23
3.364783582409956376e-22
3.568566877292517424e-22
1.905905344044342694e-22
4.439567429812053654e-22
4.630817360570693855e-22
4.873596074387511928e-22
4.919079636595402178e-22
5.046181817456931490e-22
5.560160031034208233e-22
4.110751319818646247e-22
4.722389822329878044e-22
4.752144105679656492e-22
5.737713521663568207e-22
5.405737792057821015e-22
4.644573400001098469e-22
3.917982722437281665e-22
6.257798408618924287e-22
5.401777075960482183e-22
5.642216410325032149e-22
4.336842299344933779e-22
8.327402841518591835e-22
6.453132690981383311e-22
5.867728641881105883e-22
8.881047245848828251e-22
5.531151158422135783e-22
6.832677279080831727e-22
6.557972695666681424e-22
8.345118530686740091e-22
9.291914319027174463e-22
7.137501611410092738e-22
8.484041322243646621e-22
8.215731184544468186e-22
8.171651448548259451e-22
7.665830077720884740e-22
9.351482753344188520e-22
8.217935830595722387e-22
1.038675317811153802e-21
9.528473839886798080e-22
7.536704560587610827e-22
1.145046608073247992e-21
1.138990484532385875e-21
8.206480813055165867e-22
6.251224814406831251e-22
1.042147213989729324e-21
8.853593244712888123e-22
8.786601638188557641e-22
7.756570317693186516e-22
9.759045161294927473e-22
1.025590078863491412e-21
9.125514406071502349e-22
8.593338852329467702e-22
9.127944180957140257e-22
8.253353432526682066e-22
6.392361244144432268e-22
9.010845349641700826e-22
7.878988159526973874e-22
7.026598717043349388e-22
4.721713301655418627e-22
8.361760640058673755e-22
9.183828819949396255e-22
6.283827425064564722e-22
6.060232201293228895e-22
5.951588624958056853e-22
6.352421959147460382e-22
6.574179784953187760e-22
6.556332258371411477e-22
3.814429784647063419e-22
8.606576465530869308e-22
4.762871360481922380e-22
7.318369502688570454e-22
4.656878447254639102e-22
3.473185906079024936e-22
7.132873784243545365e-22
3.980951037079074115e-22
4.373336078677219587e-22
5.072676214404676619e-22
4.464935839015769066e-22
5.851572233551856220e-22
2.278085992303613719e-22
2.688466804325823902e-22
2.760051358367796887e-22
2.014025175354389859e-22
3.989608903508305883e-22
3.505171543930989783e-22
4.125612968967162323e-22
-5.992155211196793509e-23
1.263216295067776525e-22
1.857630952219071044e-22
2.374657051144144754e-22
-6.262722850950578028e-23
1.933495168031954294e-22
1.953876952431737240e-22
4.040797636930847110e-23
1.137551784907270238e-23
-3.657485755269484309e-23
-3.792933373212377885e-23
-4.096898249482019474e-22
-9.986401501978303352e-24
-1.986155535929163054e-22
-2.267087889147858702e-22
-1.708608162511922067e-22
-3.417707429650334602e-22
-2.117908850802218171e-22
-3.318889971429175761e-22
-2.368155671375209242e-22
-3.146362367703013196e-22
-5.383134893433992470e-22
-1.412414416729600256e-22
-3.580840807569234454e-22
-2.023016563579377470e-22
-5.166002933566797394e-22
-2.483869278841777311e-22
-6.305295553977666891e-22
-4.369963364266692368e-22
-4.293394254862183519e-22
-6.617343795736262550e-22
-6.156075805296017622e-22
-6.730215830214688276e-22
-6.294377726729478800e-22
-4.792483207461512357e-22
-6.720414783433009560e-22
-6.818606161776311025e-22
-9.789932175243111202e-22
-5.700180338872792830e-22
-7.954633381888621745e-22
-8.222035821089521649e-22
-9.339947003777668213e-22
-7.091448523912849873e-22
-5.752371006833024676e-22
-6.890866892620183415e-22
-8.806062423704875269e-22
-7.743877316577915421e-22
-9.935128706940053409e-22
-8.655275366248810446e-22
-9.095760120697987184e-22
-6.715665217861759881e-22
-9.034067126059116981e-22
-8.164329519834380007e-22
-1.029004408582287726e-21
-9.362048635192952300e-22
-9.270848398226672496e-22
-9.594093524163635830e-22
-9.485495065293758623e-22
-9.877688187036581903e-22
-6.446696358324438127e-22
-9.918216542873069646e-22
-8.545704531922229315e-22
-9.457244912128703966e-22
-9.760653103422053227e-22
-7.379334233605842712e-22
-8.739652122031511100e-22
-8.406183650169887163e-22
-5.728117164823033174e-22
-9.378844517723480213e-22
-8.846707339243523822e-22
-6.499210685024895877e-22
-7.768106929335764230e-22
-5.586944454075374682e-22
-5.834572691990135246e-22
-8.482259691946342681e-22
-7.568684141561702837e-22
-5.368318785668651505e-22
-8.612408677934374023e-22
-8.375259246636361340e-22
-4.879058301903864464e-22
-7.378880534868698950e-22
-5.724404588645397493e-22
-6.370463140807493573e-22
-6.082757295927389791e-22
-5.348059598345190685e-22
-5.236552212858027828e-22
-8.587012474088203814e-22
-6.664458348232882244e-22
-5.367529248807418545e-22
-4.718302580260900359e-22
-7.085731854643208967e-22
-5.563147168422062149e-22
-5.742509817659481279e-22
-4.112321841498986174e-22
-2.475284740078096773e-22
-4.331341812252883908e-22
-5.025820420089562986e-22
-1.573723966498309667e-22
-8.358957851217091280e-23
-3.665159558408996333e-22
-9.895102778258688996e-23
-3.334538315371445041e-22
-3.410387825000925604e-22
-4.073641157179474801e-22
8.896588220370512277e-23
-1.011121606005384663e-22
-3.838543274720794244e-23
2.305668975134254582e-22
7.721971784870242643e-24
-1.353777233009466953e-22
1.621536161152670072e-22
8.418389629521569712e-23
4.213026871858241359e-22
1.817027371682300823e-22
1.808779803534977381e-22
3.535209753575791940e-22
3.049792184981043512e-22
3.045992794311807025e-22
2.061618759281291666e-22
7.941723285660530408e-23
4.409182156343714149e-22
2.119753467466980698e-22
1.584590044754739947e-22
3.549454718148381235e-22
4.344074011038147640e-22
3.412095928707993579e-22
6.165008626623480889e-22
3.386989481648620931e-22
5.367904824180888584e-22
5.210879478019715486e-22
6.245111152345601274e-22
5.250607251808446357e-22
6.136917658452791178e-22
6.317690266537524761e-22
4.122616659604902559e-22
6.783158526518384233e-22
7.475506724569368262e-22
6.127184548829560907e-22
6.918135924779572184e-22
7.077252747307096276e-22
8.212652807304522805e-22
7.813658422688900130e-22
1.076331686770548851e-21
8.489361806864045673e-22
7.562884553303814045e-22
6.848097924137693165e-22
5.210839614195132322e-22
9.786362716222940795e-22
5.070243387124582782e-22
9.157323145263925704e-22
8.007476893188162603e-22
1.170376719799888044e-21
9.911187317697461115e-22
1.145325793421695016e-21
8.303546370251272922e-22
8.496424991898379074e-22
9.684017422617237693e-22
8.334511668901452830e-22
9.397121912335699303e-22
9.164399361547982576e-22
9.468656082218285318e-22
9.097433443183041061e-22
8.120911598780766413e-22
9.832188071703876141e-22
9.874756447823147468e-22
9.604435756408463940e-22
6.788064419847864768e-22
7.272663244040133560e-22
8.641101501506660091e-22
7.733585475468760539e-22
8.824673173264509414e-22
7.588935463821955425e-22
8.259514625699785136e-22
8.190149518852024811e-22
5.527804621051333192e-22
8.324591662286129942e-22
7.685166537336956854e-22
7.018594216925866991e-22
8.251289508978963306e-22
5.877484034014779375e-22
4.491774931706405310e-22
3.553428222674941882e-22
6.215617591668216289e-22
5.307653120014827718e-22
6.719722629126262532e-22
5.863871789259275235e-22
4.914760309052166496e-22
3.731925986739130337e-22
6.125808562154126069e-22
4.255904891586900182e-22
5.973247668148623813e-22
3.748140250308741409e-22
5.618904053369396211e-22
5.530623422810653441e-22
5.563445972356036970e-22
3.561842980895182438e-22
4.781167333074889172e-22
3.413294912547486366e-22
3.847932343836389276e-22
4.079304532062153207e-23
4.288353453647722549e-23
1.131377036584733075e-22
3.256288381806516242e-22
1.161405604031858258e-22
1.020185734119486514e-22
-1.716628391129906764e-23
-1.246836963529765873e-22
1.169455517364715845e-22
5.233132331637896133e-23
-2.424975090097184662e-24
7.867971612464516344e-23
-2.482699880341710646e-22
-2.944139492011067244e-22
4.203502455213894063e-24
-2.873339093762654248e-22
-1.509226813784101928e-22
-2.368574402454356301e-22
-3.429544271168825153e-22
-2.513054065361868826e-22
-1.800453580735783193e-22
-2.634533635991334565e-22
-2.849945471063473906e-22
-4.471840495159854171e-22
-5.733326923407987802e-22
-5.398846910970259744e-22
-3.396267114467981870e-22
-6.048387193890149662e-22
-4.486239425633481685e-22
-7.121349314978569486e-22
-5.776883929445404968e-22
-4.707111018878896390e-22
-5.962508734958556528e-22
-7.838795383616330868e-22
-7.616026469277674547e-22
-7.172802495458104964e-22
-6.642500181648133037e-22
-7.694319458193465543e-22
-7.981773007570962965e-22
-6.812304049620467421e-22
-7.430608077260320962e-22
-8.762172165973665026e-22
-7.913481104724989689e-22
-7.513533190053318157e-22
-8.151498816750557109e-22
-7.828401522329346243e-22
-1.020088980415011473e-21
-1.069952033787429496e-21
-8.615968136043335327e-22
-7.869992684816028549e-22
-1.006539623746162578e-21
-8.455479290169811193e-22
-9.446117144479943199e-22
-9.346875187592681798e-22
-8.848611735523785516e-22
-9.577103531109886398e-22
-8.659142041003010523e-22
-9.342532164540014229e-22
-7.088701642784016381e-22
-9.572511550273251836e-22
-7.007857520642996536e-22
-8.960450262571683845e-22
-9.999152249695993037e-22
-7.829734742132747829e-22
-9.063026121353592121e-22
-8.981188791555428277e-22
-9.414048375083746639e-22
-7.157495793715926207e-22
-7.316173360308657508e-22
-8.592293811559844331e-22
-5.976177029398697167e-22
-8.537463488865893840e-22
-4.988812937523577577e-22
-8.526414352421980125e-22
-6.745665796401163928e-22
-5.025855782636719347e-22
-7.326188970555236078e-22
-6.819612470293936801e-22
-5.907852493980650063e-22
-8.396587491452331848e-22
-5.886193680323115411e-22
-8.390637670372998395e-22
-4.645086077431327503e-22
-5.648363429399892859e-22
-6.032820269628168539e-22
-3.708905610848902836e-22
-4.667850184355552599e-22
-6.477436190974203427e-22
-5.513297058317650109e-22
-8.614187797455112105e-22
-3.867544698543270996e-22
-3.408987534661583545e-22
-7.239677381617191871e-22
-4.167678634435907390e-22
-3.731921611344305998e-22
-3.282116850442713658e-22
-4.991794668148307304e-22
-2.777025296806081424e-22
-3.240074907130493367e-22
-2.207659384810729447e-22
-3.193050230716612646e-22
-2.730923066672233222e-22
-5.888149246790590612e-23
-1.826723349662202611e-23
4.019617661982820134e-23
-4.138774962581490177e-23
1.002223679213045277e-22
3.527694204438523622e-23
1.550336900167838839e-22
1.457493665060566152e-22
3.281841396690874857e-22
2.913801576090191561e-22
1.555355400703678272e-22
7.472760075396884417e-23
5.409846440046359887e-22
9.088280135134700623e-23
5.417468835236385817e-22
3.900645951627283063e-22
3.050571090154913251e-22
6.934736323035474915e-22
3.645824852350444461e-22
5.953542764144546575e-22
6.583349748365559202e-22
4.017382096112451931e-22
5.720096584133991360e-22
5.705613196662320814e-22
5.720801108112352016e-22
4.940938870801827645e-22
6.159628691875564710e-22
6.649828752327248502e-22
6.512283415371101651e-22
5.357785662852859746e-22
6.229000619546842520e-22
6.639191492195983816e-22
7.377554018151207572e-22
7.696998649235074293e-22
7.864420301893371140e-22
7.630215621184215199e-22
8.738170220062222278e-22
7.383768162992631988e-22
9.128337109818587450e-22
7.353645676975304590e-22
6.672419940849125494e-22
8.143634900250863625e-22
6.195162598587552537e-22
8.579588323453904491e-22
8.742957508331002219e-22
9.932427556981992735e-22
8.964645375118666192e-22
8.705765944387940479e-22
1.152290851864331875e-21
8.945519977121029473e-22
8.488201476930948500e-22
8.961591144968203791e-22
1.007786193230404668e-21
9.109689121554258200e-22
9.723550006657363366e-22
8.417406045191935366e-22
8.761766736516125448e-22
7.431459268941253687e-22
8.631210464677548342e-22
9.208352016316514865e-22
9.676273174950148108e-22
8.350817281847750065e-22
9.765237230338588599e-22
1.103402077794314695e-21
7.731602310948008301e-22
8.919478776510033202e-22
7.866569887605565123e-22
9.932110353717874737e-22
8.439671619215838727e-22
9.870965899080115812e-22
4.359342306778378737e-22
4.745591587424378304e-22
5.563839559515466356e-22
5.796213012148994916e-22
7.443046872795691357e-22
5.660127468281362151e-22
3.640800075708864363e-22
6.196404955886704105e-22
4.532908528092422471e-22
6.005290352873360736e-22
5.411089179846288494e-22
7.054526304070004806e-22
4.653284013381423152e-22
3.688180161700361719e-22
5.796034259670266883e-22
3.072501779863841819e-22
2.841819709216240384e-22
2.520688945943184477e-22
3.618816643067834556e-22
2.073753644981372043e-22
3.952181135852527067e-22
2.044012553513072434e-22
7.953214215478275829e-23
4.152208151572280901e-22
-3.874731516620009368e-23
5.102764897611090243e-23
4.886278335715897125e-22
2.548688659758502390e-23
1.745905522685510100e-22
7.826609503671345313e-23
6.594219220009249271e-23
-2.738781889602587913e-23
-1.106376760418154276e-22
-3.178291780764492424e-22
1.063202575214004989e-22
-2.472520196696046980e-22
-4.162147201414639252e-22
-2.252613327909626628e-22
-2.628095967046145842e-22
-2.945552098231854238e-22
-3.721729907756969391e-22
-5.392560408444630667e-22
-4.274710622525981166e-22
-2.587551412697620358e-22
-4.351908766184073810e-22
-5.033764113326706715e-22
-3.657281995877374904e-22
-5.858032642259907936e-22
-6.448427877871887662e-22
-2.918696871361088244e-22
-6.961798496273342563e-22
-8.579986418480305533e-22
-8.294814747279131743e-22
-7.432294765043690918e-22
-6.258909160371872737e-22
-7.278445792634642123e-22
-6.671575088627043486e-22
-8.200898565730912885e-22
-8.403470213487428537e-22
-7.234541759461318628e-22
-8.427124966622302144e-22
-6.207245628177854003e-22
-8.556044977219714657e-22
-7.211543931235624631e-22
-1.003723918139236839e-21
-8.093377221138502657e-22
-1.133607046629463357e-21
-8.786371822020126646e-22
-1.140650663859973803e-21
-9.490020761501112584e-22
-1.010469157726402850e-21
-8.961366772647089017e-22
-9.448520874658254914e-22
-7.940001665568932673e-22
-1.006903875244761277e-21
-8.458081470699350452e-22
-9.501236329936017705e-22
-8.285220196512117477e-22
-9.069997448020640384e-22
-8.743034599916525882e-22
-8.643782839288900658e-22
-9.655422417862791616e-22
-8.496232887308196098e-22
-8.721434363956739967e-22
-8.254007936983873602e-22
-8.708520867675122763e-22
-5.949111836486144117e-22
-8.891722666081170102e-22
-8.496357106085216363e-22
-7.087009644054245667e-22
-7.085301836911514284e-22
-9.660631686445976747e-22
-7.098245662616990932e-22
-7.214196552370137311e-22
-7.540295627685976683e-22
-5.408846940685350734e-22
-5.550069993626725953e-22
-7.322170236913683011e-22
-7.117241651111970491e-22
-5.336411312866849307e-22
-4.538206201495214459e-22
-6.467708098750373334e-22
-6.639454015351186728e-22
-6.496021583043808108e-22
-5.805274662966784920e-22
-7.060498956572137798e-22
-4.786673614801099379e-22
-6.657147099562035310e-22
-5.315578144752872768e-22
-3.630217580546200503e-22
-4.572040420356094857e-22
-2.212542587801922915e-22
-4.158602451573221776e-22
-1.649033103330900161e-22
-2.068227803946353965e-22
-4.357515607693278446e-22
-2.201247624866096748e-22
-2.320545682180477331e-22
-1.677471287367630946e-22
-1.637023904707909432e-22
4.731447902319414456e-23
1.341050107511949340e-22
1.776736727723132171e-22
-4.960155580970846843e-23
4.613519790170179942e-23
9.599018731535544920e-23
-2.143045100833417321e-22
3.070605146079344749e-22
1.596795254188625902e-22
2.290032903099291066e-22
7.972369042324421548e-23
3.603213239321557368e-22
3.662563945004506487e-22
1.958523400887436608e-22
2.915297483775536270e-22
2.703311115944824289e-22
5.283242571752018392e-22
3.886821695518532982e-22
8.173134575718447903e-22
5.931302107864574300e-22
4.336781992405577477e-22
6.515581731389254804e-22
5.798299721280712278e-22
7.535876899205004786e-22
9.024608484538744652e-22
7.449159496298761539e-22
5.392162429044477896e-22
8.977099338784007657e-22
8.871365765862297909e-22
6.815009624033436244e-22
6.790738672027330742e-22
8.243931266106319852e-22
7.698429944955361206e-22
6.595025985212905046e-22
1.071760054751740706e-21
5.860620382619487928e-22
1.005785250350406547e-21
7.726578453245632574e-22
9.140547577959358371e-22
9.033045789983328991e-22
1.025785561216056566e-21
7.207894014014343023e-22
1.244497884621505325e-21
5.764334570171342990e-22
7.527386872525908967e-22
8.024525075282491621e-22
9.484708845265366968e-22
8.874482180193201598e-22
1.013754218925779337e-21
8.575088061587284181e-22
1.050983679538366725e-21
1.005173046820565550e-21
1.129246056983893945e-21
7.374717177960866810e-22
8.921348501832930063e-22
8.613425836918906708e-22
1.038762268863046521e-21
8.367631614221464413e-22
6.183389976401495034e-22
6.261161496280533656e-22
9.386609579645314082e-22
6.630621323854133147e-22
1.005864034163577298e-21
8.086942429369631411e-22
1.050608406676580556e-21
7.024774674098668532e-22
9.487531906190032969e-22
6.868556016373907592e-22
9.871332310769063800e-22
6.519160572334094678e-22
7.226943133740717951e-22
7.695509089600798895e-22
7.269425836328385879e-22
5.672088748212712567e-22
3.821063082348792756e-22
5.082001858364799242e-22
3.705558186464539563e-22
4.899072156928958039e-22
2.452258556556772892e-22
3.477030721215794621e-22
5.892973104419100706e-22
3.993530274923046364e-22
4.136003359129635479e-22
3.738939373986476742e-22
1.090614818531950095e-22
4.964798356406743423e-22
1.426872048583047903e-22
1.796859326206285556e-22
3.871325625555405615e-22
1.472105834956493967e-22
1.252768016572543015e-23
1.256528913243430173e-22
5.141141929884844666e-23
-2.122368832936516340e-23
8.571191635676698995e-23
-6.601549580015837416e-23
6.553923498103302138e-23
-3.200897745164594714e-22
-2.998426762544258625e-22
-1.299948532370186341e-22
-2.152818307436570533e-22
-2.781114335911890882e-22
-1.216286778476869539e-22
-3.790589583330271582e-22
-5.960017981561400445e-22
-6.159489342917668760e-22
-5.054093368088772192e-22
-4.571534141846766317e-22
-1.846598117091805949e-22
-4.456251021247376632e-22
-3.785281313357819675e-22
-5.518908332181390559e-22
-3.233527621174218946e-22
-5.461657428281014832e-22
-5.113157605793390572e-22
-6.865806939140667627e-22
-5.858529070471928362e-22
-6.318216389001710852e-22
-6.939901625476304054e-22
-6.577073845049841575e-22
-6.582359723248150421e-22
-1.021610621625802695e-21
-7.690540274155528050e-22
-8.738036417901119001e-22
-8.787727087566913998e-22
-1.199252951844382289e-21
-6.765905923668375677e-22
-8.898790512362164835e-22
-7.536604374133890288e-22
-8.199130924548891624e-22
-8.363744444576721564e-22
-9.661308607444175159e-22
-1.107151386237757544e-21
-8.333041563900629709e-22
-1.021337252292466334e-21
-1.105411444000290004e-21
-8.927565188857254603e-22
-1.124795540096780106e-21
-1.029363733497738525e-21
-9.854595163407852266e-22
-1.074050669704474462e-21
-1.119407141921050245e-21
-9.654720387448320496e-22
-8.239427220792863523e-22
-8.119221102924457840e-22
-1.057278496238343841e-21
-1.187766554666378117e-21
-7.736944892212702492e-22
-7.443458156988054215e-22
-7.366125028830366526e-22
-7.830500611778760932e-22
-8.896544181122636345e-22
-9.646514083114509620e-22
-9.653654949088550079e-22
-8.755334577607072907e-22
-6.064421975159980122e-22
-7.398921954540254560e-22
-8.519900915519744629e-22
-7.334610050339335804e-22
-6.522571600608273578e-22
-5.972058649747606032e-22
-6.114585735887657745e-22
-3.754360447357185997e-22
-5.406920830549983652e-22
-5.650160675399361568e-22
-4.709724756512953244e-22
-7.097475750815294577e-22
-3.173439091029018529e-22
-4.406120493558384870e-22
-3.125326080025705129e-22
-5.556687673891231236e-22
-4.177410488365316478e-22
-3.176878149220000188e-22
-3.360272830369804067e-22
-1.121380774276774932e-22
-5.182354299790132393e-22
1.249384713289569057e-22
-3.215120650774948144e-22
5.146335070141572038e-23
1.063818799199642187e-23
-1.696426242629481137e-22
-1.092617671564721048e-22
1.601052709305140831e-22
-1.728746596051568438e-23
-1.378885794127676882e-22
8.967206635921727719e-23
-7.983003979117567854e-23
1.169530874558081900e-22
2.884459023252018235e-22
-1.219996965460138681e-22
-4.316814609907084595e-23
3.265199103240958407e-22
1.512591261877771849e-22
4.362428858976417807e-22
2.107918634310841990e-22
5.536329369576130128e-22
5.606177590110152415e-22
4.547971411096685148e-22
5.727671143240487690e-22
3.341726651974729104e-22
4.922866991145481448e-22
5.188207114895360847e-22
4.591232791498764669e-22
2.904936294164522274e-22
8.668316841750775434e-22
3.627052291640822186e-22
7.996318806586564891e-22
6.857679094198615135e-22
8.939056778504757151e-22
1.003240885337314954e-21
9.745411491128404449e-22
9.714017789971018664e-22
9.247094375298408718e-22
1.138786362629228260e-21
8.286461753152173409e-22
7.079272980432639225e-22
9.808667435049743846e-22
8.477450175336447677e-22
1.118183664503793529e-21
1.001926264676463327e-21
9.343667440649809000e-22
1.000704923780895896e-21
9.715574043896735126e-22
8.131089634455117447e-22
1.156114392219440287e-21
1.023257701734005224e-21
1.178641218368081240e-21
9.533773935203149261e-22
1.059078426786199332e-21
8.990225592944703389e-22
1.000279116146955695e-21
7.261651721011822581e-22
9.912661945057164024e-22
9.830833547153731670e-22
8.670118746587568054e-22
6.923815434524278970e-22
8.858911852320772834e-22
9.553427408784821137e-22
1.013487177086171043e-21
8.670491361478776035e-22
8.088269398271512454e-22
7.000021393158178329e-22
6.756807802941059261e-22
9.313127539796207698e-22
7.863529029802096703e-22
4.861411760012088441e-22
8.665780184211389997e-22
8.513375829358767139e-22
3.244607417255183628e-22
7.726079943113896324e-22
5.997831354508036800e-22
5.733026326400614318e-22
5.944281278953915856e-22
6.602335302418640734e-22
1.914482009587492876e-22
4.645713294990606291e-22
5.132745640766281013e-22
7.031472650674603048e-22
3.741896046434652581e-22
4.080796806822679665e-22
3.889912246361462154e-22
3.360653495558260382e-22
4.004800219048195521e-22
2.180252850719747522e-22
2.766298537430181132e-22
-1.864966069263405244e-23
1.635911065972733293e-22
-3.578415139677863471e-23
5.615148031526162010e-23
-3.182202593306769335e-23
1.689681097871151883e-22
-1.091986572017919154e-22
1.020544670730026248e-22
-4.627076006099923887e-23
7.673706063306831859e-23
-1.395006131282351543e-22
-2.216007647063791847e-22
-2.772907115524927265e-22
-1.131723800716292016e-22
-2.721351931807463021e-22
-3.503193223635859801e-22
-5.605145792176295984e-22
-4.782003516881889992e-22
-8.664941909956853984e-22
-3.050494747215458513e-22
-5.585541848058304358e-22
-4.702786223121830538e-22
-6.148182237018301494e-22
-4.495653633928088916e-22
-7.119779006309870261e-22
-8.217271323772027767e-22
-6.512367941746400912e-22
-4.884925219659298108e-22
-6.694453105593164246e-22
-6.140259152852734927e-22
-8.834374794484714412e-22
-7.451460944054814899e-22
-8.515613460856429169e-22
-7.652395177141834919e-22
-9.952308081891177303e-22
-8.721411537526997504e-22
-8.367395172803600720e-22
-9.399003331050365138e-22
-9.585147256051941093e-22
-7.812844503477997645e-22
-8.660104443495118053e-22
-1.023089588751433115e-21
-9.665779165477980329e-22
-9.436986528103472183e-22
-1.141554969248379684e-21
-1.099931557186678506e-21
-8.897816630132436379e-22
-1.155936515540777736e-21
-9.725303657847359956e-22
-9.527336806913446112e-22
-1.039033276311016372e-21
-1.021365912811605306e-21
-9.732576364651768282e-22
-8.550015098531350850e-22
-1.091247934928676532e-21
-8.336950592142277780e-22
-1.034404856740770765e-21
-9.948058967788069805e-22
-7.396289871883952782e-22
-8.717365659269378256e-22
-8.669918034293948359e-22
-8.689021335886097730e-22
-8.121496622676151309e-22
-8.798157718481949633e-22
-6.369650445548203535e-22
-6.985050249115501202e-22
-1.062855410189462582e-21
-7.219485669075077375e-22
-6.786026880996307023e-22
-6.548229731244915621e-22
-4.634539655031250874e-22
-5.463658595636090552e-22
-7.978405493279122622e-22
-6.797829797658035889e-22
-5.572277162507752259e-22
-6.013329859017834969e-22
-3.534808127443850777e-22
-5.450381361309634963e-22
-5.575942093989729387e-22
-2.000215265379059304e-22
-7.287210674655389102e-22
-2.311338686428864732e-22
-3.144978087810398004e-22
-2.270954690233688327e-22
-8.616652113599802707e-24
-3.351464028251519174e-22
-2.727413619961506120e-22
-5.725016630604666658e-23
-1.153537378485441996e-22
-8.279490211533725513e-23
-2.706365253052462149e-23
1.737488294556029858e-22
3.343874668891589170e-22
-2.744610760661921527e-23
-2.635423975067559904e-23
3.011640695917444764e-22
2.865073910093630992e-23
4.275578835121414070e-22
2.210215323327569482e-22
3.338330179706259048e-22
5.980604775345064774e-22
3.045298201447393232e-22
3.826681089761742508e-22
5.947252342042874847e-22
5.380426814864941654e-22
4.689053842176852031e-22
7.117677911510484798e-22
6.785491111435595231e-22
6.144671813511946316e-22
4.537006884752696268e-22
5.925519152823057238e-22
6.810430406630460204e-22
6.849484165893003861e-22
8.363620531444425183e-22
8.625327915571975077e-22
8.542831230802104546e-22
7.097650730997934467e-22
6.621142820410177190e-22
8.702452623492230016e-22
7.888320792966293791e-22
7.055774381629909504e-22
9.210178430682057112e-22
1.012257642284640310e-21
1.060965788378630908e-21
9.149726224428710331e-22
8.803146945555540478e-22
9.509020324307060665e-22
9.542835894885782280e-22
9.692196181394470912e-22
9.480909711110533358e-22
1.062207848630690666e-21
9.634293776700914948e-22
1.118026594286439686e-21
1.078690123199087076e-21
1.274369887782448185e-21
9.685200395889662614e-22
8.943404333987007233e-22
1.205126158605817920e-21
9.950718079131636054e-22
9.483641268363753831e-22
9.740788458089752334e-22
8.167523093615622715e-22
7.490257788786231906e-22
7.720323681677517933e-22
1.155551341038842746e-21
5.789555146115165720e-22
8.790560247238098706e-22
6.684056523266133091e-22
6.801711610253831845e-22
8.404350760485868857e-22
7.333126103467854793e-22
7.214466993173601751e-22
6.959501798707187980e-22
6.367824813769444404e-22
8.151930329101088854e-22
6.416653148021409106e-22
9.003958304836989389e-22
4.592923517586843842e-22
5.690627340247716513e-22
8.182535098714670330e-22
5.133673022520189291e-22
5.997146767207063533e-22
3.464499050755282357e-22
5.741403389601651895e-22
3.242652879894712614e-22
5.570449254275163653e-22
2.410234226269066541e-22
1.338833308246744559e-22
1.857630844019028552e-22
2.380139542799592344e-23
1.502528344499735655e-22
9.421995511348868225e-23
-3.029578917251458887e-23
-1.294157894162810592e-22
5.328568448263336575e-23
6.979353046013148180e-23
1.595473164287033891e-23
-2.898280758283704692e-22
-1.477072002816207465e-22
-4.441331137862598164e-22
-5.412163987706211062e-23
-5.311584076261951471e-22
-3.674827076391698531e-22
-5.385270809747830703e-22
-6.494603562405631605e-22
-5.979312422804268631e-22
-5.711657534892825584e-22
-4.859596649537459865e-22
-4.056599747052877086e-22
-4.672442542465159021e-22
-6.034643781696271232e-22
-7.775383134482083986e-22
-5.477214072673218476e-22
-8.208847758333423715e-22
-7.662583432612019946e-22
-9.835637815940704558e-22
-9.298866059811148071e-22
-6.371961173542408564e-22
-9.880768868297043111e-22
-6.359236433342955686e-22
-1.005358051647103631e-21
-9.404532679925027100e-22
-9.125402002299560070e-22
-5.562914744982958072e-22
-7.460640267493038342e-22
-8.626958185017092260e-22
-9.699605435781314727e-22
-9.399328936953949742e-22
-1.021213651482442781e-21
-1.081111314498144330e-21
-1.005704429001947766e-21
-8.471290104766488862e-22
-8.305077142780142939e-22
-9.556447028882884037e-22
-1.009846259731748383e-21
-8.918053187268083003e-22
-1.349553114329304048e-21
-8.541636745541489094e-22
-1.044542706769577065e-21
-7.340520849679537046e-22
-1.237854351450203786e-21
-7.992182518365394555e-22
-1.075983404272814610e-21
-8.847943140175665640e-22
-9.128110209064278252e-22
-7.815459834242355859e-22
-9.902025482077160905e-22
-6.395480530296573250e-22
-1.084290219790974908e-21
-9.785881667187107468e-22
-1.053939142309931140e-21
-7.480716271361610585e-22
-8.052495424765887153e-22
-8.972675968854526126e-22
-6.462759755162247230e-22
-9.126332239043763116e-22
-8.102167920332666327e-22
-5.568337423211867668e-22
-5.514645524098327988e-22
-6.936419991188422004e-22
-5.502418579548954141e-22
-7.487865044261942717e-22
-5.555354215325945115e-22
-4.173344205163114918e-22
-1.543010328357245874e-22
-2.703388169034660390e-22
-4.670669910645325033e-22
-1.286113717034207555e-22
-4.191854014929400616e-22
-7.357210337762006792e-23
-2.485329578302822771e-23
-2.609394001290618680e-22
-1.097192261345186499e-22
4.382624613631545110e-23
2.311212040769158442e-22
-5.466466310605742395e-23
9.364449411230533022e-23
3.339291875977325697e-22
2.373845447920417071e-22
-3.386014419144962345e-23
4.257984135727077179e-22
4.318805454913091148e-22
4.417957036842274674e-22
2.978434326087748867e-22
3.658749620481447653e-22
2.680393729716528646e-22
4.439752212464527590e-22
5.379884733517451856e-22
6.982703133610212953e-22
5.019942710925677039e-22
5.178030967954080220e-22
7.393876106014199454e-22
5.846163319118166869e-22
9.872526449887340271e-22
8.851558512718757645e-22
6.313290354322347229e-22
8.307523009445160742e-22
9.859249966885088969e-22
8.748430214677263295e-22
1.061879705889407832e-21
7.641606682470197011e-22
8.064487096803564027e-22
1.165065259105964575e-21
9.443028169658674546e-22
9.078356545911340324e-22
7.622755724721933829e-22
8.927222387129033456e-22
9.646670380936731473e-22
8.329352233493629677e-22
1.004686067558773624e-21
1.038116329123691843e-21
8.323980459040733913e-22
1.224971580214085367e-21
9.024766368289687299e-22
1.095892266338787324e-21
1.209829209704790599e-21
8.168570426322259270e-22
8.260402659138390579e-22
9.815341721898309465e-22
8.382274035613121102e-22
1.059279152579078226e-21
8.678858470702331414e-22
1.022507861024423316e-21
8.902506379865563570e-22
1.164581562851084058e-21
7.103423634687309634e-22
1.179805338759307663e-21
1.270390839343212197e-21
9.388382768686978974e-22
8.592667035896896117e-22
9.423937981076507491e-22
8.398067498433571788e-22
7.738279040988799255e-22
7.563356719855557969e-22
4.870030526536630376e-22
4.016402853454493165e-22
9.076587401040772902e-22
6.155622914322063964e-22
6.339996134457695235e-22
4.931269823752202151e-22
5.695614534251038511e-22
6.205854369318137669e-22
2.157226507799362646e-22
3.828729590221417863e-22
4.241668755213067768e-22
1.700755713520550302e-22
2.883569532460591818e-22
2.091369116399752726e-22
2.692193829435899806e-22
8.624007446113266515e-23
-2.129818620119575731e-22
1.224097356381359772e-22
-5.856663469086141666e-23
-1.195941204040169819e-23
-6.613949223341863577e-23
-3.109028632568071271e-24
-9.449871489395087463e-23
-7.260511174226430515e-23
-1.668745800218627041e-22
-1.892765981847323951e-22
-6.226110732289442083e-22
-5.177125835227841598e-22
-2.070753365895398697e-22
-4.396533840472903261e-22
-3.942299938424060071e-22
-5.201268023970763322e-22
-3.140231032331176803e-22
-5.960110701712682485e-22
-6.205085468653284851e-22
-7.563276930567978021e-22
-8.862165774629519381e-22
-9.940182982190226213e-22
-8.010918020020269953e-22
-8.498115177327661541e-22
-5.874266421654967885e-22
-8.704566531589415225e-22
-8.061809674265130582e-22
-1.010737082628761645e-21
-9.161390657771294574e-22
-9.844788236059801726e-22
-1.006860841694744357e-21
-1.100719430526399910e-21
-8.741456159311892395e-22
-1.137331555596693485e-21
-8.609658297522281000e-22
-1.178026447716096171e-21
-8.220601514171138779e-22
-1.135159548881543833e-21
-1.075920598299230332e-21
-1.027489254626931307e-21
-1.084976354410061788e-21
-7.864542057283985624e-22
-1.293879338564817144e-21
-1.032548259698947645e-21
-1.010246136616479607e-21
-9.337720066807139661e-22
-1.348505010332702564e-21
-9.466146957315466786e-22
-1.020281451657277308e-21
-1.096523707554191925e-21
-7.289780769621083036e-22
-1.029660667906813645e-21
-9.550492384709163031e-22
-9.021216486716044140e-22
-9.777270014173710713e-22
-8.283484635666694017e-22
-1.033401349902596753e-21
-7.218695397189481140e-22
-6.050898698315889605e-22
-7.296305260321125675e-22
-5.440987487516200189e-22
-9.819243400733596492e-22
-5.300873740704501044e-22
-6.861540491896755421e-22
-4.549856127383406077e-22
-6.345856747284444466e-22
-4.465803308360306990e-22
-5.240994176622484152e-22
-4.983804771476398432e-22
-6.708402205751217741e-22
-2.505456694361444288e-22
-2.851605448458701207e-22
-3.204760073824491222e-22
-2.651017983918764369e-22
-1.489303803355437477e-22
-2.809576112316403525e-22
3.640476854681766375e-23
-1.913960144979163584e-22
5.518923980714502935e-23
7.999834718721255471e-23
1.795752820416441317e-22
1.550705695521344175e-22
1.441905188094348596e-22
3.328295300282607886e-22
4.819220513716602714e-22
2.530584322002836088e-22
4.621061658560802697e-22
2.575108817713305432e-22
3.616505025700562040e-22
2.367970383888579031e-22
2.957562015652656246e-22
6.651305994182524985e-22
5.868581566948422326e-22
3.469051804203330483e-22
7.306538481556636166e-22
8.563583138290002435e-22
7.867864654537113964e-22
8.862638807833050961e-22
6.392478430500780803e-22
7.052208908681917310e-22
8.766779279528795802e-22
1.102522580418245913e-21
9.220619853168330328e-22
1.006454992700169169e-21
8.101505353046903255e-22
1.001897515064973475e-21
8.531624181200889663e-22
9.409140449808011537e-22
9.696920187359013550e-22
1.197191713563854763e-21
1.079031834584363035e-21
1.077643269153051838e-21
1.141295349255389904e-21
1.237971463335359408e-21
1.098356964688536322e-21
8.523469428450877649e-22
1.081929067297754816e-21
9.465375531570930014e-22
1.281043610661231624e-21
1.003067556141927220e-21
1.278720329886322749e-21
1.159213025796662179e-21
9.933059969330252906e-22
9.271357782045764928e-22
1.211867787425049672e-21
8.616779886786660849e-22
1.081831198296574224e-21
9.728200819277012566e-22
8.980091897009623492e-22
1.148259025614418965e-21
8.060996517273538451e-22
8.712901913229255670e-22
8.111148248216861391e-22
7.941828660424546938e-22
5.512249276542308340e-22
7.907269021618653189e-22
6.157209849531371784e-22
6.188990761179031528e-22
9.398693446286286898e-22
5.488860812303662416e-22
5.273538442599898725e-22
5.152365366201940880e-22
3.146561463635245443e-22
4.608882867649119654e-22
3.415876850894329392e-22
-1.641071790562966365e-23
3.152326186846327397e-22
1.839380100466366795e-22
2.086221694447128766e-22
-2.653601330330088478e-22
2.590125711858204744e-22
-1.180480654814883824e-22
1.440417717145681069e-22
-1.871579869324938545e-22
6.776248184592475794e-24
-4.402395027872863349e-22
-7.444392810933549002e-23
-5.133622668561299435e-22
-1.606490763684759805e-22
-5.539344075516963634e-22
-1.007730236894065748e-22
-3.626639759635108545e-22
-4.394101827992792710e-22
-6.560397771436432285e-22
-4.137730586574337712e-22
-6.999684925190306571e-22
-6.066596189801172790e-22
-5.340487549520627237e-22
-6.677776040153822588e-22
-6.479350364074171717e-22
-8.669561851008154769e-22
-8.872555565813692709e-22
-9.047508491427467246e-22
-7.834794302493130113e-22
-8.660020657778498583e-22
-9.460192666297815685e-22
-8.647636638462886677e-22
-8.334982458931529062e-22
-1.109325127581412284e-21
-1.072366369754280841e-21
-1.032608078167697092e-21
-1.301620906733468693e-21
-8.397803330336786669e-22
-9.611229037987233161e-22
-1.073643122430918799e-21
-1.145575902719269045e-21
-1.018201922784482431e-21
-1.095305907524699897e-21
-1.119104816151561807e-21
-1.048002940427639810e-21
-1.244425636019800776e-21
-1.184477708920633021e-21
-1.342553007931935773e-21
-8.605546493841664057e-22
-1.319788035473314849e-21
-1.214095295558615459e-21
-9.948385042561245989e-22
-1.073552536677882769e-21
-7.007957569490385182e-22
-7.944339418104349089e-22
-1.378985520965072381e-21
-1.002184420662957479e-21
-9.191316533924849559e-22
-7.919058885553794691e-22
-8.232627131012701316e-22
-1.022958841827005846e-21
-7.641532074496267235e-22
-9.257173117911942850e-22
-6.442237344302448393e-22
-5.313687766433952422e-22
-5.478220235714088674e-22
-6.329585290986979466e-22
-3.634509324048581253e-22
-5.076888872201479882e-22
-1.934851985056901085e-22
-5.448171512007457533e-22
-2.483717787310336843e-22
-2.921841610569644143e-22
-1.916737100712984344e-22
-2.854884871668370593e-22
-5.817791383434582510e-23
2.585404572712558033e-23
-1.174963502635558016e-22
7.630192036826234686e-23
2.657214531968322719e-22
2.137022427890783647e-22
3.204809427934842706e-22
2.030935723524902890e-22
3.038880073969298938e-22
2.748181227561013852e-22
4.538409211634982208e-22
4.844434260505864461e-22
5.620600509736110166e-22
7.057634690312045005e-22
6.117754145959464549e-22
8.288961121105721480e-22
6.279289574033737111e-22
5.094837164697102200e-22
5.534426624068317336e-22
6.187095477086828173e-22
5.050490113364873792e-22
7.472022355319206206e-22
9.708437340591879372e-22
9.121975467199345409e-22
7.235960573999767203e-22
1.034102072889793161e-21
1.015069458978454723e-21
8.724769075244725240e-22
1.094019628324377022e-21
1.124957857415733613e-21
1.275979577207729797e-21
1.001429728586689081e-21
1.188245882701508213e-21
1.175253152880137877e-21
9.993625741691743806e-22
1.382836103739182451e-21
1.369592526945262755e-21
9.739416458935073383e-22
1.142737388590333433e-21
1.067199672765708856e-21
1.248376108836872471e-21
1.171122832899070373e-21
9.713088547593212272e-22
9.982264759791689794e-22
1.247501806351495050e-21
8.690099532995912367e-22
1.128994174405387694e-21
9.078200143582005742e-22
9.456853316991067228e-22
8.854644972780522586e-22
9.273854165382957619e-22
9.426212229524037672e-22
8.323659117166092592e-22
9.681809608447092600e-22
7.280903247938449770e-22
8.752315149245392559e-22
8.795655210092207028e-22
6.557848647103597908e-22
6.250618293186426220e-22
5.826796325364020847e-22
5.431861804726966121e-22
6.031400315740265955e-22
4.068255108542271836e-22
4.152090020257538578e-22
2.215437989980136501e-22
1.054952404919504037e-22
4.117312468671182395e-22
2.835917132722753295e-22
1.130688339636604554e-22
9.910142725103611117e-24
1.645602179896016525e-22
-1.028360436102971260e-22
2.958495681800473706e-23
9.369770594025664751e-23
-1.278645925211862981e-22
-1.029298023149552511e-22
-5.059249132924078461e-22
-2.323537222452338775e-22
-4.369076785831561598e-22
-4.457635258050120160e-22
-4.295409202418105583e-22
-8.709249612199144766e-22
-3.897110258089309709e-22
-6.905236989303205377e-22
-6.981232043703414031e-22
-7.363500204307819337e-22
-1.013595084110219278e-21
-1.037395600995126668e-21
-7.795226705313350195e-22
-1.067336304002000081e-21
-1.046306570044643933e-21
-8.624145490855585925e-22
-8.650986489591882157e-22
-9.284222754274738769e-22
-8.768550185432327414e-22
-1.186290458043415862e-21
-1.017167549730270536e-21
-1.185205155259640511e-21
-1.277130510813839345e-21
-8.580621749793261606e-22
-1.293269494062963214e-21
-1.218660115974939522e-21
-1.261982748080485214e-21
-1.342108814774096176e-21
-1.089643075664723232e-21
-1.139224898137572550e-21
-1.470219167760603694e-21
-1.065556782123732895e-21
-1.232383207819599533e-21
-1.254609083518177343e-21
-1.417929281788369421e-21
-8.802014875544248758e-22
-1.007302679034936093e-21
-9.078342524862941103e-22
-9.920300553951405553e-22
-1.092061353441254605e-21
-6.724138455252482472e-22
-1.058238232559261223e-21
-9.738220905847119807e-22
-9.492022752369783015e-22
-6.026263140185929245e-22
-9.550997214965248068e-22
-6.057639146369935115e-22
-5.502106708423800433e-22
-6.947505762532967454e-22
-6.089770689176344856e-22
-3.835824269879885256e-22
-3.190719636446146612e-22
-5.183416856544057427e-22
-2.748829768909085745e-22
-5.297357865506362757e-22
-2.530744056241293142e-22
-1.620029494354249690e-22
-1.077833198598962222e-22
-1.614940502164822891e-22
-3.008594731589062334e-22
2.326231014649904438e-22
5.855690373248089809e-23
1.053514092155375664e-22
3.409513281979625817e-22
1.800797784345062816e-22
4.160040284286178534e-22
1.731082794105916824e-22
5.532825816047603402e-22
3.785856938434665545e-22
5.170769761168374271e-22
5.662944371350740379e-22
6.359499457291807891e-22
7.552767188262523691e-22
6.333013138907481943e-22
6.889825191389432665e-22
8.930655554021519988e-22
1.032721395683921842e-21
9.899930663385811613e-22
1.132903005840771657e-21
9.909489717362516299e-22
7.864912108088563390e-22
1.060729531477708272e-21
1.196453403607100889e-21
1.083396977521578242e-21
1.273641140064111314e-21
9.476391773478807659e-22
1.270523754119220900e-21
1.241164421627611255e-21
1.143857790294885314e-21
1.204317645146213396e-21
1.020072272870666053e-21
1.332452640183984970e-21
1.184428106804587409e-21
1.233898032444826065e-21
1.210311977614045375e-21
1.209862286617965519e-21
1.072920474176996016e-21
1.268320165265638925e-21
1.032877074952983058e-21
1.269855944424757931e-21
9.775302203423719373e-22
9.856248047336376601e-22
9.729795324645110420e-22
1.137050994154413011e-21
8.528082109561204725e-22
1.013831227147623217e-21
9.355538701595268217e-22
7.238371974650144156e-22
8.642597446864998191e-22
6.781881748755857431e-22
8.068087355478085361e-22
7.428914244193075614e-22
3.233070072476063997e-22
5.704156950591038686e-22
7.273876614129024034e-22
4.389024145017595557e-22
5.298515529166340315e-22
3.147227942042119970e-22
3.620700350833103183e-22
2.501632752030899706e-22
1.175192519129570197e-22
1.102238315402276530e-22
-2.151317386222369313e-22
-7.363995088908744915e-23
-3.078816520271194554e-22
-2.936648307879491174e-22
-2.578756400271566594e-22
-3.394933288034662349e-22
-1.439140435517348609e-22
-4.475133788447044373e-22
-4.186257605182925622e-22
-8.208922053614293070e-22
-4.527708727388002238e-22
-7.150766042013212135e-22
-6.909240870623847281e-22
-1.020212479622286153e-21
-9.639958826208000008e-22
-8.299858720926089431e-22
-1.282987952017141455e-21
-1.047968914281326745e-21
-9.504990406283821654e-22
-1.209224225728270161e-21
-1.183050060888946466e-21
-9.881278651694185121e-22
-1.306806983896364187e-21
-1.151039823674173987e-21
-1.202343015526723376e-21
-1.134044339141312697e-21
-1.240262035003643143e-21
-1.155441279369194710e-21
-1.433230505199082402e-21
-1.103985129239607648e-21
-1.088695579050611298e-21
-1.454968781305511970e-21
-1.339861740129788647e-21
-1.292757828655210019e-21
-1.238495331878865789e-21
-1.360504457168750953e-21
-1.321168465058538848e-21
-1.239535819955596226e-21
-1.076144648498034744e-21
-1.186906274619294281e-21
-9.308727645284667221e-22
-1.078451547230820633e-21
-9.944006392274226847e-22
-9.871604956934469002e-22
-8.329824372183444445e-22
-7.533594784411048778e-22
-9.215245227339357044e-22
-8.314357443539495171e-22
-6.278343597545092108e-22
-5.203918802488411915e-22
-4.186042198783298484e-22
-5.949942598683154699e-22
-3.179772424959545241e-22
-4.962730681232244259e-22
4.913863897461609082e-23
-4.054986884356837843e-22
-1.301632521643474130e-22
-5.094035857054347756e-23
-1.527303168500234499e-23
1.319005726258872001e-22
3.159971934306152739e-22
1.648781258781737755e-22
4.141932802545417029e-22
9.427493154128591372e-23
3.574301326901704063e-22
5.965052719401121579e-22
3.511493070537001518e-22
7.012197504585062644e-22
5.332543845025533368e-22
7.722655435369517942e-22
7.524324352157362314e-22
7.092995633551180316e-22
1.142350760819487559e-21
9.386997059976852962e-22
1.219167180719442399e-21
1.014314394237119029e-21
9.708234270894417043e-22
1.099364034487993137e-21
1.094472207834285338e-21
1.287687155068149849e-21
1.340552927696985857e-21
1.163054593453894257e-21
1.465764488129872849e-21
1.505128623277092056e-21
1.210208709479380341e-21
1.497833339080499382e-21
1.437012257488874224e-21
1.073816340790383940e-21
1.364941121826320170e-21
1.412794680568890689e-21
1.171872813810756316e-21
1.361861333557622049e-21
1.156899553689286334e-21
1.208965761317901549e-21
1.093739537285310656e-21
9.555738399747019512e-22
1.232288774659567511e-21
9.873978247224615703e-22
1.107080028494061933e-21
9.855376741428629678e-22
8.750722708093250283e-22
7.583582416193302894e-22
8.509285885351494152e-22
5.250284269492014265e-22
4.233683425035964901e-22
7.295961234884687121e-22
5.845162296434269227e-22
4.432066981512704317e-22
5.903429992845489305e-22
1.378282366151130957e-22
2.272124239358051114e-22
3.518233568758722522e-22
-2.571890724332976185e-23
8.856291101815035813e-23
1.561313345285410666e-24
6.302630482569837215e-23
-1.297453903427899158e-22
-2.157692220584708177e-22
-6.549248613788799872e-22
-1.913433242100122373e-22
-5.668999414007400872e-22
-5.500113663468321876e-22
-5.667487988504282118e-22
-8.274421264863119220e-22
-7.043458996992689342e-22
-6.399887032167869993e-22
-9.340187736504846853e-22
-9.615899794641909885e-22
-8.486742973295962467e-22
-1.243992195093259400e-21
-8.484303733332042355e-22
-1.466114414382292652e-21
-1.332388873676639141e-21
-1.338863339356774466e-21
-1.583662851671073284e-21
-1.531030847070121771e-21
-1.369191954446515778e-21
-1.401105326290890706e-21
-1.462870642192102727e-21
-1.384513309315670881e-21
-1.306466581851129604e-21
-1.286647575053726690e-21
-1.189699737247331894e-21
-1.496557321320146175e-21
-1.272431760213863547e-21
-1.669798665418291933e-21
-1.415223746271557926e-21
-1.233397191237820128e-21
-9.804133064621212960e-22
-1.559250073876216862e-21
-1.000549083415400187e-21
-1.102118045693146157e-21
-1.131599080021886065e-21
-9.300525601431142991e-22
-9.684752135193288886e-22
-8.432966781943263817e-22
-9.163940610791063016e-22
-5.686921618336093804e-22
-5.272360374760040247e-22
-6.069417870444627014e-22
-2.849398984739716536e-22
-2.735752903539136920e-22
-4.041509881986654399e-22
1.282217918085913981e-22
1.943280997201833798e-23
9.110826078431246803e-23
1.713670187654407018e-22
3.224405923739537426e-22
3.045572721724606491e-22
7.986549919735107368e-22
3.755246893893323099e-22
6.151584030705946763e-22
8.159464119501042294e-22
8.865666507866445917e-22
9.087214186551879946e-22
1.081426912716120684e-21
1.048098307012464782e-21
1.028549890911564509e-21
1.071303769580107600e-21
1.450665848024694100e-21
1.405035315334604414e-21
1.484163626377723606e-21
1.186739083487450666e-21
1.411939607220459527e-21
1.251893981056855143e-21
1.554369125267852188e-21
1.365872242753724839e-21
1.601480233604901990e-21
1.646828463013187177e-21
1.798297591470488233e-21
1.331462630404980183e-21
1.696050456435407137e-21
1.674688387509143984e-21
1.306147379293016387e-21
1.247431373946083692e-21
1.446480197694506865e-21
1.291977395834385383e-21
1.010122178911493899e-21
1.324628148862121348e-21
1.026232778600078388e-21
1.225036692778250585e-21
6.737719689656434274e-22
9.440491148551043833e-22
7.161866062853913484e-22
5.595458423042734567e-22
4.812147656172889228e-22
3.115041115488699351e-22
4.519630551264604716e-22
2.254189585725813211e-22
2.489299047334132972e-24
9.551735893145599626e-23
-1.730047869674901382e-22
-2.678341938927296309e-22
-2.289094787773903992e-22
-4.015574846305312310e-22
-3.971923122473074207e-22
-4.936505792027095583e-22
-8.341909297766910169e-22
-7.446130632722461488e-22
-1.127375718346571277e-21
-1.089009623549692888e-21
-1.269570540448635511e-21
-1.345538536437437654e-21
-1.188454441812086755e-21
-1.091141017436902987e-21
-1.295742438973474932e-21
-1.463401393255177806e-21
-1.491356783358879782e-21
-1.728661088751200258e-21
-1.579137816205690441e-21
-1.446312091449777156e-21
-1.770983297468170311e-21
-1.542751975530178693e-21
-1.664212864951277532e-21
-1.644071210813838344e-21
-1.677010063763105352e-21
-1.376621264488059754e-21
-1.573504723748306374e-21
-1.318120195431959200e-21
-1.540725814178032981e-21
-1.237378527455144896e-21
-1.086512542772940965e-21
-1.033160084155779461e-21
-1.009577198701532826e-21
-9.632601363284468586e-22
-7.654577781167539959e-22
-7.239166386958276030e-22
-5.921323136506185481e-22
-3.039893553926020079e-22
-2.832885256504680483e-22
-2.666065537541775116e-22
5.996322415665672338e-23
-2.324014664447927066e-23
6.788056818907045519e-23
2.266900718034957403e-22
5.534762398663983255e-22
5.641437964424318565e-22
6.855764713247638872e-22
7.158660394464084265e-22
1.011405277088137121e-21
1.273302179709774250e-21
1.023948881435898264e-21
1.338883207899882381e-21
1.414609906639667170e-21
1.362134119112041655e-21
1.871159949315392169e-21
1.700577083945145959e-21
1.799758541741638501e-21
1.852533322122843712e-21
1.718784728153631450e-21
1.973906434261732509e-21
1.645777856201845634e-21
1.800102668029190390e-21
1.776836997571666354e-21
1.390870149791219935e-21
1.432795654914552449e-21
1.382494333117790868e-21
1.691857301656108175e-21
1.385329591162817079e-21
1.374676841633939802e-21
9.707436248840680792e-22
8.873336933168972262e-22
8.840237479388686274e-22
6.564536964753690158e-22
7.026352163016375275e-22
1.377103313883803753e-22
4.005326238166819989e-22
-1.565072468759168806e-22
-4.291183271616973156e-23
-5.659379323900725615e-22
-6.187747172756524758e-22
-8.270879777348953917e-22
-9.209196449663334867e-22
-1.099356384056294439e-21
-1.144422188883425419e-21
-1.565450648155042197e-21
-1.598977049380781574e-21
-1.825033387952028745e-21
-1.869378176084473678e-21
-1.905172713613379168e-21
-2.028370003510153417e-21
-2.076189403833070776e-21
-2.000577893176059429e-21
-1.980403464644045046e-21
-2.129291041414657508e-21
-2.024167724862389483e-21
-1.789270703479906413e-21
-1.714359523219345450e-21
-1.760568236933104953e-21
-1.403623792113382066e-21
-1.415687049607558306e-21
-1.299740282995722055e-21
-4.792824878274991249e-22
-3.625379383424195543e-22
-4.263387431767113461e-22
-1.050617768434988743e-22
4.015847675054196057e-22
7.334057697901193542e-22
9.622485425135400457e-22
1.292164627138310816e-21
1.396149815240342835e-21
1.782111503441219197e-21
1.670571474781249384e-21
2.056036924175251803e-21
2.248311546395066393e-21
2.627017513741908705e-21
2.657731089514668010e-21
2.540864077208385876e-21
2.254948955051021005e-21
2.515195352870481970e-21
2.217114384912507224e-21
1.876263820820074772e-21
1.695671117406391463e-21
9.858731222661749143e-22
9.654644400900619282e-22
1.683283183889432375e-22
-4.164424773025927086e-23
-9.621376005715595280e-22
-1.341494282013747833e-21
-1.851213507113766163e-21
-2.210191157908241225e-21
-2.280785782633794917e-21
-2.748017230811613065e-21
-2.737666915620241495e-21
-2.998395337829987478e-21
-2.553794289549282948e-21
-2.258183361753345810e-21
-2.117778793575652016e-21
-1.488529044535612888e-21
-9.450029836889117793e-22
-2.276200834180773920e-22
7.617516660644132206e-22
1.037883148116253031e-21
1.784223898261964714e-21
2.292474288075123292e-21
2.442537508139062734e-21
2.710440051430856360e-21
2.294150973478248919e-21
2.179023231736565688e-21
1.548653442191702847e-21
1.131388506431441585e-21
5.926237539368625838e-22
-2.907871424462723050e-22
-9.980881969500508689e-22
-1.075226092232056453e-21
-1.717332836078837023e-21
-1.657328289986795658e-21
-1.415000184862424896e-21
-1.582292095143539554e-21
-1.142101671336664121e-21
-6.126093711615209441e-22
-3.192709005143772964e-22
2.517464497151775753e-23
3.181519580991834310e-22
5.366977063883058311e-22
7.219411233739088176e-22
1.086948726364414776e-21
9.372772884345534560e-22
9.181626720442143146e-22
4.523107427323755460e-22
3.227399102602761700e-22
2.278659242996775972e-22
-3.559572882635382930e-22
-3.265794221518497869e-22
-3.891399805786275044e-22
-7.312358977260825085e-22
-4.099934616476606590e-22
-1.602287780988077510e-22
-4.972088174283518284e-22
-3.484789904719576505e-22
-2.451900595687651804e-22
7.481587102958365668e-23
3.649642531626318758e-22
1.796925013555634908e-22
1.316280575417432796e-22
2.083147119053027664e-22
2.298088674553958365e-22
2.092167496541923775e-22
2.182816856460637629e-22
3.768278840748950577e-22
-1.951065661081440194e-23
-1.677745886358629825e-23
2.275784425497066715e-23
-2.942631755992768759e-22
-1.014763569699283440e-22
1.914735718205128002e-24
1.275767602267789288e-22
-1.053213767841130771e-22
-1.211927556244354838e-22
6.722551558364057270e-23
-1.121375367801709630e-22
3.221609913007900964e-23
1.834014549605638568e-22
1.735171226198119467e-22
4.456997660069846885e-23
1.503936981119871100e-22
6.104779085298372850e-24
-6.719761317918114326e-23
7.119919258504607018e-23
7.541123167118843936e-24
2.349626035896467843e-24
-1.690847105256332281e-22
2.598187982441800559e-23
-3.578949295210883585e-22
4.077724128019491339e-23
-2.675631739893517423e-22
-3.370088483236845398e-23
-1.538038023441581295e-22
-2.128356869349075512e-24
-2.207503148855754230e-22
-4.501437065030165759e-23
-8.926549046953744399e-23
-1.123024598875435618e-22
-1.342546817015299691e-22
2.447439133023615468e-22
1.972004998495043809e-22
1.049917183821949098e-22
1.992990914962250407e-22
-1.239112953142726241e-22
1.445388140562483531e-22
1.687068397369887990e-22
1.540366710608494383e-22
-2.226918644691050976e-22
1.493298714351043911e-23
-3.723332258045316728e-23
-9.600052859138056160e-23
7.139397744515392288e-23
-1.104269449808467212e-22
-3.413470922562077559e-23
-2.429806396278468779e-22
1.396103142409938801e-23
-8.159946972475434631e-23
-3.661860315002748006e-23
5.214926840453646336e-23
8.469031395901723686e-23
-1.630450386111143728e-23
1.805641078025309839e-22
1.399518825292954744e-22
-1.848969183112321082e-23
9.826409624392341915e-24
1.147376922978905758e-22
9.444453601488902931e-23
1.448630236649710775e-23
1.500178709779955991e-22
1.240959240632130387e-22
6.455992909867146655e-23
1.555535859828427299e-23
1.758080308026212744e-22
-1.485844060249476031e-23
-5.901000016142630536e-23
-1.774740557360175514e-22
4.939666422117687389e-23
-8.558307788458931708e-23
1.872991691427592077e-22
-1.414245908231835635e-22
2.341304418828707409e-22
4.228602837702772409e-23
-1.631256541933585083e-22
-5.693110242432822984e-23
3.674206063185604845e-22
-2.864020103154718417e-22
2.369078547879889087e-23
-2.554184631984740842e-22
-3.266301888627155477e-23
-1.996929775652593884e-22
1.477382265830297672e-22
-2.282776136041817850e-22
-1.087356250677784359e-22
-1.329266744061576459e-22
1.541208424259870704e-22
1.169028904810865917e-22
-1.273881870768908628e-22
-4.835799736840526790e-23
-2.826317837604449222e-22
-6.629282339221683056e-24
-1.814144554021360078e-22
1.320300700522658237e-22
1.631594062299880069e-22
-2.038688933062512874e-22
-1.467490264647378673e-23
-1.899495879654180326e-22
-1.351773382363857604e-22
-4.301247193479273089e-23
5.945517794228295621e-23
4.955028665061281826e-23
-4.703276905406077356e-23
-3.753321790129822942e-23
1.361900987876611264e-22
1.175773774844380818e-22
-2.332156631899107152e-23
3.010660039287503983e-22
2.641351673847679924e-22
2.609883859328239797e-22
-2.296302363581551298e-22
1.115179415304530658e-22
1.723130709416254770e-24
1.638259770598311533e-22
-7.404763591175978822e-23
2.975189510855904015e-22
8.442378437067658611e-23
2.857332196762480713e-23
-1.143639199026310148e-22
-6.035894880290952965e-23
-1.176422083115429068e-22
2.517736321989673071e-23
1.594923986034765595e-22
-1.494571011101939468e-22
1.286184286002334367e-22
-8.585397291570260829e-23
7.588654269763727918e-23
-9.433738548156353529e-23
1.765599598586781363e-22
3.751559784400155183e-23
-4.614259311794894242e-23
1.336619828268722068e-22
-9.990607237667130601e-23
-2.464200755704728885e-22
-6.817965101150708749e-23
2.838213708638100125e-22
9.535419013588026672e-23
-1.747645751708156769e-22
1.016547804065480335e-22
-1.050714448364023455e-22
7.773423569079300578e-23
-1.266190717383906124e-22
-2.795943813282312727e-23
-2.818380181349694760e-22
3.955695313562962696e-23
-1.406043584686913989e-22
-7.348064510691806933e-23
-3.695202634986150776e-22
5.274823266529536138e-23
-1.778388915252220754e-22
-8.892286835950298478e-23
-8.363811735442059527e-23
7.206648184382751395e-23
6.471120166421087295e-23
-9.019217591719271193e-23
-1.583759132082975403e-22
8.577344995947427610e-23
1.486337339246290696e-22
3.342321975197472136e-23
-2.208339833388892997e-23
2.044316026364184678e-22
7.206786104912349405e-24
1.468631861630137925e-22
-1.064736097676333584e-22
8.611429438630812284e-23
1.290898401178812334e-22
8.998475773713693843e-23
-8.709714871007647130e-23
5.090497926188967610e-23
3.157450216464554173e-22
-8.237553474883300183e-23
2.133771134345142910e-23
4.298220201838920127e-23
1.418849430306731750e-23
9.591595832830630053e-23
-4.019047802784348490e-23
9.704016139672472734e-23
1.794016162604574789e-22
-3.143325100406618813e-22
2.127167660470930789e-22
9.706765900511536723e-23
-1.295642687690091158e-22
-8.623699432479697450e-23
-2.258946946941843438e-22
8.946827060755004959e-23
6.845485162042702540e-23
1.215967501857439528e-22
-7.242187088775139616e-23
-1.574013918026160312e-22
1.297456630408665151e-22
1.203108607896682508e-22
-1.441768364777938148e-23
-4.862737507808720218e-23
-2.211509508344256874e-22
3.028224425945111156e-22
-1.853604575172550466e-22
9.589943662386584026e-24
-3.015021674241486883e-22
2.095822303118996852e-22
-1.312089538652056029e-23
9.956350989906075291e-24
-9.931890989163771046e-23
1.437292314417749536e-23
-1.282652603285915211e-22
9.127764088274491913e-23
2.477705086435034617e-23
6.865974915722961709e-23
8.270338879480421915e-25
-7.750668360087349897e-24
-8.273574594606446710e-23
-5.176242738222280276e-23
-1.052997681628574703e-22
-1.074499022210226790e-24
2.440967401307864516e-23
-6.968874098998591644e-23
2.990575745363978597e-23
4.614317884324536458e-23
-1.374970716894920440e-22
-5.834925825671366043e-23
-1.696489240936395879e-22
3.310325952641021144e-22
2.027062378074378054e-23
3.006176903503350690e-23
-1.146535836934404318e-22
-3.648572002649324785e-22
2.121897032107749032e-23
2.242737185489898770e-22
-2.941951639270463336e-23
1.157652181192033851e-22
1.234113382172211645e-22
2.185719010294838767e-23
2.502198795119943084e-23
3.085527877455964020e-23
-6.736403399876063527e-23
2.804578601934210871e-22
-6.756884940826722607e-23
2.687817928286653229e-23
-1.144207621194743725e-23
1.758657821199416394e-22
-4.815765702885847259e-23
2.314723078195503628e-23
-2.783647414220260910e-23
-6.390213593328935864e-23
8.638835071387941693e-23
5.912815493417861050e-23
-3.217907364039719110e-23
1.656332717108801026e-23
-1.169555090526746049e-22
6.036345599220568364e-23
-6.182573446543119163e-23
-8.632750518310676147e-23
6.413123951433327821e-23
1.196413952253906372e-22
-1.274378318142738639e-22
2.047927507891865039e-22
-2.052769655657077298e-22
-1.237160714473949063e-22
1.216643021443025247e-22
-8.662082008263836701e-23
3.549509230957785285e-23
-4.272178777846232093e-23
6.432025023230739962e-23
1.093318623677505600e-23
-1.182976184394117591e-22
-5.270816430287108135e-23
1.856476297702479155e-23
-5.584600114833212812e-23
7.707670141439157923e-23
1.253309755889509594e-22
-1.984529999063623508e-23
1.279115242389080997e-22
-1.354748398930626253e-22
-1.042074018707673951e-23
8.490733204634767377e-23
2.491141590436630182e-23
-1.036448056592013937e-22
-1.980411617362171885e-22
2.822293658771927707e-23
-6.599871112990422895e-23
-1.550985822979770569e-22
1.789398216722454656e-22
8.234663957280210130e-23
1.196985695102712649e-22
2.409595930873304278e-23
-9.972280254355988419e-24
4.594541925714302864e-23
7.780996533085411216e-24
-1.118557684528056928e-22
-1.083191458626306961e-22
-6.163410176339577063e-24
-1.551072313886279510e-23
-6.360398050944432401e-23
1.924683811952589772e-22
-1.707208632803711918e-23
-1.127102248626212582e-22
-3.701629960756046323e-23
-3.466352674672707824e-23
-1.808942563651687361e-22
1.408283954770856679e-22
2.961717923417793699e-23
4.657379385261064586e-23
-5.931177422872811980e-23
2.862974872518560424e-23
-1.148034533547392699e-22
2.157306078486051008e-22
-8.078865429366103811e-23
2.227185024348970601e-22
-1.877928429708720074e-22
8.234025757257317798e-23
1.754011441019123156e-22
-8.514309690830104067e-23
7.786090006406671785e-23
-1.598559800040346710e-22
-6.874837846997591984e-23
1.511268651498610804e-22
-3.933376010320197847e-23
2.960087974819525996e-23
-4.343196781014565503e-23
1.394803799085496227e-22
-1.202798111104047971e-22
1.544780343746597918e-22
1.389225568612723762e-22
1.011626059558238322e-22
-8.839889041895721886e-23
1.401713058453851146e-22
3.073219440991841494e-23
-1.020429803100674764e-22
-2.468128608809201213e-23
3.450836602547141810e-23
-3.605842230335780012e-23
2.120658577616308534e-22
-6.856958962040825676e-23
-7.534328607140222451e-23
1.809958338473881626e-22
-3.323463590399673628e-22
7.907397431411966730e-23
9.089755452632128990e-23
-2.921870167238036242e-22
-4.075843530984127815e-23
-7.928269232592472085e-23
-1.339493633434088064e-23
-2.714398963176456783e-24
-1.455109933198303711e-22
1.141577374988016765e-22
-1.545213540180211091e-22
-9.544419954415350905e-23
-2.472180307952890118e-22
-4.200208528649739115e-23
1.898538927049591743e-23
2.694025773734242942e-23
-1.029200851133288140e-22
-6.432000959519708169e-23
2.346290284688950794e-22
-1.717448011882522490e-22
8.195172338569636543e-23
-1.690740888872136747e-22
2.524720879163045530e-23
-2.120082976160862951e-23
1.602837096898379703e-22
-2.266334318984644519e-24
3.325006277736954220e-22
-1.190564856307011309e-22
2.347043919262800998e-22
1.740126320757848322e-22
5.120372939880525611e-23
-7.827996458760394799e-23
2.129990724316373465e-22
-7.444197383899958835e-23
1.401174061165356400e-22
4.288546937971132399e-23
1.983130940400114295e-22
1.537836454731311167e-22
1.363939464922695656e-23
-4.139389234906596477e-23
-9.271161865484620608e-24
-1.654574971797073339e-22
1.533568637124853351e-22
-3.766963300327224498e-22
1.193942009099736660e-22
-2.025062844401149531e-22
-7.633738209651515303e-23
-2.703606028851376971e-23
2.492042604886053697e-23
-1.164162345831974725e-22
3.001771530873101837e-23
3.792904309675062424e-23
7.349614345752309296e-23
-1.933061645555952136e-22
1.063991803445516843e-22
-2.179227973613307186e-23
8.915977114642987218e-23
-2.195259356261584068e-22
8.253514624171654325e-23
-3.995541123219573762e-23
2.221485880906288180e-22
3.708186778310775487e-23
-3.650122604351266375e-22
-3.617270325900960216e-23
-2.752158040012105368e-22
-3.605578208762165315e-23
1.441756262809873617e-22
7.997414872039475111e-23
-1.433725284892619675e-22
-1.823031847867485473e-22
3.832037947050435934e-23
2.527814626487283452e-23
2.238306117926097772e-22
5.933270836654328048e-23
1.229716055837917105e-22
1.632117048935059282e-22
1.591629516556301006e-22
-1.091184629390842851e-22
-2.815183610701686291e-23
1.154775673159165779e-22
-7.186817595808130845e-23
1.128724906041017651e-22
-4.227157422165893659e-23
-1.168551430534097677e-22
3.091951264404315778e-23
1.172430677600972286e-22
-4.176306465130985780e-23
-6.748937392436556550e-23
-1.807384508051561180e-22
-5.792281989066010917e-23
-1.672728416282029914e-24
1.260107739816938719e-22
-7.453426966462739424e-23
3.838534648827412345e-23
1.315049829506202830e-22
-9.548035482439384689e-23
1.366732453707737045e-22
-2.618333617800268443e-23
-2.852528186454414258e-22
-3.701717390842110443e-24
6.976804747012185040e-23
9.930151298745856613e-23
2.105185924880687438e-22
8.531287806441555412e-23
6.622612317186785954e-23
-6.357074648332023885e-23
-1.657994145737781014e-22
-9.064188173708356285e-23
7.508555066708611148e-23
-1.204076217299065972e-22
1.688436160818745090e-22
8.690089091030170823e-23
7.483818562653474768e-23
-1.040263274456252072e-22
2.868260748446467407e-23
-2.225394426542707289e-22
1.668821888212028167e-22
4.738004679365696108e-23
-1.960531242651493289e-22
-2.837584112876210480e-22
2.434715801071694004e-22
-1.297967978114873236e-22
-7.400333973104612190e-23
8.427260581700578597e-23
1.176353340943165070e-22
2.478821804134930273e-23
-4.904251173870220649e-23
-2.806209576029264076e-23
6.651200196165139839e-23
-8.067484055674242108e-23
-3.415498143415235769e-22
3.733568560408719818e-23
-3.321189560640063227e-23
-1.353161811512184562e-22
1.977211748121114365e-22
6.221809381991444211e-23
1.792988491896870416e-22
2.917623517994662352e-23
2.957406880060124691e-23
-1.406463965600813521e-23
-4.610018986223308434e-23
1.925255162202961258e-22
1.324423458046174205e-22
6.380790205192473808e-23
2.408046500850584645e-23
4.645394929712408110e-23
-1.091518348347930464e-23
2.906647346964093515e-24
4.408318467105007623e-23
7.010087322438615442e-23
1.291667209782721872e-22
-4.581733717063555361e-24
-1.233571877921217376e-22
-1.750077240349083018e-22
8.395065309902326978e-23
-3.195221547073631838e-22
-9.342686247967374490e-23
-8.903987090984408548e-24
7.137131326241018445e-23
-7.930698372326714182e-23
1.277715697477567994e-23
-7.313685361941004726e-23
-1.214631180829224594e-22
7.950420548338648604e-23
-4.284283882986118604e-23
-1.579094676283761631e-22
7.563712902018200561e-23
-4.847356636041908877e-23
-1.102941729793241117e-22
-1.976735807171471128e-24
-2.050809462995693066e-23
2.941133273952735011e-23
2.416435876063316832e-22
-1.334234455012174246e-22
6.904279364511999340e-23
-1.592653304667259992e-22
1.694948358679222017e-22
1.273193087938610119e-22
1.186529799117984356e-22
2.911123571229459511e-22
-2.764558913317553935e-23
-7.538714845320975386e-23
1.224318576828164205e-22
-9.309479251436043214e-23
2.459937878651107151e-22
2.542697677840952791e-22
-2.703567622771359794e-23
-6.004757722662254116e-23
-1.950783335289198596e-22
-1.601384692670199318e-22
-1.305657480715465890e-23
8.710592469319842320e-23
-2.658353248782498720e-22
-1.338412196602314468e-24
8.771592378494810374e-23
-2.357305393756641485e-23
-1.355358165415069830e-22
-2.485964106569189293e-22
3.913427227426761051e-23
-3.207180262559253326e-23
-3.518870295151113994e-23
7.301233018422809728e-23
1.201652558051928261e-22
-1.188353085276801724e-22
3.231348710405396334e-23
2.070262280792639828e-23
1.832361225672355847e-22
-1.414899761645659145e-22
-2.757751309107599031e-23
1.321482400821369005e-22
3.233501224498464756e-23
2.076648638387402049e-23
1.201200939087094783e-22
-4.918368776504793129e-23
9.291585485720741520e-23
1.834044906033045222e-23
-1.141606810664680455e-22
5.366999187784683543e-23
-3.613638651893026312e-23
-5.883329840827412304e-24
-2.620414913177480599e-22
2.166085997886703096e-22
-3.132151125978458827e-22
7.598226462772306562e-23
1.606846690423708050e-22
-4.996142137652740244e-23
-7.716123520033315689e-24
-1.304746897392563907e-22
2.206022110371913857e-23
2.870512806047445747e-23
1.726401616833627481e-22
6.868331639514212186e-23
-1.820175506083515025e-22
-2.245398820713809484e-22
-6.519677442210347962e-23
8.393312601003548888e-24
9.414168325300789426e-23
-1.109844762571971977e-23
5.423711916453418222e-23
-4.257137289122623904e-23
-8.794748978023632849e-23
2.024770683483437863e-22
-2.324907197588173869e-22
8.566768020450559058e-23
2.352067590228148136e-22
8.790788498682612156e-23
2.170911809371382512e-22
2.047982394328093042e-22
1.896136280912980272e-22
2.842469642581751577e-23
-1.033081122156401542e-22
-5.866992013112241586e-23
1.377614618436256759e-22
7.200544260984987486e-23
-8.550171582182770296e-23
-1.733509023228527992e-22
-1.000938593585087949e-22
-1.872754884411796391e-23
-2.481701250267307075e-22
2.197136519483901407e-23
9.717885751691495021e-23
-1.587303244505393938e-22
8.713874084031866025e-23
-2.237907609634420388e-22
8.709787281751601209e-23
8.981786119688746057e-23
-8.428963071025964657e-23
-3.107320978325178898e-23
-1.011707831927760323e-22
-1.398008864438986605e-22
9.266632319725456094e-23
-2.597849199322746304e-22
2.210474038811599879e-23
-7.073228019259053395e-24
1.014868185804739386e-22
-7.780010926355756830e-23
-1.858499516065686670e-22
1.167070398025901762e-22
-3.977450602750248755e-24
-1.588185969529057446e-22
2.313625223195053786e-22
9.659836062276412582e-23
-4.821990961963429667e-23
2.999649759662967547e-23
-1.268927735498293911e-22
9.790018943723048513e-23
5.244619821574197824e-24
-7.351014639215214206e-23
2.863942300323940085e-22
1.279651804377134469e-22
1.095516274948508043e-22
2.679777236577256869e-22
1.144904490012966168e-22
1.054662953566418778e-22
3.147781004326185385e-23
-6.996361275052978201e-23
7.562641780768155052e-23
6.464600883046081782e-23
1.467944392797216375e-23
-1.577795037389875039e-22
-1.252556285617916089e-22
-1.894681461603963827e-22
-1.163848085701982371e-23
8.114312458725885173e-23
-1.111984846490174645e-22
-1.050708461743049488e-23
-7.925238298159621998e-23
-2.899800731184435135e-23
1.023603865363384211e-22
-5.121594195166211791e-23
-7.628347206076570084e-23
-8.158130853271938009e-23
6.008253648474659180e-23
-1.667532342361445456e-22
1.411154728429583955e-22
-3.771895175272397315e-23
6.489422453237028619e-23
2.480346217138796331e-23
-2.914364373161675243e-22
1.123790677707521112e-22
7.429957943099156505e-23
-1.927008275323645892e-22
-1.405373544293153785e-22
2.923458887318790608e-23
-1.696089520787430292e-22
-1.507115246752600987e-22
1.183213809095205165e-22
1.447992552904999500e-22
5.839699806861622188e-23
1.288922151527782237e-22
7.137871509847333021e-23
-2.407754237007337467e-22
2.185841121478982065e-23
1.625834072881690928e-22
1.891368370352550444e-22
5.726800548590366573e-23
1.077850248386808996e-22
1.058127536405358873e-23
8.424380088828554652e-23
-1.025084720632068876e-22
-1.238411853794611532e-22
-6.193903854140233942e-23
1.689262000693389938e-22
-6.917333547725344872e-23
2.619205894339169336e-23
-6.316346823713459373e-23
2.188659450864300997e-22
-3.423204969995544450e-23
-2.766879564135388625e-23
1.303730662939412989e-22
3.889200764365316021e-23
-9.786080029807499616e-24
2.334263274715967522e-22
-1.589767654387441690e-22
-3.519344698884099391e-23
-1.638872610308551741e-22
-1.023920237571272529e-22
-5.278132540251711805e-23
-1.087329571862098945e-22
1.892896363787536999e-22
-1.837384557264100747e-22
1.195546012426609295e-22
-1.432903222375771503e-22
8.640309189371443748e-23
1.305887266038851357e-23
2.102903190713913652e-23
-8.922934015674280512e-23
-1.423622752925597824e-22
-6.474647918832981472e-23
-1.347794146232188505e-22
2.655186470815489309e-24
-1.805424868334816021e-22
8.057366303027715099e-23
1.733386496168304013e-22
4.178696388315566634e-23
2.669659862995532210e-22
6.404937340276696111e-23
2.068335893331717108e-22
-6.851727456639291864e-25
-1.745110295618299321e-22
-1.988726275671049846e-23
1.263737616525715062e-22
4.685859525479010360e-23
5.223560971405774771e-23
-1.203208300070926381e-22
-2.681935642271655389e-23
-4.117034982947478768e-23
1.059357493008234867e-22
-4.058782886596992584e-23
1.120143269244473805e-23
-4.198553908161844082e-23
-2.335742963824492933e-22
1.899870364718369642e-22
-2.471368393052616160e-23
-2.820290596631729108e-24
-1.258585643827479650e-22
-1.451920971054289342e-22
3.654361056353902699e-23
-1.809015985251565807e-22
5.152451089961587989e-23
4.113710263272910213e-23
-5.926816285230231757e-23
-1.560721366187406794e-22
7.267878987054708245e-23
9.491028628916206248e-23
-6.693724463919868470e-23
1.741734450631521444e-22
-1.182303492202348912e-23
5.149719944007701026e-23
-1.183108560626598382e-22
3.716195473730652062e-22
-2.156581632563685375e-22
3.359677196453566580e-23
-2.385292957981247751e-22
2.330973786630991812e-22
5.211977652091356122e-23
1.171660969592833814e-23
-2.697676751497935446e-23
3.772063686070653055e-23
1.831723166625783487e-22
5.770743535866322015e-23
4.612450684381196391e-24
1.279357538655042366e-22
1.024507178655303029e-22
1.207025465499797373e-23
1.834013628062868434e-22
-1.852332676680019296e-22
-3.100059546791452380e-23
2.032934384949289824e-23
-3.824056843172183558e-23
2.826546103665106685e-23
-1.259269474615305293e-22
-1.630976623363833830e-22
1.189571047602070650e-22
-1.340060072205727922e-23
8.232919156763557010e-24
-1.035275004573680871e-22
5.862040379468773119e-23
-3.372237675572121820e-23
-3.408494877491090340e-23
-1.421311611184750340e-22
-1.993847972044456492e-23
-5.736214511362481304e-23
-4.617625424772148012e-23
-1.295967166576465584e-22
1.389257034767251621e-22
-1.840371559221570959e-22
1.064088525717187790e-22
-7.446014632222025651e-23
-1.024152974402275237e-22
-1.245388783338658129e-22
-7.169678545499379938e-23
1.727863751357527036e-23
-7.425237356136710647e-23
-1.475321329817430743e-22
3.443938611774873067e-23
-2.079108733871212349e-22
3.714179892398021815e-23
-1.242493911145330307e-23
2.139037908238520581e-22
2.081540790256595027e-22
2.632771159837074171e-22
-2.286789845600250920e-23
7.460645326603786329e-23
-9.704139329914453564e-23
2.793074544847407521e-22
2.859344514619674580e-23
2.268486019590483659e-22
-1.919387956296225485e-22
-9.087825862509218635e-24
9.234065072671151876e-23
6.244461858746399132e-23
2.368898029016063351e-23
2.090342382575036222e-22
5.201343301348982898e-23
7.168240006882580752e-23
2.311823135082244356e-22
-4.499289972248710667e-23
-1.210251980223911576e-22
1.096444762798308052e-23
1.252822961843002898e-22
-1.332769962771716940e-22
4.973441348946587394e-23
2.675632449918339179e-23
-1.898495189420810473e-23
-7.029698556091561363e-23
-4.315297741804591097e-22
8.235959996860121912e-23
-3.046152197921267761e-23
-1.389686194813626901e-22
3.843578874592080323e-23
-1.097646215877961835e-22
-8.942120498479346085e-23
-1.040275914339817591e-22
-1.176598766187577937e-22
1.643257046558290653e-22
-2.242877236261252763e-22
-6.071356360473501593e-23
-7.886085423562596856e-23
1.077345508393106338e-24
-1.719452570537541612e-22
2.691848940991154894e-23
1.819694597645231764e-22
2.594857886503472722e-23
-2.071245654527099795e-22
3.198502849085174460e-23
-8.913131336653151525e-23
1.168159262414428386e-22
-8.213771736252430071e-23
1.841585731531428890e-22
1.004606040797712263e-23
-1.458030663747591437e-22
7.217902630758790016e-23
2.452278868210318683e-22
-7.572843141767473995e-23
2.041757179337086191e-22
1.420105247396518618e-22
-1.803582922517574462e-23
1.242151734293713152e-22
7.234719211780705691e-23
-2.842401922867582097e-23
7.081786089323327440e-23
-8.259254300985744982e-23
-2.863002947592754379e-23
1.239261792594316183e-22
-1.002940556653232700e-23
-8.637855490413031385e-23
5.450802873847940674e-23
-5.898246809958308700e-23
9.122319472551082244e-23
8.689526777262202772e-23
4.848957242281304603e-23
-2.912625128018799217e-23
-9.963708773370731035e-23
1.521034070761863046e-22
-8.302438319401995727e-23
-9.995165258535070444e-23
6.350789516289143414e-23
1.487331506068897170e-22
-5.548093566378073308e-23
-1.833034827010476479e-22
-6.470918893627967477e-23
1.512463918888176187e-22
-5.977318231278935366e-23
1.006347237044417405e-22
-1.877438188184290924e-22
-6.875954315278826991e-23
-8.759737160732158301e-23
-1.296983908081118822e-22
-9.163545910453931984e-23
5.073127950188243785e-23
5.342485738863139892e-23
1.737431798219265436e-22
1.976090766993920588e-23
3.978293973456138661e-23
1.039980785030617584e-22
-2.268934799181891525e-22
2.012402637982671505e-22
-5.147044894337686554e-23
-1.725857842170120830e-22
-1.220341624034372383e-22
2.253532607782076909e-23
-1.356020184241543610e-22
2.503308787027533046e-23
9.319352391724694685e-23
-2.032011147195036185e-23
1.125143875128005101e-23
-3.182574832257092582e-22
-2.400995188413706458e-22
7.919931860989746736e-23
1.773221511498693017e-22
4.488007975519942256e-23
-3.405840915067740245e-23
3.645473633704571318e-22
9.885619635857102987e-23
-1.602010034148048861e-22
8.966683420766066814e-23
1.081524707392073258e-22
-1.607546308909670542e-22
5.965917477331108969e-23
-1.934524223385002778e-22
1.161946941073346744e-22
1.536027237548036785e-22
1.272717523664172828e-22
2.453054052393951470e-23
-8.272343328182206321e-23
2.838967122923760851e-23
1.344390105279453247e-22
-4.165310179352494697e-23
6.118463872892335779e-24
-3.993847266704533361e-23
1.929445003425419592e-22
-1.403308567864595028e-23
8.535096689153027605e-23
-4.119034151919937624e-23
1.006476921138167620e-23
-2.369970677215311375e-22
5.725842234741112768e-23
-1.367256392376026793e-22
1.867424056906212761e-22
-2.369267302001865743e-22
5.559713264610384803e-23
7.867192126592096668e-23
-1.182906900243852474e-22
1.990804693723945790e-22
1.331746682661692720e-22
-1.916619322507342170e-23
-1.879387796342212957e-22
-7.329427992241512294e-23
-2.420539971523987693e-22
3.640215535036181976e-22
-3.383712287420710497e-23
-3.592302150317662295e-23
-5.245467818863629644e-23
3.326547126256494881e-24
-1.188098432816966527e-22
-1.231231334197608897e-22
-1.819397563653692250e-23
-7.228374678679142986e-23
9.930635285676583073e-23
-8.464862291095752897e-23
-1.929027275695370546e-22
1.361197022263048993e-22
-2.469556338208044200e-23
-8.236527811690308786e-23
-1.733435503054332740e-22
7.465574425462009864e-23
1.516798927382729337e-23
4.494023571302831595e-23
7.568925569434737373e-23
-1.700296895418017605e-23
1.769215424551515506e-22
9.281403529682004429e-23
-7.797888033324992740e-23
2.476467890751920850e-22
-5.945864568588010289e-23
2.736262078405248087e-22
-1.009866817845097517e-22
6.616429832044882622e-23
-5.893539896537596143e-23
7.598219724603908513e-23
-2.140495381946438070e-22
2.200220391830331440e-22
4.463775662692545461e-23
-1.308411655702255286e-22
-7.287850034690762045e-23
6.864769684965430017e-23
-2.561743646664336824e-22
-7.269921016638389394e-23
2.609444609433883185e-23
1.057066035579304716e-22
2.640644903675400975e-23
-3.387912286345138039e-23
-1.820077713536842597e-23
9.297657017852499686e-23
-1.645233509646933569e-22
1.414826978413011906e-22
-1.055819178367631746e-22
1.144525008811474930e-22
6.325232186499433206e-24
1.945300562588762501e-23
-8.273625758060784752e-23
-8.127858450580669018e-23
1.151037655572495549e-22
8.393277833588647401e-23
-7.918291500852385610e-25
-2.567282274144754557e-23
8.277332260336238366e-23
-7.525712971558007386e-23
6.459015747150992721e-23
-6.756835421486927034e-23
5.249426580832062719e-23
-1.091077879622194510e-22
7.164935580162738248e-24
-2.781309297370894880e-23
7.498873968903056614e-24
3.572589183216158216e-23
1.125479127089916443e-22
-1.115553524047407181e-22
2.440581498168264838e-23
-7.653536909968569685e-23
6.893183968966773163e-23
2.726373296406063562e-22
-2.300128154783588613e-22
-6.718988479457388849e-23
-3.735628590161454167e-23
3.463244263707235858e-23
7.183345380700855191e-23
-2.926397831707046134e-23
-2.196013256012349833e-22
4.185189997881862012e-22
-1.461820023659952434e-22
-3.541400774091394829e-22
-4.956375367351251122e-23
-1.578462774500441665e-22
-2.420197314848754765e-23
3.075202796433048963e-23
1.295450049205868229e-22
-1.081702893697491568e-22
3.341066853163536737e-22
-2.648580573819523977e-23
-1.329821806236656145e-22
3.299668191969580479e-23
1.538061508991971442e-22
1.986544780743085882e-22
-2.096586041629298159e-22
7.510839585819156237e-23
-2.144798809499980378e-22
1.019349093629646304e-22
-5.015448761725260614e-23
5.840914929418740375e-23
-2.689230515554500350e-23
1.420222434795227835e-22
-2.774655841246512060e-23
-3.312328051671585514e-22
1.210312380532774525e-22
8.070770469022407836e-23
2.481266547056343786e-23
4.905386056350550068e-23
1.399749531726780156e-23
2.430229641041522700e-22
-5.334984403476742197e-23
-2.196285652006444749e-22
8.112863952632507372e-24
7.037344005167628419e-23
6.637710778819325696e-23
2.815254335233531902e-23
1.565794606174271168e-22
1.188656564603939217e-22
-7.678572535116599042e-23
1.931166290053111845e-22
1.639954592325968304e-23
-6.812805526605240973e-23
9.016783195041601242e-23
-9.373338555065261282e-23
9.771246882225034577e-23
-8.046537213439220011e-23
-3.614752791798936293e-22
1.111556835721207357e-23
-1.590000315047268106e-22
1.765021652085217698e-22
-2.087814746471716420e-22
-2.754154081347218481e-23
1.233634810318494886e-22
2.114132359138627459e-22
-1.100419874513091318e-22
-3.211987856483813325e-23
-1.739868895889040728e-22
-1.335476381722816965e-22
6.500275436218484292e-23
1.125092018482886784e-22
-2.728456460900399815e-22
3.584781670771394238e-23
-3.321398507673959108e-23
-2.099661604354357605e-22
1.657209756569213796e-22
-1.063470062009805807e-22
-1.185177198237556195e-22
1.857288540032642731e-22
1.751403210857480808e-22
-5.660093168030393014e-23
1.284672842363583679e-22
-1.584299891662905894e-23
1.815938464393186513e-22
-1.049302960165374377e-22
-4.729113700888664018e-23
1.326649782832038459e-22
-2.214617323547966529e-22
1.215284534654801266e-22
-2.150031502319462337e-22
2.384851927059596531e-22
-3.937900633761084290e-23
1.352864209879887262e-23
-7.259920651081531009e-23
7.141419856546462858e-23
8.596880155428423226e-23
-1.323544650198688531e-22
4.983317040812095627e-23
5.850770990853707517e-23
-2.671738502928884797e-23
-7.113733245430165592e-24
-5.180601586462435538e-23
1.883605691261051679e-22
1.202102002174045390e-22
2.205033742206414345e-22
-2.412878141062882795e-23
-7.459376019444853955e-23
7.641988954685519126e-23
2.578405583921871295e-23
4.910673906937922600e-23
1.799582414464504036e-22
1.040839733243810863e-22
-9.066085421261763598e-23
-2.168420940476408439e-22
1.317421074742641056e-22
-7.934461138307921460e-23
-9.822485090780478684e-23
-9.380692323391328558e-23
7.863742275535810961e-23
-6.593458550661087191e-23
6.960679073359466736e-23
-1.898072778970739646e-22
-1.374077789456003112e-22
-8.631811686982239356e-23
3.016267611962059004e-23
-1.882245411866143550e-24
-2.603804540356255333e-22
7.611246478448682125e-23
-1.218361191469585340e-23
7.316667758828834629e-24
-2.934453022076761929e-22
-4.131564566773070093e-23
-3.170337404303532855e-23
-1.731169020258076090e-23
6.334124193253657458e-23
4.727840849970508058e-23
1.263230459611300344e-22
8.240256383641899761e-23
1.251057703063514379e-22
-9.935141569151156040e-23
-1.765121594337886880e-22
-2.556695392676199017e-23
4.992879757627182443e-23
-4.251839327155101605e-23
4.206239416480104452e-23
3.295119108399158337e-24
1.200557849021080861e-22
-1.409574206107552739e-22
2.175051217734065460e-22
-1.249075381978664028e-22
1.397104244103369624e-22
1.303312180759320578e-23
8.754335327784137585e-24
3.177519182305393182e-22
6.160506674250796908e-24
-1.312238800532413882e-22
1.918046639206871729e-22
1.652174030148287224e-22
-9.787723666370085148e-23
1.031638483956438812e-22
-4.998009273150900272e-23
2.386969346941009918e-22
-1.693550639782334992e-23
-1.245580388291566278e-22
1.888154177181135837e-22
-2.490113178985024793e-22
1.199936626356713316e-22
-2.963188652773427569e-23
-7.962486106390130953e-23
2.492138514694434285e-22
-2.482629835419820180e-22
2.730171192197147052e-23
-1.288279786378143830e-22
-2.736737441401430792e-23
-1.284576200066046467e-22
-1.625871021247649959e-22
-1.374884175313748348e-22
1.476657594325103358e-22
-2.304839025748582838e-23
-7.839213209615479845e-23
-4.691534407053332619e-23
6.239868107775132411e-23
-8.589004405264486378e-23
3.626660193199452875e-23
-7.198538195292634398e-23
7.130057186225361118e-23
4.411371666759312340e-23
-7.568960764167595167e-23
-9.308033705532244187e-23
4.583527142090274394e-23
1.220241166818136485e-22
8.204903948600280876e-23
-2.173087344651656148e-22
2.807041741346155598e-22
-1.555846940362364088e-22
3.120346127569309401e-23
-2.061700947889549754e-22
2.171806114950389212e-23
-1.150249354347737922e-22
-1.560293558041362061e-22
1.528823646065881593e-22
7.581406440526002460e-23
4.499316479260600871e-23
1.478172658709767238e-22
2.445070213695369904e-22
-1.727254713002239025e-22
-9.833789914191344921e-23
-6.178234356383199548e-23
1.467517167808722108e-23
-1.030372661912679848e-22
-8.616387417790101444e-23
1.638883678332701682e-22
1.538407354221760334e-22
-4.999686864844459383e-23
1.498757431983417658e-23
3.774917400068836038e-22
-4.533359344984939391e-23
7.890706068440966693e-23
-1.217284448644415063e-22
-8.111114664872456316e-23
-1.543394900838832981e-23
2.569855759346297791e-22
-1.206801843930731586e-22
8.055308831962559769e-24
4.590762966457275684e-23
-4.371896384753542183e-23
1.518915532394629064e-22
5.789218063089360359e-23
-4.199749063044370483e-24
-1.642747206833732934e-23
-1.748830771451040388e-22
-1.613370031837146924e-23
1.820592488595716038e-22
1.627743060212552793e-22
-2.661448902106220037e-22
-1.193512624498476884e-22
-1.371650425914361382e-22
-1.405009826342743865e-22
-3.357338220513742689e-22
1.863717123014839554e-22
5.089963110001423919e-23
-1.374810435368933899e-22
8.716715946068410169e-23
7.286221680137441508e-23
-7.696696177986491513e-24
8.675825510886088598e-23
6.985572237952011409e-23
3.099388214548488769e-23
1.062100116944516691e-22
2.900409154948532506e-23
-2.635849563238908340e-22
-9.325645937971476192e-23
6.095331075871315544e-23
1.297923577301484541e-22
-3.479820999602848992e-22
4.607424979023931905e-23
2.245252055362116243e-22
-1.279104689215867780e-22
-5.140595269014673807e-23
1.011218140978237347e-22
-4.773110643352184809e-23
2.504432577741461072e-23
2.611518137522410489e-22
2.750927761407865650e-23
-6.953558235901490007e-23
-5.093581197704093659e-23
-1.413974419792201193e-22
6.587383146031341181e-23
5.654054421971296063e-23
5.218698759465741998e-24
1.417438764054931376e-22
-5.838901640224242755e-23
1.830350984540907937e-23
-1.397837379523820378e-22
2.957660906117622062e-23
1.147245534850729761e-22
-4.683083700866068071e-23
-4.867391062810191444e-23
-2.712869448879767629e-23
6.077051210731743283e-23
-9.678455323471710625e-23
6.061874228064431827e-23
2.295503958962525584e-23
-4.248122200019723233e-23
-1.290362384806437040e-22
3.117558339133218009e-23
2.833484520518150857e-22
-2.700796048008318002e-23
5.973550114594484558e-23
-6.592768154257679712e-24
-6.837943916865303669e-23
-1.136563662007372805e-22
-1.076904168095144872e-22
-4.185324153362744648e-23
3.494000218569330176e-22
-2.599811509654732984e-23
-2.088850098903924512e-22
-1.161510623850277422e-22
2.096302295322338111e-22
1.217594469644925944e-22
-8.540553392226183951e-24
1.033044250549625646e-22
-3.116454476419505097e-23
-2.304994632827397305e-22
9.661630340612664600e-23
-5.365105607134902447e-23
-1.338357721705298641e-22
-2.891673497536105213e-23
-4.656901179773476663e-23
2.716238458518290447e-23
1.769952606412907586e-22
-6.002338172395714171e-23
3.035660994672849512e-23
-3.470639735662054185e-24
3.535670236317531674e-22
8.892972446607631791e-23
5.507678248835563981e-23
-2.078791827501453450e-23
-5.749553782868662591e-24
-1.293510810423545432e-22
6.992987786212698936e-23
-1.780882215035613421e-22
-8.840258651609190295e-23
3.253996753163999189e-23
-3.213663368625595472e-23
-8.236891034601756081e-23
-9.534845800729800259e-23
-2.442704543964844862e-23
-7.629347046541355169e-23
8.306729160290853305e-23
-2.331714200358535849e-22
-1.483886251553448043e-22
3.127458847169763874e-23
-2.042499432625679201e-22
1.832419604474143291e-22
-1.511215361447829733e-22
-9.890208928838804964e-23
2.007587603924891473e-23
-5.181206630117078495e-23
5.578670773474423032e-23
-6.847207718649795225e-23
2.287642562063838636e-22
3.191629281122105028e-23
5.393919057731757017e-23
7.265278660942186564e-23
-1.132725174236675369e-22
9.554905203769055382e-23
1.946399144696537823e-22
-1.242410668738265173e-22
2.033333574562003904e-22
6.243273600132223142e-23
2.009030413164485104e-22
9.046695530724251866e-24
9.278520177762042140e-23
1.334234728065389788e-22
-5.290557805639039854e-23
2.094591222967591972e-22
1.149744777345495157e-22
-3.878263058781933407e-23
-2.795541019746902397e-22
3.509224836653086722e-24
1.430654519359648349e-22
-9.200881293645339585e-23
1.647674986769466418e-22
-1.570770301534659636e-23
-1.220474210525474176e-23
6.540989756578341600e-23
-1.270085472127040744e-22
1.694808929058467488e-23
2.830430225532531818e-23
1.185435023442651421e-23
4.637070908701675250e-23
-3.888056678593204846e-22
-9.126672181617265893e-23
1.634449886004715958e-23
-4.758020059583071423e-23
-1.431301847662360134e-22
6.730522288419288660e-23
-2.501468239871496141e-22
-9.735188749389340474e-23
-1.527122416482702334e-22
2.207538952040663751e-22
-2.069059626020629606e-22
8.830624229474114126e-24
-2.156013431790477156e-22
-2.071706725401073506e-24
1.380677434320718709e-22
1.745759349929918927e-22
-4.130877617810554173e-23
-9.907825208488240840e-23
-4.470239474381884741e-23
4.731593894031116468e-23
-1.589088984713082758e-23
1.663464021759695417e-22
2.789120034263239140e-24
5.314479522703161745e-23
-1.176686437645774804e-22
-6.956542014106221674e-23
2.624909033608277626e-22
2.086654062957059413e-22
7.154574718851828342e-23
3.672796206691164551e-23
3.089410714522411789e-23
-1.723122128002260555e-22
1.613312179974396087e-22
1.218619048982769931e-24
4.573633709315186786e-23
1.032288183027171343e-23
-1.786872456128778962e-22
2.294393332952082182e-22
-1.724577752482858705e-22
8.647383710593905217e-23
-1.206114508338320999e-22
-4.322473644241178703e-23
4.028846863688865852e-23
1.463078775487625711e-23
-4.974401305036968344e-23
-2.524281490630030716e-23
1.687042557186193479e-23
5.309483597055672095e-23
7.819823104450396720e-23
-1.285897448157168332e-22
1.054638338328513060e-22
-5.618024307248350703e-23
1.309788504141568439e-22
7.648862548205421487e-23
9.825900161040788706e-23
1.011993997795022275e-22
2.382330892965482225e-22
-2.426303283784296662e-22
1.770301860696371332e-22
-3.359252285061381765e-22
9.011607834798048064e-23
3.991193104021374870e-23
-9.063827315195230538e-24
-5.145018157855239796e-23
-2.780805657894213391e-23
1.521212122729537049e-23
6.024415066670634485e-23
-1.297141888583137400e-22
-2.060235666567908755e-22
-1.238072148223266845e-23
-1.591070394488265183e-22
-2.431837766099482993e-23
8.438762210949512723e-23
-2.805205534362907085e-23
-9.851967709938445635e-24
-7.344402588544544107e-23
-1.331532084635503939e-22
-1.459077181966467525e-23
-2.214135857372295823e-22
7.940500083987865694e-23
-1.261974944513585561e-22
2.817525020664148775e-23
-1.930023395122045261e-22
6.746076071324424341e-23
1.118700385952277367e-22
3.053694467680004638e-23
2.142317624502123330e-22
-8.460628375744460128e-24
1.260795551131217662e-22
8.492047910994280689e-23
5.808859063806846398e-23
-1.216735523593945672e-22
1.668734041460056605e-22
-1.444923003289028587e-22
8.979119962247044734e-23
3.598287888691601141e-23
4.420972594007072033e-23
-1.572531303725065781e-22
-1.086109378925599034e-22
-4.540867217171034723e-23
2.529726962715268349e-22
-1.682825111331866629e-22
1.018965698038033084e-22
5.419547047480572265e-23
2.048235106173675507e-22
-6.192596225209979725e-23
1.245697377416467391e-22
5.976163945820661063e-23
-2.156035454186562291e-23
-4.205609011533006970e-24
9.398426909672701532e-24
9.597110813872013319e-23
1.982659461046517592e-23
-1.143198931494246553e-24
1.500611413663999123e-22
-4.344445261550591946e-23
1.266101506618192328e-22
-2.078636635120158449e-22
-1.397289129039233424e-22
-2.223759420335538681e-23
-1.978574513262890114e-23
-3.395619487431574420e-23
8.203364119488018526e-23
7.372369034509223406e-23
4.399624751375251522e-23
1.014558430985838618e-22
2.440988784507584914e-22
-2.310826293225633397e-22
-8.751448977087311148e-23
-1.911612595502330654e-22
1.026993268416112745e-22
-2.190191490170853974e-22
7.248967732412706907e-24
-2.440810727082749388e-22
-6.236311330168740586e-23
-1.651698024852602791e-22
5.481914585324074081e-23
-3.265587080635313238e-22
-1.485884977630466375e-23
-7.822025329953029689e-23
-1.181196077092907893e-24
4.662900306203326906e-23
1.608641000261727077e-22
8.504256732589418024e-23
5.459833201120603473e-23
1.464202328730188026e-23
1.193705958004619344e-22
-4.175613112186404265e-23
1.232856445256490663e-22
-1.129443471811135769e-22
6.142418248521140165e-23
1.305650568497627090e-22
-3.376386751171628369e-23
1.618244936063386826e-22
-1.105837075247361901e-22
1.007341684995288814e-22
5.874183753858793375e-23
1.730320613768604138e-22
1.574332474891198651e-23
-1.191672413492365333e-22
-1.458538774410386056e-22
4.689473748532363418e-23
-2.725632443143242768e-22
8.199226930698297040e-23
-7.839812690207856810e-23
7.576243756059731043e-23
-2.548994160184069117e-23
-2.220057374483286544e-23
2.448609402452099734e-22
-9.400969704431147059e-23
1.068095434454147623e-22
-5.666791676514414446e-23
1.002591727516882597e-22
1.391664612000417943e-22
3.165680802605285711e-23
5.591766168250315554e-23
-1.277568892476676582e-22
-7.713266221874362004e-23
9.076283251905054780e-23
2.028374815362885464e-23
2.216144850103332616e-23
-2.036380578613814149e-22
1.343767297199597261e-22
-4.569626365523246410e-23
-3.746966030121482879e-23
-3.732323755323364290e-25
1.135842777703218090e-22
9.526308654192859190e-23
1.691316043745543257e-22
-1.010193981290644567e-22
2.549819604013634993e-22
-2.155991474340174196e-22
2.055691434193594296e-22
-8.780897524267927907e-23
-1.457633180322433101e-22
-2.774412566205727964e-22
-2.113964083084717371e-22
1.564233048071607038e-22
-2.499130646062197131e-22
-1.036630045380460411e-22
-1.767975640541795311e-23
-5.010747142717203352e-23
-2.107133584696109566e-22
7.257745734599208691e-23
-1.088928808800025024e-22
5.503740879975656836e-23
1.046700789297410796e-22
-4.759640278044264556e-24
-3.134119820941489833e-23
4.628970031709082602e-23
3.358978800486447378e-22
-1.034281409707423475e-22
-1.509825429790495134e-22
2.103257676291311279e-22
3.700035456670625805e-23
2.730548912394323955e-23
-7.245326114250308525e-23
-3.472223138875532438e-23
1.215973836085566314e-22
2.445941108242552757e-23
7.350651694262631650e-23
-1.463994354175362026e-22
5.519281925249834969e-23
2.760365065945956299e-23
-2.351576799553740247e-23
-1.204301265627010019e-23
-1.634448120855630876e-22
5.041884058882923842e-23
1.022487276752876869e-22
1.969187057547012521e-22
2.841648635184743932e-22
1.483449544526306061e-22
-2.119380986227333482e-22
-5.157614434754748612e-24
-1.193284872774968018e-22
-3.157066565176251209e-22
-8.984266538758111781e-23
6.665953034625590486e-23
-1.327356371984735002e-22
-2.690151638210026681e-23
9.633018050709368695e-23
5.437947606077335454e-23
1.681880226845628457e-22
3.311114323945389583e-22
2.281334248350579362e-23
-5.969521462410782923e-23
-6.016042083403335239e-23
-1.174096863922808619e-22
1.311352815122506446e-22
-1.703734052702742344e-22
6.156314133926638799e-23
3.949996969407649706e-23
-8.358819419376836258e-23
-1.624137590332776583e-22
4.721596172673073737e-23
1.705748814178880101e-22
-1.165045343233480079e-22
-1.058894531197987078e-22
-3.557301453165007868e-23
1.817759607667875390e-22
-2.082089686504835703e-22
-2.005614255572231119e-23
2.073421753155130456e-23
1.571947780004651863e-23
4.268126634339465053e-23
1.574621226392257150e-22
-2.364989477879090050e-23
5.928444299382300687e-23
2.206791975298532364e-22
-6.685888506629698560e-23
-1.817768744148702804e-22
5.537890188716087388e-23
-2.130386991218331536e-23
-2.265766523114911161e-23
5.514875387462267541e-24
-1.068052599191481114e-22
-1.868392295043393670e-22
5.657750447661927906e-26
-9.492366730518890211e-23
1.626661533670680151e-22
-1.389439796463591325e-22
-2.033299503258493388e-22
7.569682196912596137e-23
-2.393983627340799895e-22
1.060942762777800017e-22
8.756167613337541130e-23
-7.975869376337196127e-23
1.629878493239413190e-22
-1.524696592098077346e-23
2.955565561708827406e-23
6.129758504202122603e-23
-1.228173461999035410e-22
2.167933048815668424e-22
-1.929920783786488539e-22
2.432756801568683724e-22
6.722603738457531598e-23
-1.654833198164859995e-22
5.927366579759223050e-24
-1.913416557031753024e-22
1.225789383422701747e-22
-1.391460509091959284e-22
3.288571178074851849e-22
9.993812093185205039e-25
2.381155688341885042e-22
1.210259147162681949e-23
-4.557752284243262299e-23
5.461615045214513503e-24
-1.357987399516241435e-22
3.095118057963891468e-23
3.342052878867320198e-22
-1.515797451670932557e-22
1.358630311706006559e-22
1.542250629417526253e-22
-2.292995396282812207e-23
-1.765900018223438680e-22
7.315504623685192116e-23
-4.742093410872948910e-23
2.136097159426628073e-22
-2.103090091645642556e-22
1.254915782725348593e-22
5.468975944692142222e-23
1.018505957060382638e-22
-2.350213382320877418e-22
2.704392765157073941e-23
-5.830944382468134831e-23
-4.586515767495030337e-23
-9.933989165426761144e-23
-1.023282941113272795e-22
-1.270856216471435575e-22
2.753499760927815346e-23
-1.117382935496261703e-22
1.779162302751502682e-22
1.822230213745975620e-23
6.127035386424465632e-24
-1.454258290219467220e-22
1.163889936006114024e-22
-1.494854904855196583e-22
-1.785462147155222359e-25
-2.208541198778749358e-22
-2.054349125397154412e-22
3.002411831654858839e-23
1.367411322479872724e-22
-1.706680879183592645e-22
-1.069066820519618360e-22
1.383922196396567958e-23
-7.587194358802754079e-23
-1.567401235760250927e-22
-1.117315880675761934e-22
1.235834171010765740e-22
3.005865552479380835e-22
4.585397785369784954e-23
-6.636610578133219080e-23
2.155787812880746468e-23
1.733099091816417855e-22
1.302883872600928513e-22
-7.017925125136701379e-23
1.673083281103179980e-22
-5.904687509947700779e-23
1.445603554209597109e-22
9.185341241931918242e-23
-5.909596888994558482e-23
-3.877056814412704696e-23
-3.979379697389435032e-23
-1.985432936933236034e-23
1.438144298413656615e-22
2.333831779296738248e-22
1.372609820187517625e-22
4.852718777117971567e-23
1.146487248999427359e-22
7.593073046746046709e-23
1.229047707255491849e-22
-1.015749420532059218e-22
4.011773077761757029e-23
-2.045962214452047339e-22
1.129196237180308287e-22
-2.368884451760866835e-22
4.628430532306354944e-23
7.463158517737408297e-23
-1.768200816555444830e-22
-6.335477549133396588e-23
-2.655286851131007498e-22
1.623929410107619577e-22
-1.333002077477367943e-22
-9.395964818682595492e-24
1.449960753700790042e-22
-2.335729622906414463e-22
1.007674232039768881e-22
-1.291434601821144626e-22
3.289149480022594329e-23
-6.107393431350775543e-23
2.352259435152448570e-22
-9.064763605195653699e-23
2.359455720912171140e-23
-1.130603393969819546e-22
6.478788887057670562e-23
3.268319704890870169e-23
-1.854296242586357201e-22
-1.305545644402704548e-22
-2.968242323735796157e-23
4.180708624477740416e-23
-1.354490079143081507e-22
-4.805256735055046155e-23
-1.528062109205817703e-22
-1.648051080862880711e-23
2.118075578488315587e-23
3.970112046234939110e-22
1.165829556705506154e-22
1.957920809129883793e-22
-2.716667647720666286e-22
8.579426402423968780e-23
4.770790063128649252e-23
-1.922500147635284950e-23
-5.609558154465991143e-23
-3.674224063636897177e-23
-1.302947605578425519e-23
1.070616825564462502e-22
1.296314964572415158e-22
-1.052344441418526069e-22
-1.050570782730194834e-22
1.734892987348070096e-22
-9.750946715523356019e-23
-2.416590449519688906e-22
-4.602107098950038920e-23
7.991140662165064402e-23
-2.771543064920430782e-23
-1.676048547913418780e-22
1.337069402249693536e-22
1.312376132639169968e-22
2.263150340349252782e-23
2.226087854127702850e-22
6.936290660111669546e-23
7.737887100979048802e-24
1.048410056914540359e-23
3.305834267978371435e-23
-1.286608043292843584e-22
1.414449997204689569e-22
1.143828474334837446e-22
-6.737588425007980779e-23
-1.091475711395700932e-22
9.438052852067624651e-23
-9.594907559581440594e-23
1.381180200882273482e-22
2.089418952944522432e-22
4.828442159920488199e-23
-8.044419572304229834e-23
-4.485854842888735920e-23
-7.569660802245608613e-23
2.121546447265975912e-22
5.030525383560434874e-23
9.249456077163528751e-24
-1.493239554481422699e-22
-1.856598145551220002e-22
-1.474547006735269689e-22
2.837725486309027988e-23
-1.444025340889156746e-22
-4.622631115673676735e-23
-2.894719861361111315e-23
1.669437616856491136e-22
1.881970783938219349e-22
-4.800466186698199477e-23
-1.098781984337972681e-22
3.944857142886038721e-23
-2.132787655356545786e-22
1.377550187113636113e-22
-2.637100178943178188e-22
-1.852173483202535739e-22
7.958200680672670805e-23
-1.065093242434762270e-22
-1.471877500404002352e-22
-2.025938486084158130e-22
-8.129649802235043830e-24
5.986064860483592104e-23
-2.237401655345528535e-22
3.077121535465932964e-22
1.359224245702006761e-22
1.370215229837770940e-22
-1.022549975720930648e-22
6.193720940564326962e-23
1.059132626233159395e-22
-8.949341298563822069e-23
4.197076832334267686e-23
9.393593408509763682e-23
2.057198636811820711e-23
-5.995035708756117635e-23
4.071826735732725987e-23
2.599362122351448682e-23
2.265745727670130785e-22
-6.063921682099435278e-23
4.228576354764424640e-23
1.051995905405712817e-22
7.359441885562153691e-23
2.016576300601314969e-22
4.186373445047325409e-23
-4.341384794997845282e-23
-3.519085246541263441e-23
2.791515437812996345e-23
9.380633471622369713e-23
-1.287586678117899248e-22
9.884110035917440667e-23
-6.442196402472533483e-23
1.051426782704374032e-22
-9.319815473568986111e-23
3.313900688610385975e-24
-8.036383967689723002e-23
-1.601331599540769554e-22
7.777355797157696683e-23
6.862153473043207077e-23
-9.747662338709958374e-23
-4.217202906641248742e-23
-2.074464341975495716e-22
2.151834281816831857e-22
-2.766912497340961407e-23
-4.412057247357530063e-23
-5.738515177339706901e-23
-8.391489778651354202e-23
1.519344443390159051e-22
-1.250253499883219288e-22
1.082848297426240867e-23
-3.769168044047212170e-23
-1.319799246640843063e-22
-3.391562307178857514e-23
-5.807255954574073416e-23
2.758799152921544889e-22
1.526038706671513675e-23
-1.807641585889665924e-22
7.752389890062789696e-23
-1.592858632046620303e-22
-1.483830013449028938e-22
1.490172138145843446e-23
3.899539844095737150e-23
1.914898295882191749e-22
-6.462795014972191328e-23
1.328396301307043197e-22
-3.670723642998361568e-23
-7.849622982305830893e-23
1.368350571983469889e-22
-1.776908494237918346e-23
7.192044725764385278e-23
2.365087240065480770e-23
-2.089627731677232865e-23
-6.063607469406352529e-23
-1.670741741609645642e-23
-5.510815304196848747e-23
6.205722936432080216e-23
2.405491079258980295e-23
-4.272097192501715989e-25
-1.100571315121534873e-22
8.980126656878588751e-23
1.775473187452465435e-23
-1.288746964631964239e-22
3.053006970598765766e-24
3.321292515298447685e-23
-4.085994189707354007e-22
2.122107944461651622e-22
-5.888078623828786707e-23
-4.381718418065745942e-23
-1.119057376729850935e-22
6.389244612603949285e-23
1.604985355387774555e-22
6.517089756416664193e-23
3.456673865807702305e-22
-1.876616913826228959e-24
2.067069621954811959e-22
1.297420428158278012e-22
-1.763179263799134857e-22
1.690844616193521110e-22
-4.376533019739862763e-23
-7.032554075536043662e-23
1.157989404302649927e-22
-4.389304302519906776e-23
7.611916620493369919e-23
3.999542466494063070e-24
-1.046527166572853203e-22
8.530333924149137317e-23
3.031574597160775439e-23
1.158946027023631388e-23
-4.165945723786667647e-23
5.031507611047642450e-23
8.220040559654912231e-23
-1.180375256124226036e-23
5.466044235016518079e-23
-5.447413372246373469e-23
-6.107374045858878066e-23
-1.544146552845654677e-22
-1.053158085348718338e-22
-2.152924197793741969e-23
-3.336057218085729519e-22
2.554001925685703593e-23
-1.450935884896501912e-22
-7.936244629431116232e-23
-1.300108065368974177e-22
-5.033554726150041653e-23
3.745254556301227269e-23
-8.257072926712116332e-23
-8.454300497054257259e-23
1.753722860231862276e-22
-9.332404588003420836e-23
-1.313968005230110585e-22
-2.459492523288872497e-23
9.822331590964852516e-23
-2.187811674143299798e-23
1.441364061921479867e-22
9.250080130105828105e-23
-1.256814372292267249e-22
-8.821255284679285180e-23
-1.157372681374420975e-22
1.132090731650649981e-22
1.426151483041185639e-22
3.040396464950646168e-22
1.900781473615161211e-22
-6.787813756395212172e-23
-1.129089081038456740e-22
-3.851216853509507655e-23
1.652224973906320351e-22
1.871482044838300323e-22
-1.536372345364700835e-22
1.520530901986286905e-22
5.454580975618226945e-23
1.615326465478533457e-22
4.559366340864858591e-23
7.224349828159464395e-23
-7.449654584562963082e-23
-1.311377162787700879e-22
7.763072679658356950e-23
-3.535682126339877792e-23
7.282642065469202733e-23
1.281018851532921301e-22
-3.206549914892314015e-23
-1.547513563008995997e-24
-2.880552864352259356e-23
1.140370878913404625e-22
-1.588016332593609270e-22
8.186009883854682719e-23
1.682658000010954687e-22
-1.912062324549119718e-22
-2.592889093406529042e-24
-2.563618921095249496e-22
-1.275410298891559250e-22
-5.160614243045360301e-23
-1.261120289913979668e-22
1.919252480477691311e-22
-1.200337993051855567e-22
3.787155655962450576e-23
-2.678745137256417717e-24
2.358437800548203064e-22
-1.964225703087182717e-22
-4.745278874278915073e-23
-1.234561768364431855e-22
-2.842083734938003611e-22
-6.908233361653766633e-23
1.158213981705402258e-23
6.495940616496226049e-24
-1.597643745067980467e-22
-1.495539205969682313e-22
9.900393719108572969e-23
-8.556819142129353030e-23
-8.109127627893939301e-23
-2.232070502048549003e-22
4.163038135062710057e-22
-3.305297349949660151e-23
1.250906119978667481e-22
2.138122241914012399e-22
2.388805044257291055e-22
6.666154848133392833e-24
1.566881509661608707e-22
-3.244708185713024662e-24
5.620341621400128689e-23
-1.338995916339560300e-22
2.166357930845469835e-23
-1.163104033258463822e-22
7.835027169330491012e-23
1.995708456541800701e-22
3.099764841800125280e-23
1.234123623586403318e-22
5.569810612107904449e-23
-3.428776861897299448e-23
-1.187285891587868750e-22
1.014593831753976095e-23
-3.273034499404795596e-23
4.619323161242177403e-25
-1.383296872159776343e-22
2.121243051657542205e-23
1.574922904072167526e-22
-1.656485316226031172e-22
2.003804151910215892e-22
-1.147437083826150942e-22
-5.569254473375003343e-23
-1.454895430760093038e-22
1.365866695158282121e-22
1.907859151007193611e-24
-1.586053200350665373e-22
-1.372818975401064427e-23
2.269958732428663591e-22
-3.137646105121759430e-23
2.338287262521854339e-22
-1.258780818747346805e-22
1.316597465706791380e-22
-2.394683411405293269e-22
6.456843616194770320e-24
-3.380290179699575017e-23
-1.317520806179286097e-22
9.076920748559022752e-23
1.958493197949424989e-23
1.248176125459562477e-22
-1.561179463131620591e-22
-4.651290418999152452e-23
-8.067802290463433991e-23
-2.581262691813114708e-23
-1.104703328003207943e-22
2.624890015818625236e-23
-5.551085271888991330e-23
1.638811392570557459e-22
-6.141554159504246979e-23
9.303219740225307788e-23
6.028017079967423915e-24
-1.646898839701044964e-22
7.524957086724049588e-23
-7.020571778639649560e-23
6.919461482312505652e-23
-2.392071916283667561e-22
5.716666354082552934e-23
-1.845355876491363277e-22
-2.438332755256606153e-23
9.993925756038722766e-23
-6.957023099280508226e-23
1.625840006603894962e-22
-1.112784339239857350e-22
6.089746409905841252e-23
1.830874360796828653e-22
3.924811268733144817e-23
-2.149293644017972750e-23
8.940436686806826702e-23
5.323539733843152770e-23
-2.582042309701329874e-22
2.208301187049903426e-22
1.274658083353492797e-23
-5.971845203811778051e-23
2.081232322434259737e-22
-8.721375324154154993e-23
1.527557411895016224e-22
-5.670005000355392813e-23
2.975472895185983172e-23
-1.499019911379655172e-22
2.080086289792255319e-22
8.950177970486826967e-23
5.482747924184021194e-23
-2.503781930535679054e-23
1.589235638445980045e-22
-1.124137566408642395e-22
9.606622169886913681e-23
-5.269030557616327654e-23
-3.610310319253605877e-23
-4.889990766829390791e-25
6.453934050652891875e-23
7.284523836347386309e-23
-1.166881984726065699e-23
1.920502097969450197e-22
-9.386714933536021000e-23
-2.480345658080871463e-22
-7.825664829170968726e-23
1.935731625802453868e-22
-2.731040846218485972e-22
-1.739143907375783916e-22
-1.433582623832584440e-22
-1.322415893294624439e-22
5.443012988589157693e-23
-4.081207754612170533e-23
1.366844585623106451e-24
-5.757695117327239654e-23
1.009126075724931166e-22
-1.725771816800447881e-23
-1.417526234840426281e-22
-1.193904645231151386e-22
-9.227259832685237376e-23
-9.719259204989617246e-23
7.747693045624680625e-23
2.756078244241173098e-22
-1.639303331623278382e-22
1.600989369942709607e-23
-6.412307457081016720e-23
-1.117607952717433936e-23
-3.278727680702422669e-22
3.216556184182517439e-22
1.046395119648773355e-22
1.181282041570704994e-22
-2.438061539350234658e-23
1.798832456499661935e-22
1.917246526676234788e-22
6.069553737134650426e-23
4.162876229187871469e-24
1.340073843551659958e-22
-2.160542878850406491e-22
2.484724662414740725e-22
-1.631971168072768191e-22
2.812660448577808726e-22
-1.470153317271929580e-23
8.168776701132070230e-23
-6.657950869278624202e-25
3.199358127539670516e-23
-1.139446680155649691e-22
6.265890133552521403e-23
-4.818976216688951339e-23
1.711569773681542941e-23
-8.814148667255311930e-23
-6.894620878680158354e-23
1.637083619084290272e-22
-1.115346987494191395e-23
4.731619144373071438e-23
-2.499365942345156285e-23
-2.350532517422607656e-22
8.592646345888019002e-24
-1.667214468789381548e-22
8.007230634655922554e-23
-1.000665380912638187e-22
-5.840482300416675733e-23
-3.090446766718047515e-22
2.422488970957818041e-22
7.352267523221172278e-23
-4.877525310519522293e-23
1.316501775524561616e-22
-1.037519684992659818e-22
-7.259759546911760328e-23
1.163431361198387900e-22
-1.352497179588976661e-22
4.279380271118306814e-23
8.692755928793069200e-23
-2.340866087597940300e-23
-7.710161934895433619e-23
-1.682773723373974168e-22
2.874171485386668225e-22
-6.099229835392219669e-23
9.920156966890789415e-23
-7.309267735561748747e-25
-7.083076070817780804e-23
-1.323055640865389689e-22
-1.435116455534126551e-22
-5.654434070705898922e-23
3.011356824412369324e-22
-8.012264318477695108e-23
-1.533130329090561838e-23
-1.246958228566189549e-24
-2.755682379974341260e-22
1.126698802259049698e-22
-7.584236545448540961e-23
1.933819452772342145e-22
1.300770463396169663e-22
-1.151680516553100006e-22
-1.768764710580977168e-23
6.198152969841628901e-23
-1.326782884164422112e-22
1.928874941054236103e-22
1.740139492557637763e-22
1.655907222207471742e-22
-5.592739748805128648e-23
2.122756325063687995e-22
-1.392475943724441907e-23
1.931197557238032396e-23
-1.230763016279196903e-22
-6.144336059628955884e-23
-4.562358246464772749e-23
-7.924195041566350206e-24
-1.030387661794140840e-22
8.030912257464367123e-23
5.811804126177294882e-23
-4.102473220913259477e-23
-1.126517379166475455e-22
9.876797703708233587e-23
5.687227741214357322e-24
-5.573270076347738864e-23
8.150121038033590181e-23
8.174928889412969315e-23
1.142316628767655504e-22
-1.668408797188560532e-22
-1.296497346999511945e-23
5.142706372897452743e-23
-1.347304849852429267e-22
5.908814848499456867e-23
1.498737684278543484e-22
-4.819663269950362088e-23
-1.559594454548559473e-23
-1.557345493887625296e-22
-2.977102515710134047e-22
5.780398202040436505e-23
-3.632498902657461956e-23
6.690990602639041823e-23
-1.274251017438877294e-22
-5.296678928120532248e-24
-6.481622859119950410e-23
1.474286585915177917e-22
-8.581083895156580000e-23
1.348278297092780461e-22
1.561519085770725517e-22
-3.371026973624899971e-22
1.180870524618721716e-22
-2.693495512522202168e-23
3.905182054907100413e-23
8.233465587528883154e-23
-2.273110966167033291e-22
-1.872968702470306560e-22
4.595917661799286568e-23
1.665475715482213832e-22
-6.382175861600797640e-23
-9.030492771853201063e-23
1.780867716252903983e-22
3.372940541997039364e-23
1.466896807999787998e-22
5.144444728821347669e-23
3.811253102974611454e-23
3.057564978141132965e-23
8.455514296864148569e-23
-2.469963545449236613e-22
1.672796865987553127e-22
-2.279900948125835013e-22
1.842322666169364400e-22
6.157103007565400015e-23
1.730499541319882122e-22
5.668414310713015421e-23
1.093904741031914679e-22
-1.599598784373921137e-22
1.536951517711628439e-22
9.207843815283277021e-24
-8.766526398915132288e-23
1.235462725996345445e-22
3.327018731500873135e-22
-2.467057517875276558e-22
-2.973258324508915772e-23
-1.748020537370656968e-22
2.187817594956992587e-22
5.114098142861325686e-23
1.969101783486099979e-23
-2.519273236629727373e-22
-4.934754839651649361e-23
-1.061702863718855052e-22
2.424256029176749575e-24
-1.262265585287966969e-22
-2.389366014532059219e-22
-1.176258097129682105e-22
-5.439770554270931760e-23
2.522609353172546468e-23
-1.701005376959418467e-22
-2.423414582113243618e-22
-8.399370538964715562e-24
5.448552630897620807e-23
-1.980906940229785419e-22
7.616292699864264796e-23
-1.512682754765092553e-23
2.144434424406463473e-22
1.996028665597492959e-22
-6.859914568514280337e-23
1.271810223146809809e-22
-1.762933487772097901e-23
4.575645787937196836e-23
6.894553861332334102e-23
1.028860778684229013e-22
-9.581956125710535493e-23
1.825190389576939897e-22
1.596823282244260932e-22
5.069870843011112530e-23
1.073004239223437881e-22
5.671912641501957486e-23
1.126924508480413806e-22
8.287643299496243993e-24
5.896598408212887888e-23
2.402011628953091449e-22
5.728689487742153249e-23
-3.655930153839948620e-23
-1.015884428600785841e-22
-9.210684518736273133e-23
-1.175951064407622444e-22
-2.615850205651120373e-22
4.757366902128504170e-24
-7.180273334311513833e-23
-3.207054871089791984e-23
1.011585165906660681e-22
-1.206283578535375808e-22
-5.336444881958812553e-23
1.850733890260932813e-23
2.008228847994043601e-23
1.482274638387555681e-22
-4.742785469739262472e-23
-1.319947586934549695e-22
4.346167134550102185e-23
8.848945031630987188e-24
-1.841125478493109604e-22
-1.414669944062599927e-22
-1.477933706176499089e-22
-2.611537526606828645e-22
1.220664152024720527e-22
-1.938630075950815614e-22
-6.209692563591221979e-23
2.650438159632361654e-22
1.857462706069301368e-22
7.007016233393608285e-24
1.315826214351198052e-23
1.066403958637970611e-22
9.661980818868008666e-23
-1.879906674976901375e-22
4.212439909917489118e-23
-2.301636453233498915e-23
5.783700294798756446e-23
1.476690969961183846e-22
6.189134363402475311e-23
1.416620458381189614e-23
2.051282257735156542e-22
7.401841509403304941e-23
-3.572934064980228779e-23
-1.630843554371160811e-23
-2.023249434137181281e-22
3.075173603413350978e-22
1.471557408000492925e-22
-6.712962041722337889e-23
-3.676368556583837760e-23
-1.192230341257844732e-22
-2.192051637106034150e-22
9.720322007755577866e-23
6.924002078016100209e-24
2.301423514550760367e-23
-1.810024560237787587e-22
1.957301164218617174e-22
-1.050916706748306854e-22
3.089928427059156342e-22
-1.481634454595000441e-22
-8.245042656140158274e-23
7.125740426329678103e-23
7.419027010193382354e-23
-6.209628092257799354e-23
1.027018807784997231e-23
3.199412707097825274e-23
9.650610953704504267e-24
-1.763304874392181458e-22
-5.485335389133859658e-23
-6.777489047503257487e-23
-6.992606928766182728e-23
6.363230878440154998e-23
-3.094154012316938922e-22
-6.744235921925485063e-23
3.868772284517184757e-23
-3.661430864258896936e-23
-2.612994389245628327e-23
8.439983611559469588e-23
4.592003726752153662e-23
1.808824306032176004e-22
-1.927884950378128134e-22
1.409889084813478559e-22
-7.372236115354134453e-23
1.846015343176141036e-22
-1.551294927028397685e-22
1.470626028990680535e-22
7.052509459234901332e-23
-1.628974190277804440e-22
2.224028609726731092e-22
-3.086951907118818064e-23
-1.697659049566442956e-22
-8.757680444651270668e-23
1.273350297730100341e-22
4.132030752997611247e-23
-2.051419775497785460e-22
1.526791574590516963e-22
7.773916656186015644e-23
1.281965473399372939e-24
6.704846185845226126e-25
-1.931415592715326458e-22
-6.569025616448633845e-24
1.988431406297788572e-22
-4.689492004024094623e-23
2.173609153908361991e-22
-1.180366990734131657e-22
1.103080050981059279e-22
-1.558453568841898099e-23
2.194177968550827794e-22
-2.892487711373753677e-23
1.780691218834264262e-22
7.375686419849146933e-23
-3.499679731674923893e-22
2.172349858194252298e-23
2.065763286992619337e-22
-1.917643617699660855e-22
8.465933326540516562e-23
1.325245928519957366e-22
-6.427895971144113183e-23
-8.727584885567520080e-23
-3.034494728015975673e-22
-5.194856017480285421e-23
3.520220802163896037e-23
-6.227949172937885527e-23
-1.318302569461546701e-24
-1.261656343388847795e-22
2.359561347873404400e-22
-1.272994761216065368e-22
1.277369004871925662e-22
-5.504091235239325552e-23
-1.692509459132800256e-22
-7.316864804175399938e-23
1.486817444484202473e-22
-5.636982919682814276e-23
-9.112421565654176993e-23
-1.963683493886285546e-22
4.465711465045908800e-23
-1.487155657740004410e-22
1.340231722097861683e-23
2.440189744187626245e-22
3.910633162749734448e-23
1.304814246377754799e-22
5.124393349533332745e-23
-1.409098122548346864e-22
2.120322551424423937e-22
-1.091468990885232721e-22
1.380523468425987958e-22
-2.991648282048431590e-23
2.464195189271513319e-23
1.126163896141544613e-22
9.185859934512731895e-23
8.764076837904592868e-23
-9.989684357752369211e-23
-5.040704110973774354e-23
8.520517394340768757e-23
1.060174373241660844e-22
-1.124695302378244650e-22
-1.877474733734694743e-22
-1.878193134632079349e-22
8.185146206500085371e-23
-6.888456092128845228e-23
5.281061984499215250e-23
7.042288227640637424e-23
-2.169957579505029423e-22
1.348159348513182376e-22
5.784367734099992907e-23
1.767933731341573621e-23
-2.795966454602079349e-23
9.757133345467374613e-24
-1.671509938114247524e-22
8.506910615566580400e-23
4.018630814782893899e-23
2.262278182630354129e-23
7.354501886054559564e-23
-2.940562894682069203e-23
2.147582149350474527e-22
3.889868889786225718e-23
2.830711401536025500e-23
-2.732701009521967798e-23
-1.086822107591629118e-22
2.288018679137468420e-23
-2.393199348630357969e-23
-1.132053665754049202e-23
-4.541818828693122307e-24
-1.782602798540355799e-23
1.453660337802841191e-22
-2.787722312285720786e-22
1.086132788605466022e-22
-1.307576797910589328e-22
2.481008255560460248e-23
4.987622915568047437e-23
9.221016244157795319e-23
-1.205751193900836778e-22
-7.552919281971903657e-23
1.035346783172852173e-22
-3.834926659671164196e-24
1.981921008218993082e-23
-2.205622407810122869e-23
-3.027190675493727085e-22
-1.075255050363701380e-22
-6.894445419942499249e-23
-5.944784833507475347e-23
2.071043329206782166e-23
8.326863333800635664e-23
1.647510023568173763e-22
7.597536719824625315e-23
2.581080290852939123e-22
9.532904531273390607e-23
8.585824467776832159e-23
-5.290332427054825355e-23
-1.476724503277988625e-22
-3.015896405358127781e-23
-1.278717123014312348e-22
1.622067399165160330e-22
-2.131429899251666258e-23
-1.037331248349858112e-22
-1.154715006699220071e-22
-1.013031383226054548e-22
5.792155753629856271e-23
1.748961342126762540e-22
3.910834441833853178e-23
-4.550877307314793518e-24
3.671420705352316896e-23
-3.740818509019958884e-23
1.556777403942124376e-22
9.449705809849435605e-23
-1.414150870854428907e-22
-8.058204155164208089e-23
1.051718507272472456e-22
4.587349242656199343e-23
-4.509182012913061870e-23
1.901646160979254348e-22
-1.347518184956025706e-22
-5.529624537023197010e-23
1.821465448357739492e-22
-1.078320030113129307e-22
2.555001573037324177e-23
-2.108895113822439845e-22
9.280762660811986641e-23
-2.894897489103147339e-22
6.196109676415559762e-23
2.157148608358712056e-22
-2.024707356143707307e-22
1.591817991016183264e-25
-1.317803468040286340e-22
1.394951923553300317e-22
-5.786354660584313175e-23
-1.407168978362612782e-22
-1.103095629649351403e-22
2.152450737582255688e-22
-1.061553380543235616e-22
3.128399373362517786e-22
-7.863767019203252173e-23
7.933445331649319278e-23
-4.253419179736431820e-23
2.991186611572248202e-23
7.160088753013008219e-23
-1.751087757386845757e-22
4.143039573092901739e-22
-3.681014619713163427e-22
-1.495472702083851349e-23
1.798549478004378656e-22
-3.872563990260733256e-23
-1.284738091057769583e-23
1.639883186082886994e-22
-1.836190453469270591e-22
-3.427025153468146277e-23
-2.312195270320768960e-22
-4.362006617392023565e-23
9.222514525256112871e-23
3.324775627679207573e-23
1.263204538566396218e-22
-1.802831899562366745e-22
3.098231081867465292e-22
1.403789045968726434e-22
-1.966687449412199874e-22
-2.064695911193858103e-23
-5.390129757852934944e-23
1.566138777721838223e-22
-1.208853766768359632e-22
1.469943031887787811e-22
-1.306158408752359980e-22
9.589979975736988312e-23
1.803124313677116096e-22
-2.056352299624711769e-22
2.285293952340373109e-23
-1.874649730199859954e-22
1.303117583288141635e-22
-1.415910918186896275e-22
2.738168974489215794e-22
-9.900701947568158031e-23
9.025445208675351568e-24
-1.064879458462483442e-22
-3.879128057273381505e-24
-9.199947279414252952e-23
-7.554544431662271500e-23
-4.936068356699993064e-23
-3.533645835195899731e-23
7.427504789660663026e-23
-1.637640677786633559e-23
-5.745152108950998784e-23
-6.260800380144859219e-24
-5.682181711203109202e-23
-5.370543702449906366e-23
6.008951175194452885e-23
4.210565527238684043e-23
1.653423918788747568e-22
2.241255458486271492e-22
-4.897487148727108916e-23
-7.550385674054553326e-23
6.952808513380296677e-23
-9.152286387399545227e-23
-8.565839881110438093e-24
1.729497165214945338e-22
-3.470748733471620432e-23
9.792326839313777332e-23
-1.060198446061614583e-22
2.423330668864950755e-22
-1.392758566266615021e-22
-1.116300229092956825e-23
1.286979364413243799e-23
-1.568661401568361315e-22
2.897444070274505820e-23
-1.453591879188483509e-24
-5.986390660857276933e-23
6.631823627884134725e-23
-1.063912308760646601e-22
5.664296457115511899e-23
6.120546200173685130e-23
-7.811583924344764617e-23
1.242534846444862993e-22
-1.028512250920216500e-22
-9.285699995212994711e-23
8.829289648104243985e-24
-1.225897981765269013e-23
-2.834354361749183233e-22
9.499554247404092364e-23
4.764487935490483223e-23
1.754545367978532525e-23
-6.489610774271212823e-23
2.261337482182260287e-22
-1.906245184055516674e-23
-6.108427211504090781e-25
1.061287979188191136e-22
1.044233299727347698e-22
-1.620993522393368795e-23
-8.081000373312350640e-24
1.065271681794879063e-22
-1.012535994612923365e-22
7.821260569219302739e-23
-9.238709447490829769e-23
-9.811029693218135757e-23
-2.367914918480591714e-22
1.265760103224920081e-22
-1.451386883584352160e-22
2.075057406788385326e-22
-1.086782882325447808e-22
7.214624149611497415e-23
-4.518210137117784407e-23
2.004296298219714996e-22
-9.860786609705879179e-23
-8.098222298276337951e-23
8.395269580803975402e-23
-1.849629921613959690e-22
-2.171883420096435794e-23
1.491227619213124925e-22
-5.644341688009723779e-24
-1.662259661411979314e-22
1.892898593953398330e-23
1.263092245936015173e-22
1.112291462938597321e-23
1.198669003090252200e-22
1.273420524949400811e-22
-2.509928586958748911e-23
-1.989295676559676843e-22
-3.570858406660543631e-23
-1.006434626272814036e-22
-1.549206193519025046e-22
2.234225541250674162e-22
-1.771788581639244821e-22
2.042578377371548803e-22
9.289478887239760133e-23
1.353037959851555576e-22
-2.586672473465148725e-22
1.162697454868228559e-22
-4.689344761771524888e-23
1.550072034035234146e-22
3.974229049911290453e-23
-1.289346168300875635e-22
2.732982017139031825e-22
-7.781483107555296896e-24
-1.543751148689496620e-22
-4.455599714602336005e-23
-4.881030363618550239e-23
-6.140178300377389614e-23
-1.541004519350923009e-23
1.785041129173766722e-23
-2.090840084512458530e-23
6.877766409150721525e-23
-1.335293820770055656e-22
2.168847641589197089e-22
3.649307627057569716e-23
1.174753626740988512e-22
-1.675842392740170738e-22
-1.531110806531633809e-22
-1.455977773298984487e-22
1.178404036771827304e-23
7.358278714932191657e-23
-3.999713634914437708e-23
2.377219709637183060e-22
-2.207858727547179380e-23
2.777396906439789949e-23
2.396736903420776729e-23
1.505602265084797028e-22
2.831498071764423657e-22
-2.554414962490313616e-22
-2.001535345603086098e-22
1.467221028862531537e-23
5.816982273444686473e-23
-1.098865373360984247e-22
-1.246475682472624045e-22
2.122092400079546072e-22
-2.536134949623728713e-22
7.560897590449278205e-23
-1.554867331729968954e-22
1.614224416175273233e-23
-2.110192499629658981e-22
1.093410515127046578e-22
5.480753709212675159e-24
1.038077077818876841e-22
-3.956349530026016520e-23
-1.319982028003503947e-23
-2.609089460113489047e-22
2.682924613640264064e-23
-4.445922398301520737e-23
-3.061997820124151930e-23
-7.679907080768430338e-23
9.011135128360048669e-23
-1.514391350422357051e-22
3.741013552532571515e-22
1.003279481177733718e-22
1.095405252639430542e-22
5.596823237167158135e-24
6.249212300349168332e-23
9.944665219390951611e-23
2.468188000316352848e-22
1.631741019242495960e-22
-7.442127257748246521e-23
-6.040244537207165407e-23
1.883548582235402885e-22
-5.638679086414608820e-23
4.079965424143034527e-23
-1.109712889828246217e-22
1.159386676431832896e-22
-1.830449922654133482e-22
1.072806233050268247e-22
4.694884873101783179e-23
-1.517164718323369879e-22
3.457888274457065711e-24
-1.039738819857375298e-22
-5.435591237772697741e-23
-6.320915061457359785e-23
-2.874905580913796490e-22
-5.770999601929293315e-23
9.653696370329438987e-23
1.007096520933710439e-22
-2.267185717641466819e-22
-1.042158554097184050e-22
-2.009807199599155384e-22
1.714199331337380855e-22
-9.319452300354423650e-23
1.196839378859442224e-22
2.656454860202734287e-22
4.867089301668339337e-23
1.790680684457846757e-22
-1.419988082387575844e-22
1.780957087616721568e-23
3.748507006332423695e-23
-1.132445440436767141e-22
2.680804554569692197e-23
-1.472432857050959693e-22
7.979686337465227115e-23
-9.758972334997030710e-23
5.515086882695349427e-23
-3.583161954753845620e-23
-1.411328532813920042e-22
2.441158344501244549e-22
6.965152430613072741e-24
-8.578001751304139714e-23
1.021056901578707802e-22
-8.454759944696839117e-23
-5.908039426770794371e-23
1.262621020069052823e-22
2.316215733315002992e-23
1.326643317834322867e-22
-9.031368684055651597e-23
-5.350360056199264910e-23
2.099451495389506859e-22
-2.658595887014882660e-22
2.175819141488372933e-22
-1.735993337310905624e-22
9.810096605448809844e-23
-1.033696623026479780e-22
1.445184067572091836e-22
1.351135785340279096e-22
-1.607555473933047274e-22
-2.375317700570353289e-22
3.295993455530275852e-23
1.922626167445616067e-22
-5.726951902339482719e-23
8.286500842376063198e-23
-1.521064416947042366e-23
2.811022133627344050e-23
-1.331207716670251173e-23
-1.487381056027242904e-22
-3.791794693822913001e-24
6.907349346394928694e-23
-2.382835256537690349e-22
8.178876822470087522e-23
3.901230514207484865e-23
1.121729597633237533e-22
2.146087103982064824e-22
2.356651296429034398e-23
2.517363324776804707e-22
-4.579101791406383463e-23
-1.403173928211310834e-22
1.086029797456367125e-22
7.104507211525682306e-23
9.366877973036595120e-24
-1.625165627410987686e-22
-1.547433912995413315e-22
-1.934166211825614792e-22
4.537320598044687806e-23
-3.804033815589017689e-22
1.236755093229230294e-22
-1.682493826668795645e-22
9.038428909698987951e-23
-8.429654271745685310e-23
5.077729994791758150e-22
-9.996312806062492948e-23
-8.710166391781112591e-23
-1.664824262591712971e-22
-2.681890639073224134e-23
2.919712417626066854e-23
-6.468782225136879521e-23
1.169613130916720146e-23
1.541290096632893480e-22
-2.074403398795273809e-23
-1.684233180711714231e-22
4.227632880598288396e-23
2.927910358828698673e-22
-6.627769224964372070e-23
1.905304120612750032e-23
-6.134186810089575504e-24
-4.083873860723336694e-24
2.394727079721188617e-22
-2.513089173458569458e-23
1.022523430721997633e-22
2.012813059115023063e-22
-1.593051082972980808e-22
1.273832264250898478e-22
-1.040600609070300146e-22
3.816105428507528158e-23
-9.369597659769936853e-23
-1.732844855629524514e-23
5.312307276846434937e-24
3.986644151268888441e-23
-7.734791727775875377e-23
-6.681640698596665105e-23
6.301433276434825661e-23
-2.745680758171213202e-22
-1.760996854013452649e-22
4.341915251711750587e-23
-5.359649204845906404e-23
-7.732589655446200712e-23
-1.281225534702293814e-22
4.132474151367712086e-23
-8.703574544701068148e-23
2.691464455479142107e-22
-6.150496444941019525e-23
1.293475061278609614e-23
2.305369292762681995e-22
-1.369679021416131762e-22
1.531952432081729681e-23
2.263208239771297703e-24
-2.373523230046727380e-22
5.679710303633977672e-23
7.980888547547877235e-23
-1.366998975405141694e-22
9.668803219464370421e-23
2.117203054663787873e-22
3.440762991627381060e-23
-5.791287369218825488e-23
1.347776388793890787e-22
1.838151894980957133e-22
3.872035743987317143e-23
2.388847617237468797e-22
5.042091854219054287e-23
8.997122848699925603e-23
-2.429630209806483148e-22
1.141647104053359233e-24
1.454780843088882148e-23
1.453751753917832855e-22
-7.596266545301727330e-23
-7.737066307928167052e-23
-2.122978482820451113e-23
-1.939618183089793759e-22
-3.168424843561538810e-23
-8.786038802575149972e-24
-1.636422432696933697e-22
3.128127128393980571e-22
-1.767716419033794884e-23
6.897384741750824355e-23
-1.365861926254676436e-22
-2.304633322509070744e-22
5.287371708298008082e-23
-1.797528615829142667e-22
-5.750712737196172687e-23
2.731590555802947928e-22
-1.623539675661537236e-22
2.092857264736975663e-23
4.694519420032173805e-23
-3.466442615725539136e-23
-1.562706220827274882e-22
-4.914464984477099435e-24
5.784670949784221331e-24
-5.945901519509331820e-23
-4.301426651975045773e-23
-1.388794136455131800e-22
1.657313723644424542e-22
-4.841469615705096547e-23
1.022290092366720564e-22
-1.141540320413609477e-22
7.247999849905895961e-25
-1.444361870251042743e-22
4.028917745294037018e-23
-1.023135768501931591e-22
2.772957131549200055e-22
-2.131990431466560356e-23
8.997775059390291362e-24
3.624388027966885326e-24
8.411515058212953200e-23
8.962903101387269035e-25
1.758274813448025852e-22
-3.069170825965862526e-23
3.978176025286979825e-22
-2.081472792253405353e-23
7.023721187645376257e-23
1.415885168071772749e-22
-3.516036572426088872e-23
-5.944017255923404158e-23
-2.476970147148985671e-22
-2.473059601510582804e-23
5.423284229985306245e-23
-6.322892873980054412e-23
5.527496034690484946e-23
-1.893726278540091704e-22
2.350642082371478317e-22
-5.158119059196044732e-23
1.492585370093725523e-22
-3.151389335921229451e-23
6.487726456507598063e-23
-4.514159551350521757e-23
1.222480479632493873e-22
1.693195332810735458e-23
9.149954451533655454e-23
-2.053313614578787179e-22
1.037738553407143793e-23
-1.590920513054924354e-22
-1.355919518751076163e-24
-1.739437331376992238e-23
-1.319753931950991788e-22
1.409940521534509909e-22
6.866833611755449017e-23
-1.572419501274960809e-22
1.793345746475019055e-22
-3.146300387084123883e-22
-2.800790088304822118e-22
-3.987436406244228485e-23
-2.303701269291329933e-22
1.223106759829184037e-22
-1.988742270968837535e-23
-7.052893739762491473e-23
9.870339112094438253e-23
6.155194236323388200e-23
-1.403179238938167803e-22
1.417334581545755410e-22
6.039696181586608219e-23
-1.844861862313230040e-22
6.167300080987019291e-23
2.249418287339144041e-23
1.224968230369471335e-22
-7.139530726559552436e-23
1.126387555446800835e-22
5.735625838988988201e-23
1.590356025420665747e-22
6.746496318213827298e-23
5.272017744466210391e-23
7.755378204229595350e-23
-1.006088213725690112e-22
-4.164198574051444569e-23
6.681330493621500684e-23
1.305583650580050448e-22
5.102394494722110443e-23
-6.668473322459108636e-24
-1.620032437069625808e-22
7.147365597706085389e-23
-5.321988037298504367e-23
8.791804935843536104e-23
7.076566700406094909e-23
-1.440215380033738748e-22
1.105001421221804274e-22
-3.548850918726069654e-23
5.395245552792244458e-23
-1.436569905678527692e-22
-1.587355270617034431e-22
-6.574885218037037246e-23
8.504938888733648478e-23
1.834781800817777045e-22
1.032161987891185536e-22
8.236118111370449451e-23
-2.611314826994438071e-22
1.434175966083659444e-22
1.029137072543641846e-24
1.683295485916915370e-22
2.305156451346233321e-23
-6.996471021242422912e-23
-1.231240544841202451e-22
5.151692351084029908e-23
-1.838903049015212771e-22
-8.356282419724332433e-23
-2.268720976484489325e-22
7.611305583553493721e-23
1.087702664294151463e-22
-1.476922750719019719e-22
1.191163082490568850e-22
1.333005387773761002e-23
5.165716112397984034e-23
-3.667705730615628551e-22
1.179808946092509072e-22
-1.134386102223410913e-22
2.160683460112297721e-23
5.255926241159771892e-23
-1.050564340079286303e-22
2.530949500475523248e-22
-1.052298843112574574e-22
8.967502513606716882e-23
1.132664001853825345e-22
-8.581947922420924001e-23
1.708238781595236238e-22
-8.344059832070793698e-23
9.633474518674442210e-23
-7.978216537532719285e-24
1.997120465825178337e-22
-4.594889053652017734e-23
-1.174878835275551865e-22
-3.345775591823379315e-23
4.602104249720577597e-23
5.642145454323662586e-23
-6.506552431448082741e-23
-1.000893689331592645e-22
8.483002765304063002e-23
-1.588841686358584972e-22
7.406517205420614200e-23
1.800934567554663842e-22
1.738813199570843597e-23
-1.914423789277041224e-22
-6.285768005695310321e-23
-6.663552375477230325e-23
-2.449518112303922776e-24
1.511195145000851044e-22
8.398035076991719518e-23
1.184787675887406338e-22
2.121231606751220671e-22
-2.137379580004453518e-22
-9.336189413203758161e-23
-3.095451494497407300e-22
-4.247839409330472627e-23
-5.064427412833313849e-23
-2.196951290653965695e-22
6.533955733135428025e-23
3.231410805658908866e-23
1.382128803398483786e-22
1.607957408467884742e-22
6.970988783658553440e-23
7.739688071854573738e-23
1.170330887443496354e-22
-2.424934329075091670e-22
-1.820900133204952587e-23
1.767480628081150659e-22
-1.211539760106638129e-22
9.446704141523823786e-23
-1.602643740115028284e-22
1.437600291702562678e-23
9.185863731240717804e-23
2.269123786871576138e-22
5.270723920264983733e-23
7.892484289809979884e-23
-1.722393968798410509e-22
-3.520684802708716171e-23
-3.239753917955555196e-23
-1.135329463919506860e-25
8.596163522487051162e-23
1.014498091038192696e-22
5.656633544176288569e-23
8.511858467942623102e-23
4.865268021291312945e-23
-3.758257084877705637e-23
-5.191495795113901493e-23
-1.152250162035947600e-22
1.661522989622402622e-22
-1.714343069607939918e-22
-4.259600532073812579e-23
-1.567294107806328855e-22
-2.746239667047495082e-23
-1.362107180452720568e-23
-9.184383517348766923e-24
-2.688207097538057103e-22
-8.389004665204199661e-25
-1.295851837422883912e-22
-5.966721822772830881e-23
1.115009339843575120e-23
6.529423237898518068e-23
-9.646793042391610849e-23
6.050341254258649483e-23
-1.165689762089643933e-22
8.008763156194785494e-23
1.792579532559579534e-22
-1.702749608562375847e-22
1.254617214037678904e-22
7.275593782027156358e-23
1.101296716567314023e-22
-4.838857532193473638e-23
-1.265485907281411324e-22
1.511437985215965685e-22
1.581646044506035796e-22
-9.014194476618616168e-23
7.210164380725931575e-24
-4.069476827781426273e-24
-5.102243517419362527e-23
-7.524199157424391451e-23
-6.641872703032965153e-23
1.340868441971189178e-22
1.387664546515015899e-22
8.556132132369106722e-23
7.649159458919305978e-23
-4.275993376983752457e-24
7.128301878226224103e-23
2.307669507642533758e-22
-9.964782188195432974e-23
-1.950380230208522494e-22
-7.116771027656797899e-23
1.177849147894079635e-22
-6.623766959018235563e-23
4.405765925542873115e-23
-2.929365813116368625e-23
-9.284630951805630261e-23
-8.639325093417676610e-23
2.170927869670273256e-22
-1.706985030236981452e-22
1.666613042596784417e-22
1.487792375993450026e-22
4.773729553363447697e-23
-6.180415109655347834e-23
-1.210563733115249633e-22
-1.547433651836360014e-23
-2.060675971481463830e-23
-9.368392526327460006e-23
-2.182506209841635122e-23
-1.855565207215049837e-23
-1.277178129611616065e-22
-1.993209166029298777e-23
-5.492821677579892119e-23
1.950783311219352621e-22
-3.383520197802413035e-23
6.471824917306496878e-23
-3.690065694752817044e-23
1.808903760886917807e-23
-2.126446073604052760e-22
8.871441376396118070e-23
7.690837734805120386e-23
6.972221535423730456e-23
6.801184969177885535e-23
-1.027624003087207668e-22
-2.561735789807956660e-22
3.700482274351222597e-23
-2.368319034370005255e-23
-1.534786961247348486e-23
-2.018375169476493980e-22
2.774988899805343150e-22
-5.709930428210961261e-23
-2.110514560033423665e-22
-3.482858571748391389e-23
1.383629446480674886e-23
1.824478386219744571e-22
-1.091058299416547392e-22
3.196436860725223560e-23
-9.683258840198693347e-23
1.126305010689316513e-22
-2.521794016159392560e-22
2.818430877529789476e-23
9.298661962994508330e-23
3.410098556825739112e-22
8.934491989613878126e-23
1.634049281842077838e-22
-7.044799790791504328e-23
1.082068543679599836e-22
5.246407322629930525e-23
1.886089597899400240e-24
8.879730156440845230e-24
-1.380460468851347228e-22
2.609927990999785061e-22
3.674938397324530414e-23
-1.362820521705410273e-23
-1.037076476114424288e-23
9.470938542303946515e-23
-3.867728523225228300e-23
7.764450092589838352e-23
1.048703868415764074e-22
6.101274615460133278e-23
-1.321111012749055747e-23
-2.218728096875578312e-22
-1.599321380102924480e-22
-1.737672185445079595e-22
-9.334840584162929723e-23
-1.443295972811895003e-22
-1.427234516577733380e-24
-5.813225259831182852e-23
1.541966019489213800e-22
-2.897333519078747797e-22
-6.627782634762605489e-23
-4.359955211355016695e-23
-3.744018682937293280e-23
1.140005724553131148e-22
-9.832559389310897950e-23
6.141293485903340091e-23
2.013235827651252696e-22
-1.317753862614517799e-22
-6.040703175104743746e-23
9.986572329087308109e-23
-5.490215517770180771e-23
-1.421673552084636156e-22
1.944431026074484384e-22
4.862252482981624353e-23
2.952111388317391075e-22
1.066842694427980345e-22
1.207874499227984311e-22
-5.651952285451140147e-23
8.856745171855565122e-23
-2.120628192658396441e-22
8.672682406421564585e-23
-4.040895850897806394e-23
2.591908894440066651e-22
-1.000238178201438005e-22
7.300622392501472238e-23
-2.833900834524336532e-23
-2.508100129752057150e-22
7.978205521267869832e-23
-6.366102013019351681e-23
-2.009649072108374113e-22
-4.767360296671244885e-23
1.418093589671705141e-22
-1.079597892812704186e-23
-1.923998192414567321e-22
1.821001693262218527e-22
-5.687412397066827630e-23
-3.272970179137627932e-23
4.195858070150736274e-23
-1.681857695284579038e-22
2.376067812680441864e-23
4.372134261984177548e-23
1.313307314668200525e-23
-2.546386044327599829e-23
-2.169834730567425928e-22
1.427816716229109643e-22
9.916309354703206982e-23
5.370506797620924388e-23
1.326179856068016998e-22
-1.381917942483430051e-22
-1.219394346961990630e-22
-3.561346442981223067e-23
-5.919423640867505569e-23
2.086260297517707771e-22
1.137565968289667015e-22
-1.523765228853908438e-22
1.284198558008376118e-22
-1.129924048115381105e-22
-1.675491240659327940e-22
9.289841016203760875e-24
5.031849329876274605e-23
1.814625831354071622e-22
8.011846186919272458e-23
4.743191673627972682e-23
-1.055224744946659460e-22
9.854383720302577766e-23
2.332981829008314639e-22
2.430828772593285558e-22
4.473836021053248257e-23
-1.065597841407018198e-22
-1.925373039596374475e-22
1.892857199689181657e-23
8.664831460479026494e-23
-4.295872945145674021e-23
1.234322300503442947e-22
-1.315623394466547387e-22
-1.413576810618374048e-23
-1.533727346972796744e-22
-5.099100906326700004e-24
3.262931954543425443e-23
-9.548116894405864976e-23
-1.415787763016153805e-22
-1.590230337302973486e-22
-1.897554616120834447e-22
1.418315732647835440e-22
9.533506415953347550e-24
-1.000209217727340064e-22
3.241939712335387437e-24
1.076810072681938347e-22
8.662204820820628719e-23
-7.728039483863417102e-23
-4.695732853338320215e-23
2.371815738581336119e-22
3.893713520762957940e-23
2.430984423199843217e-23
-1.274212627799734590e-22
2.187855798101419816e-24
8.108171130158052733e-23
5.886283921030250302e-24
-3.439759863344359245e-23
-1.731923431985857932e-22
1.104256543889475117e-22
-2.015641773234435435e-22
9.091491012035753380e-23
-3.114659620940046463e-24
-7.660059013259373606e-23
1.845020666388234918e-24
-1.451174384143093952e-22
-9.699036748424938364e-23
1.456878427863549001e-22
4.098083408818903541e-23
9.042508904786669267e-23
9.694772926816808124e-23
1.043937054780445287e-22
5.707868809489895427e-23
-1.160965591778172989e-22
5.056543698715584973e-24
2.819446187841258045e-22
-6.882205369012199598e-23
2.070389578833163404e-22
8.954924548885683796e-23
1.870992578476973942e-23
-4.774783728491560476e-23
-5.451452839496871837e-23
1.211246896534681742e-22
-2.114303803743258984e-22
2.031603308141721722e-22
-1.831138639896562123e-22
-8.146645183999023628e-24
-1.899630308479329965e-22
4.333742566241474235e-23
6.612588548280935789e-23
-9.762088581556723811e-23
1.395937597052121632e-23
7.557270517399232206e-23
-1.872868678976012517e-22
-1.154853941061858568e-22
3.369656325292888910e-23
-7.914845998930945153e-23
6.643688722446144965e-25
5.413683497841978205e-23
-1.289065622221826818e-22
5.247493707810070909e-23
1.317174914593734070e-22
-7.145021884878526218e-24
2.944134363622361268e-24
7.841728670656410233e-23
3.579957496493963028e-23
2.958488759297765985e-23
-7.526643905221825473e-23
-9.151457412798207921e-24
-1.261808649156168973e-22
1.915521198959055934e-22
-6.625737080084131877e-23
-1.138040149889686182e-22
2.486756228071091231e-24
-7.949985747654406344e-23
-1.075702173695435317e-22
5.460233378403490536e-23
2.043896722369007664e-22
4.365739415241954239e-24
2.430817751362466179e-22
-1.234062927722884775e-22
2.246078453548227533e-24
-2.540788460651163390e-23
1.313994192532408474e-22
5.289884420098597675e-23
-1.921334859837918802e-22
-1.526874966931773461e-22
-1.794691069881849722e-23
1.472336599826713424e-22
6.706460087376989003e-23
-1.071152059926693197e-22
-3.459321282544960245e-23
-1.331912408561764123e-22
1.870688946921631653e-22
1.368599408967555384e-22
-3.335035944967587069e-23
-1.021794098001910194e-22
1.008435818119104965e-22
-8.646732391916622435e-23
4.089893790938727329e-25
-1.305970608245904329e-22
-5.199245406904533289e-23
2.402669023380427070e-22
-1.452641220991352417e-22
1.432389178367354925e-22
-2.245247642291577596e-23
-6.504677719017360118e-23
-6.212570481888975952e-24
-5.659397028703342201e-23
-1.498883217705359885e-22
-3.515738459244500567e-23
1.333089630080974118e-22
-5.370212210514872870e-23
-5.768369159436197671e-23
-3.278666395148331630e-23
1.134009498874055421e-22
-1.789988538138786205e-23
-1.160405484729342795e-22
9.723337542236778923e-23
5.188256808577747889e-23
2.406007341630482773e-22
5.589549822535428636e-23
1.271745543674484422e-22
8.007634146949412338e-23
-6.259569583943227917e-23
-1.332430855754973489e-22
8.935364497741794675e-23
9.279891849946938063e-23
1.739694442785641831e-22
2.485874984258472893e-23
-2.784558487850247593e-22
8.916460527715781023e-24
-1.225009313336227729e-22
-1.344896768365343847e-22
-1.131614389252743303e-22
-5.176489256420347501e-23
9.275913062203754858e-23
4.928173020865631076e-23
-3.448987556986116344e-23
-4.842681030303083566e-23
2.388995779806742667e-22
-1.030470659447351363e-22
-1.516446209414609624e-22
-5.182682044995539854e-24
2.584470362957082634e-23
1.395389810184977062e-22
-1.052599194019013361e-23
3.327461081866447067e-23
-6.659216896027750741e-24
-5.264211923464862590e-23
-6.840345483053406127e-23
-1.043080111308914212e-22
1.595230167168120551e-22
2.990617091056402527e-23
-1.596638195964707008e-22
3.575476822665409200e-23
1.288547992121787563e-22
1.207919912635141639e-22
-1.224519987850061686e-23
-9.124134984469255592e-23
-2.102416357245621568e-22
-3.879192236211165472e-23
-1.038961475652866758e-22
6.146698895141908600e-23
1.913182020331377530e-22
-1.574904070540799358e-22
-1.011243506229446398e-23
-1.683938889995511275e-22
-1.423905308096287638e-22
1.159184717193345857e-22
8.711159509147336029e-24
2.798407149892611300e-23
2.015308228908215644e-22
-3.479257152625063927e-23
-2.729364755817212155e-23
2.059409039873378696e-22
1.853357829620534754e-22
1.424943330228234745e-22
-5.258008704015787710e-23
-1.257876611201752154e-22
5.198885998467128082e-23
-1.025939272646382454e-22
4.957221527775973038e-23
-1.166476372257138479e-23
-3.308440234249208124e-22
1.805055377450520120e-22
-2.906448587326072912e-24
9.361733539498819339e-23
1.028693361030759721e-23
2.340753119170715473e-23
2.551848192618986217e-22
-2.550006345604405355e-22
2.471624822293441894e-22
1.236708771515584573e-22
-2.331187724107389683e-22
2.330193855561036481e-23
6.179291699555523241e-23
-1.577600494394485269e-22
-1.034405388552759419e-23
1.057469498082102865e-22
-1.323166820052069292e-22
3.267830251566361300e-23
-1.757127718867511514e-22
1.237882455737396023e-22
-5.911099098469611202e-23
2.431024098540270823e-23
3.642886592998759796e-23
-6.225049310780623445e-23
2.571810695812543308e-22
2.634629066712770404e-23
-2.216039474921012190e-22
-4.227560687831867126e-23
7.997697056631697340e-23
9.470683352392057323e-23
-1.369531256340807237e-22
-1.307651477715887568e-22
-9.762581823464239390e-23
-6.761938554117690301e-23
4.745950748714388009e-23
-1.965482761177371283e-22
7.061252037443822753e-23
-1.185285148449119801e-22
-8.999333722180343103e-23
3.047086002289617614e-23
5.430018813530387929e-23
4.116501492042674468e-24
8.231851683886340319e-23
1.502235534057267474e-22
-8.334507727748809821e-23
-8.717972439150540223e-24
6.353331964750430301e-23
4.111759008189726108e-23
1.931254271044907155e-22
-6.200747371646802418e-24
-9.505481198562546584e-23
9.045281423667109521e-23
-1.983992898100732698e-22
3.331594500575358289e-22
-3.805657461869888093e-22
2.657338465653901315e-22
-3.689831932606087056e-24
-2.907070586408643582e-23
2.512254609742310596e-23
-1.604074672168922724e-22
-2.283045446092536793e-22
1.789121587656873157e-22
1.676829336862352036e-22
-1.256476656569276818e-22
1.213258296207975258e-22
-3.655798762655074241e-23
1.419228953372694806e-23
6.165566325575486394e-24
3.331434908514090719e-22
7.818817095492469328e-23
1.978115082433828779e-22
-1.101760935362196633e-22
-6.155350285311775357e-23
-2.125725430537634995e-23
-2.597341435813169963e-22
2.139966453386869017e-22
-3.766672069461780491e-23
1.350720463224202373e-24
-1.361546911202192004e-22
8.549154453762349923e-23
1.000593165221679774e-22
-1.847345685944423410e-22
2.873908002749219099e-23
-1.327472986393252560e-22
-1.196338494229931225e-22
5.435568139713596059e-23
4.470796676502319189e-23
-1.582123410176521277e-22
-9.768637360253733863e-23
-1.042342960891872825e-22
-7.373024564354663288e-23
-1.898356202998968672e-23
2.056921030289534977e-22
2.433168213282105851e-23
2.475721756612151831e-22
-1.228658047358323898e-22
7.626753339892845044e-23
-2.266977216371740773e-23
-1.299069214015282808e-22
-1.107315779291834087e-22
2.135008167457707811e-22
-1.663373887424031276e-23
1.186598888116059952e-22
-2.041476656738349893e-22
4.622366593021260503e-22
-2.993103365508177481e-22
2.308914187524165375e-22
-1.892976403742916550e-22
1.932729456804608393e-22
-1.560069723487001574e-22
-4.511920751403325543e-23
-2.443881353996390930e-23
2.044145752755226674e-24
-1.381320787807797704e-22
-1.716943403896835664e-22
2.921526605241136642e-23
-1.864097152219961798e-22
7.358881919447932228e-23
8.402074063754998171e-23
-7.663844409691533957e-23
-1.996501096734827063e-22
1.034521316672519575e-22
-7.850466255508254193e-23
1.365301077237204715e-22
1.697765945978497512e-22
-3.241562068290097083e-24
1.447277775195486414e-22
-3.662859641247183729e-23
2.819842843376716925e-23
8.788332349794785162e-23
-3.159359624590089990e-23
4.259248237676669006e-23
2.797557421403407566e-23
5.075721410477578857e-23
1.348290043293509248e-22
-1.812323199937783014e-23
-1.715749880800500432e-22
1.007559930223179611e-22
-4.009304856137725768e-23
-5.039751457865016832e-23
-1.183228062171555979e-22
1.202255511567772826e-23
-1.362434203315743779e-23
3.029003459312077689e-22
-1.136014437571674018e-22
1.390698170136371580e-23
1.792136010930849751e-23
1.594181768952651197e-23
-4.457348591452969494e-23
5.451966369413068172e-23
1.089561019324764390e-22
1.952375013145698521e-22
-2.867065954919163472e-23
1.037201856046430559e-22
-1.270637817822430565e-22
2.368662283703280340e-22
-2.587811505237634702e-22
-3.481315490611906293e-23
-2.715348102478196272e-23
-6.510070380042350438e-23
-3.278279998326476476e-23
-1.674302197718028758e-22
-8.513974193548130226e-24
-1.208510296981616920e-22
9.559902885893285829e-23
-1.851172341797443444e-22
1.510297770775452207e-22
-8.738936441580803224e-23
2.342682965117930177e-23
4.928566732886771235e-23
-1.147817092881651969e-23
3.448668742432513554e-23
-1.623452098553066834e-22
-1.873176845980236171e-22
-1.200357076541663750e-22
-9.374068414192429349e-23
-1.042778963543080641e-22
1.264593088457412407e-23
-2.508541329837666646e-23
5.442965190160875986e-23
-1.296400444438705962e-22
-1.213666354306946286e-23
-1.515787652618698579e-23
4.472438690612129999e-23
1.121517555498368392e-22
1.681126240504971519e-22
-7.136625092626152285e-23
6.996083322378209204e-24
3.074598227809272704e-22
1.488184526707515924e-22
3.123947244046689228e-24
4.641135295964243977e-23
2.123257334162908498e-22
-7.807449393978609963e-24
3.788448510722016226e-24
-8.052987364974589926e-23
1.026693873973829491e-23
3.047596899869112800e-23
-2.245192120927562782e-22
3.073968439673119907e-22
-1.448501083412318927e-22
-8.908220094567107465e-23
1.819231527761663771e-22
3.270745706239327944e-24
9.732104413523006700e-23
1.264099075555877555e-22
3.135005396263546455e-23
7.177141538597854640e-24
-1.194176549161770915e-22
1.510231170763149408e-22
-2.446287192177208595e-23
6.149012934185978584e-23
5.909938480402807405e-23
-1.079847923173993544e-22
1.158934405879319438e-23
1.333039211813301770e-22
-3.296383196810528359e-22
-1.363350713883620665e-23
1.516582152333294764e-23
-2.312837137250982793e-22
-5.295968500425476960e-23
-5.636232962132645675e-23
-1.626638933542401548e-22
-1.229594314386331090e-22
-7.691311597320000166e-23
8.833960979428939169e-23
2.962086558064688890e-22
-2.553347795320769942e-22
6.110698028324911633e-23
1.892463927752939564e-22
-1.366472314495681055e-22
1.091630091184864576e-23
1.178519822840832149e-22
-1.418479187851150524e-25
-1.277043335142451881e-22
9.802348822080986522e-23
1.306587783796587608e-22
1.206117494353231363e-22
-2.178640995299295496e-22
8.389100593768823711e-23
-1.375768010130707751e-22
4.894913576829246602e-24
-1.463530150131379045e-22
-8.013833605680290799e-24
1.051382707145266132e-22
-1.163729311929157668e-22
-2.499345325252627274e-23
1.622894469586832192e-22
-1.793576039867608884e-22
-4.021142651983747123e-23
1.756865980515826504e-23
-2.111641133628357042e-22
-1.681762586742619238e-22
-1.927584795620433826e-22
-2.023639957341890961e-23
6.462292768931198824e-23
9.046827226793336786e-23
-8.599349950075913926e-23
1.322033813594962870e-22
3.040741394330642137e-23
3.425023446176191246e-22
2.338527766209059426e-22
-5.179926292061440056e-23
2.175115378727996576e-22
-1.134807984098316040e-22
9.236601921026839279e-23
-1.245303949666661522e-22
1.480993626843153914e-22
1.045741463406251805e-22
2.493407577255239189e-22
1.987576712928980446e-23
-1.002450853374839916e-22
2.489645258613448811e-22
1.663426082186167413e-22
2.656546807476472363e-22
9.337288368985949735e-24
-2.630059825037364487e-22
1.904125555074730664e-22
-6.612680603693482270e-23
-5.794185894840997270e-23
-4.865538418957383541e-23
6.246753133284975360e-24
-2.840889959207720702e-22
3.424419739085108357e-23
1.899237989675412460e-22
-2.291646752185876482e-22
-1.115312429365514301e-23
-1.359660777885134407e-22
-4.980128470861647701e-23
-1.360375329798237132e-22
9.014576564109042636e-24
-1.932168491650716329e-22
-1.855931443243369915e-22
9.255470735187253290e-24
-5.629490685421734425e-23
-1.911055894410722420e-22
-1.391411148040977108e-22
9.202835989908070534e-23
-5.987727739612482934e-23
-1.215098912644829425e-23
-1.470838651519531377e-22
-2.348139908747299942e-22
8.001295092148472931e-23
1.221820477649644080e-22
-1.344639694976930028e-22
2.544537553075671443e-22
7.184547321894746755e-23
1.109803279072026534e-23
5.122832165446808422e-23
-5.984441110356222218e-23
-1.661236845676124433e-23
2.720059408538622503e-23
-1.723330784661116395e-23
-3.911385611273727141e-23
1.313084587964147243e-23
5.304453234138970895e-23
1.306647455199594740e-23
2.741134362096625872e-22
1.400910839737664819e-22
1.820371053665680575e-22
7.077708656053111684e-23
-1.701805497950762043e-23
-5.706507309661841033e-23
-7.308755702027926284e-23
-1.511574019932768613e-22
5.479004903468962135e-23
2.739726668021018791e-22
5.466408857990010054e-23
-2.912047526252630516e-22
1.682511264276135959e-22
5.957112912748488376e-23
-3.973523802570470827e-23
-1.992453190020017965e-22
2.751068658947455938e-22
1.501602966619352092e-22
2.159762809533671565e-22
-9.277822943284387515e-23
1.626835015734122468e-22
1.203263815368180644e-23
2.998825028724105809e-24
-8.426389717813258653e-23
2.332536419152943982e-24
-7.926991664904136926e-23
-1.150618356311354374e-23
-1.644792456100039468e-22
1.333586712002428896e-22
5.553891179284815456e-23
1.130008185907285297e-23
3.553860318769171655e-23
3.252764984555651095e-23
8.691221732585411764e-23
-2.092666675797578906e-22
-2.629600343249177656e-22
2.605457303153764232e-23
-5.641160543785780180e-23
-1.573542690575784266e-22
-7.320661325416360269e-23
-3.612098722577144513e-23
-1.916609466947062142e-22
-2.024943300195419437e-22
-1.081289686572490146e-22
-8.797483247638207898e-24
1.162188499644992562e-22
5.675999215860704353e-23
6.308879749345640724e-23
-2.418738056343415606e-22
-2.101285926070928894e-23
2.939723296522767637e-23
-8.245794550336574998e-23
-5.664449362196851270e-23
-2.190434423804041986e-22
7.980563741068157175e-24
1.326418439023888064e-22
6.060356359165850888e-23
1.115213411113903783e-22
1.171229781637421448e-22
5.200029971216547814e-23
-2.901375065467892348e-23
7.451291791209874175e-23
-5.576317295707315371e-24
9.357871799598818834e-24
1.507964040372476762e-22
-1.998321014027847320e-22
9.866966083312746850e-23
2.849230561835227114e-22
2.359138819660475266e-22
1.597180173683337282e-22
-7.011253855975626568e-23
2.008261355378011898e-22
-8.388865266839573200e-23
5.000577086514579546e-23
1.297535906249066566e-22
2.744933193262399741e-23
-7.998987569601147884e-23
-1.209835434652832095e-22
-2.853957636410119000e-23
5.255129081019115457e-23
-1.588649171528419762e-22
1.530812440014147614e-22
-1.171010864296027417e-22
2.939028832867009108e-22
-1.539783105172971417e-22
5.769939427094751215e-23
4.386173036383175799e-23
-1.283648130109665052e-22
-6.842886926239050038e-23
-1.157394863165654588e-22
5.524263515161726737e-23
-1.009878842462588645e-22
1.131998027982695158e-22
-1.209707816377809311e-22
5.723460863744931015e-24
-1.229563379942285314e-24
-9.028435332037019626e-23
-1.724195181759280757e-22
5.543684352436097293e-23
-2.507848751308814470e-22
1.228576047166982561e-22
-1.205564484151630991e-23
1.412591320967170892e-22
-1.486993700896324454e-23
2.888338128557223920e-23
7.842925236735996139e-23
-4.991648475456460541e-23
1.410146353049067210e-22
-1.091939823668671378e-22
1.893625047504784360e-22
1.744098798585719050e-23
-2.565767408313440566e-22
-2.273568173381670973e-22
1.815194548443185803e-22
-1.617446784202368464e-22
-9.485481104456142186e-23
-2.907314876959721105e-22
9.207815124678314031e-23
4.212057050847605931e-23
-6.979279685630737886e-23
2.241880528768506066e-22
-2.094494101913017438e-22
9.870239912940076420e-23
5.561515856473657329e-23
-2.160044939657957393e-22
3.187039692236557338e-23
1.041700085200644232e-22
-2.611703265927190618e-22
3.286895400154557291e-22
-1.121455317511060985e-22
2.399231643536489624e-23
1.481179105057576774e-22
-5.082989305055947094e-23
3.361366456254010943e-23
-6.562952454927232551e-23
3.335467216262141856e-22
1.163155408538704722e-22
2.450048728019600666e-22
-6.046668325370533492e-23
1.388345013705178940e-22
8.213709626930647581e-23
1.360684486012784219e-22
1.545528335018551475e-22
-2.603222055290313752e-23
3.136407610799180802e-23
-3.250462937345931281e-23
9.940358468592878967e-23
-1.628091862814138013e-22
-1.737735682169495116e-22
2.255295374426109354e-22
-1.379246989619546247e-22
-1.270158549655401588e-23
-2.527493551187902263e-22
-2.257464601500647314e-23
-6.263093820078044246e-23
-1.111028157803969882e-22
-1.026613800279296119e-22
-3.200304426139995039e-23
6.932385961487616800e-23
-1.946382914789861750e-22
-5.087798545549795034e-23
1.337395461666536427e-22
-1.073108137971711529e-24
7.790750696645334905e-23
-1.611648779487728404e-22
3.044445119149659932e-23
-1.979113966568444938e-22
5.468453844243101681e-23
-4.466651962002558209e-23
-1.616065529287018342e-23
4.600706612803228602e-23
7.234552930470402161e-25
-1.228797781612320807e-22
-1.989528393964521270e-22
2.376048781300546636e-22
2.322871842542343832e-22
8.223104870203058468e-23
9.760300737968436588e-23
1.249664027015262998e-22
9.923736067329354805e-23
3.854624542835365134e-23
-1.882726196645856369e-22
8.732701848197041683e-23
-1.849124941241073767e-22
-1.788792103743028249e-22
1.732163815118883115e-22
-7.360412463101247673e-23
-6.754525590156852211e-23
1.749923602347796202e-23
-5.779802480894498024e-23
4.144368854262447779e-23
-9.693797418052877594e-23
2.380185573731461932e-22
-2.068379318437500251e-22
1.580354015544114564e-22
1.030050291149932546e-22
2.638553787961302493e-25
-6.180445324252585512e-23
1.339589353411744172e-22
-7.626085536329112346e-23
5.107759085932046786e-23
-2.293857474439520801e-22
4.559395664551735139e-23
-1.270697907464408019e-22
-1.098708133372168395e-23
-5.194062601432999231e-24
-1.773450370291515315e-23
-6.590395812963170141e-23
-4.092275617928677445e-23
4.721554189202572254e-23
-1.326593663283290296e-22
1.090182762144535348e-22
1.202932480648380380e-22
4.914172756986800462e-23
1.387797903537423068e-22
7.180784056386513325e-23
1.078556694552218245e-22
-4.937485605374950852e-23
6.279600032662139168e-23
7.525787802778396529e-23
-1.382490033547649403e-22
1.639488745116904454e-22
-2.064269491888242090e-24
-3.881778146540656762e-23
2.744690633019710536e-23
2.914253117041746830e-22
1.021252319688178311e-22
1.222036566762867759e-22
-1.601922028146140928e-22
-1.070534984813562616e-22
-9.820777294084103226e-23
-3.906870405370330509e-23
-1.603232277397065148e-22
-1.445262020007556830e-22
-6.387253256652162810e-23
7.916023563448129495e-23
-1.504571669523392930e-22
-1.144976831353882605e-22
-7.031088194291726659e-24
7.907030413639530061e-23
1.036188299037116311e-22
-1.757892924904682927e-22
1.780237182654350959e-23
-1.361111637895426234e-22
-7.272963571976627502e-24
7.321800689159513260e-23
-5.697104240126293159e-23
2.515784870008042166e-22
4.319616370810640057e-23
-1.887802763208563514e-22
-9.059712885083897460e-23
6.950773831916301615e-23
9.746416280048440614e-23
1.015205799932480576e-23
-4.184566452047253608e-23
-1.941193754328046980e-22
-1.080769875410167365e-22
1.975323002657535622e-22
-7.369637255702325725e-23
5.560424109982647658e-23
4.672573272027791033e-23
2.390357421998027687e-23
-2.311261114853466195e-22
-3.750567437479357914e-23
1.223019268473301123e-22
1.397472303674674003e-22
-7.925094830085062193e-23
7.879658386250834735e-23
1.809576929992889619e-22
2.859412117890794135e-22
-8.500986359990147370e-23
1.046869611784414207e-22
3.586014604362974308e-23
-1.359474855514161893e-22
-1.024455315424834256e-22
-1.167108280300574064e-22
-2.925402090412971602e-23
1.271654667040498081e-23
8.648632475226372727e-23
1.682161544702504189e-22
-2.580358516161333182e-23
-1.419955153465902441e-23
-2.015024059167067855e-23
-1.079657250795564383e-22
6.009552839771858297e-23
-1.288153226606481474e-22
7.422759065754381381e-23
1.542888015870308958e-23
-3.348971725119252066e-23
3.529522886032554554e-23
-1.335768957724130755e-23
1.406990998814435278e-22
-1.979754107015370272e-23
6.416709058345386664e-23
2.853425077426171692e-23
-1.159841084499247116e-24
-2.305819093641126578e-23
-9.040667980186755612e-23
-1.619520088477055135e-22
1.445219779602659507e-23
-1.901011703521561863e-22
-7.292009832741867291e-23
1.770648700357808569e-22
7.573800893233135222e-23
-3.774489492579012591e-22
2.922307597841769712e-22
1.360947650987613979e-22
1.941617226436286195e-22
2.069402317557846678e-22
-8.631900605591700628e-23
-1.390408896283642531e-22
-1.450797225474786820e-23
1.355633962487246787e-22
-1.716723744908377745e-22
-2.196024705954596488e-23
-1.059080361157027571e-22
-6.489944289071693708e-23
-6.663496099131543423e-23
-1.077205243614930602e-22
7.546242024310827394e-23
-9.409214314407126894e-23
-1.222642412480145901e-22
3.266483415528962739e-23
-3.999958505488671018e-23
-1.437320860812282512e-22
2.030742367928015300e-22
5.712651068543558624e-23
-1.332129275142333624e-22
-8.749650332902989356e-23
2.090787827070189206e-22
2.801658005613334254e-22
-1.435939519900588574e-23
-7.352311417484049174e-23
-6.717740034541892231e-24
-1.676112455783488147e-22
2.560027222734924980e-22
-2.027890419111503984e-22
-1.588297948993972045e-22
5.276637743331434178e-23
-3.253581296562493750e-23
3.458803985316243429e-23
9.465125359977766213e-23
6.921446266936252318e-23
-5.620680804387973652e-23
9.700807068575664141e-23
-1.570096588758642815e-22
1.150691978909516978e-22
1.739387175513238165e-23
-5.551944088728677588e-23
7.069514453946379994e-24
2.648139107628445134e-22
-6.565887368366293115e-23
3.527966722161749362e-22
-3.253130780987508289e-23
-8.415907386002088581e-23
-5.085944035449960151e-23
-8.367518067636215883e-23
2.090776774405594353e-22
1.461197828917371042e-22
1.033259058393793437e-23
-1.109346933197245666e-22
-7.413685912824881107e-23
-3.102720182653992838e-22
5.890454819900789067e-23
3.493601596781974043e-23
6.443552487090240443e-23
9.935581987710188869e-23
-1.726272479834122215e-22
6.143706246325179864e-23
-8.517829545208592874e-23
-2.169280123271835298e-22
3.344465555843305233e-22
2.275200154789227795e-23
4.186797748864928588e-23
1.664846671470226772e-23
7.986861254147676488e-23
-1.011457371225321040e-22
-2.637341468852431219e-23
-1.250338287338661854e-22
2.063883047677802726e-23
-1.543946966412565772e-22
-1.099671303913047316e-22
-6.665621207803248455e-24
1.218130376207629646e-22
-3.001743186855175568e-22
3.761530055176457221e-22
-2.575611206588017473e-22
-9.034167626787186343e-23
-2.207389110369890118e-22
1.745867518139468474e-23
-2.928216502591625196e-22
1.177417882089418953e-22
-1.243671088173016697e-22
-9.442681026058739244e-23
1.940490906015299796e-22
-6.130791290751570973e-24
2.748443513223744348e-22
6.418304688473596490e-24
4.910582830626687817e-23
-3.308911787498813449e-23
2.101995703871527995e-23
2.472128354090479764e-22
-8.427256082345869584e-23
-8.068693112507071738e-23
2.811328836191512143e-22
2.137214737971320039e-22
2.295975589844004341e-23
1.187806811906966404e-22
2.200576853568660016e-22
-1.967843353045187908e-22
7.574818677260030943e-23
1.633527357589665946e-22
-5.646788538011566665e-23
5.597189519474588596e-23
-2.857470521695300215e-23
5.199182552659318258e-23
-2.389741786540825895e-22
-1.219688157529337569e-22
-1.268642605090758975e-22
-1.224731881733188674e-22
3.910416590206341030e-23
5.519466456557529174e-23
4.116481656089190672e-23
-2.282813327693080639e-23
-5.584077882818069670e-23
-1.640231873800135557e-22
3.021537827904605540e-23
-6.647769364534405218e-23
4.959764201639945036e-23
-2.186688707669246726e-22
5.487934176879425869e-23
-5.233183720104604615e-23
-3.381178394638400876e-23
-7.533696662331450263e-23
2.172070345583309343e-22
4.777830035499519680e-24
1.531911175948398559e-22
5.454739566177192166e-24
1.668371707406821320e-22
-1.370882777976848206e-22
-1.603210682341606669e-22
3.647841360040497611e-23
2.097614583349896682e-23
1.285245757710475737e-22
-1.608857313239541711e-22
1.118888671743575410e-22
-2.516788183369881581e-23
1.390915704429639673e-22
1.114699412834750407e-22
4.310425344362448410e-23
-1.475145557548073111e-22
-6.199484974291966201e-23
-2.550949087093073954e-23
1.609657954416927020e-22
-3.657434967195356403e-23
2.149757375021089827e-22
-2.801826051882706790e-23
1.645654748515424289e-22
-1.389850582811329400e-22
-1.505639797229176662e-22
-1.527362252074521647e-22
-8.153491082992367727e-23
4.294586632917305462e-23
3.225265524863620242e-23
1.600430041919261418e-22
-9.860785053152979913e-24
-1.700197817976278776e-22
-3.101683728205591215e-22
2.120124760314836182e-23
-1.534544995124763680e-22
-2.840725124687173971e-23
-2.639607524559763706e-23
1.716727937232353707e-23
-1.709390426762138497e-22
-4.796986178497185245e-23
3.692182709573611371e-23
-1.354039220022133269e-22
8.960682259255844743e-23
-1.139044738768702133e-22
4.144466072541450776e-22
1.274080531391525687e-23
-3.983017511459273129e-23
1.207349829130296289e-22
1.148700340489310438e-22
4.843980723320507991e-23
3.066346838348073712e-23
5.404598395744540749e-23
1.300180598708982284e-22
1.508974240748428502e-22
-1.233516118198351194e-22
1.473002820622383017e-22
3.483795282168831887e-23
7.189575173111066493e-23
-3.292364623350919638e-23
8.845705978577671956e-23
-3.427312257684988929e-23
6.008310928901117859e-23
2.608769594871725965e-22
-1.424399099289717064e-22
-2.743450482721079140e-25
1.462392609646133932e-22
-2.212924779854232392e-22
2.091520818833326293e-22
-2.918424398423851087e-22
8.301532912227403037e-23
-6.534233514536214983e-23
-9.179681923404024511e-23
-6.371953726919285396e-23
9.147088403154592092e-24
-6.815146224152892213e-23
-2.204636574542952192e-22
-9.612952966793267993e-23
-1.749265925180246004e-22
-1.771439831973688355e-23
2.197539479943199196e-23
1.128633649130860520e-23
4.908720411781846393e-23
-7.285676623493116787e-23
8.217072380893190296e-23
-2.383088864782571197e-22
9.897354161245307276e-23
1.496466574330132089e-22
5.936781360455760132e-23
-9.980212437123320381e-23
1.233509641637048468e-22
-1.618462476661172779e-22
1.384363312720179505e-23
2.117856683647115349e-22
3.176808030732905782e-23
-2.394749427848335877e-22
4.477263675904836249e-23
-9.088208568086191001e-23
5.700227852688110556e-23
5.619007185658700152e-23
4.370457847440742390e-23
-4.667020839223839767e-23
-1.953457710494675054e-23
5.113250949848909088e-23
-1.087900885739747060e-22
-1.070154293805554147e-22
-1.188258888004952821e-22
-1.721425871784407138e-23
3.636669260653606361e-22
-4.600365362118739330e-23
-1.888760648072253238e-22
1.831917180913090178e-22
2.702337850931200860e-23
-2.384379740571491928e-22
2.521694255045144853e-22
-5.817199740191897601e-23
1.798825285274206791e-22
-1.331729184765477300e-23
8.584188926648410102e-23
3.105124967000197078e-23
1.000936415811541040e-22
-5.662017429767570054e-23
5.180090165211675185e-23
2.429708978294986073e-22
-2.157751969069812384e-22
1.727304868843772493e-22
1.442211631097172272e-22
-1.482776590556573493e-22
6.096484501705457551e-23
2.054905461638764795e-23
-1.326394985208179258e-22
6.419426945309608000e-23
-2.480183387616534093e-23
-1.678656681824438986e-23
-6.423494055000471153e-23
9.779452906707171733e-23
-5.947148700464721742e-23
4.189621510688053707e-23
4.587220266935004254e-23
-1.301273092041832453e-22
8.182058166905504365e-23
1.059296940038160848e-22
-7.413276943997863592e-23
-1.558689225864632490e-22
-8.412909102904922254e-23
-1.061586504169059868e-23
1.007371294503518963e-22
-1.567716069994141663e-22
-8.383711071252284663e-23
-2.511850148017302149e-23
-8.067176438604101296e-23
1.310784772394308925e-22
-1.864900034041511949e-23
-1.671938117994343670e-22
-3.911345798451316547e-22
1.665028209326739074e-22
-4.830066779780787469e-23
-8.648556909550710273e-23
-1.735571254808474781e-23
-4.287080456343750448e-23
6.825141409912249044e-23
-2.058826989267724781e-22
-4.319498209187505638e-23
2.246740539729476724e-22
-2.393764698678739987e-23
1.170916258057246435e-23
-3.554444519386441335e-23
1.706663880560658580e-22
1.467568894825388386e-22
1.141020793923605384e-22
9.355668108874141856e-23
-8.092077930224675188e-23
1.626763530786355510e-22
-1.195988789279947354e-22
-1.444009254752213448e-23
-2.728788262832412333e-23
2.179188468646685970e-22
-2.068939014580694090e-23
5.612485704244279409e-23
8.606769367118072300e-23
-1.222763019269233904e-22
-3.886272340936384349e-23
1.207542885059789054e-22
1.497049324366455403e-23
-1.262362699282992159e-22
-9.138029608911470461e-23
7.056389415745251912e-23
1.565226214423302367e-22
-2.420356685122125410e-23
-1.340545539606088111e-22
2.386438906569730329e-22
8.400491901207086047e-23
-6.570815231221228541e-23
5.776794225611553442e-23
9.017117863161323294e-23
-9.187595722084430648e-23
4.368824026657760790e-24
-8.848011781018541600e-23
1.631016957203907092e-23
7.989918395932185417e-23
6.642901681225092730e-23
1.285571658723698224e-22
9.194852349352211821e-23
-3.895527741373663975e-23
-1.168026728168646328e-22
8.954855327739545851e-23
8.607039077881583957e-24
-7.590751309363243209e-23
-3.949781251787620176e-23
-2.274652760707367544e-22
-9.013808906896812500e-23
-2.607099756649626081e-22
6.807481823240876812e-23
-2.664600736127301443e-22
4.949549762686307544e-23
-8.371363236840365697e-23
-7.680605255263027053e-23
-9.646363235171699330e-23
-1.777508379433501424e-22
-1.881091087533359822e-22
2.265130659565527915e-22
-2.343117538245790070e-23
1.941196695864157526e-22
-2.347757944775232125e-22
2.722261572621642257e-22
8.928949961077151269e-23
1.735573949592957731e-22
9.298272450687507140e-23
3.301819803806973481e-23
-6.484103387056732143e-23
-4.692140858100025694e-24
-1.758784873836614386e-22
-1.048333243136735431e-22
1.036483075281872200e-22
4.366910967466541371e-23
4.974542483397597185e-23
-6.048500340774652395e-23
1.727827947656110234e-22
3.409875009686616990e-23
1.202113014176308765e-22
9.180585194675436038e-23
7.701741184949919818e-24
1.566937589782582456e-22
-2.123220407173571905e-22
-9.981924084828463227e-23
7.961040338423999741e-23
1.108304816554361989e-22
-1.407612405737282531e-22
1.889343931379647051e-22
-6.933072122419965813e-23
1.189559020406000303e-22
-3.775217448011785143e-23
-5.127577572664391868e-23
8.181181419417395712e-23
9.682348771411412485e-23
-3.067831724344367600e-22
2.859396172504981591e-23
4.497079304215776775e-23
2.283166594914521266e-22
1.922850114567864766e-22
-1.075350324387707721e-22
-1.717469506338811667e-22
-7.428496397162271824e-23
2.529335822981848415e-23
-1.192741546308590652e-22
-1.928412400905638838e-22
6.208809705134980548e-23
-7.457466296646824324e-23
6.418052270241613413e-23
-7.639417271676742709e-23
-1.571115013931587607e-22
-3.667920796041911434e-23
-1.177468254164850715e-22
-6.158011005629622331e-23
1.935679835309497956e-22
3.462969726068077655e-22
-1.999754156402844807e-23
3.159014800185973092e-23
1.411041822577728850e-22
1.197238477339778918e-22
3.736499210562038229e-23
9.496065177148505917e-23
-1.751467341202341229e-23
-1.387374308874253084e-22
-1.852984211994956586e-22
1.262108227159942307e-22
-1.089681988188300607e-22
2.237539301013958491e-24
-7.651529427879239107e-23
-1.705832174456207755e-22
1.478276196818894902e-22
-1.523878195679411128e-22
1.576150898169195678e-22
-3.341773399758225085e-22
1.033533711522538349e-22
-6.780085436532221996e-23
7.024474821738362284e-23
-1.442331226217405626e-22
-1.391243262827101911e-22
-1.469853548284819531e-23
-6.327074488765752093e-23
7.200789823462692405e-23
3.155224322207987589e-23
1.591350588184759578e-23
-7.625938441463808234e-23
-4.080010965116663644e-23
6.314498328114701107e-23
1.283853239389594965e-22
-3.194318326183209238e-23
-1.934539555692156537e-22
2.620822581810785219e-22
1.975722875713560340e-22
1.651250552308654906e-22
8.031248292705380265e-23
-1.720169895280115984e-22
4.599853447818275819e-23
-1.505756824699521877e-22
1.950163873846028326e-22
-1.652713945964994019e-22
3.939575630878635632e-22
-1.677905062893940880e-22
1.154376039985373275e-22
5.803108335626307259e-23
2.731765200622854355e-23
1.905600673019159166e-22
2.018333835417081410e-22
5.471137811680830826e-23
-6.371754692165869166e-23
-9.667979715944745769e-23
-1.212839786748689970e-22
-1.269552751965282031e-22
7.831432257950953620e-24
3.407304894677821377e-24
-1.862137002871808202e-22
3.185477891439974780e-22
-3.189923893383715073e-22
2.777021941605168456e-22
-6.098477085552948939e-23
-1.004125390302218323e-23
-1.532721553441123798e-22
-9.799620517624190194e-23
-2.694845186684298929e-22
7.494501867171630534e-23
-6.272294754127374637e-23
-1.147519211281564854e-22
-1.928109797549186330e-23
1.438948842402929407e-22
4.858793204389626973e-23
-7.015630474082513141e-23
-2.363548198958933280e-23
-6.332081587963664599e-23
-7.487194489286897139e-23
-1.502712791001268374e-22
1.582023099335727487e-23
-1.644620619811434876e-22
-4.582451002538223256e-23
5.553803596208239159e-23
5.898626712030539306e-23
-6.122463194084539054e-23
4.897179701860796542e-23
1.490414512124669397e-22
1.752877563839678809e-22
1.577212334767574338e-22
6.203058272581086514e-26
3.651703596666922495e-23
1.606579997093527103e-22
-1.347442254379858757e-22
1.886820581083135978e-22
-9.346499667365011085e-24
-2.527713234009825999e-23
6.954052733371283074e-23
1.784041684267211462e-23
-3.569227492715873255e-24
-4.868249767338520091e-23
-6.570061423687810281e-23
1.290293965175579678e-23
2.758270161140037788e-23
-1.892393694760653270e-22
1.712765043545375820e-22
-1.546914003776015223e-22
1.830468472705646279e-22
-8.758240916614358640e-23
-9.931808984599550758e-23
9.935305397515709977e-23
-6.696668259913382119e-23
6.437052851133882260e-23
-2.156783696258391881e-24
-1.884802434604410097e-22
6.622638619140477488e-23
-1.970562122263241660e-22
-7.927548219661601635e-23
1.925643690957057052e-22
-3.003241092878868024e-23
-8.186878022369813702e-23
1.995050698261761456e-22
-2.905469587268357076e-22
-6.968616065840112996e-24
1.609945663159575876e-23
1.147603781738187446e-22
8.222042601420498881e-23
2.966691599517474252e-23
1.199040111315640500e-22
2.044421371642506457e-22
-4.917157905712325257e-23
-2.469513739478990843e-23
6.136665180638818638e-23
-6.819742725244218542e-23
2.547390086495451510e-23
1.625555727947768900e-22
-1.216935656504493525e-23
6.787739721633621797e-23
9.124989552318546364e-23
2.313866362140487373e-22
-2.316420941936541187e-22
4.278509358715337501e-23
-1.471482674506066549e-23
-1.923551868442392039e-22
5.595132309819940090e-23
-1.099987398366224642e-22
-7.901920404683949929e-23
1.019091286377978683e-22
-2.103683898980294802e-22
-1.094554107058676742e-22
-1.656263015672256855e-22
-3.579614756759761351e-23
-7.591922910719671497e-23
-8.494816086962362092e-23
8.294620849361163252e-23
8.013616742594298613e-23
-1.119181955362337788e-22
-1.514506202765466914e-22
8.627834808488679277e-23
3.633349203750345873e-23
2.132923389801877394e-23
1.059633857728029854e-22
-2.037243321368766391e-22
2.408193550037509297e-22
-1.056155099907950873e-22
-1.481181384147956618e-22
-3.250820907547916804e-23
-5.655493709194400962e-23
1.529519560216512325e-22
-1.068320187859287565e-23
2.322651947672834402e-23
2.217837253056849052e-22
4.530254667110393924e-23
1.111435487080315852e-22
1.025221361929690280e-22
-2.978249130178425473e-22
2.746595265551322916e-22
-1.022411854470314097e-22
-1.996676400183410633e-23
2.218891463191787215e-22
6.249651990175977262e-23
-1.129498052025356258e-22
-2.706341793594429595e-23
-3.558807751455051590e-22
1.433391274650659864e-22
5.655030571384082932e-23
1.033560157207546209e-22
-1.002324403148937387e-22
-1.378488867027212162e-22
1.804340979027963709e-22
2.536019065038708468e-23
2.794842896535202524e-22
-7.569813269036533616e-23
1.164532852945588675e-22
1.501909804158504919e-22
-1.097928826857610580e-22
1.227515869431865127e-22
-8.964717733656252481e-23
6.536022150569399190e-23
1.658485642327478530e-22
-1.037863810047932068e-22
1.286626276465254547e-22
1.402620735885545990e-22
-2.797595151182010472e-22
-1.299727743536473850e-23
-1.100790038489583658e-22
4.039108841335408224e-23
-2.366884318569422409e-23
-1.333920101281750203e-22
-1.722149463459569102e-22
-3.998982982010379454e-23
-1.666413011691896845e-22
1.520974900860084745e-22
-8.123268310081804722e-23
-1.208459597074828014e-22
-2.321397459259580059e-22
-5.400078531621870686e-23
4.308556196848201286e-23
4.474462550000928742e-23
-6.786629039593639948e-23
-2.113916872795508902e-22
1.834000082106928992e-22
-5.279198659032380475e-23
1.134085925672395760e-22
-3.061906550923365467e-23
-1.262596466791855649e-22
4.057707770101171922e-23
-2.421569527715617094e-22
1.977986754101495809e-22
-1.207466510772795693e-22
-4.485661337474554119e-23
2.106127326464262612e-22
-1.077607651738917276e-22
-9.227331525267365407e-23
6.830389720575395864e-23
5.659013542238962696e-23
2.263937328101816935e-22
5.320826965054405994e-23
2.415307361496153197e-22
4.404406174148936491e-23
1.800453619932849443e-22
-6.865710072393689408e-23
2.427057013463749818e-22
3.781024098503839239e-23
1.657747351923655253e-22
-1.038733416282230633e-22
-4.675510122136872918e-23
1.795084527149265953e-22
-2.063904270098780648e-22
3.292236153131353200e-22
-4.261023053648900443e-23
-1.239948160402861330e-22
-8.721362470142166131e-23
-7.423030263298539293e-23
1.697788236969077351e-22
-8.780011415670888387e-23
7.226278006648957637e-23
-2.241272576534068995e-22
8.902714964427177399e-23
-2.381493970935448479e-22
-1.748985213074179945e-22
-3.872854177582005012e-23
6.995355687727792164e-23
-5.423962803989236484e-23
4.294148224973649477e-23
-9.816910350256720814e-23
-1.712054161611707705e-22
5.765445767876721632e-23
1.241351162711584907e-22
1.152091899001353531e-22
-6.260673844680760946e-23
3.540466553739165467e-23
-5.866267541052662672e-23
3.286781759357140055e-23
7.300584546260296326e-23
-3.320373316527895835e-23
-2.429072252713069275e-23
7.056518501219954178e-23
2.832925860171536515e-24
-5.741915618367144694e-23
-2.423135904478553859e-22
-6.376841376601531861e-23
-7.010705452308361148e-23
-2.900300324804992908e-23
8.510661627735452966e-23
-1.273806677375553560e-22
2.272049122755209748e-22
-2.618210506597887118e-23
1.172063983943127971e-23
5.845308576414628847e-23
1.026221741044556528e-22
1.661220611268530685e-22
-1.014629116976971237e-22
-6.527760947469578436e-24
-8.637318652500330363e-23
1.824831624155867213e-22
1.416249944718650252e-22
-1.147709995116172551e-22
1.237448720232391816e-22
-9.388991671472987338e-23
-8.493657657859331939e-23
-1.766550006592650738e-22
9.740969047115507987e-23
-2.857505561702539998e-22
-4.340662535323285352e-23
-1.281249340107095063e-23
-2.453284049505948119e-22
1.451298566467221896e-22
4.360394330515719834e-23
-1.315042755239978276e-22
1.357346882342546095e-22
1.571206608969610020e-22
8.516320612616041293e-23
-7.927254530443838495e-23
1.320706830960426672e-22
-2.776080419936426455e-24
1.726871302175060686e-23
2.403529957224124433e-22
-5.572602144719435574e-23
2.070725617785430149e-22
-9.796888220034892481e-24
3.122822622131553102e-22
5.634066246866551079e-23
-5.298527099753813849e-23
-1.064612859162191288e-22
8.134184517644517050e-23
-1.936473215502907054e-22
1.815202647381716815e-22
-2.515827140296791104e-23
-3.095607932647815159e-23
-1.834602216819164392e-22
2.102222203219010633e-22
-3.122944392224404570e-24
-1.407620201893819717e-22
-3.529729731646669356e-22
-1.043130975374252342e-22
-1.348011779972840387e-22
1.685007232778926511e-22
-4.576810620407673607e-24
2.720068771985799713e-23
-1.946776103187431954e-22
-4.508391970134692864e-23
8.830362279052402412e-23
-8.220953191349055095e-23
1.831180018196615124e-22
-2.821475564133789493e-23
-5.368158500670517728e-23
-2.343862941525421461e-23
-1.452692457053522781e-22
2.427456888047017704e-22
-1.642522673998341050e-22
2.389184881243165409e-22
-2.228670609587128101e-22
1.058137131429624702e-22
-9.088998935263618351e-23
2.327938437989627567e-23
-9.481473397210908244e-23
-1.769315477484180661e-23
-5.598021010270416224e-23
1.321785746998397987e-22
2.936135212654728481e-23
1.050724902633052877e-22
-1.240562980664802110e-22
-2.983858144485300967e-23
-7.169224144422088955e-23
2.428247081911109386e-22
1.345283905081166937e-23
-7.587756268814948232e-23
5.061041572065137666e-23
2.230726999301179494e-22
-2.172048911874381326e-22
8.183435695635835871e-23
1.273330960939168918e-22
-7.482788099668162720e-23
-6.285486462094231928e-23
-2.161840005253984532e-23
5.087537947577602713e-23
-1.650714041499653106e-23
8.709801030938578879e-23
-2.448790909619451342e-22
1.382357301060803107e-22
-2.428155505643590710e-23
1.684752733522154969e-24
-3.057900939363954368e-22
1.423813739019895151e-22
1.526757965612391284e-22
1.811896529696821709e-22
-3.465244693918705373e-23
2.116914211416548922e-22
-2.370074950255416812e-22
1.082490426509226546e-23
2.472075646533037838e-22
-2.374664333922555943e-22
2.408242038226227678e-22
-4.239083062626384107e-23
-6.145843461397780354e-23
-2.084212126114064010e-23
-1.819783334316029565e-24
-9.409818930574274344e-23
-7.166760539656925274e-23
-8.453234012312264390e-23
1.939447435501599453e-22
-1.370720864919332414e-23
2.446498486033435431e-22
-1.716347464005812642e-22
5.443656853315277060e-23
9.246477750982834613e-23
-5.245402477224812473e-23
2.702891239780248544e-23
-1.287864545896803374e-22
-1.760082301649340094e-22
-2.741465914249039262e-22
9.343652201044330633e-23
-9.785391723407895847e-23
1.746975296797260586e-22
7.277194172314600577e-24
-4.294696750235051480e-23
-1.698853951634488553e-22
1.384665687727493787e-22
-9.658620676478735648e-24
3.270952087548955771e-23
-2.383136192798896362e-23
4.853672353509180786e-23
-5.634220520724095385e-23
3.596218306516328379e-23
3.266768001276299156e-23
-8.159311082031734166e-23
-2.074440024715538716e-22
7.407820832355916042e-23
8.712253758988398505e-23
-7.732241448685183531e-23
8.599007315735046392e-23
-1.827742516563930836e-22
-5.358988180790049106e-23
-1.594706026735980912e-22
3.372020334290534393e-23
8.777146551675954143e-23
1.270015093194400592e-22
1.942280117143368438e-22
1.219862302815819628e-22
-2.427139811987366959e-23
6.032641513382131574e-23
1.021084798980332040e-22
-2.133789810576318875e-22
1.447160198248462251e-22
-2.119808716322111790e-23
1.270619126770146337e-22
2.035345430330483205e-22
-1.987567398391799163e-22
7.659541800817065387e-23
1.191613494024216053e-23
7.450568595178445439e-23
4.308599518954600132e-23
-1.221091003899985129e-22
5.556789741890736099e-23
-1.401173245085283510e-22
9.344584324706514090e-23
-2.436359739690465079e-22
1.743231681634718426e-22
-3.600131703844409735e-23
1.390896798655726402e-22
6.625911726213628819e-23
3.382216698223195471e-23
-5.581154417143329216e-23
1.009163073003938706e-22
1.514800219544086670e-22
-2.576815111537492985e-22
-2.186994368425694462e-22
-5.942421044515808656e-23
-3.307025378383352164e-23
-2.716180937354124842e-22
5.075137635794562871e-23
-4.434290915638670320e-23
1.816002512905405143e-22
-1.417252113856737248e-22
1.177268436993568026e-22
2.356330318132124947e-23
-8.793968959559269488e-23
3.820873683479880532e-23
4.301738854702540857e-23
7.453026961570867889e-23
-9.911258397167885334e-23
7.393701939302463580e-23
-3.192876267501165771e-22
2.381505082523554478e-22
-2.671882627830561511e-23
-1.039140503663286922e-22
1.152897643418945946e-22
1.169669127797697018e-24
2.025933097340868631e-23
1.406571955887390604e-22
-1.925323595184696954e-22
1.315739926245846821e-22
6.791534579913475091e-23
-7.259281133173879446e-23
-2.643717602850080727e-22
-2.223611488254161994e-23
1.922170695584912305e-22
2.560786469674968239e-23
1.250835209426059252e-22
-1.310770778888723646e-22
-1.316440915006591104e-23
-1.017511426547974309e-22
1.276770850761596663e-23
-1.482121361231304448e-22
1.035591041696696494e-22
8.036713361149223777e-23
1.627943142983203964e-23
1.411528264012162327e-22
1.870241407723309975e-22
-3.275430061149811308e-23
4.977502485493979165e-23
1.333595479140719941e-22
1.083963031568928821e-22
-2.649683161419413607e-22
3.833372381461519899e-23
-5.401933512920846597e-23
1.027964225870177138e-22
-1.760634973284350365e-24
-3.534109827351469414e-23
1.341951460781866092e-22
-1.670580616660157975e-22
4.449043091789531319e-23
5.424666057770481048e-23
-1.013571639215615222e-22
-4.534531923442362388e-23
-7.468319519586686126e-23
-1.338705352506869397e-22
-8.586214253562149731e-23
2.062120940198209830e-22
-1.179676333927925638e-22
-6.854290565959589508e-23
-1.076444479599325211e-22
4.038653917704188840e-23
-8.120910855045010576e-23
1.803487871733566383e-22
1.295195308588855946e-22
-6.914931859303316583e-23
-4.286898840672202122e-23
-2.391224625102920050e-22
-5.976726641286776966e-23
-3.744772187499889006e-23
3.324680270986683276e-22
