1.485383012748694061e-21
1.524687089402744563e-21
1.429815704259480300e-21
1.397242710389187423e-21
1.670267627225456666e-21
1.589897479405515554e-21
1.528024298562569564e-21
1.575144590746616241e-21
1.814288413672624105e-21
1.347418999830482760e-21
1.598422966545243385e-21
1.552983626485052514e-21
1.670388195930807597e-21
1.498859032243872320e-21
1.859944614422696875e-21
1.669468284176989023e-21
1.899456576363222687e-21
1.778945058997714524e-21
1.407618284310855615e-21
1.738314125409771144e-21
1.718801943350774125e-21
1.677468234288849601e-21
1.597288703437273372e-21
1.455196786997960943e-21
1.678574151808412675e-21
1.594350698586111504e-21
1.616779584167566032e-21
1.362037863084778478e-21
1.652642762315556116e-21
1.561887455315414866e-21
1.266138689206279579e-21
1.401697936166310047e-21
1.511031653350863086e-21
1.314027879863011131e-21
1.362393413844219617e-21
1.298714309384242448e-21
1.023093442125922474e-21
1.525485580121405286e-21
1.187721156323551786e-21
1.118696932081715049e-21
1.086024357315813788e-21
1.053131134349501800e-21
1.014286254845807411e-21
1.175770185064434389e-21
1.003935834015215222e-21
8.624098141676158407e-22
9.614354553753083197e-22
9.233114562931708960e-22
8.021852334070879821e-22
9.299223661194518584e-22
8.208647481384848727e-22
7.328941751244822028e-22
4.918489145533296791e-22
8.459517795863628500e-22
5.937888445099805551e-22
5.182353552073288930e-22
4.918149307195247414e-22
4.871119789178904751e-22
3.956557857598141439e-22
1.613673460288434820e-22
5.286586525321635528e-22
3.905842032341059249e-22
2.889713412631913139e-22
2.476235346056277818e-22
1.174428603216764535e-22
1.903541412724188641e-22
1.598333166400949821e-23
1.224143057385750438e-22
-1.548620924503990269e-22
-2.706829580493649810e-22
-1.321878775261650884e-22
-1.463442498555138629e-22
-5.303358799627771531e-22
-3.085375353328312414e-22
-3.865866493662267681e-22
-3.820342226124984391e-22
-1.945848819874680246e-22
-6.498175441250924339e-22
-2.485471016063807848e-22
-7.102368921997541060e-22
-6.885570554790865752e-22
-6.549502293491304282e-22
-7.165383621415253641e-22
-6.142604381524894885e-22
-8.361138282451950500e-22
-6.363347518146434524e-22
-8.641681864913364043e-22
-9.677399473568470129e-22
-9.034057543147712472e-22
-8.013071642212599974e-22
-1.217317449304793051e-21
-9.828971709519158969e-22
-1.094797678992726845e-21
-1.040274403261623382e-21
-1.080085639298200974e-21
-1.137143778309689677e-21
-1.213724442623295163e-21
-1.293927942584483160e-21
-1.341567080353790588e-21
-1.367052188123508329e-21
-1.265224809358165237e-21
-1.510751992347270741e-21
-1.122532710573302368e-21
-1.692876492348546737e-21
-1.294939873131677940e-21
-1.476875881850918794e-21
-1.368364498068501398e-21
-9.801123383319780053e-22
-1.553366039557426406e-21
-1.702048926283154141e-21
-1.556175475578663364e-21
-1.460660898064066937e-21
-1.838343503957018678e-21
-1.315850821388188227e-21
-1.733464531327727321e-21
-1.543818118231898888e-21
-1.678890050582756159e-21
-1.517308157994469935e-21
-1.776126147708741565e-21
-1.651189322777545053e-21
-1.887829616595337408e-21
-1.591210708180772222e-21
-1.711541282803167699e-21
-1.535806082070308170e-21
-1.630380756472758848e-21
-1.691227956981285654e-21
-1.772927603097399015e-21
-1.605996844650468210e-21
-1.611442388904344466e-21
-1.842753323461187459e-21
-1.629667996111114085e-21
-1.718662590529929331e-21
-1.511020457336292454e-21
-1.521270346950354636e-21
-1.504128152234451087e-21
-1.540456748633306167e-21
-1.455540037238545199e-21
-1.445088676863099178e-21
-1.242602124023137482e-21
-1.705853746948642409e-21
-1.247363399982428273e-21
-1.518360808856008935e-21
-1.497284052757360095e-21
-1.339998228302778201e-21
-1.352740885614980376e-21
-1.067097056888992796e-21
-1.273776810115315743e-21
-1.161424785645880676e-21
-1.118444177544467578e-21
-1.265763158421613296e-21
-1.010476879638381870e-21
-1.148497031651998836e-21
-1.002768846813707693e-21
-1.337564890515450351e-21
-9.320444999266585397e-22
-9.263458877326226935e-22
-1.107146598198244434e-21
-6.851844833190276535e-22
-6.876247887956222203e-22
-7.861614465948602383e-22
-7.502722980316269891e-22
-6.007122311288182617e-22
-5.399491687327455640e-22
-3.423436294174711362e-22
-3.934784923294779544e-22
-4.801904549061022936e-22
-4.295524860242169632e-22
-4.430171018542393435e-22
-3.472813110980900226e-22
-5.068045835566140314e-22
-1.287592362194371566e-22
4.900214554982444013e-23
-7.974460272221969945e-23
-1.223518716709260194e-22
-7.182707538295798602e-23
-1.114069695640370757e-22
2.256924136035671722e-22
7.269152689681660704e-23
1.811660956667310766e-22
5.247794404837536260e-23
2.012370377442907508e-22
3.448165366645876106e-22
3.170314670264936617e-22
4.367005468599991261e-22
4.584301718775898423e-22
3.941809758981338978e-22
4.580833400654196011e-22
6.578328741021366582e-22
6.706321662184722064e-22
7.547110224221667210e-22
6.859261085454622928e-22
6.432010979240246883e-22
7.967785334711713673e-22
7.164842760637101004e-22
6.735936068330326665e-22
8.221062061954420690e-22
7.413366007054168009e-22
1.137357596639364693e-21
1.039530464224486589e-21
1.238528141474863086e-21
1.103131558951750997e-21
1.002216872875364071e-21
1.284073539991711164e-21
1.191939219701829999e-21
1.307075562105494095e-21
1.135997774339084745e-21
1.439345070553121857e-21
1.254259328259287786e-21
1.309692967050175016e-21
1.420349933136004664e-21
1.316787846192425829e-21
1.531052005764341225e-21
1.449820436356826751e-21
1.317299219205679183e-21
1.827155222884225263e-21
1.584019094231395021e-21
1.582749443008004311e-21
1.424057230209107111e-21
1.884200807735183066e-21
1.612005702720352641e-21
1.488253886664632843e-21
1.724039559925874480e-21
1.405813132974615433e-21
1.729861759626660622e-21
1.771593135156007550e-21
1.932423048734219953e-21
1.644817830736666720e-21
1.736988579228154605e-21
1.752081867193867394e-21
1.847161907338164209e-21
1.571959520142721656e-21
1.737670850557533636e-21
1.516272489328641589e-21
1.552347640991432735e-21
1.652756248998374531e-21
1.635757558173027855e-21
1.725016567141908274e-21
1.412977301652812908e-21
1.531462901278176856e-21
1.660362415352735770e-21
1.543032526199856916e-21
1.639368580282751327e-21
1.535250457250007962e-21
1.594780583335127099e-21
1.587142736509449211e-21
1.551329241309125305e-21
1.287301591518913426e-21
1.268862615435241674e-21
1.339449718794986638e-21
1.271911613183275519e-21
1.284280666740883470e-21
1.155954035620277527e-21
1.405147800888223797e-21
1.313441715699759618e-21
1.242593008607244067e-21
1.409446925709431613e-21
1.174459137052597686e-21
9.612061739740831797e-22
1.162573403319078780e-21
8.683923997589570941e-22
8.288099106555776163e-22
7.987429168957906135e-22
9.899286651284955277e-22
1.051444050973752719e-21
7.596537432940262584e-22
9.310979787574190139e-22
7.797578836999234357e-22
6.263185666156057867e-22
5.706532214063628178e-22
5.363890950622418882e-22
3.575893816797562771e-22
6.345178780682373424e-22
2.235165622187215914e-22
3.711972151875033777e-22
3.729460629429663535e-22
3.588831807244409338e-23
3.053814976090619542e-22
8.776800448383581772e-23
2.048645452791554895e-22
1.889741900093408655e-22
1.337763837210641198e-22
1.706375211532167478e-23
5.010524462403926333e-23
2.041012001571199912e-22
-3.302864653322174506e-23
-3.294695207291456467e-23
-3.889015972464261771e-22
-4.026343988890942628e-22
-5.962738977149935088e-22
-3.322396130380701575e-22
-6.274480264381242096e-22
-4.593052409665475793e-22
-6.676809187614463001e-22
-7.275130040586378076e-22
-6.802564515474869972e-22
-5.058076553924722242e-22
-7.440914011370931880e-22
-6.324811444335805126e-22
-8.520511699262266231e-22
-7.671856537243998558e-22
-9.445358283606589521e-22
-1.071605617853230846e-21
-9.612726002456742779e-22
-1.021667331141463316e-21
-9.176948089953876031e-22
-1.045270766392398607e-21
-1.168975324262877463e-21
-1.154269017137965242e-21
-1.217215023232747485e-21
-1.301963312452131344e-21
-1.544901161832148710e-21
-1.370653109039621242e-21
-1.627155281199863491e-21
-1.258922895949578941e-21
-1.451390630990907776e-21
-1.328287176318857595e-21
-1.497483997239852965e-21
-1.447983597679618492e-21
-1.213008518005978057e-21
-1.524558264653287165e-21
-1.538783482161765950e-21
-1.630199503400378303e-21
-1.698863015946774769e-21
-1.621617916893786989e-21
-1.837670625783159688e-21
-1.490030031589635063e-21
-1.755315799691904824e-21
-1.820426993943484810e-21
-1.710857367156099429e-21
-1.638666510127641531e-21
-1.835338045789978668e-21
-1.897035204967744421e-21
-1.747692582226675004e-21
-1.547379449740386192e-21
-2.078204716211002335e-21
-1.657389137484548284e-21
-1.635808382196801224e-21
-1.807207237339707740e-21
-1.688583491511981746e-21
-1.433937158137169661e-21
-1.821414831896106046e-21
-1.525294033358921433e-21
-1.556121103021061369e-21
-1.628819977595455959e-21
-1.594560518261339838e-21
-1.313113771286061920e-21
-1.536454753834293511e-21
-1.287201991956918365e-21
-1.407167803071531122e-21
-1.352494343485670584e-21
-1.558680951204513700e-21
-1.274444791813317966e-21
-1.239833737807095554e-21
-1.279775666377864894e-21
-1.249710752810183398e-21
-1.408049336416098222e-21
-1.150684137845535487e-21
-1.450329171648322726e-21
-1.486778830280383311e-21
-1.179704800811121930e-21
-9.758119201521436395e-22
-1.395736333875053088e-21
-1.190670767939982798e-21
-1.016250646476849321e-21
-1.202984515327881248e-21
-1.060561512727244873e-21
-7.864664269599336252e-22
-7.481246182335470878e-22
-9.542016559356244783e-22
-7.788203284083376435e-22
-9.184892296554756767e-22
-7.628006676756750809e-22
-6.268720583698229069e-22
-6.862946870671276613e-22
-8.831999321696125609e-22
-5.378616812906166101e-22
-4.942721048624094239e-22
-3.889056250629713654e-22
-3.250038633766484668e-22
-2.401601870178457099e-22
-5.677103522869035784e-23
-3.113286518334030796e-22
-3.097404948100690255e-22
-8.813395050666304301e-23
2.241142967633679492e-22
-5.077882112780522542e-24
1.823404730083784035e-22
4.263644312532986790e-22
1.969101869759885088e-22
2.825438045293869586e-22
3.394806689402802447e-22
3.871314444489620905e-22
4.292353238139877058e-22
4.470771997528679303e-22
5.570842288209789933e-22
6.814335116580952091e-22
5.578634433732707784e-22
5.340892063203429442e-22
6.205810707225810175e-22
6.278188840860406665e-22
8.182526869830185550e-22
8.380180676898400089e-22
1.177081115006741450e-21
8.702478917082485661e-22
9.263532017923726606e-22
1.110378018673723215e-21
1.336526148252626263e-21
1.196469118775708525e-21
1.269169605891538856e-21
9.547703651910578255e-22
1.264250170005424821e-21
1.105766949471633510e-21
1.315637939539533358e-21
1.363227662649176088e-21
1.193511392528466844e-21
1.262111125235103248e-21
1.405823091049049032e-21
1.455313234678091317e-21
1.547911777299495544e-21
1.428273721645945348e-21
1.476618770591657219e-21
1.510194997532232967e-21
1.493452470245199508e-21
1.434635809893171548e-21
1.645683877411204466e-21
1.522184391996059569e-21
1.636722337032495248e-21
1.644644983816043008e-21
1.751304951005912605e-21
1.606655156174625532e-21
1.552601538274649157e-21
1.679627981399567075e-21
1.673294574428673938e-21
1.689027813878469366e-21
1.830739053194859064e-21
1.782385031389778769e-21
1.570722429733208999e-21
1.895734924978957855e-21
1.345358584546896480e-21
1.709452754770366463e-21
1.736043550395089566e-21
1.719029656726997265e-21
1.785931655696404736e-21
1.499344409118726674e-21
1.654203924574135668e-21
1.684412528059928779e-21
1.674248220532371872e-21
1.939313298272191604e-21
1.342325891386910341e-21
1.878883432341501031e-21
1.591876072693837751e-21
1.709978289481452276e-21
1.625656204106721843e-21
1.402451354105716959e-21
1.360532976455863067e-21
1.468873846524970761e-21
1.135034268595063397e-21
1.660935960294683119e-21
1.237069926675497591e-21
1.490474450684432392e-21
1.212787532764741247e-21
1.313163202840259062e-21
1.289909116020373247e-21
1.081303418625192688e-21
1.125293819958833713e-21
8.959206593430156078e-22
8.777273328330380857e-22
1.197335794983940757e-21
8.718170321236227975e-22
1.055585140086977305e-21
6.625715989743999185e-22
8.979259984988657879e-22
8.002033315694772540e-22
5.454422504134732506e-22
6.122542266974712560e-22
7.715193010175632092e-22
4.867349728477246629e-22
4.674258027127798667e-22
5.004690067798390995e-22
2.015975545388494504e-22
2.319576153574181688e-22
2.623628339302129539e-22
2.019733718382462442e-22
7.040914398658953465e-23
-1.460838476444794374e-22
6.920634961770435886e-23
-4.260594606080105691e-23
-2.370766105440793795e-22
-2.489322252550222922e-22
-3.743570530313559616e-22
-1.975872205240691924e-22
-3.412053584531720032e-22
-2.508802077054927231e-22
-4.943617621297322894e-22
-3.103025464501313173e-22
-6.456796367425980441e-22
-3.962255667503571413e-22
-8.977587583671188783e-22
-7.071568685503979129e-22
-5.996147538413040361e-22
-8.065934092798649490e-22
-7.658423934380267091e-22
-1.074472958264306170e-21
-9.564767140594025746e-22
-8.203107709821845162e-22
-8.875978400768057225e-22
-9.386232405017641235e-22
-8.909936110106349529e-22
-8.704988178207679568e-22
-1.133125604696784337e-21
-1.136144506532557564e-21
-1.381732518927053567e-21
-1.258524455566707673e-21
-1.053857406015558749e-21
-1.309266611043741112e-21
-1.513079242309075491e-21
-1.398015640059001754e-21
-1.217463225270291226e-21
-1.194732324179418246e-21
-1.431004272580051086e-21
-1.375156105743926116e-21
-1.577475049757215687e-21
-1.478727703799619157e-21
-1.468922545636636533e-21
-1.214837464719549328e-21
-1.723730684051933036e-21
-1.657478050521877678e-21
-1.698222703949584694e-21
-1.877921995055329254e-21
-1.841207079090626840e-21
-1.784926176123128232e-21
-1.826827231877148968e-21
-1.806683995899258091e-21
-1.822381464039992524e-21
-1.736305504433805767e-21
-1.752385818907597229e-21
-1.860405010396828181e-21
-1.830691562060053238e-21
-1.807774285488009729e-21
-1.829459473910951010e-21
-2.017963411668168324e-21
-1.828778435855042142e-21
-2.062535972642063769e-21
-1.755290928773349969e-21
-1.740678502179404004e-21
-1.544950974242834998e-21
-1.480989750333147992e-21
-1.390881844289293097e-21
-1.878564525127938557e-21
-1.791890529359072956e-21
-1.404934479189303884e-21
-1.565148499952701191e-21
-1.586119600904853647e-21
-1.309376066068505194e-21
-1.363660562331201638e-21
-1.558626337865510008e-21
-1.331793664998016960e-21
-1.316121388421531426e-21
-1.263070514342554457e-21
-1.378558839738864953e-21
-1.236415438584058070e-21
-1.225228291000646105e-21
-1.245737291964496863e-21
-9.890730257835249194e-22
-1.246634714543662523e-21
-1.112850052590267691e-21
-9.404169733203262774e-22
-1.139017174151969761e-21
-8.351546010221683394e-22
-8.508421322258872565e-22
-5.463651608834457800e-22
-7.827179378069681843e-22
-2.996908877380399969e-22
-8.341136522044686582e-22
-5.742165482806600396e-22
-1.742356058438536215e-22
-4.923175527511969557e-22
-3.386246913396376969e-22
-4.173476704148672978e-22
-4.656216936068886301e-22
-3.390254678540650989e-22
-3.279904977141804610e-22
-9.568105630954427718e-23
-7.768184569619665918e-23
-9.051581464309133416e-23
8.046204150334526336e-23
1.332660278678640816e-22
1.941899528960739716e-24
2.202352499965451141e-22
1.461444791512067714e-22
2.118109389643434398e-22
3.859173394502293263e-22
4.120831688624724552e-22
6.373477036566006277e-22
5.225353618022654010e-22
7.518631833227391725e-22
3.527453573258668145e-22
4.334284165825652100e-22
7.774596782429526381e-22
6.399683187028504907e-22
1.030839471535272424e-21
6.740919119719471515e-22
1.145029013588015841e-21
1.121347687198864933e-21
1.086788827546379994e-21
1.028816854765085707e-21
9.264017621509074162e-22
8.353785242261555261e-22
1.240127556720082619e-21
1.249004805505963860e-21
1.191117262063869566e-21
1.202883699957745015e-21
1.502940060664140985e-21
1.317390846127414744e-21
1.213963662865889235e-21
1.266377481875066484e-21
1.447155281775176462e-21
1.527979300742943308e-21
1.541392596104392524e-21
1.516706582197981716e-21
1.648281125362329193e-21
1.728964048620608667e-21
1.471710506451936083e-21
1.746728356701712927e-21
1.555607871902503783e-21
1.649474430748753781e-21
1.701526088728383399e-21
1.806231954842043760e-21
1.803198832178013310e-21
2.161610017455091281e-21
1.783589122292574486e-21
1.563694119152767442e-21
1.896911208653258753e-21
1.782528788439313122e-21
1.963766645522653463e-21
1.792176458156184298e-21
1.785110959952667919e-21
1.819969120305152277e-21
1.835296886462855338e-21
1.849776533971831173e-21
1.840128571109547220e-21
1.831022160733935372e-21
1.631804591789552758e-21
1.844916038250374133e-21
1.767632398706214258e-21
1.644475251614905442e-21
1.647109989709097441e-21
1.403122135666971236e-21
1.552837411416111890e-21
1.477938704361951993e-21
1.583403831882270843e-21
1.546963784168514350e-21
1.394330311933843228e-21
1.387618045818779998e-21
1.436333649820586588e-21
1.266169393457173271e-21
1.374081735826930831e-21
1.609132820537010739e-21
1.087535456630694802e-21
9.485815633644379226e-22
1.161010925303307237e-21
1.005737901532033154e-21
9.677025708024757573e-22
9.681969060257378046e-22
8.452772035418520364e-22
1.036057260212578852e-21
8.649671992128769570e-22
6.747019557493649541e-22
9.795693887991750716e-22
6.394651769546186901e-22
7.068358486832131630e-22
5.578490271742984121e-22
4.804100296218247098e-22
5.118556758970351473e-22
4.153276559373808125e-22
4.849982670104846550e-22
4.900451401303018494e-22
1.017877038021610690e-22
2.821209558889816593e-22
2.883427498665278911e-22
1.189190174649657831e-22
-1.944610094277707026e-22
-1.587913441927163263e-22
-3.807838138364773553e-22
-1.787304644167217314e-23
-1.844117250509056978e-22
-1.252971172166125864e-22
-3.789796489002597580e-22
-4.263752170054271422e-22
-2.510484683307383413e-22
-3.523164558599943451e-22
-6.191636409128218296e-22
-4.794738590695504479e-22
-6.007211823056511527e-22
-5.480953293823145262e-22
-4.938840626075833100e-22
-7.305022508819825812e-22
-8.609462517060992394e-22
-8.315667839360493095e-22
-1.092154860164362785e-21
-1.133679724143321093e-21
-7.412764828552496161e-22
-1.144029523544794374e-21
-1.145965934727486610e-21
-1.088400397425155985e-21
-1.183472628737825221e-21
-1.526097389115134222e-21
-1.306871850829781869e-21
-1.515530653781257394e-21
-1.463121709094623038e-21
-1.671942496891558130e-21
-1.491065702950795971e-21
-1.469640724784209362e-21
-1.851616828933536764e-21
-1.701232019049636390e-21
-1.623609636184931935e-21
-1.803735128711471102e-21
-1.563591862999794800e-21
-1.700052756907545501e-21
-1.692801433822619937e-21
-1.746845514636879678e-21
-1.840829795663918419e-21
-1.739687269452894233e-21
-1.983160028076619553e-21
-1.682773894733475396e-21
-1.959396743379275122e-21
-1.582198733130029435e-21
-1.408824393251694471e-21
-1.710171827417404783e-21
-1.780418061903180953e-21
-1.679587672059121412e-21
-1.727271939963434819e-21
-1.881525585406563531e-21
-1.769439357736852331e-21
-1.659306470342087185e-21
-1.736142371077149030e-21
-1.828993732555748488e-21
-1.586141118200673437e-21
-1.585894124582684951e-21
-1.687676269471512566e-21
-1.792482806379796262e-21
-1.581711874218171461e-21
-1.591879214105602318e-21
-1.943122788133209669e-21
-1.527487695329066864e-21
-1.316451958861441759e-21
-1.476402918628104063e-21
-1.700504023532491806e-21
-1.394023725838063357e-21
-1.263428136664096667e-21
-1.332449893271908879e-21
-1.323049826328512732e-21
-1.307351547573275433e-21
-1.712283572424406729e-21
-1.207710957362602606e-21
-1.348040519663209921e-21
-1.422652226315533014e-21
-1.150102944455897081e-21
-9.717206970757040825e-22
-1.042925510170886796e-21
-9.011513198401243988e-22
-9.093443702473044663e-22
-9.784264747086605180e-22
-8.176008630508623578e-22
-8.535618588252096650e-22
-7.194702849000025976e-22
-6.005569124705363069e-22
-3.463061943415163203e-22
-3.951076987682137692e-22
-2.876491270615772517e-22
-4.636124526895005902e-22
-2.145238846218244507e-22
-3.167344308060615047e-22
-3.250474704586448362e-22
4.779545495801382535e-23
-1.614040266714915450e-22
1.047874138228091435e-22
6.356757411119604115e-23
1.509839871405640305e-22
1.223919747639909463e-22
3.262279715046680532e-22
2.372436485928157641e-22
4.645334956857408128e-22
6.890928058595272204e-22
3.417088141877950199e-22
7.516019028889592310e-22
6.629792551635047449e-22
6.490143025866294271e-22
8.256900035407318781e-22
7.043113380895751457e-22
9.399423269287697315e-22
8.519378954412759890e-22
8.833058318049882270e-22
9.702971203775552356e-22
1.192433823836634598e-21
1.089770188095009112e-21
1.248928183072766945e-21
9.506483485173847258e-22
1.350645311313050404e-21
1.398657613452751714e-21
1.473719052588633053e-21
1.506516270487259386e-21
1.389366495932848551e-21
1.199241882870970913e-21
1.406161264331092954e-21
1.524646225150530310e-21
1.244831549468341552e-21
1.719863068012649838e-21
1.356861959147735984e-21
1.463183213291608616e-21
1.694480854709075008e-21
1.848574072368708927e-21
1.530833633711408089e-21
1.912085404410221826e-21
1.714317850391568986e-21
1.519544281166279397e-21
1.922468050542430316e-21
1.677012603322143158e-21
1.815112111171938711e-21
1.750547255587043345e-21
1.860473755862777791e-21
1.808552364510862594e-21
1.693589930784563134e-21
1.907240046103749880e-21
1.821795471398224138e-21
1.881235663858155701e-21
1.798945978924550296e-21
1.815029139363420358e-21
1.776524884370477707e-21
1.894075829739294888e-21
1.773733574952276989e-21
1.798079570391877207e-21
1.880507667123434067e-21
1.693267982494477619e-21
1.931112090548295643e-21
1.550350157703402532e-21
1.722065299087981601e-21
1.788778953301908155e-21
1.585847944883303692e-21
1.392668313019882293e-21
1.628035660264450320e-21
1.443711627051599096e-21
1.459093218590743586e-21
1.540728148819449721e-21
1.451145747606552004e-21
1.167458274589088059e-21
1.551443203007075249e-21
1.064482656438267324e-21
1.342432017899020251e-21
9.871097307462796509e-22
1.000134752973539432e-21
1.105038249374030027e-21
6.158568024293044402e-22
1.067524734569333150e-21
6.090592928530046446e-22
5.901757727134622742e-22
9.307906069642169839e-22
5.858187340052678111e-22
5.944919672289287690e-22
4.503065517456216116e-22
4.114235258173144191e-22
4.683437694368194460e-22
3.444634926724177777e-22
6.809188020821445113e-22
5.122693898888815155e-22
7.644190727334988429e-23
2.826049005805723741e-22
6.953146808650970946e-23
-1.496275772656842550e-23
3.557704344187548137e-23
1.111917548857928069e-22
-3.295708847219637112e-22
-3.312170508159467721e-22
-2.184709477807316910e-22
-4.112397861813695018e-22
-4.680037774598535156e-22
-5.356031298688483098e-22
-5.511868326055886343e-22
-5.558142349316751974e-22
-6.569309355575455521e-22
-7.592868058872211076e-22
-1.081776103281661823e-21
-8.617527949011627631e-22
-9.641275148484259919e-22
-1.098924777678765522e-21
-1.177601134968682274e-21
-1.210275917765415572e-21
-1.255640477499725966e-21
-1.216006403491879715e-21
-1.114967350358918997e-21
-1.426978287049032993e-21
-1.157622820828370548e-21
-1.559032130175892951e-21
-1.261632646622848370e-21
-1.484244447329646201e-21
-1.700961150100565775e-21
-1.454463126552056862e-21
-1.460956008757801696e-21
-1.824205794604943162e-21
-1.718139296267135266e-21
-1.494283705009815116e-21
-1.871692449751853810e-21
-1.557602298227341151e-21
-1.597978702607321817e-21
-1.841210393549231738e-21
-1.685673694563540968e-21
-1.811213896085900571e-21
-1.918056939013750732e-21
-1.990214508049828985e-21
-1.839313181920456685e-21
-2.005577492278304665e-21
-1.628045053097141244e-21
-1.870823122274010815e-21
-1.747920088918627747e-21
-2.006227247031471369e-21
-1.778659688757861873e-21
-1.791330673731637077e-21
-1.670306227008806439e-21
-1.852487644121440614e-21
-1.958894497894481688e-21
-1.756638035573702631e-21
-1.808788770790734424e-21
-1.563187321924100168e-21
-1.710160755851130473e-21
-1.728230282882886182e-21
-1.695048402976945729e-21
-1.396899155576300836e-21
-1.481910139443887848e-21
-1.678091261368537858e-21
-1.532596025918785515e-21
-1.401707483484748075e-21
-1.536673794354007604e-21
-1.419533859813164213e-21
-1.520889681888228511e-21
-1.499297316492784210e-21
-1.325002398575125809e-21
-1.361455295207068956e-21
-1.366842963594605538e-21
-1.346385297245201196e-21
-9.334308826307911036e-22
-1.208462883779646321e-21
-1.198437239500550158e-21
-1.120070472263517447e-21
-1.012483641544396805e-21
-9.620690935294183280e-22
-7.475193692690725580e-22
-9.918094692951966112e-22
-8.924382337278491601e-22
-6.158508971606689870e-22
-8.314272965869660816e-22
-5.855023869286521519e-22
-4.556182767687830767e-22
-3.372701453657517550e-22
-2.962173206404323987e-22
-3.040207677173042264e-23
-1.511375293621755173e-22
-1.791777243806626812e-22
1.980882537951858367e-22
3.007089144297695708e-22
4.961879313173921241e-23
2.375872503392090166e-22
3.254912058955444931e-22
3.336409969492087196e-22
4.607699167253380061e-22
5.770640351381994510e-22
4.785875509215742441e-22
8.779776862637901920e-22
5.350328930311013460e-22
7.719588931571972057e-22
4.505995529401463844e-22
7.987055597071762722e-22
8.040464548591689682e-22
1.107654150024473549e-21
1.037339550256521622e-21
1.102433077629120374e-21
9.963216486370720950e-22
1.331673929228017422e-21
1.345623680417108101e-21
1.238384911545467996e-21
1.009620029856042276e-21
1.362990311436998451e-21
1.653045887126263312e-21
1.352343283870570895e-21
1.749068210870327854e-21
1.544317663819366107e-21
1.675250430688115582e-21
1.522865658167973526e-21
1.772201048961143244e-21
1.615259442987180295e-21
1.819547586467635086e-21
1.887111464508573082e-21
1.791309547765471342e-21
1.658943994770574348e-21
1.962440412895751846e-21
1.695671083330528523e-21
1.642104184851541673e-21
2.106047597958175197e-21
2.233150357671870910e-21
1.650265318483225338e-21
1.542954692994579437e-21
1.938697162249362138e-21
1.883306791037579378e-21
2.031774715354100164e-21
1.644418893391128893e-21
1.857566202312857023e-21
1.942297794974650403e-21
1.690334516371086405e-21
2.068914430799974028e-21
1.531031110259268674e-21
1.905412469828312266e-21
1.777803920043738233e-21
1.813639080187623041e-21
1.836635286113145180e-21
1.629096622611328016e-21
1.736141515956714007e-21
1.495386338755621662e-21
1.634674028662072497e-21
1.672171126420815859e-21
1.550938940698563084e-21
1.350441879213219914e-21
1.776498338956080108e-21
1.477524506930592492e-21
1.429807060448938440e-21
1.590627741210232364e-21
1.320418046533711597e-21
1.278432528172642622e-21
1.077907002802780974e-21
1.173095194197815335e-21
1.158916439628727569e-21
1.166563280080705015e-21
9.638164444462047869e-22
8.609989142905299972e-22
6.676449264338627624e-22
7.957620839447039966e-22
5.260565712658256924e-22
8.163897283001370986e-22
4.922006911227780866e-22
2.942733833601109571e-22
3.398308790231940977e-22
4.262123134207401831e-22
3.060681818202830026e-22
1.687822599824104104e-22
2.959539397174475550e-22
2.275567960604297488e-23
-4.724377983803808978e-23
-9.056117328793373978e-24
-7.178965789453362025e-23
-3.488067539483132781e-22
-3.349973740478175971e-22
-1.098417258568339970e-22
-6.556677893936047027e-22
-4.233975098472493043e-22
-3.977845531000958683e-22
-6.129145896505992073e-22
-7.774595613341762711e-22
-7.443344441944131676e-22
-6.936969245434849369e-22
-9.077701338788699022e-22
-1.047796163997928105e-21
-9.728514994920257575e-22
-1.043358149505795563e-21
-1.243711040550021453e-21
-1.317905125244556972e-21
-1.084569914875969873e-21
-1.102265239027533247e-21
-1.359683793526149446e-21
-1.149629182753482262e-21
-1.525245192584671367e-21
-1.575293147893583263e-21
-1.500225311076757257e-21
-1.681746026100333412e-21
-1.644479041150306985e-21
-1.544856079508696657e-21
-1.841477177081426376e-21
-1.766305439930781644e-21
-1.786429291525682013e-21
-1.764325060671549996e-21
-1.488624047388821251e-21
-1.915530858266873866e-21
-1.808494678981647404e-21
-1.964641295221089489e-21
-1.963560722821851959e-21
-1.834175355958602609e-21
-1.925565299962809790e-21
-2.047192933928025095e-21
-1.979637631739423304e-21
-2.133913268415266189e-21
-1.807586739249217345e-21
-1.929273752545911741e-21
-1.997327801188784927e-21
-2.034379648469898591e-21
-2.142235156759462188e-21
-1.907453444149970686e-21
-1.970251084115748819e-21
-1.938224351844796905e-21
-1.782305650489027283e-21
-2.033068475743649819e-21
-1.698146889118861849e-21
-1.792002672537161059e-21
-1.734991690744145050e-21
-1.905194563237131525e-21
-1.470708161608101565e-21
-1.555761300159025774e-21
-1.640194663386881138e-21
-1.486903590801632394e-21
-1.847810683543309336e-21
-1.489391859258617773e-21
-1.119087844254839959e-21
-1.535485078315990207e-21
-1.209667020086303294e-21
-1.147592524785399146e-21
-1.361898692872091216e-21
-1.061944578731249445e-21
-1.099981783510450243e-21
-8.839249479911839939e-22
-7.888948441018974061e-22
-9.188971155771552332e-22
-7.623246515568292561e-22
-6.554072376890474353e-22
-5.964293418821909047e-22
-4.119968930368313895e-22
-5.932947772807373140e-22
-3.420391244052386491e-22
-3.988958886115091643e-22
-8.241029397441043564e-23
-3.838582202753720139e-22
-9.056813763990057152e-23
5.274593040151748534e-23
-1.323472886129290737e-22
1.429004658900267800e-22
5.316507246968607198e-22
2.291201318554423647e-22
2.226254189404802503e-22
1.877319016509987207e-22
4.296426495219877909e-22
4.817211731257844934e-22
6.406926133469548790e-22
4.590685485902327723e-22
5.785502295393669403e-22
8.653144761243707349e-22
7.740341276416925578e-22
8.097032221577468834e-22
9.067047574659370561e-22
1.174631758193112979e-21
1.012483649133916084e-21
9.729801966986110608e-22
1.204950786705121082e-21
1.230603360622867328e-21
1.175509364103199460e-21
1.438648567123750019e-21
1.363257298879495994e-21
1.381930930275253477e-21
1.402973318918155551e-21
1.349724043865295791e-21
1.393930296413453874e-21
1.635833291388651113e-21
1.929358821390142807e-21
1.721839072587109619e-21
1.975212427019289805e-21
1.980815483297262699e-21
1.914793211347664563e-21
1.986148466263835380e-21
1.810447783282736080e-21
1.962134600462469877e-21
1.941090184581075200e-21
2.069379352231216210e-21
2.116390643910387164e-21
2.250202137651347108e-21
2.214699258864222084e-21
2.163293527710873312e-21
1.933550768220440099e-21
2.049111312195574850e-21
1.993878503186494815e-21
1.914489314900197726e-21
2.095347940603380568e-21
1.931210258111025125e-21
1.918669856178476797e-21
1.856536728784968039e-21
1.857134103561486428e-21
1.821080519270167038e-21
1.890446795206999687e-21
1.874305001101971415e-21
1.678618547622346125e-21
1.706870891516986478e-21
1.847279049142630232e-21
1.617759129285053300e-21
1.491362440311497463e-21
1.533431448034720008e-21
1.574957762392819151e-21
1.309462387507129984e-21
1.457051820111492535e-21
1.225586684160870053e-21
1.212981686639427249e-21
1.262464471632985053e-21
1.136776505455504702e-21
1.305809578158843499e-21
9.932692589056771954e-22
8.932909664265788664e-22
6.008740703686565671e-22
8.027459550079922203e-22
9.362731631296347568e-22
4.822702046777960476e-22
4.555650698519957410e-22
5.665630271735601965e-22
5.276820298882423846e-22
3.954336649671825786e-22
-1.634749201793084341e-23
2.519808443800039064e-22
-5.688654536841362011e-23
1.645590241575259799e-22
-8.995942754455104213e-23
-8.705829511135378513e-23
-2.351824304653785728e-22
-3.166671653372749951e-22
-1.752960751891733287e-22
-5.405334407834686197e-22
-4.889217927008820066e-22
-6.748298804014845214e-22
-5.516746847959702603e-22
-7.361373884523330621e-22
-8.396921427928203609e-22
-9.108968597649982885e-22
-1.013394167775686843e-21
-1.010722764185701009e-21
-1.085712264396429944e-21
-1.310122783218938172e-21
-1.028934973333893413e-21
-1.253745212224978930e-21
-1.395426155446207226e-21
-1.577078702083939628e-21
-1.343996402338623925e-21
-1.443755374064650956e-21
-1.386013793892573165e-21
-1.710644677395307071e-21
-1.622659928532804273e-21
-1.634542331761257804e-21
-1.840745832827698139e-21
-1.781804719791739109e-21
-1.856758518698497444e-21
-1.715148138472875755e-21
-1.917170414251377553e-21
-1.890604731495488354e-21
-1.997043582038694042e-21
-2.120308809298113271e-21
-1.942834510858722438e-21
-1.956577025788786246e-21
-1.956958087533451727e-21
-1.806513843548763137e-21
-2.162782541670174614e-21
-2.027576168157680716e-21
-2.212566928656817146e-21
-2.076885001008364255e-21
-1.945218621932662145e-21
-2.099417597196179504e-21
-1.937281980698251938e-21
-2.034788826893490121e-21
-2.041298044250120735e-21
-1.761066521405989447e-21
-1.921216657901240675e-21
-1.927751915096729078e-21
-1.866216167599780960e-21
-1.685584703989995946e-21
-1.904342026234446120e-21
-1.635159627414363180e-21
-1.876340308422463453e-21
-1.598265767400407543e-21
-1.614115875061553740e-21
-1.569045533189287069e-21
-1.184343526665599957e-21
-1.757519746086298652e-21
-1.439989947586754320e-21
-1.325189970072189239e-21
-1.274086831396995985e-21
-1.039036754482969687e-21
-1.019317630660428885e-21
-9.366762978587807324e-22
-9.917681319624215039e-22
-9.140305009398814246e-22
-8.886297376902430224e-22
-6.082373537471117561e-22
-6.944701902025647786e-22
-7.434996333221806213e-22
-4.447349751807759539e-22
-4.906215618052917051e-22
-5.220509913596371143e-22
-4.857204838546262956e-22
-2.539615865992730480e-22
-6.349130705265559732e-23
5.915300991870075905e-23
1.677252778248850790e-22
8.730708120670259705e-23
5.797891418651785164e-22
2.594772761999755578e-22
4.424033800655613372e-22
3.313320869565361872e-22
6.871536440298936998e-22
6.336300722448226038e-22
8.849884834286540076e-22
8.016141331333261740e-22
8.861521251508274028e-22
1.136927865436487833e-21
1.104389466588172617e-21
1.105570886213872296e-21
1.116568214105710951e-21
1.363669957877683959e-21
1.531847679756984949e-21
1.423368723899637733e-21
1.522401107246024754e-21
1.424485184575060216e-21
1.731906602812244424e-21
1.789156766327037413e-21
1.617349794575957396e-21
1.906146456588680552e-21
1.859407783695213112e-21
1.629620523857297509e-21
1.950799724684281368e-21
2.081299614010485385e-21
1.786902871079004075e-21
2.341479974752267538e-21
1.923527834540542438e-21
1.927642341866543691e-21
1.878560055196760203e-21
1.969104756754384278e-21
1.968092889456970211e-21
2.186448506904306030e-21
1.829025359660880422e-21
2.140976314994934866e-21
2.141086026048661120e-21
1.778943362214896488e-21
2.173599731814975857e-21
2.021533752684005553e-21
2.063366939809658867e-21
2.037498100306295385e-21
2.068653492423021107e-21
1.975325156558809484e-21
2.137270064664819072e-21
1.798342347292143096e-21
1.731831512087972882e-21
1.738039223221885592e-21
1.890651235181867980e-21
1.622831920797479116e-21
1.778266889380073275e-21
1.898109908354187127e-21
1.621168907392390605e-21
1.480622676063202393e-21
1.413824483317948755e-21
1.487859055075499904e-21
1.340667775344152741e-21
1.137394949159190821e-21
1.263295764040015462e-21
1.331552529322613713e-21
9.895498566385790426e-22
1.001851187051737953e-21
8.485170113064149536e-22
9.140292198335660295e-22
6.849416588007733353e-22
6.797220831242945254e-22
4.351522501086327683e-22
7.259492288931083093e-22
4.835608567214660063e-22
4.871839277021859610e-24
3.055330364712540492e-22
4.157136395665833578e-23
9.015017913462615499e-23
-6.826919202586536381e-23
-2.199729352453627145e-22
-8.610508665994199004e-23
-3.714183010071776701e-22
-2.141871571254807386e-22
-4.615509385382644361e-22
-4.726513502900775520e-22
-6.731642843030379963e-22
-8.253986451650140930e-22
-1.076379240149517276e-21
-1.157472348427162852e-21
-1.346090072522818056e-21
-1.092677803604606859e-21
-1.301842350772361686e-21
-1.303761162102444223e-21
-1.363673377442750422e-21
-1.579316911735946840e-21
-1.306929877938671645e-21
-1.598812391674201668e-21
-1.486616639847557531e-21
-1.639363416753290419e-21
-1.666384810808073119e-21
-1.800677341894704281e-21
-1.550531576842191135e-21
-1.806281336603161227e-21
-1.814335496399180390e-21
-1.841255216340714036e-21
-2.078102095979008612e-21
-1.888407051173671174e-21
-1.797762464311456370e-21
-1.687669350262435632e-21
-2.499586029703834405e-21
-2.082454073740154896e-21
-1.928849829931762122e-21
-2.142614783487320884e-21
-2.263524171812372902e-21
-2.163251542710137569e-21
-2.200821696467258890e-21
-2.159239157308481087e-21
-2.129787736953098328e-21
-2.193094598903756717e-21
-2.257282185553196149e-21
-2.345436027728696410e-21
-2.080532817865976233e-21
-2.001412947120184382e-21
-1.949920970577655174e-21
-2.071128392381981430e-21
-1.967657675137086064e-21
-2.073552570229159727e-21
-1.873254701964540816e-21
-1.829688737790892500e-21
-1.886003302742498717e-21
-1.698053776659086719e-21
-1.419368904554933646e-21
-1.532670521118732404e-21
-1.330267909390930036e-21
-1.451495034195283788e-21
-1.305065706282661623e-21
-1.168501721565675948e-21
-1.156414354316472636e-21
-1.219471615830992464e-21
-9.005623484265100196e-22
-1.023069479450584417e-21
-8.709265676067971416e-22
-7.280813087498639945e-22
-3.968984968225557365e-22
-5.194418082457521741e-22
-2.248287070986484088e-22
-2.850484834207590988e-22
-3.843133382681145010e-22
-4.170051317921658470e-23
-3.476834814698658490e-24
3.733890628687234712e-22
2.154297575778820407e-23
1.922769142487340118e-22
3.884150870998804049e-22
5.613142886862365400e-22
5.774013063420123984e-22
6.330385232692855411e-22
6.119282852967703451e-22
9.019190499736186504e-22
8.038520336824404449e-22
9.605792963734698223e-22
1.036376154557183891e-21
1.258946460788279922e-21
1.460570633796462943e-21
1.241149376682385217e-21
1.426496463669431694e-21
1.667765017094708997e-21
1.706286315026545380e-21
1.551692690282914390e-21
1.724550674309927021e-21
1.764390542488445977e-21
1.431179629752033165e-21
1.715396812365634320e-21
1.931362747049482827e-21
1.848448396792513020e-21
1.970819824801165685e-21
1.945833797257178718e-21
1.936318586189835181e-21
2.337395277418032672e-21
1.969019704305363490e-21
2.074716647910052836e-21
2.104397700070659693e-21
2.343176706892333704e-21
2.328992026192688028e-21
2.307650662401163065e-21
2.208944103258347497e-21
2.221961064585998651e-21
2.040441301187768946e-21
2.130786779665478408e-21
2.317508274413832948e-21
2.091662597794200705e-21
2.176803091366540697e-21
2.150628099950605440e-21
2.218157635335298414e-21
2.135428978048392593e-21
1.932374953310032585e-21
2.115477453923174532e-21
1.812305777092568630e-21
1.743982161456844143e-21
1.920306544649765229e-21
1.621049582990277339e-21
1.695481551834061107e-21
1.722784547400639168e-21
1.436428968499255918e-21
1.259092615373292466e-21
1.260945897135851251e-21
1.191911694165967248e-21
1.102460008360942165e-21
1.194862505704417325e-21
1.053001744804635804e-21
8.162816639300221707e-22
9.092059835887763120e-22
7.363132995809388996e-22
4.513707788486349260e-22
4.485276725068865145e-22
3.589351231998752682e-22
1.310197439986590145e-22
6.927031726885546708e-23
9.044437784830875907e-25
-3.630337493266959144e-22
-1.548694436932092229e-22
-1.316087549765309067e-22
-2.829202476202669106e-22
-3.403685376210417496e-22
-7.398347866108335934e-22
-3.279495754342701552e-22
-8.389639866191091996e-22
-1.223648275865734791e-21
-1.064031747627275629e-21
-1.213229179734135760e-21
-1.187378515829489249e-21
-1.260189771760463332e-21
-1.224942214068821514e-21
-1.455803051082450176e-21
-1.581591832802819855e-21
-1.465347015159719171e-21
-1.864669653897659363e-21
-1.817075842291323641e-21
-1.889908505371151783e-21
-1.758279207867877279e-21
-2.066591698714134344e-21
-2.111733959839432960e-21
-1.933170116877124297e-21
-2.114511728112310922e-21
-2.021512507597612512e-21
-2.374405955965066081e-21
-1.909433329818714036e-21
-2.160015118038393668e-21
-2.262835939572780479e-21
-2.094462383225739035e-21
-2.354510639204364806e-21
-2.219593380304746308e-21
-2.533048046637222970e-21
-2.190316712467825089e-21
-2.456303912242410355e-21
-2.483503130291450093e-21
-2.273392714744557402e-21
-2.176405859414358780e-21
-2.402909001068531952e-21
-2.215167256069386396e-21
-2.184225376450363079e-21
-2.362405699472752805e-21
-1.858751605016212709e-21
-2.232498679891376611e-21
-1.764295527808203013e-21
-1.698406839491231535e-21
-1.714987878578800390e-21
-1.803011551857673306e-21
-1.628740280339021073e-21
-1.303252997424380184e-21
-1.194948070323920083e-21
-1.405431548381007593e-21
-1.238913954329016575e-21
-1.315967069242638889e-21
-1.147506659162999391e-21
-1.104081423733766580e-21
-6.488245676314412473e-22
-7.021083630666179479e-22
-9.168931390741729160e-22
-6.190105315813437132e-22
-5.417452198782649984e-22
-2.077711800431236472e-22
-1.270727296237596151e-22
2.309266187249431391e-23
2.234821959552320082e-22
1.622780048379194812e-22
3.317806683533247241e-22
1.341169618669505643e-22
4.957834815326897142e-22
5.173758935557134793e-22
7.247206392886512609e-22
9.256072419463202652e-22
1.103895003828669392e-21
9.728089359781064684e-22
1.344062278756294877e-21
1.192014168977979514e-21
1.426323491616017538e-21
1.264270128551439220e-21
1.525090668027818566e-21
1.586315797366912628e-21
1.873935736782181296e-21
1.992644534635235527e-21
1.745149777893123398e-21
1.905686101920700015e-21
2.012671167900253600e-21
2.061936154292683313e-21
2.414053809640497262e-21
2.117617604248657379e-21
2.355964745511478168e-21
2.303068998311171656e-21
2.472563576872484996e-21
2.526979457743357048e-21
2.173789104128205205e-21
2.145327680885581447e-21
2.206028695129988261e-21
2.376638264807369560e-21
2.348406909877264991e-21
2.393703470393139103e-21
2.439954677193647163e-21
2.811642011052454968e-21
2.097270325487424173e-21
2.225455116128444131e-21
2.210413414358693164e-21
2.344008637347774498e-21
1.894615344025447902e-21
2.212006691317501056e-21
2.196754926300347887e-21
1.822486072167383334e-21
2.123499865519306753e-21
1.849238375022695370e-21
1.651414239969460619e-21
1.573097999313042538e-21
1.757929673993945708e-21
1.507778369733506346e-21
1.258457718931575061e-21
1.394543387187625220e-21
1.140786522836714179e-21
9.987960112626669114e-22
8.257751033786890066e-22
7.868230685327563646e-22
6.442628610999812745e-22
6.680843805825538344e-22
4.259986220894215704e-22
3.908768063208580917e-22
-9.063590264818252463e-23
2.368505528547412057e-22
-1.899393103705971745e-23
-3.976650635081368261e-22
-3.368641828216862495e-22
-3.477046638642710540e-22
-8.142571443660373650e-22
-6.587636637356020845e-22
-8.662694454656987660e-22
-1.224591757591600372e-21
-1.081483916364404895e-21
-1.621076812905095960e-21
-1.271398896326842579e-21
-1.570025835705663535e-21
-1.525141034010440845e-21
-1.756031179276307489e-21
-1.667142962109242235e-21
-1.806144910455201999e-21
-1.997815639847131186e-21
-2.197490307245085880e-21
-2.088498004004231243e-21
-2.476128146539900188e-21
-1.998308302950924603e-21
-2.314607665632062770e-21
-2.334250476049131624e-21
-2.445789373409869463e-21
-2.345245834689845528e-21
-2.548999675904533740e-21
-2.484204825329456894e-21
-2.367905782834621359e-21
-2.482662266731111076e-21
-2.513455768820410806e-21
-2.323410200157610249e-21
-2.660617727455892481e-21
-2.376174474658648713e-21
-2.572238107254591400e-21
-2.244972137975446217e-21
-2.470774740461508026e-21
-2.147992759985206592e-21
-2.355062642040692162e-21
-2.242403575040016999e-21
-2.039470582216915818e-21
-2.038061029497469355e-21
-2.056818348363769325e-21
-1.770270630329976223e-21
-2.044386426099879610e-21
-1.733541833599737341e-21
-1.649139619050957196e-21
-1.529728318855923743e-21
-1.174946665428360890e-21
-1.054298772421524013e-21
-1.177668824036312181e-21
-1.052020454125686276e-21
-5.108660025898534176e-22
-5.588550784496213558e-22
-6.048733293410226420e-22
-4.365809855501393157e-22
-4.745022592032102965e-22
-9.289748911429071560e-23
1.969458672283017559e-22
1.119091445062386466e-22
4.238724242087727254e-22
5.637611992916417519e-22
6.347139504527072841e-22
9.385562386257455484e-22
1.029537218475317995e-21
1.260012231560662322e-21
1.266584063617518501e-21
1.423927725450314697e-21
1.513519581891217583e-21
1.590345592970759505e-21
1.851552238443106413e-21
1.694976339505848029e-21
1.716769967208134977e-21
2.292312714458850880e-21
2.273564189742105439e-21
2.210255890683339519e-21
2.342995187714685762e-21
2.228583693779346172e-21
2.464724817652531361e-21
2.595961994512921559e-21
2.548768773702835256e-21
2.241480488359715811e-21
2.646574554580341669e-21
2.451205596523497325e-21
2.597809542202635866e-21
2.842705687541000582e-21
2.712955683842707527e-21
2.706958132623286793e-21
2.638401372379262809e-21
2.545222336656788580e-21
2.436713681270408207e-21
2.408380120572758261e-21
2.569765218279948648e-21
2.282565225417751094e-21
2.469377696245596114e-21
2.270762338540543676e-21
2.126013799456975417e-21
1.883800140712504982e-21
1.985529597538231432e-21
1.553960736925284252e-21
1.795591700589294369e-21
1.088177183607681206e-21
1.312024845256364672e-21
1.270616708307708925e-21
1.291474709804328189e-21
6.871235415583354837e-22
8.918118728963351809e-22
5.171535590581768200e-22
3.618371621306900161e-22
1.412595140531007363e-22
1.781483294945454775e-22
-5.272596698611450521e-23
-4.257537766079200565e-23
-3.995383635147626586e-22
-5.783045419852630027e-22
-8.236480078012212871e-22
-7.958731451996785063e-22
-1.180331878736666634e-21
-1.167270813330501372e-21
-1.705964084485253195e-21
-1.681649976346697574e-21
-1.594921210359503093e-21
-1.957796597791849001e-21
-2.002378675236637409e-21
-2.238315005046990471e-21
-2.147753183492879215e-21
-2.327773096494060786e-21
-2.508239578484993044e-21
-2.504958968477841865e-21
-2.556482472654613574e-21
-2.632830012698505821e-21
-2.626518354552642079e-21
-2.816794611057347765e-21
-2.929362506385987884e-21
-2.860061484096843253e-21
-2.722188329068996678e-21
-2.996364895885963967e-21
-2.894446193530293303e-21
-2.833240985477613025e-21
-2.745114987509639513e-21
-2.801809769170859616e-21
-2.520793043564753184e-21
-2.688026401222084486e-21
-2.474590223260441377e-21
-2.547402894584967745e-21
-2.232734154490036920e-21
-2.051116416021850087e-21
-1.905599746782682689e-21
-1.765393946184206171e-21
-1.706206198277766240e-21
-1.394392086350021554e-21
-1.469481267111216747e-21
-1.282604139034335605e-21
-1.163902947507457403e-21
-7.854551016503062917e-22
-8.152702588953568181e-22
-3.703870601851105911e-22
-2.651497973984678624e-22
-2.347880468531377759e-23
1.060638482222677463e-22
2.973306019364236239e-22
4.824088440847598091e-22
7.268361661634815186e-22
1.192192171733943913e-21
1.074003483974870404e-21
1.276637455192712630e-21
1.430185696880694681e-21
1.754400250898493073e-21
1.722713940175960546e-21
2.092885052314726716e-21
2.057312295787177521e-21
2.449279411118943679e-21
2.743945161072922925e-21
2.798427707867183216e-21
2.928807270776077195e-21
2.603812027921003958e-21
3.033716558108186489e-21
2.796139919271277381e-21
3.178329300951402910e-21
3.026921459192966968e-21
2.945805165577526275e-21
3.143896574762117597e-21
2.841146053699836397e-21
2.930114714149088059e-21
2.986285648335855275e-21
2.853887693631309089e-21
2.931092267795062241e-21
2.819778146254138572e-21
2.403306614907327084e-21
2.350942362613045193e-21
2.265984502042574191e-21
2.112527439947129371e-21
2.107067392167394397e-21
1.989236558262209299e-21
1.395955885290513737e-21
1.462137661740790895e-21
1.125987456262515049e-21
8.993621825679586273e-22
5.275476434862863620e-22
5.487981585726096518e-22
2.130898961780617407e-22
3.335366477306960777e-23
-3.240112262933943251e-22
-5.199645698004840252e-22
-7.002716920144759542e-22
-1.240511825602731778e-21
-1.136187880846284273e-21
-1.861208415735164359e-21
-1.820541743130805704e-21
-1.898895258160392545e-21
-2.301093433250868102e-21
-2.435347982250846073e-21
-2.623071647716705988e-21
-2.748879989111471026e-21
-2.818517784808448646e-21
-3.020183683708061225e-21
-3.169725912917674682e-21
-3.057672309499501980e-21
-3.439133550472365343e-21
-3.252988830469371759e-21
-3.445719951717883971e-21
-3.350895443177889492e-21
-3.507188274937239983e-21
-3.131147991478108495e-21
-3.323182648455015191e-21
-2.894247187525789315e-21
-2.985882606650044899e-21
-2.604769145302787843e-21
-2.430498608728548531e-21
-2.201838350544215426e-21
-2.211123477033469029e-21
-1.863466075305492568e-21
-1.611838818109059896e-21
-1.397295863417589093e-21
-8.368313939444344579e-22
-7.388755250019144551e-22
-4.632105774964695129e-22
-1.322385893078010300e-22
5.261487642487732012e-22
7.317728599717903300e-22
7.924396968821954270e-22
1.097913412140818314e-21
1.565703119519024100e-21
1.985126717305331453e-21
2.049597616487459172e-21
2.302243176143925398e-21
2.733894375968787363e-21
2.913540770517745229e-21
3.037011718507913908e-21
3.569864194335553345e-21
3.629847945084447858e-21
3.725782818736795358e-21
3.882246316343201336e-21
3.510727725657232402e-21
3.579124324665408139e-21
3.743423191005002658e-21
3.787388494055824978e-21
3.692888956460592632e-21
3.329573485669839824e-21
3.155795183621783612e-21
2.875591716884769582e-21
2.529339701338821577e-21
2.107311663786238286e-21
1.848625188084571411e-21
1.369968533650738339e-21
7.146944655280161096e-22
6.793645299764983109e-22
-7.230130083347522952e-23
-3.475706570924410615e-22
-9.815208183847440559e-22
-1.553251939512426270e-21
-2.238601859070663320e-21
-2.236032141459833142e-21
-2.769422196234185212e-21
-3.384789422271992967e-21
-3.577673248949261318e-21
-3.777893474956359496e-21
-4.238400132187183930e-21
-4.317427455986680945e-21
-4.367099345025673647e-21
-4.497897896332858643e-21
-4.223214336568815670e-21
-4.169662442024381803e-21
-4.030579252542227240e-21
-3.478217826795593948e-21
-2.936775958050697642e-21
-2.896693408268931595e-21
-1.778011165091600643e-21
-1.642953700185276765e-21
-4.372131242538803352e-22
1.809075917146562936e-23
9.814218137265439105e-22
1.822386637088376853e-21
2.403442234290106522e-21
2.895730684183219465e-21
3.686008006935365372e-21
4.190072127818006781e-21
4.613613262644704319e-21
4.867808988135358569e-21
4.796227335434930434e-21
4.818290310159507629e-21
4.498727034136710116e-21
4.067057004832774682e-21
3.507960178047323909e-21
2.673458241019206935e-21
1.645723526689205588e-21
9.778018831205438021e-22
-2.739738070237094541e-22
-1.176502027358178974e-21
-1.966541128483764483e-21
-2.965842856652909545e-21
-3.593186550304817980e-21
-4.122449334856515779e-21
-4.505884162214856150e-21
-4.395939780522128628e-21
-4.055370754082884874e-21
-3.744932755231215122e-21
-2.866735462985901701e-21
-2.134862864358587897e-21
-1.328499717601256385e-21
-5.215350777955360015e-22
4.180271853383800154e-22
1.637788564452031428e-21
2.296801250993203947e-21
2.604401352413317205e-21
3.044580006675425781e-21
3.115877089048432669e-21
2.982902014245351763e-21
2.903379678414599375e-21
2.370483945801992024e-21
1.619961423850372121e-21
7.437015429769867879e-22
1.820785079724045725e-22
-5.235807346574608298e-22
-1.110305786382087796e-21
-1.352913839360862771e-21
-1.668007179946076285e-21
-1.709712910857778916e-21
-1.947524471028435667e-21
-1.876265303023866934e-21
-1.410465245828109188e-21
-1.131342866012399947e-21
-8.357333159734897697e-22
-2.621670730352444375e-22
1.548393803933989425e-22
4.022455515032030542e-22
5.794978768402951204e-22
9.364838549603094671e-22
7.680063826079384145e-22
8.645107624976929035e-22
1.150953242980072640e-21
8.179627393786564527e-22
6.949957408518186050e-22
4.990890399040297565e-22
2.865283566735688897e-22
2.298642579305546603e-22
-3.441785128423778775e-22
-3.877122293001178888e-22
-3.704872497762313356e-22
-5.907420533676801138e-22
-5.800884577948346903e-22
-3.862136484250116095e-22
-3.781293394225236202e-22
-3.115240382199795417e-22
-5.754019952569543689e-22
-1.447621852658518530e-22
1.540513917804726559e-23
1.150270511907731011e-22
1.360452201795675418e-22
1.626655491058834802e-22
4.648546847501140535e-22
3.803259177445344132e-22
5.950469908929618366e-22
1.017820060603701214e-22
2.105242198954480421e-22
2.415905134651374904e-23
1.983620698357448831e-22
-4.776935735014423122e-23
1.019486569062989310e-22
-1.374707771863569612e-22
-1.161678967480580515e-22
-3.462448672427618185e-22
-6.182325222829771052e-23
-1.063683132426186582e-22
-1.930295739919006697e-22
-1.500856392651387935e-22
-1.131914655874160979e-22
1.017607584921397291e-22
1.104274324242569362e-22
-8.266918292377424489e-23
3.828001845898619213e-22
-4.115985357692324171e-23
-9.606925238125530820e-24
5.678213264990778278e-23
1.594702359974201834e-22
2.053934742938381279e-22
-1.598134661979803914e-23
-1.577027073273350610e-23
-1.279086507007427701e-22
3.175023758278052230e-23
-1.237555887157659186e-23
-2.426290984926067983e-22
-1.215706553274212613e-22
-1.636800092499412085e-22
-2.711016915677315137e-22
-5.638921852984471059e-25
-8.463201339430570324e-23
-1.089467462188139098e-24
-1.044014764691253989e-22
-1.159674338473636264e-22
-5.403883093463455603e-23
2.596660492547442426e-22
-7.651545779038368351e-23
9.702901488109751807e-23
-2.559534610742215565e-23
-2.671863235743893873e-23
-1.132140021450801327e-22
1.862241510293308837e-22
5.988482748976812682e-23
-1.701413792790851454e-22
1.698727499867311568e-22
-2.225888671500836770e-22
1.132215829699634842e-22
-2.719775182482221316e-23
1.072718186184915388e-22
3.003706090050928848e-23
-4.741164514169545998e-23
3.563436107269589829e-22
7.675812468860953727e-23
1.364944604365109455e-22
-7.651637935292852398e-23
2.094693985508062382e-22
1.623642890371678947e-22
-1.038000077537776623e-22
3.727780799029044716e-22
-8.740052245238770071e-23
3.922589179697721357e-22
-9.446843260086208180e-23
5.757264677027642139e-23
-3.486651539157772545e-22
-1.852849637726244273e-22
1.499938095375455909e-22
-2.897596267191709094e-23
-5.788898092697037041e-23
3.468232770579874954e-23
-6.541075498121050391e-23
8.810333087091671933e-23
-7.479002237516067968e-23
-1.926833141763934153e-22
-4.269487908587000849e-24
-1.771754851124674294e-22
-5.868870516302873610e-23
-1.661575743715869977e-22
-6.150261095214176326e-23
3.369113458692605388e-23
1.049480059797776316e-22
-1.322014975447162019e-22
-1.101329947668653304e-22
3.839520244443548173e-23
-1.234937726115248970e-22
-2.141347160638637373e-22
4.654030115127506363e-23
9.613450185717149261e-24
4.700853695598850458e-23
-3.671044921803778484e-23
2.981969820739345321e-23
-2.238414733959667408e-23
8.859139501429969721e-23
-4.707022892232966225e-23
-5.281142706660414928e-23
8.227404641767715377e-24
-7.216242443834378334e-23
6.439394101245578770e-23
2.639842790975929785e-22
1.317037891946449989e-22
-6.381366375171654518e-23
1.487585624753310374e-22
2.157448963380011842e-22
5.488489545188312437e-23
-1.963855948543413385e-22
1.713379829392979748e-22
1.155095882173202278e-22
1.993706966221808420e-22
-1.867204726989004149e-22
-2.452332828009371410e-23
-1.059872675405806973e-22
5.838160534880729634e-23
-2.033717298878698627e-22
1.871106079807507986e-22
2.428311062531941785e-22
-3.220523026919155699e-22
5.060518962518126615e-24
-8.032109326648210676e-23
6.017801815353151867e-23
1.394092487572963115e-22
-1.534535161741248813e-22
-1.047000198900771148e-22
-4.231579879583365562e-23
5.278048625295604677e-23
6.578487103014695141e-23
-3.292138640501465477e-23
1.276045383959246377e-22
-1.660924487985650464e-22
1.073957058273365235e-22
5.771171194021442969e-23
-5.460504034280772001e-23
-1.378319141680764520e-22
4.650348885859551836e-23
-2.764949294287108152e-23
-4.747146788922664098e-23
1.203668984765242800e-22
-3.008854823989751093e-23
2.143510059878083071e-22
-1.681152593050182078e-22
-9.456327993471975059e-23
4.711843134984077968e-23
-1.089332227953723149e-23
-3.067425947680412158e-23
-2.608357096745110392e-22
-1.929576685407105146e-22
9.528855310594087710e-23
1.451191043268728978e-22
-2.321352506777804376e-22
1.354850558134215185e-22
1.287472734864508253e-22
-1.739670602150868225e-23
-1.395812126331014065e-22
-5.261940401804131959e-23
1.688434073919287014e-22
2.733338664324195073e-23
1.161500972068946645e-22
1.324991041374550412e-22
-1.724524547326330431e-22
1.146363311937260049e-22
-2.329530597239671218e-22
5.533117233512952349e-23
1.029291877342712023e-22
3.333307484005402523e-23
1.746425038198397294e-23
-5.148225309187109902e-23
1.222499520905346619e-22
-8.952670306026060617e-23
1.362757317891669913e-22
-1.284698460943115029e-22
3.078265400953996516e-23
-4.175299838674833894e-23
1.486780297150977367e-22
1.670379845728252611e-22
6.113909598160855297e-23
-1.334912563777395843e-22
1.900293651176541557e-22
-3.878014398864492961e-25
-2.143555217119465638e-22
9.041348867580836282e-23
1.484320003432906355e-22
-3.292204049677365947e-22
-1.054389160583545215e-22
7.342569221364217220e-23
1.689954646258355229e-22
-1.196586419374146768e-22
2.168135244617700993e-22
3.223503654984582707e-23
-1.415103560156122759e-22
-2.069144964785298382e-23
7.338617221735260686e-23
-9.514097736148328796e-23
-9.152679858497505200e-23
-2.806287736977350403e-22
2.904118454435053543e-23
-3.243589475349402068e-22
-8.289445621819003945e-23
2.471554092695525843e-22
-2.980931155972017197e-23
1.654718081205903902e-22
-9.356423131153119048e-23
8.521142793625864964e-23
5.637296158047929930e-23
1.595279162743384413e-22
-9.766734104088458410e-23
2.449463038625149541e-24
-1.251911350557634140e-22
2.011325924428694121e-22
-2.547525169638172801e-22
1.162868207727063763e-22
-2.306476689234716623e-22
1.638608254996124693e-22
-2.098351820487593232e-23
-1.110790400573548602e-22
9.245260740060055242e-23
-3.264873333181739336e-24
1.156777465409746265e-22
1.876439209576120079e-22
-5.671119780229292468e-24
6.195000132461744129e-23
9.030977432096744972e-23
-1.004708535842114442e-22
2.162547446711087689e-22
2.572822344255661322e-23
-2.432587517495202174e-23
-1.279670152821581991e-22
9.134517822668879621e-23
-1.803253091895354190e-22
1.175359661588793112e-22
-6.794679246698471983e-23
-4.154186465397477281e-23
1.138574423112371977e-22
-1.325939460483433193e-22
4.123981220466370777e-23
-6.411873590606587552e-23
-3.190064160217547723e-24
-3.566860911205900082e-24
-1.155839130987964292e-22
1.601353476079783665e-22
1.278356252281947979e-22
-7.300745659204898412e-23
-1.133291639783421920e-23
-1.356613148393589492e-22
-6.272538367281747871e-24
-1.280174111321372501e-22
-7.083805250771303491e-23
9.260712375826426968e-23
-1.022146034324662012e-22
-3.115061576070789335e-23
-3.260727964651348399e-23
1.839946836131134541e-22
6.903433205348539369e-23
-1.300983515278520194e-22
3.210580005678263630e-23
-5.936054555955681342e-23
-6.598090007109844555e-23
1.406763682190034426e-22
1.081313571772309884e-22
1.914592479384524509e-22
-2.909364713781356660e-22
5.505196548371574299e-23
-1.747321254842453071e-22
-5.523614144174848241e-23
-1.561536334940937630e-23
1.726649176798681246e-23
9.677292550736296067e-23
-3.083859918604710727e-23
-3.028342239178453906e-22
1.022495539359087003e-22
-2.017905552551912023e-23
-3.046034713263121814e-23
2.293128547875686860e-22
-3.611318289034695626e-23
1.056177373960639830e-22
1.815987263710552782e-22
1.894143238733116826e-23
1.345848662300590331e-22
-2.812912650439700851e-23
2.499247580366866185e-22
-3.198085874211109103e-22
1.225708704296470153e-22
1.571280307619256438e-22
-1.659718749218046419e-22
-3.497533073071229515e-23
1.105113439856072844e-22
-6.701160819381393544e-23
-1.256864780604365024e-22
1.400277099837653531e-22
-9.534379897651906026e-23
6.261489264454383445e-23
7.905204089937625190e-23
-4.803902377697208458e-23
-2.826040170764294813e-22
-1.082377723871636893e-22
3.149014616505626735e-24
-7.207656397762517003e-23
1.656552064535384026e-22
7.231170808674611915e-23
1.554840142547756201e-22
2.265122936029220990e-23
2.346316488206639126e-22
-8.528732748292477687e-23
1.999489706223144170e-23
-5.442338801441002284e-23
-3.844619956058556396e-23
-2.206774518218384746e-23
-5.200296776881478121e-23
-1.818919191967203596e-22
1.061568607453563779e-22
-3.416981497003481134e-22
5.297637454865382893e-23
-7.033003222930428368e-23
-1.895094265167040479e-22
-2.463177725785997062e-23
2.913509907733039162e-23
-3.679351207631966542e-22
9.427759928188266029e-25
-3.099728848034090834e-23
-4.884262168109972245e-24
2.215699288456166964e-22
-1.293575252817711965e-22
4.435924461816851662e-23
-9.335324501495054838e-23
-7.903979712097194801e-23
1.895960977458240580e-22
2.308868491418925538e-22
7.684242938442901021e-23
2.143248781876718231e-22
2.243516104245270841e-22
1.629755363998768950e-22
1.030985229820682529e-22
6.764751645041859190e-23
8.986400912222511559e-23
-5.054781382920158725e-23
-1.451149895206927782e-23
-6.758219405630587995e-23
1.764965457561906759e-23
9.443664136557692974e-23
1.231390681769331760e-22
-6.186901628267978838e-23
-3.133995192475806351e-24
8.811980899671534111e-23
1.842972335301314701e-23
-2.563062051591228834e-22
-2.019473802237826980e-22
9.724677794390536753e-23
-5.005586201757286872e-23
-2.825242290849722215e-22
1.304779407479121317e-22
7.492608770993982072e-23
4.451148169065360397e-23
-1.658375192567721885e-22
-3.262154968062761196e-23
-2.286050267387520690e-23
-9.331228806029020267e-23
1.133140722645765235e-23
3.551383824856999017e-23
-3.144632294611790040e-23
2.899114436874659573e-22
-2.482454737533593229e-22
-5.053333999591564939e-23
-8.606789192155999015e-23
1.116947559114539456e-22
-1.584910895759869599e-22
-2.293413386884418334e-22
-4.293128696009350820e-23
-1.498607315197661996e-23
1.749697609226628723e-22
-7.270297162570354005e-24
6.452253573893246962e-23
-1.676425750719215127e-22
1.487068395034973741e-22
-2.188731199548703185e-22
-5.336172992497949904e-23
-6.299970471964975328e-23
1.813672734403990064e-22
-5.333660232845725366e-23
-1.423304151927900435e-22
2.044142691691369427e-22
2.367343659180076842e-22
1.189643710157853521e-22
-1.488934936980681940e-22
1.509821858678068605e-22
-3.253867149854090608e-22
1.691219252304642376e-22
4.797696364404472496e-23
1.944119545127843896e-22
1.930021445664587084e-22
6.783793470757320597e-23
1.114769294837283453e-22
-5.407689458431104183e-24
2.536457812167645854e-22
-2.479475788633551399e-23
3.675460756080508794e-23
-1.360413178834236910e-22
5.746158010953738551e-23
-5.722379294468376904e-23
1.293451524171003621e-22
1.490471003211304357e-22
4.180111272583746369e-23
-1.503325672094597242e-22
-9.878808601432450325e-25
-2.470871808194570487e-22
-1.792364433007211467e-22
3.763984951035187885e-23
-2.121081355573703386e-22
-1.700210048627006109e-22
-7.114781096496893492e-23
-2.148316113747317306e-23
-5.719390760485501800e-23
-6.410192312863204145e-24
-2.061062371168615381e-22
9.710407086684161053e-23
1.305028636734562180e-22
-1.120133611410701761e-22
2.676220823098128768e-23
1.722041928562159322e-22
-3.705509045933506272e-24
-7.794684053894302722e-23
-1.590837189654988478e-22
1.674268634528552961e-22
-2.114412173192071969e-22
-1.446522013613248943e-22
1.575276511236933595e-22
-2.236652878976364395e-23
-1.042888686527981105e-22
2.615446311415576829e-22
7.729075303811027533e-24
-4.466488140817856176e-23
8.722685154683263653e-23
-2.056974205742249881e-22
2.955363969280272276e-22
8.556344600736107350e-23
-7.253743141260994221e-23
-3.640063924141011535e-23
-5.896212867498252853e-23
6.119026708617620653e-23
2.850674037762708138e-22
2.392581241878207193e-22
-9.053058710964633475e-23
3.549709053879136359e-23
-6.088609375391585931e-23
3.675179347428690380e-23
-5.578769568981263417e-24
-5.691776319450724232e-25
6.913425011394416462e-24
-2.355358446253923048e-22
3.988644531483304174e-23
2.736511650947526928e-22
-1.061915005586228310e-22
8.963249491662306079e-23
-1.816891522770936866e-22
-8.152260092515537866e-23
1.220264557517055213e-22
-1.806670074680943171e-24
-1.420788473339672989e-23
1.390895357162687434e-22
-1.319240360831662047e-22
-2.661824355586475404e-23
-1.466240079050685320e-22
-7.837444880475794489e-24
-1.411225802234392240e-22
1.297994832861995773e-22
-8.427461472730817266e-23
4.567728251483192528e-23
3.536807378317732890e-23
9.299869102234268697e-25
-3.982854489985945689e-23
1.007664735985713072e-23
-2.624407230388960084e-23
-4.436766102884063767e-23
-7.702552770988779614e-23
-1.002163826373832212e-22
8.370207104090124760e-23
-9.047823937606202389e-23
-1.196752764074881119e-22
5.548076512478147461e-23
6.760376418497858125e-24
-1.148814504670220541e-22
5.136389506980996893e-23
1.719216095059533973e-22
-2.047487192963485773e-23
1.421935352400897087e-22
7.961869568631199870e-23
1.523961353511120740e-22
-6.839825897260405342e-23
3.694167664087839061e-23
-7.073714874711174109e-23
-1.043240522842920740e-22
1.178261134173971511e-22
4.272297812815458726e-23
1.134146074164321689e-22
2.093989702611390508e-22
-1.085913003315471679e-22
-5.585727245263484895e-23
-1.158890027428239049e-22
2.323557511686345673e-22
-2.114123827708829468e-23
-1.527772095682993322e-22
-1.488625205188796268e-22
-3.199399167552579691e-24
-8.703154892248119335e-23
9.691472012183173360e-23
-1.868111705445670248e-22
-1.343390078313938270e-23
-4.677894392621753211e-24
-1.609517295678110851e-22
1.057921154878708576e-22
-1.518720988834205726e-22
-2.259006667786851671e-23
1.123886584318841418e-22
1.525014091503527943e-22
7.833862044202448992e-23
1.180214874256343472e-22
-2.496319528028042245e-23
8.839649239554568666e-23
-4.567272210144362722e-23
-8.922629781613870167e-24
-1.459067231006945291e-22
-1.504935372071416510e-22
6.247958999682498502e-23
-1.593530672196034017e-22
-4.815932829957477783e-23
-1.744073813566002483e-22
2.513250052002333611e-22
2.507195504538508423e-22
2.040941787462281270e-22
-1.070648528651601621e-23
2.456794582867679284e-22
2.078495973677394707e-22
5.871230894861206064e-23
8.089188518554555822e-23
3.665070089027905677e-23
-9.737197228044271170e-23
-2.235125451721273035e-22
-9.995009062031121860e-23
-4.363927217221322523e-24
1.131912609883368862e-23
-2.098438331121325951e-22
9.854178262418958884e-24
-1.468065583100733047e-22
1.831518199961331064e-23
-9.844807794628708549e-23
-2.426907185857625973e-22
6.454033355675538116e-23
-3.133462016061306643e-22
3.152199470415272895e-23
2.182634654412364216e-22
7.457534255793442618e-23
5.875986273863998670e-23
9.141876694167523580e-23
7.586689899590301606e-23
-4.043821054984277531e-23
-6.156696334645293778e-23
-8.519081649398488183e-23
-1.793070473390422686e-22
-1.601926703406093759e-22
-7.870971130720825953e-23
4.318073223964954681e-23
-5.045537589682231035e-23
-1.038869829963051612e-22
4.073289023028973138e-23
1.136079729972487141e-22
6.863265355914534075e-23
1.239707489274295482e-22
1.206772991714537495e-22
1.294551920945502251e-22
-5.120193022543134972e-23
8.336807643698312531e-23
2.519443053678858532e-23
1.750600251370481697e-22
1.382713894252568089e-22
1.069861672011337654e-22
-6.814239132577348670e-23
-1.984138151960532151e-22
-1.435464800056372750e-23
1.585196646840876367e-22
1.925278930510196641e-22
5.409861666098396382e-24
1.512277487271223612e-22
-8.200984947662855746e-23
2.201473430199334284e-22
-5.381476124747581091e-23
-1.437928950130922042e-22
1.479457692295323779e-22
3.422094122374266368e-23
-3.092797726745897887e-24
1.386015330350041034e-22
-5.467729614665484870e-23
-1.092425407453900870e-22
-1.158290358028839900e-22
-1.889060789616890518e-22
-1.518762177741523913e-23
-2.195871161100810810e-22
1.454902040549302958e-23
-6.309443452169907746e-23
-4.200238329421238145e-22
8.172283825512692864e-23
8.111231070115383298e-23
-3.007339082928841766e-22
-5.376047688195892298e-23
-3.260328156319132909e-23
-1.734486018318243360e-22
-6.616854842892383874e-23
2.379165102513644055e-23
5.317347129244126935e-23
-3.260532995186115972e-23
-9.860431450769366670e-23
-2.167851616982598395e-23
-9.436892900132607967e-23
1.008126788579116393e-22
-9.379541093788832528e-24
2.193875760439546221e-22
-7.148405037503416350e-23
3.660048882126091148e-23
1.110751662696409224e-22
5.682801061379756371e-23
2.349249629518774581e-22
7.010520722447999606e-23
-5.650153312720094611e-23
1.480428949345668644e-22
1.016932749674715251e-22
1.582076942483364570e-22
1.749772716583933365e-22
3.718118457374415049e-22
-3.202255212439329063e-22
1.695128806100433550e-22
1.770205698085435918e-22
-2.057330612152973296e-23
3.632671384778083965e-23
1.882417205282586731e-22
1.331599994403270921e-22
-7.171183166748942827e-23
-1.683137216859926376e-22
1.323152114902220012e-22
1.276995975967899812e-23
-1.125769591593845807e-22
-5.528113224916845385e-23
2.701257883403066838e-23
-1.150625337348478616e-23
-3.470656867431068577e-22
-4.224748944862184831e-23
-1.771970004461343926e-22
-7.106203966369536287e-23
-1.612893425696345390e-22
-6.587593904987684819e-23
-3.746647923242087186e-24
-3.568610443585475544e-22
5.658296530732526666e-23
-1.414357796702086361e-22
-2.747478436847626215e-22
6.023747896586974089e-24
-2.312677617971189456e-22
-5.877223340442880803e-24
2.381451002178491533e-22
-5.873365251416548661e-23
1.420931456331980153e-22
1.251581958788890148e-22
3.086630527361918674e-23
2.321176167632356203e-23
-9.371293222841893660e-23
1.393661665574522093e-22
8.295366537532230180e-23
-1.346845377760665351e-23
-8.199748461796832137e-23
2.219042537500230662e-22
5.771536072564679527e-23
1.823053361009644440e-22
-1.805897006193678534e-23
-9.112705981243665608e-23
1.044976115863067854e-22
1.987607857520005705e-22
1.099044488157355700e-22
1.362863555535364684e-22
-2.177627570851573457e-22
-2.317770335480022578e-22
9.102199654342580409e-23
1.920075225634408196e-23
-1.168979211288703927e-22
2.622243694867144896e-22
6.917055425577840271e-23
3.069735148705117764e-22
-1.982797240748225654e-22
1.285489857447502719e-23
1.871391360405546598e-23
9.634108610152455622e-23
-1.763498766809517233e-22
1.250950582610433514e-22
-9.261006121698838935e-23
6.980342864684372648e-23
2.008575659087231275e-22
-1.926710838524122290e-22
3.357208925056942772e-23
-5.473421083638453358e-23
-2.047963212790819920e-22
-5.482458519214326479e-23
-2.248546118191230964e-22
9.015828683994694526e-23
-2.364982033683906735e-22
-5.506808726058593448e-24
-5.718893752399586804e-23
1.404121154200561841e-22
5.292678056992790519e-23
9.664246090489966956e-24
-1.183820056014260159e-23
-1.085728558892573614e-22
-1.544564797592555556e-22
-5.773993752981439729e-23
-7.677441973307808685e-23
-1.465496681555160157e-22
-1.063581245308731873e-22
-4.866635739047404414e-23
9.031171842516870475e-23
8.449588153390578192e-23
-9.386545558472143561e-23
3.280313719164752615e-22
-4.215330766020920876e-23
5.378330893586464045e-23
1.340485058957644339e-22
-1.913937497649785301e-22
7.910698646485314915e-23
3.054013807216548909e-22
-7.706798750132971042e-23
8.474801371756738774e-23
-1.600912177822926031e-23
2.961942540139011694e-22
1.244414785941111033e-22
1.945339542208944178e-22
-1.361620256438382038e-22
1.375115823986647565e-22
-5.886997560954212690e-23
-3.259138508492590503e-23
-2.156702635549411422e-22
-1.300459981167966791e-23
-2.268694696232246935e-22
1.605938328603491911e-22
-1.967623338613756747e-22
1.321103510235514476e-22
1.254383244082168579e-23
-1.612150955978132630e-22
3.738120921887418233e-22
-1.473703521195008688e-22
7.323366602270495598e-23
-1.802841134109646152e-22
1.046601395709007498e-23
-3.292327898169283930e-22
3.126411526878123835e-23
-1.060665780202938891e-22
4.146289900283551426e-23
1.118722023764268579e-22
-1.432195056995889834e-22
2.633934028720894114e-22
-2.701616983916367873e-23
-1.386313679444719772e-23
-5.463768367118902527e-23
8.785219196567925979e-23
-2.544716115660660742e-22
9.764126620683105962e-23
1.097937715136800147e-22
-6.321849723645710837e-23
-1.604467781535696700e-22
9.072805597695826394e-23
9.260651062415605280e-23
-1.757218818986737623e-23
5.326082671542919765e-23
-1.545363886797541300e-22
1.288572200344766786e-22
8.105517344458209484e-23
-1.317181569539593801e-22
1.389824066335154023e-22
-1.048442048976199226e-22
2.363462271261251685e-22
-1.466096168349842870e-22
9.135648056487460523e-23
-1.175097168084675359e-22
7.275370999816755154e-25
9.218238161792556454e-23
-3.225677497659920237e-23
6.569834910946886774e-23
-1.439659297452407565e-22
1.979450939394099468e-22
9.222904168438483252e-23
8.733089824429146222e-23
1.216443433611209972e-22
1.471716708595130303e-24
-6.922834977940856896e-23
-2.402083800320874917e-22
-2.737071308949189551e-22
5.717259737216945301e-23
-1.304192028718288967e-22
-1.137861907156384365e-22
-1.835413529238803884e-22
1.462493607219684444e-22
-5.584661145246752945e-23
1.655838310448320589e-22
-1.009807660337379472e-22
3.498445421352554746e-23
2.176130476450701482e-22
6.413585826074958360e-23
-1.436766168761110272e-22
2.149489466949912512e-22
-3.457905290118754538e-23
3.240633164496555642e-22
-1.479909068148788929e-22
-6.149042755649363308e-23
7.716753882911700855e-24
-1.241400705710021134e-22
2.130190585797887026e-22
-3.274967773350515057e-23
5.881560174924017690e-23
-1.047270555471487770e-22
1.298745350022699951e-22
3.762008879488704751e-24
-1.008988502709150314e-23
1.201668699115688160e-23
-6.510147406174533449e-23
-1.218428315323974735e-22
-5.291350250817974595e-23
-2.680246428388548857e-23
-1.088223230453770414e-22
2.822018806547332918e-23
-1.521617385568079020e-22
1.364602012778323985e-22
-7.587076450041532484e-24
4.932712082086885203e-23
-7.815556388190572028e-23
-2.068252417987977890e-22
-4.447079773640266702e-23
6.503297046786457369e-23
1.991974987154013194e-22
-1.618230465071084530e-22
4.173835409746322591e-22
-1.277953378595387041e-22
-5.127674861540641198e-23
3.357506903332890754e-23
-1.105685464842659425e-22
-8.505111366452176974e-24
9.098765066110381049e-23
1.874000416114408163e-23
2.365573699766073073e-23
-8.506591677636273785e-23
7.090153911250713918e-23
-1.671639243618744333e-22
1.919602393884693281e-22
2.195626232615093405e-24
2.139397179647627960e-22
-3.876437318922534387e-23
3.812338488839930218e-23
-1.583145482668084046e-22
-1.007639750014736282e-22
1.143559849091578697e-23
9.106830903242100829e-25
4.947017241794072698e-23
8.894237845331533474e-24
-2.205699929751601691e-22
6.297968843681815267e-23
-8.442240176136444003e-23
-1.593412093427743226e-24
-8.146233298860176677e-23
3.002597361611365190e-22
-2.470580137811553021e-23
1.990327668709618573e-22
-2.026915353175906533e-23
1.555770969616799108e-22
-2.400336274884592754e-22
9.917054289243110708e-23
2.428055154602849496e-23
-1.550496884229816898e-23
2.871751116265596142e-23
-7.039943548513669396e-23
-3.070805009001892603e-22
2.914018708399020148e-22
-1.442287973417821627e-22
1.389779949519029584e-22
-2.984760183824987342e-22
2.848040015789425315e-23
-7.880984744143093266e-23
-6.584090178623400390e-23
5.388812067474910218e-23
8.232824253877034232e-23
-9.505951166912161233e-23
2.246608043812215647e-22
5.005598065465314794e-23
-8.248541269097766523e-23
5.855925580680375584e-23
-7.435042109946234897e-23
-4.091731913074894686e-23
6.269653343008348202e-23
7.442482418405316005e-23
-6.845946391444538884e-23
-8.036377344439288977e-23
3.562430204535277627e-23
7.193322794729823755e-23
-4.183162651514512554e-23
2.713716050699169142e-22
-3.922912869365856736e-23
1.636309162233520953e-22
-1.091440620311915758e-22
-1.208230308917590152e-22
2.376567581138312361e-23
-1.275459211405624098e-23
-3.674340322845084687e-23
-5.833238376272437264e-23
-5.674118542913381493e-24
-3.116871261115544759e-23
8.821903985308584868e-23
-2.384148575661356116e-23
-1.473962310814808588e-22
-6.277095795197217605e-23
-2.305746136096766461e-22
-1.857048310756738955e-22
-3.020640684796852532e-23
1.225458410334558372e-22
-6.720444878009942544e-23
1.327597747477490416e-22
-5.591824148576974631e-23
1.348943685756187656e-22
8.993903102016176462e-23
1.547491172700287905e-22
2.043606567829929652e-22
1.028612523140235141e-22
2.914315761784634236e-23
-1.988058782099868789e-22
3.109126790704931535e-22
-1.059537426124002767e-22
3.056929389905844679e-23
-9.099991933983732236e-23
1.786115068673817594e-23
5.979934470183121794e-23
1.176390599062912385e-22
-1.041246927191203951e-22
-1.148792910111731686e-22
2.621833297748806388e-22
-2.269027545090252191e-22
5.064369170963121954e-23
7.266713418311925426e-23
-7.187087377446217692e-23
-6.839649991244264613e-23
-5.460644140830043410e-23
-5.348115248421668023e-23
-1.073655097313736805e-22
1.450542349212998471e-22
-1.066201579235814165e-22
1.438408490979206353e-23
-1.393661266636751358e-22
-2.629193626510811499e-23
4.606139711763263605e-23
-1.196718506704267765e-22
1.016781071242078300e-22
-6.340146089530607067e-23
-2.137138618272103952e-22
8.437287680514027129e-24
7.301969298473993842e-23
-2.858456110670185071e-23
5.567830067261643329e-23
3.497062350213007431e-23
4.677407167208132173e-24
-2.308193973675876077e-22
9.040976245416809017e-23
2.732441307119476950e-22
-1.661188408812199746e-22
1.296281567037655208e-22
4.992363966556259338e-23
-1.821668087819273568e-23
-2.845339133971871789e-22
2.244413043196661741e-22
-7.390712836312057019e-23
2.101504281936560755e-22
-5.439911865848217139e-25
1.709498119378801747e-22
4.740076111525401787e-24
8.916615619728244489e-23
7.184276926269844516e-23
6.711076447064755535e-23
1.363282233119366271e-22
2.050769440199956594e-23
-2.051471881968368814e-22
1.056187152887982377e-23
-1.011674088338155318e-22
-1.417189490845083191e-22
8.578245443814753015e-23
-3.633698259338813661e-23
2.006175365968603090e-23
-9.892936567568797845e-23
-1.115982753401679351e-22
-1.191642463564476040e-22
1.206301905804822035e-23
1.658349979009975846e-22
-1.249496947182538049e-22
-7.997989144661164036e-24
6.042869315369708044e-23
-1.024459653411988151e-22
1.908124417364751810e-22
-1.312310599911983369e-22
-8.609903738553615442e-23
1.611631782151834171e-22
-2.261358394777648850e-22
5.436722485455617021e-23
-1.190373119729357966e-22
1.005178003523773177e-22
2.196645782071601350e-22
8.024105277922815473e-23
6.400493125109974391e-23
1.079777590451724333e-22
7.328189818213266240e-23
-3.059186884516096997e-22
1.241668950528048064e-22
3.202589706667684203e-23
5.789057764205210204e-24
-2.439764068602581150e-23
2.580869385062251842e-23
-1.657478810752974813e-23
-6.881520976652337740e-23
1.102155202043592002e-22
1.200174057019093455e-22
-9.275164969288814175e-23
-1.393097954670596214e-22
-2.080389867591049699e-22
-1.183179363027103836e-22
-5.647444729913471120e-24
-5.056559494325198940e-23
-2.800424322216820156e-23
-4.689569281984584741e-23
3.005357436370799010e-22
-9.238599374109166996e-23
-1.057033143028759244e-22
-1.436532765340083601e-22
2.069671231429450435e-22
-1.474780664676865685e-22
7.898396536735271288e-23
5.853072890648047409e-23
-1.481239051471379695e-22
1.660104882268615825e-22
7.147298757256368861e-23
-1.010007149422477119e-22
1.918513200804659859e-22
-1.452449437678357528e-23
2.313752589894306086e-22
-1.639765324404931879e-22
8.424954869673878451e-24
3.322359012901192169e-23
-1.874061647169019820e-22
1.106986110781840021e-22
-3.686246823721206623e-23
2.190885730630316769e-23
1.082258774526829836e-22
8.075930957981639732e-23
1.902645717816019817e-22
-1.330104068236063467e-22
4.110281976537888631e-23
4.709360717422567166e-24
-6.410977258127890337e-23
3.632268246581404756e-22
-6.786909578601145382e-23
-1.354054314541691473e-22
-1.199141600552387651e-23
-1.775408506746275585e-22
3.891827456410693354e-23
4.107717956859152485e-23
-1.582836066481591894e-22
4.433714604029872900e-23
-1.848854203364587664e-24
-1.197449059333325498e-22
1.101658053843042118e-22
-3.606935334898982438e-22
-2.505900936821197022e-23
-1.504577784220502708e-22
-1.591389834183112890e-22
1.048804637529341584e-22
1.387564813368475852e-22
5.782548809426158699e-24
-9.686098423171502814e-23
-5.619409486419384018e-23
3.445056176962957340e-22
9.050017293259005316e-23
6.585613645264772517e-23
4.856965867255251532e-23
-9.485853202993114626e-23
1.575549340433131675e-23
5.460644707277115423e-24
1.383416348778505300e-22
-4.644099894674905895e-23
-3.101082407370648565e-23
4.033459759374692272e-23
-1.639584330491455105e-22
1.719839121860105797e-22
-1.449911006035534107e-22
1.594746745097057844e-22
7.178820002557093239e-23
-5.073812099273110383e-23
5.179294857443913953e-23
-4.341219055425238208e-23
-5.787495130872154353e-23
-5.782546530434149160e-23
-5.095810583291138958e-23
-1.573585430629821856e-24
-1.606252624719872366e-22
1.221283590856986125e-22
3.966626514646938456e-23
-1.052114310478791439e-22
6.040240144266750874e-23
-6.839546909308398833e-23
-7.659549584550332458e-24
6.159250606676112068e-23
-9.418353663157305804e-23
-2.203415687261379106e-23
-1.681292792185296841e-22
3.586581204643343218e-23
1.376427426388244170e-22
2.395919867459152552e-23
-7.325329191185556146e-23
-2.259156705420855617e-22
7.891303275341575846e-23
1.761006558789558098e-23
2.115367898556164200e-22
-9.970127802247501186e-24
8.121129398428784788e-24
8.247680765973398540e-23
-7.421680088827360930e-23
1.468087261034996958e-22
-5.103183849150443803e-23
1.271278130295748185e-22
4.481089410641446532e-23
-1.141981667789714256e-23
3.152874265471488636e-22
1.603912863010140209e-22
2.326234198965617428e-22
-1.251866523591474638e-22
-1.455123292927904088e-22
-9.556334267808114991e-23
-3.582378655444604807e-23
4.133606006970896739e-23
2.006224360188679952e-23
-1.249359296116386970e-23
6.733481325818288374e-24
-9.435418461467119986e-23
8.112946532546483723e-24
-5.200883343874523562e-23
-1.121319459427846872e-22
-1.378822708359824245e-22
-2.254784518518260362e-22
2.444311672108296098e-22
-1.496742848819533894e-22
-1.433974440743746157e-22
-7.341711581051168010e-23
-3.224265079332229258e-23
-1.287094384113111978e-22
1.346050922700382339e-22
-2.060202189016689985e-22
-2.513585178108374056e-23
1.527771733036724705e-23
1.579346795483234852e-22
1.183718050799131087e-24
-7.129170925531711749e-23
-2.594010511642445631e-24
-1.879592330866162388e-22
2.010419958524036278e-24
8.927510557623492440e-23
-6.550923429770303884e-23
-9.076339093463145314e-24
-6.835095081258301931e-23
3.898885002756647214e-23
-1.376010472972356344e-22
2.939990130744841260e-22
1.108746542399411737e-22
-1.844566887821813854e-23
2.495571126189617483e-22
-2.380277233241299204e-23
-1.039657273997265047e-24
5.836997204839413756e-23
3.188602966384487651e-22
6.073552793169344611e-23
3.127625564597240159e-23
1.899212029051729916e-22
-1.142211403471472234e-23
2.632443522616590914e-22
-1.422208608919368654e-22
7.025651134347352103e-23
-8.674099222990930978e-23
1.541184183375600622e-22
-8.264363357584326624e-23
2.303462537263187920e-22
-1.234516718065013779e-22
-6.790112539117099566e-23
-3.362523834586827536e-22
-1.148231292823450150e-23
5.766517521851303379e-23
-2.004670836001458626e-23
-8.026785926607591832e-23
-1.463244336343420656e-22
3.196159605554862293e-23
-3.083722943374797537e-22
2.085217236529868381e-23
-1.592080220434028862e-23
-1.209221208508624271e-22
1.846754154987705787e-22
-1.708773204413276210e-22
6.182902290074607819e-23
1.581319163945271143e-23
-1.800689676030227486e-22
6.880236883331702285e-23
-1.453836921429800507e-22
5.133370954082241338e-23
-3.409465970132065110e-23
6.839299736006836775e-23
6.978846796354894143e-24
-5.954942820494598621e-23
-4.968683767533599451e-23
-1.719686676604537757e-22
-1.520513203853095656e-23
1.159344428749467209e-23
2.764248387516174897e-22
-1.725415483272974410e-22
3.114810593815148557e-23
-2.824527780390253093e-24
1.810306168450772494e-23
9.816548366156770613e-23
-1.993033933828998683e-22
1.225801034429538317e-22
1.362453703941608010e-22
1.837048309994720185e-22
-7.037259478406874216e-23
2.862919971859724521e-22
-9.872384604821926304e-23
-1.630133990815291872e-22
2.493505797078063700e-22
6.162282325541471002e-23
-1.224448555543524547e-22
-4.887229839629695242e-23
2.046931938640241280e-22
-1.293962725548443247e-22
5.672461946791466739e-23
1.636599938733293065e-22
2.504764052090056182e-22
-1.405818514835431869e-22
-1.658465058300976012e-22
-6.641857986671200914e-23
2.096272523123543826e-22
-3.216679787257019893e-22
7.114632913066686791e-23
1.088530847950213422e-22
2.068271809792152607e-22
-2.956479828989093161e-24
-2.043010862337279962e-23
-8.729115401881196143e-23
-1.494394837215785184e-22
2.753494732124101877e-22
8.033511277508211718e-23
-4.047017739265297402e-23
-1.835194085328290620e-22
1.344624030737325751e-22
-7.308081397973760258e-23
-1.061948555016455744e-22
-1.013750429413022235e-22
1.568555999782055258e-23
-1.496050236295908305e-22
-1.568920187959258555e-22
-1.284217467014212835e-22
-2.171691238183475684e-22
4.021978791965711298e-23
-2.896006360298906445e-23
-3.205755434859680961e-23
-1.160515523896426113e-23
-2.683623064059656323e-22
-2.156370549729178912e-22
1.029123235161289049e-22
4.068163221710675461e-23
2.719767537648853255e-23
8.081149467446356672e-23
-2.731006502685425279e-23
3.137803428919062740e-22
8.516519263648722353e-23
1.475857314658145736e-22
6.776248378480927308e-23
1.646451447786581846e-22
2.000511894118752337e-22
7.726520168693570174e-23
1.632465964814149267e-22
-2.484300223929975287e-22
-6.335594491452684163e-23
-1.087342334134011227e-22
6.547321195625889348e-23
-6.510084039994944690e-23
1.881084501241322772e-22
-3.030936489997868905e-22
4.149179741579434604e-23
5.736542845535022071e-23
-9.287525694008921867e-23
7.987045390277022732e-24
2.767007221783781240e-22
1.649474124231873463e-24
-8.943829571148577641e-24
-1.029281295768745375e-23
8.896807703878988497e-23
-2.774487772600686260e-24
-9.432201257590230423e-24
-5.059665180798456429e-23
-2.021343790295537899e-22
2.028831514584099907e-23
-3.235855321809631981e-23
-1.687190694082010687e-23
5.812386015410311782e-23
8.385423235786663155e-23
-1.080950781695747960e-22
-3.499178134798887184e-23
1.424704763249707111e-23
9.300224157476498369e-23
-2.022809543116192649e-22
1.737164862060038636e-22
1.109897195436883797e-22
-5.799012297957792279e-23
-7.172086671269285582e-23
-6.306457318832176237e-23
9.171643838956404857e-23
-1.672559042131512527e-22
1.659079694299890978e-22
-1.864611851646049817e-22
5.933761558149512655e-24
1.151388192229591137e-22
1.256331489215190213e-23
-1.470206905402629038e-22
4.320114787192828340e-23
3.995466509974847805e-23
-1.459130701122642641e-22
-1.669993019202367703e-22
7.094888070712685364e-23
-2.927046405857243806e-23
-1.210683423579115552e-22
-3.138958718190219652e-23
-5.795235212388269888e-24
1.465458516055652223e-22
-1.538718422848115556e-23
-7.355624620329999599e-23
9.096130278656139818e-23
4.848050759978078859e-23
1.392527120154839330e-22
1.321412291568177572e-22
9.549097821482234918e-23
-1.665830868031019979e-22
-6.027111203724132648e-23
2.049342216742191595e-22
2.138378503491874118e-23
2.683625250639605242e-22
-5.978255442057109180e-23
-1.405861604061645600e-23
-6.897491403230740630e-23
-5.509419718807346807e-23
1.281095527188693209e-24
-1.456243531500456652e-22
-1.613354222670743864e-22
2.505952114581193167e-23
-1.060876548283185211e-22
4.175476481422740857e-23
1.474086971292148973e-22
1.760875226856171190e-22
-4.368557959578886157e-23
5.900603398519391312e-23
-6.144832365535585594e-23
-3.948458556340334850e-23
-2.703640276958732788e-23
-1.299171827957382584e-23
-1.092412307199842052e-22
1.013497430444517168e-23
1.232700002010855991e-22
3.191816841442053399e-22
-1.819394080049566164e-22
6.965041415963232901e-23
-1.122566169219167463e-22
1.395468858476621776e-22
-1.509975813779336171e-22
5.650324962209350605e-25
-1.102097625736737430e-23
4.208243787697689372e-23
-7.487672428032133934e-23
-2.095956767137666121e-22
-5.793148036752199932e-23
-1.886860884520511757e-22
2.941834655580181174e-22
-2.008737664135641463e-22
-9.642165634108721333e-23
-2.706063944304467746e-22
1.135515414166176625e-22
2.400725238306453141e-22
7.539761469861681452e-24
9.730063620760959913e-24
9.136176942273864538e-23
-2.143284555560605731e-22
1.349841334455387193e-22
2.206249271318754220e-22
-5.964559793393197074e-23
-1.844718114641625755e-22
7.613518674239338663e-23
-5.099100538485172591e-23
7.763934315584198862e-23
1.253726101003217460e-22
-3.538642906379737700e-24
6.503817888175384167e-23
7.858902666469047220e-23
8.133343077557175335e-23
1.986253314044987347e-22
-9.847549909370933778e-23
5.427694916844557802e-23
1.293565955299437870e-22
2.168508746103011072e-24
-1.260509965114605937e-22
-1.374715022515055568e-22
-3.805100423430841734e-24
-6.715816743432577542e-23
4.882141982123980132e-23
-1.848600204499022932e-23
-1.055846067706211096e-22
7.991175486539949373e-23
-6.990057820397485103e-23
-5.086542540162565252e-23
6.298404306322101968e-23
-3.703188907903387557e-22
2.428318044554238791e-22
2.572976105614756830e-22
-1.509895665860170390e-23
-1.439255612015934050e-22
-6.637257524777248826e-23
-7.953127155019896912e-23
3.669905478461485975e-23
-1.151544087632712996e-22
8.193474094742327484e-23
-2.050131035672745599e-22
4.277548842498751586e-23
1.387177866279347744e-22
-1.678731498197922350e-22
9.058092663185582943e-23
-8.085047987165398778e-23
-6.781939643511693831e-23
1.012623031336170801e-22
-5.016047285119653601e-23
5.495710514890294382e-23
-4.287661817878024610e-23
6.832369704073412793e-23
2.182088043063586758e-23
1.579066816050396901e-22
-9.308140557462332142e-23
3.223171801022396541e-23
1.576377578091934554e-23
-1.434944837731467830e-22
1.014291747357866310e-22
1.400351510127898993e-22
-4.228480202031530308e-23
2.490151139338858000e-22
-1.178967502335940734e-22
7.439171262738651135e-23
-2.684241581792049377e-23
7.347640003095100454e-23
-1.222974664034142257e-22
-2.513884161490619772e-23
-6.981028355448584347e-23
-5.768443545126989228e-23
-5.373503616645105365e-23
1.225494195308779000e-22
9.883400366480878567e-23
1.395846713547233395e-22
-1.891934397862717702e-22
4.975895616628399065e-22
-8.021541804167081688e-23
4.645810702041998352e-23
-2.371183232764303740e-22
-3.054098627185679974e-24
-2.820526632476641170e-22
-8.296088063058652315e-23
2.586207148188059098e-23
1.633035491930050361e-22
-2.394875738297907619e-23
3.391456099677288686e-23
-1.131734684381595015e-22
-1.206219617593974173e-22
-4.546131130599232350e-23
1.788256532120238570e-23
-2.227219889139033838e-23
-1.956101927019976630e-22
-3.416701830161795297e-23
1.913407893671293312e-22
1.283338306896864328e-22
1.196124139483096438e-22
-2.120369546197924956e-22
3.855006418978304952e-23
-1.793506139486953995e-22
6.203062282203651285e-23
-3.633176915893796135e-22
2.340600984783320701e-22
-1.652350689874620111e-22
2.265674999184557297e-22
1.588289515562219566e-23
1.310991226967595711e-22
1.027288496108935927e-22
9.720025186908050767e-23
4.759478340581036545e-23
-1.501305912000829218e-22
5.292109164531167970e-24
3.242300436889803504e-23
9.083746745893781135e-23
-1.114419922939097433e-22
-6.864149160008636532e-23
6.960367819004037240e-23
2.409970979556184434e-22
-2.018470036211704565e-23
1.649617783394631543e-23
1.334800077024690454e-22
-2.996291153372079907e-22
2.697437282398736389e-22
1.080972264002420696e-22
6.184043552509186541e-23
-2.005967981984700227e-22
-7.588731299535672846e-23
2.244922297581843864e-23
-7.899101739168809534e-23
-2.179816237428694567e-22
7.553115594409984002e-23
7.723116454393316988e-23
-1.482904648858196288e-22
-2.482042504956102219e-23
6.603998445044758562e-23
-1.977089398613982621e-22
7.764815108989458197e-23
4.550806272698102327e-23
1.348956349420933297e-23
3.337996521970375074e-23
-6.461901169968734335e-23
-1.370228248930525015e-22
3.740970469844081205e-23
1.157458259391241241e-22
5.579006194237244159e-23
-1.829842168022901208e-23
1.070184578160535827e-23
-1.452522634578641541e-22
-1.389552938052409957e-22
1.844544471649055034e-22
7.143094805292904439e-23
7.949186388085691464e-23
-1.961388314909346019e-22
1.227362849434587343e-22
2.722120661344355590e-22
-3.310191757237327688e-23
7.302092122791094324e-23
-3.550191551879837485e-23
1.204255224149082131e-22
-1.130725564957982852e-22
-7.699067710419430940e-23
-7.280162323615871696e-23
-1.110890913149445509e-22
7.394253161286413105e-23
8.327952437301585821e-24
2.007645933430214714e-22
-2.244466058032578500e-22
-9.459147518325781298e-24
7.496203175256216968e-24
1.108060698250380342e-23
-1.212444745605204705e-22
9.716019278728095286e-23
-1.126255182263380298e-22
-1.013990650023314017e-22
2.809803937762109362e-22
-3.719537502289864905e-23
-2.202579029000282234e-23
3.761405314517573236e-23
6.691055482745200040e-23
-2.148139361362445203e-23
-1.049449766881146654e-22
-3.005737957080959947e-23
3.789826628733781896e-23
-9.067881848964510912e-23
1.952141837452599045e-22
-8.668609807504246058e-23
-1.045523541091704401e-22
1.759312849128998733e-23
-4.973906106519888700e-23
7.067670135603572020e-23
7.793435601339995950e-23
-1.967507925242812125e-22
1.048498208328847317e-23
-1.014954083550943882e-22
3.563567500426584026e-23
-2.291528527554640192e-22
-1.725062443693056383e-22
1.031395030651886925e-22
1.787687312362868176e-22
1.328477673571600512e-22
9.168350585360035082e-23
-1.978139911031987093e-23
-6.342508979782018812e-23
3.121632312929342022e-22
6.360152598723946919e-23
2.739824619402602029e-23
9.941166599819490225e-23
2.327010630747563584e-22
-2.587643814372479359e-22
1.165259604793631210e-22
1.134037590723358858e-22
-1.946765543451486909e-22
-9.669102569531471803e-23
8.298858113587201167e-23
2.761290634462865249e-22
-2.144975031579628050e-22
-1.561705680723264896e-23
-1.635767971675891420e-22
-6.170662692978569983e-24
-9.711505531823558020e-23
2.131392083535397569e-22
5.435923177296783171e-23
5.975397780411947499e-23
-1.241559475600180717e-22
-4.410555641779089617e-23
-6.675493011052312136e-23
-2.585771873024463526e-23
-9.106815313394673817e-23
-1.707228582593598201e-22
-1.174267149782471347e-22
-3.025131727142870622e-23
-1.459974420716291482e-22
2.926210176901230597e-23
-3.685137845959226152e-23
-4.232531311500289490e-23
-9.186440013583991741e-23
1.188046973534679624e-22
-1.125612152778117434e-22
2.740644950692408699e-22
8.183278975782296147e-23
1.409195837812834740e-22
-2.095160176531024609e-22
-5.840775185106164084e-24
8.853719943319625206e-23
1.096729092377949655e-22
-1.592943205253524222e-22
-4.279257211873257748e-24
1.634674247435130183e-22
-1.529749180193476204e-22
1.909604034671678386e-22
3.363552017697940813e-22
5.638107709554574301e-23
5.857343250004803679e-23
-1.257145159376036161e-22
-1.875298759747147996e-22
2.945671594510882553e-23
-9.416776676782005673e-23
-1.244808358945384853e-22
4.624298665070756834e-23
-3.982990524799651905e-23
-3.830939781245488943e-23
-1.205510166092395514e-22
1.875479659082050947e-22
-3.342319581181029347e-23
1.683136113600104725e-22
1.334123893729494732e-22
-1.105313072112191079e-22
-5.343519217629488394e-23
-6.098593640362371712e-23
2.019303047941408030e-22
1.646411657394924126e-24
-1.008121561494573475e-22
1.471196758265213890e-22
1.402818937343140735e-23
3.717583153012499870e-23
6.472109277727690498e-24
-3.232673986137755332e-23
1.088607828061919552e-23
-3.436515717556496405e-22
9.627787983215902902e-23
-4.826957000141977493e-23
2.493175684512218937e-23
3.891434387982518007e-23
2.135088551168865772e-22
-7.476125760484239226e-23
3.740321027353630485e-23
4.663325114820934136e-23
-7.454564219414905214e-24
-2.031945709478516558e-22
6.491853817339588265e-23
-3.460644172921201779e-23
-3.957802034908474438e-23
-1.497607844353739485e-22
-9.090779653050500286e-23
1.539238874567695100e-23
-5.284167574338738533e-24
-7.471103632884477181e-24
3.230077349322739601e-23
-2.405234042742494674e-22
1.476848662706584748e-22
1.248966731667530069e-22
1.096222412894616042e-22
8.663218059925245939e-23
9.248844028624485911e-24
-1.522105449053851902e-22
-1.464050796411915712e-22
3.317521875049192828e-23
-8.268053041314362838e-23
-1.000767083157685286e-23
-2.424533210977319083e-23
6.786680198818545789e-25
-1.175458453793745097e-22
2.725741296850157196e-22
-1.382282306040301180e-22
1.396042837287095784e-22
-1.824792263281430155e-22
-3.832820159008453856e-23
2.328989730901251626e-22
6.482585139715426812e-23
9.867621413995570658e-23
-2.237477151583196733e-23
2.127481821525777449e-22
-1.111895489146783341e-22
2.670942021502091586e-22
5.267985281236215836e-23
-3.876994568290102989e-22
-2.288653729939006450e-23
-7.217785946259381837e-24
-7.970286857951089560e-23
-2.089593328050733993e-23
-2.402649561230664550e-23
-1.502762826171587369e-22
1.313010335691104837e-22
2.644994325042487187e-23
3.789255579636518658e-23
-9.473537121852911060e-23
3.058348763875008524e-22
2.735809150515463280e-22
-1.876788711453621102e-23
3.593532972707040792e-23
1.840730003923435922e-22
-3.400916588649382738e-23
-7.104470389079462190e-24
1.364531619206042159e-22
-1.286009760389870062e-22
-6.766229613993934954e-24
-2.594353618527401813e-22
-2.701089808483583255e-22
1.825270326795408111e-22
1.399227666233334063e-23
-4.575897727738708557e-23
4.106335915156053405e-23
-1.457127273184205637e-22
-1.700424253744092929e-23
-2.340416980752654523e-22
1.674962411144325624e-22
-3.354503082200268014e-23
1.723370817216978936e-22
-2.724721770561958886e-22
-1.219617504947285011e-22
1.763020797467039640e-22
-2.636815118556950013e-22
7.857439478769156553e-23
8.376972625316156706e-23
-1.653008416486379928e-23
-3.802825830401647739e-23
-2.605667982651319322e-22
1.306463512694005836e-22
-3.922751842841852773e-22
-6.534287911800751176e-23
4.756559485765963599e-24
1.665438189645850037e-22
-8.481061858750605734e-24
1.302512663207328908e-22
-3.221789057133545780e-23
-1.638869952588274715e-22
1.933527175359601132e-22
5.425308997152827685e-23
1.015482170289124328e-22
-2.296210972039391532e-23
-3.892533912289042330e-24
4.635490655727829864e-22
1.646947760540038269e-22
-1.193832953112729663e-23
2.167726941742688368e-22
1.078355368823025356e-22
-1.740934158078180200e-23
-2.086349628103207614e-23
-2.456782286729994042e-22
3.510913928977176328e-23
7.099222217349377427e-23
2.217190958141777367e-23
7.535128003328909482e-23
1.581814622072253701e-22
-2.060061648132766278e-23
-3.595873251926473359e-23
-4.573577888480557370e-23
-6.967871208740220748e-23
-2.511747372836729464e-22
2.343133913756520941e-22
1.846823633369790255e-23
-4.949027789752410360e-23
-4.092985167334111369e-23
8.623187573238405443e-24
-2.670528561886961400e-22
1.677878530823689183e-22
-3.220616093920728067e-22
1.371723211287556563e-22
-1.921748524567623427e-22
-8.898612247511854052e-23
-3.790403012178026510e-23
8.743766681405474145e-23
-9.647194793192623007e-23
7.238014519049432113e-23
1.009129671718255981e-22
-1.098559023059042975e-22
8.147416165536097969e-24
1.048907873474462425e-22
-4.948666469703894986e-23
9.568142581117187463e-23
2.819006083626725074e-23
-1.653592080417359771e-22
1.500939281003197459e-23
-1.442601840101563647e-22
-9.959916389769472520e-23
1.375969374892419780e-22
-1.103752934007810528e-22
2.179092773012144067e-22
-1.857782875220345369e-23
8.109412628975619600e-23
4.125560529051268044e-23
-2.007850658235178193e-22
1.129183392950060718e-22
-1.542333255252788920e-22
-1.326552917238870717e-22
7.242097520466257241e-23
-2.323824241065777220e-22
1.786360364280060375e-23
1.327100475441083207e-22
-1.173102231302125346e-22
1.952740281248364324e-22
3.135868089462816713e-22
-8.784934310770089374e-23
1.481084162541073395e-23
8.801694758879585176e-24
-5.372180252777556427e-23
-1.139429845958324589e-23
2.415296366881885484e-22
1.013988968682542184e-22
6.478456360094395118e-23
8.100431401768606345e-23
-1.364070650448406930e-22
1.034995402452133310e-22
-2.660134681249516333e-23
1.803480914661778323e-22
5.805920367593460948e-24
-1.694546107890530746e-22
-5.657238220683836804e-23
6.165212361462185204e-23
1.357378108973465554e-22
-5.810520926618930897e-23
1.547317696609694133e-22
4.124322668818540596e-23
-6.266008568025466525e-23
-1.712810091714361790e-22
1.630781746469926579e-23
-7.177845841448487166e-23
-6.879909439924638268e-23
8.553996361122551189e-23
5.480985813543681974e-23
-8.984025054966443281e-23
3.015526116818495412e-23
-3.051715549682059078e-22
-9.345336718779233954e-23
-1.284267895555248072e-22
1.468246117967021295e-22
-6.478628019367769021e-23
1.865776354668091354e-22
-1.009666587154964841e-22
2.298029941526977148e-23
1.942290006382724710e-22
-9.196122218246150712e-23
-1.994368013534695436e-23
2.195833353118066088e-23
-8.019141900149267741e-23
-1.086155838284594363e-22
-2.751414329158782666e-22
-2.547052864531995903e-24
-3.588989895031406831e-23
1.723559785594818567e-22
-3.073535034881304215e-22
1.824860881381378146e-22
-4.189354423487051264e-23
-1.174899762880923714e-22
-1.215197350848116881e-23
-1.452386099151416202e-22
4.803045540730286975e-23
3.124992523257155757e-23
-8.737466905150244118e-23
6.084736464224426340e-23
1.557617241047594136e-22
-5.861655982144506267e-23
1.310850052180726424e-22
1.065341975463868257e-22
-1.117459671622871480e-22
2.887602304273079760e-22
-2.332458166986959176e-23
2.485551651173759740e-22
8.976719070416248758e-23
2.042259109302267852e-22
1.699215803124739556e-22
-4.056666592409304282e-24
-7.222354375525411913e-23
1.195574502446889225e-22
-1.905178529101559182e-23
4.163726587294474244e-23
-3.395570760179648221e-23
2.713085349488664561e-22
-9.212537082631497439e-23
2.050907807680307345e-22
-4.120700042832195525e-23
-1.471318992793341714e-22
3.686506410579759666e-23
-1.715887068205011834e-22
-7.361474036332384653e-23
-3.214043198112337081e-22
1.105452107679204965e-22
-2.036047308679600635e-22
2.090288883992923004e-22
-8.090469465117827123e-23
-1.093184389789068199e-22
-1.079917748931061939e-22
8.572075481075401885e-25
-1.437604726354876092e-22
1.030709599709953836e-22
-2.115812342274236075e-22
6.801543784870269527e-23
-2.800566625120641589e-22
-2.116089761762170263e-22
-5.846859583049814928e-23
1.885652199090944022e-22
1.461669384598028929e-23
-8.523708813055808783e-23
1.140077702116137845e-22
3.345571637092948264e-23
-2.401949781662944411e-22
1.213976875163103579e-22
9.690044957377001681e-23
-7.010380463821623326e-23
-1.009827984648413569e-22
9.191648435303083009e-23
6.411898123338753306e-23
-1.897987543824380802e-22
2.070619779251691585e-22
2.464187305511290377e-23
8.503317300029994594e-23
-1.472404492658661216e-23
2.580849116387043754e-22
1.425016429019863696e-22
-1.460778467598439475e-22
-1.671924026331716690e-22
-1.038876246714808917e-24
2.313050251259404537e-22
3.319614845876089049e-22
-1.275719763245944168e-22
-1.106794218098181183e-22
2.675374167799201163e-22
1.107006954201494169e-22
7.761346173895764496e-23
-1.024444025182494745e-22
-6.682661168404595764e-24
3.068228312176752564e-22
-5.328417405557845045e-23
-1.572938925342787710e-22
-2.083076891905413541e-22
-3.014241487753817004e-23
2.905494942402559033e-22
-1.107616570521893742e-22
-9.064535654503353437e-23
5.984206007763606869e-23
9.999303481591275923e-23
-3.023698353161435009e-23
-1.237093614714694523e-22
-7.612934958177417213e-23
8.769702200413859620e-23
7.082465760661734863e-24
-1.756700768607847676e-22
-1.001866513949041697e-22
-2.656853929222709310e-22
-6.859671973982538468e-23
5.683580672997558587e-23
8.566858125369647986e-23
-4.011332293937598285e-23
-1.005552053687483990e-22
2.203693433076448857e-22
-3.224734626587493070e-22
3.841225957848679319e-23
-1.507784326144246627e-22
-1.437294268810153814e-22
1.435705764422730208e-22
-1.981955997562942562e-22
2.083386710665271570e-23
-1.600080256130578531e-22
1.972157891491001393e-22
-8.023923809197999805e-24
3.684948943161134545e-23
-1.152913232331806519e-22
4.297831232467219617e-23
2.263397311291416488e-22
-9.654139579129918034e-23
4.046951318651543850e-23
3.092873417316673728e-23
2.488532830308462587e-22
1.157881055256585350e-22
-1.076429486965666514e-22
1.445740176837678221e-22
2.015357294316319260e-22
1.927114740894014095e-22
-6.655234102068325609e-23
-7.140842388254468594e-23
3.187641158408165792e-22
6.513925425793898257e-23
1.816093130860457408e-22
-1.698147329837593780e-24
-6.917571222079300424e-23
5.608564031790754794e-23
-4.041052239231507988e-23
-1.701913718417438167e-22
-3.157449289088990945e-22
1.776407444967737344e-22
-1.113440314601062776e-22
8.723799517642691707e-23
-5.762018962036007210e-23
-6.256946356919798295e-23
-8.170125535364951421e-23
-2.430053322454433466e-22
-4.107641932933879241e-23
-2.484141416025139255e-22
4.516771777628313949e-23
-5.732622916888403965e-23
4.839508085673989523e-23
1.292839306872066815e-23
6.930890138838792149e-23
-7.066342573404308962e-23
-4.098422768917396186e-23
-3.213638117356361188e-23
-1.278197096675096381e-23
-7.360188137026517696e-23
-5.868628896539214499e-23
1.296590974775078118e-22
-3.460863634177954912e-23
5.215450604957464454e-23
1.010947484947879951e-23
1.220129041901780814e-22
5.136917315452453568e-24
2.975324731355719484e-23
6.281402306254538655e-24
1.108124466583108795e-22
6.454902380363824436e-24
-9.658992329773842131e-23
2.236545064971896735e-22
-1.246137962823282178e-22
2.445994684933204894e-23
-2.663862249058327029e-23
1.827925954121700801e-22
-6.981943802787895868e-23
1.042325587758212763e-22
-5.719077036469075161e-23
-1.703367682644660298e-22
3.080263503682108705e-23
1.154751458053496920e-22
-2.289558267143436188e-23
9.734626462221895047e-24
1.411082822484705639e-22
9.605065443172851894e-23
-2.253287800886177554e-23
1.509396697419669301e-22
-2.986150693872435365e-22
2.264541186886954580e-22
-1.389670299251269135e-22
7.341128728810730640e-23
-7.244131673377892605e-23
1.007068663592644623e-22
-2.925952401059729000e-23
9.049067314338526292e-23
8.437828982284962548e-23
-2.267290321152435902e-22
4.101523429622883587e-25
1.970387250017876605e-24
-1.530560003962719190e-22
-1.356794249000937501e-22
-2.515789846709441488e-23
-1.530497801699791714e-22
8.040803032441182716e-23
-2.106876618465092853e-23
-1.205495353776879761e-22
-1.112044399744245399e-22
-5.336251487601350328e-23
-1.810532274325733791e-22
2.644314093695863398e-22
-4.858304885937524495e-23
-2.812162460420572674e-22
2.060645446087051449e-22
6.488521857359780585e-23
1.424552891494669251e-22
-1.179948614717372265e-22
1.660646658684241128e-23
2.277411039823612183e-22
-9.335241770399212482e-23
1.857734359092696604e-22
-1.356287003576774974e-22
3.003846283124120571e-22
-2.870758030146214837e-23
-1.760148431734970856e-22
2.769020047422815122e-23
-6.568830970927297769e-23
1.387637183754846774e-22
2.712377900513911038e-23
1.916878698831100159e-22
-2.949826423883995757e-23
7.267587315914599301e-24
-8.350643107850035248e-23
8.264243465711232068e-23
8.971025256249082813e-23
-2.403925197501918458e-22
-1.246372573449580274e-23
8.313636041188635377e-24
2.595860470922594933e-22
-8.040520816412912545e-23
-1.021087166506501703e-23
4.885336377535332004e-23
4.480677642891596728e-24
1.948507846655330760e-22
-4.785520383844961895e-23
1.837548093113331422e-22
9.661819538620970620e-24
-1.854712518135697174e-22
1.771599063568241325e-22
-1.311799308146566140e-22
-2.123281167652481833e-22
-2.774856696648640728e-24
-3.720089945045125500e-23
-3.184893543899876356e-22
-1.861955236346553102e-22
-5.771949088952848279e-23
1.036841744549126936e-22
-6.729133993684121967e-23
-1.445356646160534428e-22
3.130698069172530588e-22
-1.067989705676156494e-22
2.489562424171562879e-22
-2.612085454785577560e-22
9.259865917059703618e-23
-2.668954288376114261e-22
-6.417345703324729758e-23
-9.749263956598949450e-23
-4.162985786953077274e-23
1.144920369663662659e-22
-1.450367006016961684e-22
1.015038852641870013e-22
1.630600252663487795e-22
1.030186180360111526e-22
1.040791746629696022e-22
-2.120138388775269683e-23
-2.888580519245033976e-23
7.139794568168313961e-23
-2.860627871953902434e-23
1.938532668684891837e-22
2.500924086141935709e-22
1.032477304542743592e-22
1.235459851335880458e-22
4.445100435155376918e-23
-9.373065830305127114e-25
-2.016268978101942624e-22
1.978002060419582899e-22
-3.386596482292896950e-22
-5.557170359903497519e-23
-3.064510658771440606e-23
-1.228243928054381649e-22
1.258736633145649808e-22
-1.703238783613385513e-22
-1.002620040192189332e-22
9.327046205888878763e-23
2.038581354421699595e-22
-2.893034475693555261e-22
2.187081832138259136e-22
3.137135065553774988e-22
-5.083679809818905888e-23
-3.468799335831205163e-23
1.240369596208808804e-22
-1.018936723300609411e-22
-8.911576276588471343e-23
-2.803648200084130056e-22
1.631948550509563253e-22
-8.987355904959115814e-23
-3.684605763830986262e-23
-5.033807375934719961e-23
-1.764736817760947350e-23
-1.381546761452625283e-22
2.002384183912838394e-23
2.635633702957910277e-22
-7.655756575888923090e-24
6.904165161596856725e-24
3.326695526198507429e-22
-1.275623848212700076e-22
1.858444808468279116e-22
-2.888537390623945332e-22
-1.350596708353014633e-22
1.330678616386450774e-22
-7.301707045444538648e-23
-1.221233504377911058e-22
1.457972810958683059e-22
-6.159667801593236246e-23
1.380583987820294348e-22
-2.246327765147258320e-22
-1.241114754835944936e-23
-1.063158304718362233e-22
-1.831751440365241739e-22
4.697591030325855130e-23
-2.729440236718233887e-23
1.046230438951593592e-22
9.762808409416358132e-23
-4.711194548480186985e-23
9.874092453596530088e-23
-1.876657292068994128e-22
8.365310067011098073e-23
-1.494649848345788760e-22
1.255649106086972845e-22
-1.702127528477169485e-22
-3.980611430362842915e-23
1.655105213462029201e-22
-2.332192435328471538e-24
1.193413167691376082e-23
2.663468614996743341e-23
-5.424987923415406009e-23
1.189521757706580835e-22
7.189029589446984555e-23
9.055647290836950682e-23
2.337097429310887901e-23
-5.197279238303298514e-23
-5.060871714846113945e-23
1.201660607142715491e-23
5.588152017115113946e-23
2.528159178811614265e-23
-4.759431721905717157e-23
-3.529770083558175221e-23
2.827992276406270016e-23
2.524012389232396217e-23
1.212329742916355147e-22
6.063948092780552022e-23
3.047012902866586449e-22
9.025283173206532783e-23
-6.394936702290795814e-23
-3.746699290970924165e-24
-1.228946215439661310e-22
-2.235847550159487232e-22
3.133957255203335870e-22
-1.061412378626047625e-23
9.510672808521091561e-23
-9.568879787695450993e-23
2.305688362345526251e-22
-4.047058141510074294e-23
-9.777820996108380638e-24
-1.151839661580796202e-22
9.901206586729168386e-23
-2.223590876187421464e-22
-7.914721269218973150e-23
1.634684010004097067e-23
4.748318821498778636e-24
-9.928616778025117294e-23
-1.929073985581672745e-22
-2.545789714348064490e-22
-9.308259867959471810e-23
-2.481305983052518803e-22
2.643744944180227057e-24
-1.378124105292457570e-22
2.298012144535162973e-23
-6.125868011927607573e-24
6.007769328678530893e-23
-4.764930549111324745e-23
-3.258689261059311310e-23
8.973303245477785049e-23
-5.032713035674560315e-23
-6.837934551848522943e-23
2.128856189647591823e-22
-1.501143172072549165e-22
2.083271638031874678e-22
-4.114646483332661411e-23
1.069364545430888942e-22
-1.340411789061158481e-23
4.994826114416683329e-23
-1.109533775215888060e-22
9.070352014262822990e-23
-4.831909506555692291e-23
9.313977478936273447e-23
1.382423948857325780e-22
-4.697423683982535405e-23
4.354667875623698637e-22
6.129630031924940644e-23
-2.520286150325078747e-22
2.999947373203000580e-22
5.862559908457601021e-23
2.289939269380424985e-22
1.456141616602705698e-23
-1.660639490394756510e-22
2.153859174170972826e-22
-1.443722158896190857e-22
2.923940183011874264e-22
-3.306424463878956263e-22
1.266799455142740533e-22
-2.001437774187498660e-22
9.420461888485980209e-23
-1.361346579058944163e-25
-3.407320083367687287e-23
-8.853665818841335448e-23
1.715858082646855153e-22
1.911401705584011221e-23
-6.203574263315017182e-23
5.844889135512338540e-23
-7.574929996766809856e-23
-8.476163862499032572e-23
-1.175522339769818171e-22
1.056741760651885049e-22
-1.933042153372324940e-22
-1.079795079568470317e-22
-1.455338108807739859e-22
-3.307382509170898835e-22
-1.241489843797967041e-22
1.329242777949283445e-23
-5.922877175094744096e-23
-1.694324669037372929e-22
1.450992095811171975e-22
-1.777960969739713390e-22
6.478976681746785462e-23
-4.816465984029272964e-23
3.123227042728824820e-22
-7.571442489143236379e-23
2.542869823378016397e-22
-2.505594955053623531e-22
2.157251679161492939e-22
-7.540160233929596046e-23
-1.226140013179089922e-23
9.278530257901923137e-23
1.072704450773526746e-23
1.474340217369456828e-22
-6.727431886590120909e-23
2.405870458812463989e-22
-1.742204885596019482e-22
8.653260533700324454e-23
-1.362451339854104566e-22
3.178329097448928648e-22
-8.159187660857806109e-23
1.349778764339043119e-23
-1.719837285168677395e-22
6.073244216266293985e-23
1.946272202276604685e-22
1.412736047291894271e-22
9.771969132729761735e-23
2.310399152538933371e-23
-1.618309613082995525e-22
-3.676418795366854607e-23
-8.404965904125783629e-23
-8.104477160074254500e-23
-1.999154926639219776e-22
-1.999492925425522807e-23
-1.577716904020453351e-22
1.449058986339100756e-22
1.418235511869758561e-22
1.107538559939601514e-22
4.145636391076362717e-23
5.340481694126326236e-23
1.487142290861900330e-22
-1.391963514069470823e-22
1.484941650352421842e-22
3.021777290065994973e-23
-4.743297089286325277e-24
-1.113748185557341685e-22
1.284097020282277875e-22
-1.436299040657232084e-22
9.135863649937638461e-23
-2.870787223183437327e-22
-1.143141305707604967e-22
5.563482583593599728e-24
1.862446265833743785e-23
-1.585936259594978536e-22
4.069884763728798627e-23
4.710620439578711670e-23
5.437865974577863564e-23
-2.351957139043923911e-23
1.311975296116800736e-22
-3.530190771257769894e-23
5.415696072609499783e-23
1.317739484489243689e-22
-1.254202019295177463e-22
1.455528677066916058e-22
-5.263483240330327409e-23
1.577705935257750736e-22
-5.532683338718027802e-23
-7.338447438602383209e-23
-2.516748654126571347e-22
-6.248021672789494243e-23
9.375932511101465421e-23
-1.087870689991740443e-22
-3.720633281011993737e-23
5.927960009108801182e-23
7.118519268473035722e-24
-1.856530526095184227e-23
-1.343672228875615383e-22
1.820326172447188203e-22
-2.476990535824174156e-22
-7.464700980598424982e-23
2.860773632783544024e-24
4.350128863263878354e-24
-1.230250009279201047e-22
8.866176691200359355e-23
-2.116851564842110486e-23
1.844706873709503966e-22
4.379656449473534926e-23
6.624652108078573389e-23
1.360967120141405833e-23
1.707088077477917057e-22
2.640553209347107880e-23
9.171258405344800548e-23
-3.221192481845177793e-23
-1.535764347662085615e-22
-8.064472784495317707e-23
9.704924466248997969e-23
2.933503799002112025e-23
6.478843535645301671e-23
-1.097892450160787156e-22
-1.000960963897107463e-22
-1.342215750638083341e-22
1.022765983973664584e-22
1.322845997919776305e-22
3.607370433214853737e-23
2.502907018298504767e-22
1.041217528158012835e-25
-1.121354000851130938e-22
9.523792632569996432e-23
-5.552203482047781037e-23
1.408805319715153601e-22
1.758062225190440446e-23
-7.906215706970423072e-23
-9.650203226010879062e-23
1.655270564265776587e-22
9.871723773626095794e-23
6.304300899430617032e-23
-1.815318444862126710e-22
1.112206243217072057e-22
1.466394180248622101e-22
-1.311546776914562674e-22
-2.677847966632731148e-24
-2.388371603539997736e-22
7.771947783552968331e-23
-1.900624856954513901e-22
-3.668992577357410326e-24
2.631556406964248879e-23
8.227878898934488569e-23
-4.314989268921245871e-23
-6.077498623804201936e-24
-6.050457764439780353e-23
-3.305865591057379747e-23
9.761427589101145120e-23
-7.854610763969765133e-23
-5.176035861195725573e-23
3.853460096123019728e-23
-1.492427363727840769e-22
-2.013460254362805174e-22
-2.139306133920056663e-22
1.258855431738357000e-24
-3.382983864356086081e-24
2.986760113972631570e-24
1.063565043670071939e-22
-8.840470838744162163e-23
2.350583235975477749e-23
8.471187435511381332e-23
-9.256852417014828675e-23
-1.435802312640448563e-22
-1.630391073637592815e-22
2.103657826316907041e-22
1.168053857966681338e-22
-4.784234310115688468e-23
1.868083159021732340e-22
1.042202556302378064e-22
1.683901588487622125e-22
4.693014854306124435e-23
-1.238123938713507483e-22
2.366621320958034825e-22
8.833277656625546231e-23
3.700930999026528140e-23
-1.765612171994139242e-22
-5.574246562091875005e-23
1.580454630798907695e-22
-1.571400840541159410e-22
1.519068920627476660e-22
1.264411818306905163e-22
-8.700313195505186225e-23
1.845396314903015437e-23
-1.587290817326861403e-22
1.391705880211400332e-22
1.719165260458787884e-24
-1.111185577068603496e-22
-4.513509370016686718e-24
1.929417397967788275e-22
1.603454320843190921e-22
2.146943054173003965e-23
1.083181594288126723e-22
5.821236422076022223e-23
-1.693877661628391608e-22
2.024570356358679623e-22
-5.405259638691483924e-23
-1.199546754334432644e-22
-3.279235127946842358e-23
-9.261878790751305572e-23
-1.058303616443119399e-22
-3.848997435924784347e-23
-1.126304184507597655e-22
3.622763088773704270e-23
-1.265758322120973603e-22
2.331906424620532468e-22
-2.110757059945451057e-22
-1.256025277925988120e-23
-3.128111392696507995e-22
2.799992020012761670e-22
4.574074904265092261e-23
4.305976962383601719e-23
1.371171452382545235e-22
-3.263437973415554443e-22
1.778213330062451923e-22
-2.320713801128236771e-22
6.306304172389375961e-23
-1.465519947451033038e-22
-4.577570697476878586e-23
-1.997440788261360419e-22
-2.772264643579487921e-23
4.973568287116626736e-23
-8.871929571638416351e-23
-3.879045473279494072e-23
-3.598769107437147383e-23
-7.750178105687727832e-23
-8.976584463741156945e-23
-1.047770096274285978e-23
3.692172705526774143e-22
-7.921553487682983557e-23
-1.119001081863338587e-22
2.165248695620348700e-23
7.801803973452396403e-23
2.371045072840014618e-22
4.235186658581410904e-23
2.731132976761012978e-22
-5.961524860710324481e-23
9.505157414456925857e-23
1.117830674189530751e-22
3.688905763824757684e-22
-1.155328440144810800e-22
-2.254391042497899457e-23
3.010101119746078702e-22
-1.375856882840828715e-22
-2.031498661977990196e-22
-1.460161556334986868e-22
7.489372830230505960e-23
-6.746301381966813911e-23
-4.600964726476995474e-24
-2.115313794022856197e-24
-1.493934074566347787e-23
4.269124823036189731e-23
1.461102048850474386e-22
1.461598880177553524e-22
-1.365042315489371986e-22
1.537159843755185055e-22
7.711434498451363659e-23
2.250915584727304911e-22
-2.517293464733509771e-22
1.464069697309309006e-22
-2.986180332995219836e-22
-1.157742551819492619e-23
-7.570380059005439678e-23
-1.850103526902383947e-22
-1.817416808338984915e-22
-1.168259452011898070e-22
3.838097177477962178e-23
5.733575378268029031e-24
-1.535713880205112065e-22
6.336748860417237845e-23
1.818633502699913331e-22
-8.276984391776312946e-24
-2.004551946511136608e-22
-2.825467271330245637e-22
-8.473143601714876259e-23
-7.260879532884551413e-23
1.263139702214767084e-22
1.798085234640053451e-23
-6.353109499076988020e-23
1.504469979651061109e-22
1.337359410978581473e-23
-1.185321346633393222e-23
-4.023393326663875177e-24
1.734281788727481207e-22
1.270329877230037465e-22
3.392327761345756847e-23
6.333328346958479546e-24
1.165273621444183980e-22
-1.623639384417370250e-22
1.670981842251661286e-22
1.073882241079829035e-22
-1.507233796615469705e-22
5.597240625065399419e-23
-1.422319197890076806e-22
3.599232255208058525e-23
1.831940964849264927e-23
-4.713549302536524469e-23
6.045252854482206477e-23
-1.159335175852475542e-22
-1.780575631697728979e-23
4.195546474015443036e-23
7.541703080732916830e-23
1.659530257005888912e-23
5.154804468277419623e-23
-2.274618803272444786e-22
2.079511013256789283e-23
1.576294504512175400e-22
-8.900847474310193328e-23
-5.098727889294480138e-23
1.249302247387038998e-22
2.270850485368331438e-22
1.059438959572528165e-22
-9.548763820859581712e-24
7.987458307562370773e-23
-1.773872914115799595e-22
8.517253833746108787e-23
4.622000836980649920e-23
1.345768058928756924e-23
1.512704635705959436e-22
-9.237573682159801037e-24
-2.666124859258864060e-23
-4.433256561311731077e-23
8.954016034977377085e-23
-2.697502333453916404e-22
-9.912336233316945668e-24
-1.017969345424065598e-22
1.763256149777256899e-22
-4.913667151188379605e-23
-2.508776577642687583e-22
9.709801387231736921e-23
-1.411972746211321890e-22
2.104152940707560567e-23
-1.658009155315802160e-22
7.377376563081966356e-23
4.477050752535304045e-24
8.927585583699294750e-23
-3.753359999650323840e-22
-1.124987563206085390e-23
6.540800569400140981e-23
-1.550994238858116758e-22
1.240368162542041953e-22
6.688949289747221632e-23
4.937154117443399560e-23
1.074646392109190409e-22
1.195493535774127714e-23
-1.767550078175444292e-24
-4.334987388753924954e-24
-4.234701665806344942e-24
1.664819904829115697e-23
1.449014079222055957e-22
-8.034301477536593660e-23
6.494419994770094049e-23
2.580120485841889921e-23
7.927999110985101944e-23
1.159327434894053057e-22
-1.699615275364311884e-22
1.592358358888832987e-22
-2.147202205741668611e-22
8.778832469066539625e-23
-2.371746336114918554e-22
2.296325862565125072e-23
1.673903203597620911e-22
1.112020976018012085e-23
-2.047092905529060195e-22
9.006266417819645828e-23
-5.047435086452222702e-23
-3.753347455583760580e-24
7.196574055886308686e-23
-7.868973072112457423e-23
2.285107751537637476e-22
-1.448259040340229634e-22
2.809162863974027818e-22
6.916042982104285718e-23
-1.192353334139286761e-22
4.628141067018214153e-23
-2.023951323411744992e-22
-2.092835821887213144e-22
1.274439816956750304e-22
-8.168640398210991818e-23
4.579157409617125476e-23
9.029220998229896778e-23
-6.485987866497610694e-23
-2.943193938846891338e-23
6.851117546952191855e-23
-1.968993163932307856e-22
1.220667054657279885e-22
-2.580299757573862367e-23
2.017748922136983754e-22
-1.223781144921611344e-22
2.209373709345672678e-22
-1.800858683803712270e-22
3.915023887438714108e-23
-3.148064652537547526e-23
8.263908349370414753e-23
6.394844529088422129e-23
-2.020794229554049554e-22
3.013411504335013820e-22
9.389009571499509181e-23
2.780680919290677281e-22
-1.250453594040954060e-22
-1.865461322938720003e-23
-2.703039974291265976e-22
-1.031545419933596400e-23
-1.109196346713029792e-22
4.138104651350829213e-23
5.031380673283580066e-23
8.494373081592426409e-23
-7.114173327524974794e-23
2.329841263733665136e-23
-1.156770769751034659e-22
-3.986077085543684311e-23
-1.572963451993084165e-22
4.084285044735655819e-25
-5.260818496980083584e-23
-1.121129203537615328e-22
-9.121791454756261433e-23
-1.370782561571324251e-22
3.058552898274587034e-22
7.418023981030047243e-23
1.725374798905803376e-23
1.142121597205128082e-22
1.414897301250003691e-22
-6.925959647865947200e-24
-2.105168573068808182e-22
-1.117779699770800115e-22
-1.597744835179714621e-22
-1.640855724954399341e-23
-1.899014272539663703e-22
7.661677132548266207e-23
-6.549981361682752109e-23
1.439068562015753733e-24
-9.475857261616764982e-23
2.368007229135524763e-22
-7.307271758648682884e-23
3.617006671620937047e-22
8.170243218295704352e-24
1.131098203767863064e-22
-6.896695163321307556e-23
9.209438274222204234e-23
-7.971843980168181427e-23
-1.567042458287201184e-23
6.160421561975436695e-23
-3.560243374387889783e-23
2.116766582665283090e-22
-2.214431100684100759e-23
-8.603505485736574659e-23
2.224678167245084651e-22
2.718754321972303238e-22
4.432351676877151069e-23
-3.440438210009493472e-23
-1.124136950551407427e-22
-9.870929812272367548e-23
-1.829755072993471353e-22
5.627445829218950137e-23
-4.284858468803131061e-23
-1.365667966944139565e-22
-1.697272921328978663e-22
1.567655090811313242e-22
5.405982579249576247e-23
1.090727765901657235e-22
-3.812842236022119729e-23
3.899079993361919501e-23
-3.044783954938615135e-23
-2.759101763038343462e-23
1.130903314670277916e-22
-4.114240374686155177e-23
-1.624543860182282245e-22
2.444909174780425446e-22
-2.614087683707021201e-22
2.807347166653998209e-23
-3.089460345306111151e-22
-1.381616369273633485e-22
-2.590810588951403015e-23
1.373207525150439949e-22
-1.279037879402567751e-23
-1.895561476810526838e-22
6.784813540972946693e-23
-6.078040674555358418e-23
1.404147880987113767e-22
2.952257843635463019e-23
6.209022588116864916e-23
2.026477360451640017e-22
-1.287191792306128401e-22
1.565944335573785771e-22
2.797475837665883693e-22
-1.996942086028382275e-22
-1.226005401931389618e-22
1.674176605988034446e-22
6.386724854953369595e-24
-1.021290254072547981e-22
1.662779817473333396e-22
3.372655267814787793e-23
-1.447224835969780765e-22
-4.157204415846428413e-26
5.467417305553063856e-23
-1.003526415606810271e-22
-1.412106933169168839e-22
2.703888978271898577e-23
-2.623063286754596408e-23
-1.266007789798219316e-22
1.768589578986473341e-22
-1.864603360480493680e-22
-2.030169146147243921e-23
-1.098747760398981491e-22
7.639452934463966766e-23
-1.330938307123910031e-22
1.864246161945187851e-22
1.525619873870289175e-22
-2.130430357970670803e-22
-7.586474142561515398e-23
7.242512660123686571e-23
7.343758954730723579e-23
-1.096464549265608265e-22
1.596336248372509753e-22
1.888519562176109050e-22
-1.729449904897870911e-22
9.069814638545793004e-23
-5.211895312161756685e-23
2.865833274756882075e-22
-1.111767191314161578e-22
9.941724721885641616e-23
6.227402332880267043e-23
-1.598713102879024920e-23
2.160957292652139463e-22
-1.240334250055610350e-22
1.446344730556021778e-22
-5.548136854929324694e-23
-6.329036795893982288e-23
1.241744539919592105e-22
-2.969733672452969352e-23
1.495279423492297410e-22
-1.095029251674621433e-23
-8.532093073773623975e-23
1.722249594914489176e-22
-9.585561222413660943e-23
-2.777975267909176714e-23
-4.394473451100137150e-23
-1.789687054941691200e-22
3.054135610142330573e-23
-2.257610463700800789e-22
-4.704692097732910698e-23
-1.142002959071957639e-22
-6.777845111203486042e-23
-1.238519849104198815e-22
2.127140336310105905e-23
-5.997728367033436148e-23
-6.635372720003466894e-23
-3.036612614898167965e-23
-1.493730373540302482e-22
-6.201778610985507063e-23
-6.357598581154915713e-23
-5.732614173796137033e-23
7.179185685497086751e-23
1.354256721441940414e-22
-1.393803974908403890e-22
1.865864804465850851e-22
5.636340424393069225e-23
8.948963461067981820e-23
6.705473595412268440e-23
-9.040596784521153495e-23
-1.517136039963173015e-24
-5.906032574674733029e-23
-4.680150387870308546e-23
1.534096769203004068e-22
2.199000809999221097e-22
6.789331762054853113e-23
2.826387464964952638e-22
-1.211169182021189410e-22
7.677506339286838944e-23
1.373287872602427293e-22
-2.185970450029285774e-23
1.126259809146545378e-22
3.750968272426385570e-23
-1.474656706604903524e-22
3.045356899125165647e-23
-2.114826130575275455e-23
8.861462439889942450e-24
-1.253950030831251436e-23
-2.877555972296254295e-22
7.947611748187272944e-23
-2.905476284663062484e-22
1.765473371429757562e-22
-1.174657116595347641e-22
8.818541958818635693e-23
3.407501767342225304e-23
2.747575591875001704e-22
-3.365643386792720111e-22
2.021984810824592995e-23
-6.241256075111819400e-23
4.414032246691401943e-24
-5.119987804144521255e-24
-1.147101958207620095e-22
1.440609260068281063e-22
7.637176345321697191e-23
2.658968478798672320e-23
7.574779355837444539e-23
-2.676218673348952461e-23
5.575426023465175168e-23
-2.767700858859959331e-23
-3.487860301783088851e-23
2.736359511319265002e-23
4.034229541942272126e-24
8.550329778606638792e-23
-5.649820482649034496e-23
1.634977718386008084e-23
-5.163912926998564961e-23
8.029311460811215356e-23
-1.067287428102992195e-22
-4.740233892101427563e-23
-9.403013599172391743e-23
-4.892183256355569918e-23
-1.338669446982372682e-22
1.023626981705805291e-22
-3.048111147700898504e-23
-1.141461378640433903e-23
-1.947969744801086449e-22
-1.528069760157119934e-22
-3.481120675809674115e-23
-1.034801678935174360e-22
1.482394478612276684e-22
3.353423032753334226e-22
2.314885146615653983e-23
4.389087670562828826e-23
1.822395125428035825e-22
4.875422756269980967e-23
7.961868701360363975e-23
5.231208004740859648e-23
-8.508561520772497587e-23
-1.445966471652118521e-22
4.729998761221637352e-23
-1.409439180048471296e-22
1.097679209428143554e-23
1.059182251342457649e-22
-2.553349206562204593e-23
-8.751345407389256860e-23
-5.304600850261842377e-23
-1.504404096983430057e-22
-1.247356589859575323e-22
2.522451971640953258e-22
-8.050034256828698025e-23
7.224212340315506645e-23
-9.630920287538792617e-23
2.674936403744774064e-23
3.348832450807236918e-23
2.357016637675331314e-22
-1.961305914132517655e-22
1.107298887395101350e-22
-6.171645722996267373e-23
7.022202366723449144e-23
-6.513846456163583432e-23
7.314158487787821837e-23
3.288053247659795848e-23
7.428607783402445727e-23
-2.538341427949399134e-22
1.859543213940236003e-22
1.945829784477525433e-22
5.845200514487400795e-23
-6.383967173548821159e-23
1.912004662932740287e-22
-5.940894515812063364e-23
3.458235777410074952e-23
-1.222678946799601157e-22
1.362581575275130354e-22
1.187136136913989161e-23
1.536054549440309591e-22
-6.145895915441583767e-24
-2.974188169241172954e-22
-9.120695836606489302e-23
-1.011935884201567476e-22
2.789839832845042552e-23
4.331483560479352566e-23
-2.733637719719426774e-22
1.286224748632391243e-22
-2.047478314230811676e-22
-7.202338898692995103e-23
2.248979406585395733e-22
-1.008310435521105131e-22
7.043050560164420154e-23
-9.964134866796632494e-23
8.629796658339182717e-23
1.698403178187916992e-22
-1.605241060013387366e-22
-1.094191582662680573e-22
-1.267223737072855191e-22
-1.451634576332388037e-22
1.773240150888473545e-22
1.400493324172250260e-22
3.264212300745527728e-23
-8.859636494109222164e-23
1.051264706237465084e-22
-8.094191351655751252e-23
8.378335299328638038e-23
5.991877287413793689e-23
8.152559693899913116e-23
-8.782450667285461913e-23
-6.278036136883065655e-23
-8.851269958653417393e-23
-1.768789031255916645e-22
1.257937612280667133e-22
-7.089308691769633888e-23
5.120990023921735974e-23
5.757911095358841495e-23
-6.288742012976170483e-23
2.400173849363425383e-23
-6.254279788526208794e-23
2.060554874176133124e-22
1.587974251860165309e-22
-1.023271253847478138e-22
-1.038615884266081668e-22
2.282118619171452879e-22
-4.799524374497919170e-23
2.305570016877687665e-23
-6.521242155571209557e-23
3.291691917923143578e-23
1.106327232710698556e-22
-1.894278246119241520e-22
2.013449212807660964e-22
5.750368871186087049e-23
9.221412883405696633e-23
4.578672017970642731e-23
-2.162938967118091306e-23
1.429064315139955814e-22
9.976136654098111092e-23
-5.144311423684415495e-23
1.195892815671395408e-23
4.148960600713968820e-23
-1.182576326580694384e-23
-1.732763213136390703e-22
1.082630788593438618e-22
-2.778199957196691645e-22
-1.471900956580608102e-22
-3.358382290881410685e-22
6.430529707429272582e-23
-8.081239565559921056e-23
-2.618455231036947894e-23
6.899806622058649643e-23
1.864717098319604080e-23
1.395590620689910268e-23
5.697394731167510604e-23
2.149030890869745491e-23
1.171686722126511106e-22
1.522912714730562043e-22
-1.959916329503430533e-22
3.074038657083232275e-24
-7.231542816052408871e-23
1.782404180499320475e-22
-2.788622737074684209e-23
-5.268997792223269275e-23
3.847913753857407997e-23
-6.487078829630934182e-23
1.713797933698736432e-22
-4.395125291638253941e-23
-6.422204828330903733e-23
8.964944467414424634e-24
-1.284090529419329713e-22
-8.101357145327729967e-23
1.927938343159842801e-23
-7.289680084230267824e-23
7.961611626242604421e-24
4.991085643312666565e-23
-1.794917768744887556e-24
-1.265839543378478084e-22
8.388658808920164397e-24
-2.107551607491606371e-22
1.097533583931713663e-22
1.427281687527065436e-22
3.383759795507688263e-22
-1.205081465388508457e-22
1.649127660060470682e-22
-7.596099348110964816e-23
9.985242452550410909e-23
-1.858970161256285834e-22
-1.350845991220984659e-22
8.894182293612731683e-23
-6.317873834476001553e-23
8.616213197916482856e-23
-7.613545891334493499e-23
3.715589070171020237e-22
5.012287527457432884e-23
-1.901595372360156681e-22
-6.859751923632353619e-23
-6.248786838719756199e-23
1.858961591384819419e-22
-1.658208283442322284e-22
-2.376493299433896649e-23
9.461316032620738715e-23
6.599848008792170311e-23
4.023921229343449334e-23
4.551490638984075961e-23
1.416219419995976469e-22
-8.981605592462784117e-23
-8.049399217649329065e-23
-1.239769905537413502e-22
1.599267249748664074e-22
5.605042965909866582e-23
1.019873769588743890e-23
-2.255766819582680847e-23
1.142932940512907136e-23
2.171356766881876787e-22
-1.186430684330290417e-22
9.231452783390568226e-24
-3.052156322285384152e-23
-9.274131469373715400e-23
-2.130164490144358252e-22
1.099934577387743508e-22
-7.180371402945149950e-23
-2.252847038457583400e-22
1.895639211558475343e-23
3.486511207948508637e-23
1.966071879087968445e-22
-2.702050697352280613e-22
4.154084253107261018e-23
7.781881816674896744e-23
-4.050609124481157089e-23
1.340309248568944005e-22
-1.304547982765128609e-22
7.296240768271810000e-24
-1.406459477669447760e-22
8.028252076385713941e-23
-2.240619965727375516e-22
-7.331545785961520818e-23
1.054478000695366889e-22
-9.785469608182574629e-23
9.230050007207646865e-23
3.172090326949861188e-22
-7.372091120404552880e-23
-9.109670171436158257e-23
1.709422755250181710e-22
-7.495948822355256603e-23
1.313212593775188726e-22
-1.427883600461699714e-22
4.346026544563418816e-23
-7.521944906731563091e-23
-8.569876933126730126e-23
7.287608358822840546e-23
-1.023462605222801116e-23
6.917700407004261915e-23
-3.240193694278489758e-22
-4.618732199980950128e-23
2.791428555086933878e-22
-1.141703898417157256e-22
-3.167019634608674973e-23
-3.911066836545861201e-23
2.597014627449420460e-22
1.418677593256864909e-23
2.600334362580528395e-24
1.727438020030770458e-22
-6.839870925326282055e-23
1.619977131947708008e-22
2.232109996647358592e-23
3.239780422826354967e-22
8.438662471960622107e-23
3.934915559161907647e-23
-1.921957800318244221e-22
-1.308909142664044676e-22
2.322682188438063917e-22
3.325658699260457086e-23
-1.498838260500495155e-22
-1.327067206090872092e-22
-1.016842284684086124e-22
-5.408658190081335678e-24
1.278970871887054325e-22
-1.265714973484486696e-22
8.933718987102256609e-23
3.439977865454703199e-23
-5.263801328914497709e-23
-1.907153230785206877e-23
6.781511891800029563e-23
3.334809609752774442e-23
-1.350867472450942420e-22
2.319666400717502209e-22
-1.743922328227697261e-22
3.460085086752391268e-23
-2.579268365686882271e-22
4.023486040247960861e-23
-3.087068973932805682e-24
-1.985362921701004869e-22
-2.913262242043778746e-22
-2.993949024782562331e-22
1.114416410272858698e-24
-1.279269010249069572e-22
-3.528749037515512877e-23
1.631747028040105608e-22
4.329211777919769011e-23
8.899600302572043865e-23
8.161345024245085488e-23
1.109878569398833132e-22
-4.866188678289969559e-24
-4.873435735784642986e-23
5.136119737557793344e-23
8.340928212203974121e-25
2.520689321041440066e-22
-1.316479390341572896e-22
1.366025353403681665e-22
-9.892873710898133597e-23
1.095112331860947657e-22
1.649480340258447215e-22
-1.871716335251595242e-23
-5.645827501894027313e-23
2.241715674293706220e-22
-3.586404953621657058e-24
-3.359829167801806834e-22
3.509204846039535652e-22
-2.137340032458529910e-24
-1.477431922928951878e-22
-9.944424198595949749e-23
1.638165509432470012e-22
9.407175340793530265e-23
-1.711730487867142533e-23
4.458086187888121585e-23
8.090671378380853072e-23
3.917968290318138621e-23
-1.054304172333429513e-22
1.671933075399180346e-22
1.266928914296327516e-22
-9.732739431241329452e-23
-5.859495390438826673e-23
3.923356232512167085e-23
-1.454223127775633919e-22
-8.374993833695558727e-23
5.811078149237992010e-23
3.525464160783531324e-25
-2.350720056669189972e-22
-8.172469629960810771e-23
1.290355277203783736e-22
-1.307936973735920401e-22
1.513445954444039478e-22
-4.073019009202018220e-23
2.840281516415481796e-22
-1.277813657202662373e-22
-1.029427963757970675e-22
-2.006625065715033248e-22
8.818504743111331816e-23
-2.535016749288081211e-22
2.162737152220040254e-22
-2.121401719293840458e-22
4.878376001030890039e-23
1.409863997450798895e-23
6.091282574063048526e-23
-2.057885980306376403e-22
-8.381727402881403629e-23
-2.722106114986450920e-23
-2.615222685367920236e-22
-1.026147057604432272e-22
1.896402652157239366e-22
2.873335403650141625e-22
-1.012501458150983301e-22
2.692345859550537453e-22
-1.569918594976053156e-23
1.288919522307430399e-22
-4.938430282405719501e-23
1.342403552477102428e-22
-1.218821880682526611e-23
8.292116017364640682e-23
-1.529621742376665921e-22
1.230674524532292732e-22
2.950555282503054395e-23
1.287627688449509062e-22
-8.854382531395288807e-23
-3.328629909987143692e-23
-1.362520541251374355e-22
4.163936365615849872e-23
-1.386447806710415571e-24
-1.011385713966087548e-22
1.241458779473915316e-22
-2.421910875262684402e-23
-1.569087372542012024e-23
1.862429781733492174e-22
1.120106197152583040e-23
1.242907937559298250e-23
9.294827862845254549e-23
8.440755975066073103e-23
9.711571376778999998e-23
-7.264683675333734392e-23
-2.729716868968445873e-23
-1.478472438751290991e-22
2.215067898943222855e-23
4.290007215120326708e-23
-1.717087263957209624e-22
-1.392057733934256263e-22
-3.043734231894270047e-23
-2.661883324190214845e-22
-2.961665058822834597e-23
7.148169328625369679e-23
7.797399165988881108e-24
1.732268000268450495e-22
-9.497850597959815714e-23
1.249268985687611623e-22
6.841174020356057209e-23
-3.208113724907756976e-25
-1.280016828424896954e-22
2.003009470163486333e-24
1.487195394449741655e-22
-1.455196633562736919e-22
1.809204995067259617e-23
7.674225766833950820e-23
-2.297463437553688433e-22
7.350715197965679010e-23
-1.172113700916177976e-22
1.982986721194291613e-22
-1.622847738323808109e-23
1.185619355177575357e-22
5.143313430932336446e-23
-1.292276570792883227e-24
-2.086088290488063008e-22
-1.405056902785649653e-23
-8.223339491597416376e-23
-1.318193140816981255e-22
4.907043540937350428e-23
1.203743887261351045e-22
3.056389259135620245e-23
-8.838360379679735659e-23
1.763152809801058808e-22
1.321742175971950281e-22
-8.103453115104666750e-23
5.087720792552175421e-23
1.043349944423983890e-22
2.706659939957070928e-22
-3.288314143021926166e-23
2.020636225963987034e-22
-5.339667978627951518e-23
1.657120850494967083e-24
-7.232312133656794829e-23
-8.505826491777952491e-24
-8.299088934495672892e-23
-7.955153441607730013e-23
5.808924183509450173e-23
-1.533954544100371217e-23
-9.102623344806203808e-23
-1.823235506900890344e-24
-2.815760467973636580e-22
8.726736962395303995e-23
-1.239349586065470629e-22
-8.387040615610806299e-23
7.903528518957289106e-23
-9.766749762967106207e-23
-8.969749245491423767e-23
-4.412627285116999005e-23
1.774209308727918053e-22
-2.108675514668756745e-22
4.085841346270985869e-23
1.171032690339976752e-22
-9.916015771543752789e-24
-1.808798750392731365e-22
2.524842055769719659e-22
2.969040626701764167e-23
-3.086008020363771996e-22
1.264033264419617759e-24
-3.331693114531816975e-23
-6.491796120668424104e-23
4.088046150940383021e-23
7.167087579627504344e-23
1.641619235644514895e-22
5.545620567589276476e-23
3.261326745415144311e-23
1.365160215415454143e-22
4.500744390871740842e-23
2.131419011485395898e-22
-8.094079413884391945e-23
-2.943749263588301477e-23
-1.017981802103513067e-22
1.714850288888280299e-22
9.395843698737895049e-23
8.703206417917504589e-23
-1.940046948653280623e-23
-1.523370523598422760e-22
1.326329501243184806e-22
-3.598649045389237001e-22
1.201419813824115360e-22
2.373715058071712895e-22
1.067113849371431875e-22
1.372422834701387916e-22
-8.021680630039380196e-23
1.000032788406190347e-22
-2.551453367879901410e-22
1.269114497857884426e-23
1.890623765265359929e-22
-6.292536877784150462e-23
-3.874938087692902287e-23
-2.663580704990368376e-22
-1.335052436659733994e-22
-5.076868980512476753e-23
-2.606908124205246997e-22
-1.548215921061942447e-23
3.104161261243627587e-23
-1.394973625999593797e-22
1.466077336838359323e-22
1.067742182404474392e-22
-4.741860506149996240e-25
1.151354627710081334e-23
-1.373644182954012248e-22
5.071225254457425532e-23
1.939846797580737613e-24
1.436861607618137223e-22
1.945564619474261410e-22
-1.143447662483705038e-22
-1.063305591593809308e-22
-4.714068613051427692e-23
-1.149391947433069000e-22
-2.798785200205117706e-22
6.864360200679153219e-23
-7.229659939430464886e-23
3.504115271578817769e-23
-9.224120635591955756e-24
1.189283109319684702e-22
6.974978012622207013e-23
1.574865716792207759e-22
-4.829247408514914675e-23
7.417638776062063537e-23
6.735807044727921664e-23
-7.369511090915518612e-24
2.485695895250085459e-23
-1.128888714608808150e-22
5.126637064697613331e-23
4.904381759120489360e-24
5.044779634501277668e-23
-2.403721045256458673e-23
1.870996888637389456e-22
-1.256173832279190398e-22
2.065985201157485908e-22
4.181053311070139873e-23
5.845682073526598593e-23
1.653001485766523651e-22
-7.203045024422764190e-23
-4.500206012466799380e-23
-1.649073618199543951e-23
2.103756806310081432e-22
-1.843848280689042574e-22
2.431547499921122747e-22
-1.452879628747177534e-22
8.731420783341799028e-23
-3.518071973405488201e-23
-2.341928428253410086e-23
-7.402708094583287874e-23
-8.653573099658115361e-23
-4.862352882827898896e-23
1.698923404505835634e-22
-1.420257050259773774e-22
5.967515249663336581e-23
-1.212367490039518964e-22
-1.579531579240591428e-22
-1.223320962834944530e-22
-6.729025972407154241e-23
-8.895848701495771208e-24
-1.683880428520171467e-22
6.808991657369220494e-24
-1.165543006145776166e-22
-9.875540827434340234e-23
-2.302054648226009012e-22
2.190546028152240092e-22
1.209780054087976736e-22
7.772487866756626956e-23
-7.082986971888559342e-23
7.768087794265847918e-23
1.044560962257619992e-23
-2.624302782792854531e-23
1.183660605202442436e-22
-2.808743551335813944e-23
7.307830212042401496e-23
-7.205895375518487446e-23
1.529411923319063714e-22
-7.749499884678675014e-23
-8.422776417198337066e-24
2.217607168071382054e-22
-2.851928690967206139e-22
8.546612542308230505e-23
2.311359445741908658e-22
9.071862811315248119e-23
1.148751801917925423e-22
1.546921185012643238e-23
-1.804832977431542518e-22
1.331418843888618241e-22
-8.952860295934523376e-23
1.454222851921546358e-23
-1.114011108394055076e-22
-6.432160601214575718e-23
-1.531225946500723489e-22
6.085139858084355300e-23
2.002191537148378245e-22
-4.780471447355955467e-23
-1.344364588259236865e-23
2.326295561194849986e-23
-1.384580710919519020e-22
-7.920450299044276281e-23
-2.368918115681963345e-23
4.040370799535960450e-23
1.985850317243844191e-22
-4.021459576234435836e-24
2.269884253552842769e-22
-7.986744875710989520e-23
6.510918424163383155e-23
-1.665902550108548455e-22
1.956684240029013735e-22
-4.813045524644208716e-23
4.848829216533234848e-23
-1.520120404906335963e-22
-2.593316715405038617e-23
-2.177255618365089057e-24
-5.953981179776588602e-23
-2.103294493156529896e-23
-9.479944472277612246e-23
2.991530450056902872e-23
5.793500959415352509e-23
-3.187997651801367048e-23
-2.018448109676490904e-22
2.083603552145913039e-22
1.699219039779715851e-23
7.697974154962639204e-24
-1.099257553955007581e-22
4.228884520310519963e-23
2.414850885437102362e-23
3.986192515286354832e-23
-7.059246678803290707e-23
8.032697239011760448e-23
6.520714811252088570e-23
-3.593363339830883529e-23
5.005070315078032091e-25
-1.584512153904633576e-22
-1.923720128521994762e-22
-3.525587928255353586e-24
-2.809025622043914141e-23
6.622384805001557775e-23
2.644383111231333923e-22
-9.737128694331697640e-23
1.349506446793988280e-22
-1.034993592044301325e-22
4.913886469844333176e-23
-1.425464075152093262e-22
-6.162553698079125459e-23
-6.581168446253006373e-23
2.015287879529606529e-22
-1.134830518332912397e-22
2.396941660499045872e-22
6.708929568207216215e-23
-1.777333939100553724e-22
-3.235151187245857684e-22
1.431611819873734892e-22
-8.092149522790546991e-23
-1.160401232852728759e-22
1.161938075384491403e-22
8.626600185211832224e-23
8.165943254462527061e-23
7.166813139783840927e-24
2.745636512930729442e-22
-2.652355753710594711e-22
4.147182215239294483e-23
-7.536266271209524034e-24
1.942685922101117787e-22
-7.882919939180712713e-23
1.141651706132864469e-22
2.874808296698490878e-23
2.798522781382069765e-22
8.504089202612806438e-23
1.713517476736825110e-22
-1.326294381416458854e-22
-3.179625984693705025e-23
-1.727484624499605143e-22
-1.512631133805721240e-23
-1.185812818032795756e-22
-1.385328505948007939e-22
1.620473303694753920e-22
-2.930593872993039732e-22
-1.517141081470111865e-24
4.201102236254751331e-23
-4.185869057118431410e-23
-1.291150187574786670e-22
4.746655418029404006e-23
8.649108203941156270e-23
-5.719674035874031104e-24
2.358975510912361523e-22
-1.099334988855213862e-22
-7.093854989959524043e-24
-2.943336077643447781e-22
8.753440194337068402e-23
-6.500266340694288884e-24
5.374869287681936880e-24
-1.844336790347582426e-23
1.443340434607708934e-22
1.141981340245220521e-22
-8.095233376289201578e-23
-2.790154157164666351e-22
8.937628643803785030e-23
6.362820320280259339e-23
-1.860129372550421593e-22
-2.039055470764968255e-22
4.332839108514748628e-23
2.389476950379917039e-23
9.206002776330410106e-23
-4.229411940399267902e-23
2.119568274258135052e-22
3.997932866759543598e-23
1.309704027933872262e-22
-5.460196168007557967e-23
-8.018925970815372307e-23
1.462410951118575641e-22
-1.006073231964745607e-22
2.870032315345380105e-22
1.571630906040628177e-23
4.092180925356611592e-23
-6.581340156246963173e-23
-4.804729925661533119e-23
7.697878434952322102e-23
1.189229472718594994e-22
-5.207357906075751252e-23
-2.753591618994513414e-24
-1.827107230596486080e-23
-2.740003685571862328e-22
-3.225088499575602906e-23
-2.255671282647417454e-23
-8.600541976277126530e-23
1.309837215702217514e-22
-7.837582761847616206e-23
-1.041820101737488555e-22
-7.658022718287408183e-23
1.914660428561162546e-23
1.296719110498287457e-22
2.844357434875138709e-22
-1.537896320520378554e-22
4.526414237319837571e-23
-4.724277624074291948e-23
-5.920221730044275337e-23
-1.994862525976051226e-22
1.846481122979635189e-22
-2.074645955470812089e-22
2.711025856833882520e-23
6.360531675821872391e-24
1.350734168319436660e-22
3.346923153726011572e-23
4.183580006355883446e-23
1.041415389718759717e-22
1.133321775097826803e-22
-2.117072535307436038e-23
2.551262467061206056e-23
2.795156402536439862e-23
2.222764532337785164e-22
1.360722183354040166e-23
-7.232924232738034597e-23
-5.506248589501145894e-23
-8.508485912953977924e-23
1.368774095463160168e-22
4.036463412897393533e-23
-3.775963851766457896e-22
2.280823180642254629e-23
-1.504848473522994486e-22
1.311867808742292558e-22
-1.269267518805722896e-22
2.292416884775774941e-22
-3.100604240266345083e-22
-6.839023253631691374e-23
-4.015071841576758954e-23
6.696669150726013825e-23
1.346705981058949681e-22
-5.818830350361747861e-23
-1.715644650204004436e-22
-6.610941104256611574e-23
-6.361814728219729492e-23
7.505820125832488029e-23
3.505270998111747327e-23
8.429397161221729399e-23
-1.274501217232128236e-22
1.315267589425413738e-22
-5.893011474346273552e-23
2.081403371457339571e-23
5.134977315380462240e-23
1.969495828672166038e-22
-7.633801640682498507e-23
3.384587394302186337e-23
1.105511448439767535e-22
-1.059208502435547040e-22
-1.170790256423761378e-22
8.738600868523273238e-23
-1.305301983249577139e-22
2.354016553965658308e-22
-3.602362896429688776e-23
-1.126656073849557889e-23
8.389969929813154010e-24
8.464906229135462941e-23
9.962081340899671883e-23
6.784305017709949041e-23
-4.420928618701832439e-23
3.723118179045539095e-23
1.594793308034377019e-22
3.101287838355948023e-23
1.263420836758849137e-23
-1.509731589788117641e-24
4.668145532271022314e-23
-8.234468512888408741e-23
-1.006979736104980148e-22
-2.766983258058369001e-22
5.502998177746565080e-23
-1.209946547655601541e-22
1.354487302173209132e-24
2.201556028292722445e-22
5.975548574921730376e-23
2.542300974625695317e-22
-1.602112515770473047e-22
-7.139537235744695475e-23
-6.081829328970947154e-23
-1.387169387204468527e-22
-2.781343239149689793e-22
7.055103626220354031e-23
-1.943806896929593886e-22
1.714880922126850965e-23
1.413424816350045954e-23
1.859027708365439891e-23
-1.029880420694376822e-23
-4.727341955845904054e-23
1.712040550267458309e-22
1.297375590888988108e-22
-2.484416638158175845e-22
4.465858392830243909e-23
1.634133798184410328e-22
-1.037520260700770622e-22
9.501314652466290548e-23
-1.186500007425921172e-22
8.715444974853635220e-23
1.259694094514035841e-22
-5.777959489918613254e-23
9.260352825789293170e-23
-1.870038718294497036e-22
-1.560852697109621706e-22
-1.610100903091378377e-22
1.105723289813070867e-22
-1.066838772672751253e-22
2.485172951321437564e-22
-1.383178931681514052e-22
1.235207945659715474e-22
-3.072502921010570030e-24
4.942665116378009380e-23
1.010942980136543324e-22
3.243440997795410036e-22
-4.082158698640101264e-23
3.360808234327723079e-23
-1.537409623451305683e-22
6.127766172321685446e-23
1.257180528508977911e-22
6.333493507584974946e-24
1.011940180005702927e-22
-6.075427905876317903e-24
2.539472327507572628e-22
-1.009291547382801826e-22
7.187274688419764579e-23
1.417070697226959711e-23
3.091564349584902904e-23
-2.922257769384851462e-23
-1.732116871617171692e-22
2.825965911534898772e-24
-5.749595115250323342e-23
-4.863097327996602736e-23
5.100693270547658578e-23
-1.237186167385806386e-22
-1.057453879509785497e-22
-2.455251000429948451e-22
1.073432769248578678e-22
-9.625396010535496829e-23
9.969953910706421868e-24
3.577185392905664059e-23
-1.063636939068853164e-22
-9.574349294405334751e-23
-3.911870919517880648e-23
2.371052939515068345e-23
-4.984381038262032612e-23
-2.634442406567630889e-22
3.033086851293995809e-23
6.613685523395864176e-23
-1.313191148167223222e-22
5.317578483973763841e-23
-1.031520320392616352e-22
-1.015225787221543897e-22
1.315220492895147614e-22
1.463395629451986700e-22
-4.968049972885025407e-23
1.348859006938315278e-22
6.695888178359335051e-24
8.800879639208104683e-23
-3.218367126703833732e-23
3.019869583138741037e-22
-2.355085259156291279e-22
1.325224754237052034e-22
8.828834903219505503e-24
-4.690095637182335009e-24
1.112013796654396022e-22
1.109827829224715054e-22
5.510267259645734733e-23
1.236514002673880475e-22
3.094295917687561018e-22
-7.633330403937877952e-23
2.764189578625221551e-22
-4.964613261112994294e-23
-5.529443678273956268e-23
-7.992950323922234072e-23
-9.437915802204780493e-23
-9.129057962681919835e-24
-2.185685003950100108e-22
2.999125413355780329e-22
-2.015147022634082183e-22
-2.408926282352313052e-23
-1.622596458794431065e-24
-1.531415515356870383e-22
-3.284946487334040781e-24
-1.370392238746778542e-23
1.389004178325967518e-22
-2.994874443194186478e-22
-1.264071453989538257e-22
1.214838042833281227e-22
3.833840095769051967e-23
-2.320883190582625138e-23
-1.932511914158883705e-22
-5.337052970337102446e-23
7.642904793470470354e-23
1.137266420861510790e-22
8.442263672796908509e-23
1.007421460832460615e-22
3.611050592941435630e-24
-7.663791878216016881e-23
-1.430117607622751065e-22
1.313666265808010185e-22
-1.759883900722353460e-22
5.729698718018341469e-24
-2.765690791817673948e-22
-1.665248852000912327e-22
-1.040974035329862763e-22
-4.878755222334757311e-23
-8.102459060066717072e-23
1.039861547694827960e-23
1.381285692744446700e-22
1.277781172726121959e-22
4.666741621237452375e-24
2.567772121416249610e-22
-1.612277031254052901e-23
-4.678437741503302980e-23
4.184436881598855839e-23
1.524678003820719237e-23
5.554703112989645341e-23
-1.007456905562005013e-22
2.545911884229120886e-22
8.370245516180163610e-23
-1.771283967482537560e-22
1.344315254640327189e-22
-2.066979598868128195e-23
-1.211611445017232593e-22
1.964925873106375502e-22
2.064201994083547037e-22
-4.300686744649055830e-23
2.315324633395769000e-22
-1.529125062141748229e-22
1.013628719959060365e-22
-2.075557395957423433e-22
-3.777425270982533885e-23
1.282634836766803262e-22
3.775422678697980016e-23
7.393856337410443730e-23
1.474782774191456215e-22
-1.177843251328372290e-22
2.361605086986115054e-24
1.866679806510907377e-23
2.032555673481692264e-22
-6.660475057244931507e-23
8.664445374685200672e-23
-1.171815309373848099e-22
1.514468292480078905e-22
-1.931578972877364526e-22
-4.624069210266366864e-23
-1.047026646421943854e-22
1.928838604695466174e-23
-8.926936837575226291e-23
-1.254612310542088527e-22
-8.278215848157937801e-23
-1.941084027387444280e-22
-1.304778349555174985e-22
7.695738992753325210e-23
-4.942984101922706792e-23
-4.867826807426428731e-22
8.604426120341293941e-23
-8.889763490320728729e-23
8.419336965805790687e-23
-6.919318498012593031e-24
8.460455433542841808e-23
-7.037667100339461241e-23
-1.176906921187767069e-22
1.363710005289268158e-22
-1.191162272106473032e-23
-1.017805253575474886e-22
8.269330789019510959e-23
6.106353965686215316e-23
1.869496089293353815e-22
1.100233218648352616e-22
6.083866900210621449e-23
-8.005363287925396152e-23
1.399260401368213820e-22
5.880965025394359418e-23
3.005524693619392275e-23
9.718301303459165821e-23
-1.138623509485714974e-22
5.772951016981223649e-23
-1.078964324804350551e-22
2.161084101726526634e-22
-7.709910423905590632e-23
2.005612974493923523e-22
-1.274043847882511597e-22
1.188046110226578361e-22
-1.677309983563120520e-22
3.121996667004747189e-22
-9.104729265981548452e-23
1.658076747629753778e-22
1.082069944704787693e-22
-2.545355345160778503e-22
6.362012109930634322e-23
4.565265367502008397e-23
7.321143060242198267e-23
1.738005935950819984e-23
-9.731781997142750679e-23
7.987672646114672385e-23
-8.735783509553606894e-23
-3.364017862406694206e-23
1.825509641234226154e-22
-8.078703003024739959e-23
-9.717290962388820913e-23
-3.045566214040938373e-23
-2.454342313572392643e-22
2.172640345171865118e-23
-2.369829790825652405e-23
8.552510236975207712e-23
-1.172311599660112498e-22
1.646731786857786214e-22
-1.406766952211309958e-22
-2.019725548282862759e-22
1.452978462361879803e-22
8.952372818270105517e-23
-1.961471022791074311e-23
-2.757067175029328649e-22
1.779399853828496046e-22
-1.204356795734224274e-22
-1.206701894463312070e-22
-2.929634201547170328e-22
1.514871841676079370e-22
-1.586068644702214100e-23
-1.865273398796755228e-22
1.340694493943469033e-22
-1.465027647440701319e-23
1.946925415284516682e-22
-5.358888227144010484e-23
1.013626184210226455e-22
-3.767522253358284940e-23
-2.377928894252059062e-22
1.592149665561309202e-22
8.084340204293309028e-23
-5.722685497487380263e-24
3.370968308940338757e-23
1.043928068986168881e-22
1.031699090038629934e-23
1.219226814359796273e-22
-9.579196272537938400e-23
1.826843064384752618e-23
7.720695680651443404e-23
6.415197740807720991e-23
-3.327379273950007283e-23
1.162411083691560211e-23
1.467688555995321710e-22
-2.805148059770078994e-22
5.383297412458212285e-23
-7.863302132421350968e-23
6.794742750746583358e-23
1.541044130897072656e-22
-4.916829080656170062e-23
-1.970010320533096688e-23
5.296397344524284775e-23
-8.573315740944722874e-23
1.241224398922344831e-22
1.716985619678750152e-22
2.460199682929023963e-23
9.674321433418366687e-23
-3.043450126731526595e-23
-9.736945601784902009e-23
2.618166156248913360e-22
-1.324028659039867030e-22
4.140484047353364010e-22
-1.156562277880744584e-22
-1.569358876145414858e-22
-7.294755538392704849e-23
-7.163810538341394189e-23
-2.008337996936839833e-22
2.593941012377504715e-22
-2.012791950798655472e-23
-8.768635294107996433e-23
-2.309110711904346195e-22
-2.235595667960484913e-22
-1.521096219219415634e-22
1.015637218406185940e-22
5.888213100507432332e-23
-7.872028313132121401e-23
2.571893202624859102e-22
3.004996113349335583e-23
-2.488635953882141011e-22
-9.501245741790361671e-23
-1.218428797029085121e-23
-5.182070200941948404e-23
-1.481863016728102068e-22
-1.063764824188713374e-22
-6.960384705575055288e-23
1.693850540557467635e-22
-2.078953048722681368e-22
1.586339434878350994e-23
1.165444800489112199e-24
1.827620118287084017e-22
2.400861425346868923e-22
7.327030611801954165e-23
5.320476960776098879e-23
-1.622790244128948974e-22
-1.704409522549350421e-22
1.294069238356591020e-22
3.193830801426300090e-23
-7.514796629341688364e-25
3.320068353969744972e-22
1.060291797411006897e-22
-1.214884960308800813e-22
-4.299643585727410402e-23
1.579565638652144225e-22
-1.229797491622340570e-22
3.442421570869575910e-23
8.195340832902602440e-23
-1.087229036442062830e-23
-1.087307176390571704e-22
-5.130942306077374214e-23
8.375679154467388736e-23
3.570833328863615110e-23
-2.194823043535343464e-22
1.689567581332227800e-22
2.605489939382066535e-22
-1.673573601965952060e-22
-6.601858251304640353e-23
-1.349933655721736498e-22
6.594429543145338860e-23
7.849379654222319478e-23
-1.065540120244687375e-23
-6.743612105517514326e-23
9.776131301437429939e-23
1.844658525545615525e-22
6.537897727815284182e-23
1.229911730294775078e-22
-1.333934271130816758e-22
1.164265198786295135e-22
1.895792509336259168e-23
6.276479079179098575e-24
-1.892390103248493006e-22
-2.173458625707293786e-24
8.075671035842282597e-23
8.471793221690733653e-23
6.163477152512413240e-23
-1.062300784100958403e-22
-1.632998336022726437e-22
-4.784387906293768255e-23
1.435767256906639907e-22
-1.094666515519084351e-22
2.110985807290891395e-23
-3.691768122529471591e-22
-1.732442471332104151e-22
-5.749283412968926423e-23
-7.404856866950188347e-23
-1.101035776277347631e-22
5.563549869826076534e-23
-1.963843127168003904e-22
2.141956166567003296e-23
-1.358642943737636569e-22
-2.644191584094123365e-23
-1.720862945720409158e-22
1.940228345456687135e-22
1.602623326892527295e-22
7.597415304648332036e-23
-2.030391553276923914e-22
7.448912311736790208e-23
-6.308992225426098024e-23
1.226999994059507012e-22
-1.112265484233680020e-23
1.837754144625805975e-22
9.660799858808653700e-23
-5.889012578587810232e-23
1.568769712822016852e-22
1.021540735523062176e-23
9.822566416822965128e-23
2.666734232663183356e-22
1.119461446715024708e-22
2.348184821326205187e-22
-6.280896538720413130e-24
2.542320894901243579e-22
9.568395459121884053e-23
-7.277054656117531716e-23
1.606222520728934804e-22
1.540175213608117575e-22
6.591286439015094877e-23
-8.956192565732213641e-23
5.978707531590309538e-23
-1.445380299774127489e-22
-2.365811437042162715e-22
-1.859440764258700257e-22
-4.321215410089129685e-23
-1.416862129036068263e-22
7.287570468256904181e-23
-3.972873941630921588e-22
1.346219260712125713e-22
-2.608896865577270052e-22
-1.337186378558364059e-22
-2.654536902863688633e-22
1.987605389787122341e-22
-4.892170812427039281e-23
-6.777765608121713116e-23
2.847786595195698236e-22
1.747177212697142826e-23
-6.299078932689409849e-23
-4.261017916438751655e-22
1.203435410334308191e-22
-4.245796059213507117e-23
1.527450644935861149e-22
-1.658508233427366659e-22
1.782468733431425076e-22
-2.509368173021293059e-22
1.099336508295298279e-22
6.427344573916233920e-23
-6.305032205037870605e-23
1.966109159248529887e-22
-2.306468096405314448e-22
1.301279657942692897e-22
-6.037547655494760898e-24
2.440475275158501660e-22
-2.171213230966261776e-23
1.481699678641743118e-22
1.631464689643216056e-22
-7.543682345059716589e-24
-7.665977815230448262e-23
1.216468180296319390e-22
1.095925396665628419e-23
-4.333164759549759050e-23
-1.083553131199476156e-22
7.232540295091160421e-23
1.405652878231827147e-22
-2.801614506933872679e-22
-1.479054320753064196e-23
1.898783095759082424e-22
1.402261567513234778e-22
-1.255678319598428376e-22
2.913432557703111001e-22
-6.909902780933975139e-23
-1.057449200795566226e-22
-2.413232472658398627e-22
-2.481257955432910417e-23
4.953390678743135927e-23
1.901470199750381881e-22
1.170925400228603562e-22
2.570763333010449464e-22
-9.375107237441669681e-24
-2.116626525335220985e-22
1.544730782750170740e-22
-9.899594222678858732e-23
-9.810365654255093925e-23
-3.998335342276104879e-23
-5.017390441092479522e-23
-1.311077709706852657e-22
-1.764861100327109428e-22
-1.465436644661937693e-22
5.008229086976301323e-23
-3.747597845574661951e-23
9.153749316564623186e-23
-1.028693179731799454e-22
9.709211045214003533e-24
2.015777244037347801e-23
-1.355200805427016258e-22
-1.426323112566310134e-22
1.165825837548333446e-22
-5.917846597585952624e-23
1.922604131571292252e-22
-2.970533321256457960e-22
3.048365637042783563e-23
-8.369178844853639269e-23
4.824869663344456544e-23
1.216929781876970952e-22
1.297546613040795584e-22
-6.007746369108961967e-23
4.863059178539441425e-23
1.957072239305354833e-22
-7.688563627868867076e-23
1.491870393943324738e-22
1.060123498518156107e-22
-7.091604760759408873e-23
1.506914475611156936e-22
8.989262040579752019e-23
-1.583605418530516445e-22
8.715324882782310541e-23
-1.890934447451019943e-22
-2.013877347324290352e-22
1.907801088138171689e-24
6.643642628053236136e-23
-1.466276152605471343e-22
1.211069683013963489e-22
-5.534998828285548843e-23
3.209959249795127911e-22
1.204366273011253645e-22
7.686043770686298389e-23
2.114767188026163998e-23
5.945618133680456341e-23
-4.910362154029987622e-23
-3.074949447118161806e-23
1.012294842396323832e-22
-7.297310601986916909e-23
6.340137247926030186e-23
6.134120663483860758e-23
-1.217501836452186328e-22
-2.607704168626018222e-22
-1.765100470199332413e-22
8.942139803948405334e-24
1.103201050000889321e-22
-1.687227200861194359e-22
1.891243445546704490e-22
1.198143889614300869e-22
-1.048672717171331526e-22
-5.346620994075524551e-23
-8.575520883578925668e-23
-9.819257474437678352e-23
-5.260194575340897595e-23
4.049506913307913597e-23
2.249593231160295466e-22
-1.193057705580214961e-22
-3.496483089792859368e-23
1.324595359390654951e-22
-1.610251663010250809e-22
1.365168381835751806e-22
-1.419326275534186220e-22
-3.443095897194073098e-23
-1.123523844143513676e-22
-5.010907294175487001e-23
2.856560396823308374e-23
-8.300080858767450463e-23
1.000439146778525424e-22
6.562296216470711872e-24
-6.327089341545568258e-23
2.102154561243978797e-23
4.991932335347751477e-23
4.086718174930378506e-22
-1.609604240396166824e-22
-3.823641028589524696e-23
2.633598778085663093e-23
-7.656904314690388351e-23
4.563236999120377368e-23
1.893706783473120275e-22
-9.497749500040992336e-23
2.634045005538977709e-23
1.873631835296086476e-22
-2.045227482727976990e-22
2.109159427793745143e-23
7.015877314403085837e-23
-5.228965558948352007e-23
-1.332617710571851300e-22
2.755849655452359858e-22
-1.774428853824754404e-22
-1.958337339884111595e-22
-8.472492685395287291e-23
5.256129777784159167e-23
1.704445447369805783e-22
-1.388427225089561428e-22
4.907683271732146439e-24
3.525693778158120451e-22
4.783997410560524830e-24
-1.527888687031260798e-22
8.454463196005847846e-24
-1.033958227519420441e-23
2.070215598429392688e-23
1.107317433516289540e-22
-2.007912905680759531e-22
1.901701336696984683e-22
6.946041076705600441e-23
8.911082593042101068e-23
-1.523214460269213055e-23
1.807640857193365837e-22
-5.183704224206045977e-23
-7.655098039868360894e-23
1.194177719419303338e-22
-2.682816272701088084e-22
9.039394888810148806e-23
-4.440922323064374777e-23
-2.227225464834480675e-22
-4.591624287632895393e-23
8.649376052052477232e-23
-1.277645816590298496e-22
-4.150966855841150940e-23
2.888155940358064003e-23
-1.953400906634233202e-22
1.419962505399064000e-22
1.523027845943949020e-23
-5.748655724949502172e-23
-1.079981720462248384e-23
-1.129497577364376021e-22
5.964362242114363932e-23
-9.566165067933967055e-23
-6.662145490363452947e-23
2.697223552055003304e-23
-8.445486945669587325e-23
-8.292216173682864243e-23
-3.110888653265092743e-23
1.343509228057103482e-22
1.117870479014946777e-22
4.643146360943176011e-23
-9.206690859062077483e-23
1.657206227629551168e-22
-7.836230525722179504e-23
3.973897779957099171e-23
-9.564695498344541381e-23
2.509146918078265427e-22
-5.861218670049738293e-24
-1.559334564574651694e-22
1.788674035895883249e-23
9.971784135503025274e-23
1.123606994793588277e-22
1.204804193101104386e-22
3.976184614831844241e-23
-4.988488041292163486e-23
1.581755157897586604e-22
-1.480824760364224576e-22
1.179434311130876461e-22
-6.184358960267932196e-23
-5.008831153168416415e-23
5.824794285567463407e-23
-2.686798818988284054e-23
2.797009431832809789e-23
7.900106923832683320e-23
2.243100210463072714e-22
4.756861674486425543e-23
1.270950790130923599e-23
1.354473349528692870e-22
-1.978265018350362045e-22
1.609918613200171842e-22
-1.267867026432263636e-22
-6.988129950150009070e-23
-4.875112923122087953e-23
-1.366091295395190421e-22
-1.563956400699348833e-22
8.766605171001022439e-23
1.587787172199469547e-23
7.105353451770694194e-24
-8.916851094016146739e-23
-1.333923424955426255e-22
7.992561049064763786e-23
-3.215275323034349433e-22
-1.670683226851346732e-22
1.431663040984055691e-23
-2.328356298949259121e-22
-4.101391964683960690e-23
7.912657478713365299e-23
4.859244839631656152e-24
2.268506238783932959e-22
3.293350060675425230e-23
1.191645386126082152e-22
-6.771154085824045788e-23
4.072505247556040782e-24
-4.129659008101769160e-23
-2.531424423627265719e-23
1.674625502571705296e-24
-6.537915957577815019e-23
1.614134547192705867e-22
-9.381170176472389851e-23
-1.917980626865706783e-24
8.894213496510308997e-23
1.040682468761763830e-22
7.941627733744642993e-23
2.494943868967264166e-23
-7.905139819705755428e-23
1.912444857690708226e-22
1.344256711787317152e-22
-1.647061351223106313e-22
5.410124350312730556e-23
-5.004761084963238490e-23
1.023152480054372747e-22
-2.878492369965487015e-23
-7.062890817703087743e-23
-1.350730328147385007e-22
5.561720403016394208e-23
-5.716414341772876234e-23
2.196822134824668989e-22
1.765287856523282649e-22
7.405228471669884503e-23
1.129844805535036102e-22
-2.335880610115230068e-22
1.439449334509924213e-22
-2.126473128633503343e-22
4.267912691043162795e-23
-1.754468485217782719e-22
2.852267697015303372e-23
6.425840328229691696e-23
3.098803386346088739e-23
1.816576853219203795e-22
-4.063724827416139165e-23
-1.231924189164733650e-23
1.987312964963988089e-22
-3.650490203779614136e-22
1.830005876154325318e-22
-2.038106372301054969e-22
9.814721334996738604e-23
-1.166860203497082412e-22
-1.844495234263141315e-23
-3.131356192253120633e-22
-3.820816958872114756e-23
-3.335469342933848616e-23
2.444670927914400219e-22
-1.835545312706624710e-22
8.346408322071163524e-23
5.415849335253032873e-23
-1.496068841856982561e-23
7.007747714004714508e-24
-1.595464196414738149e-22
-4.551408715679650737e-23
4.895054896232205184e-23
-8.224005307907128482e-24
5.521727568869496743e-23
-9.063503306342924604e-24
-9.663497638497982388e-23
-1.133190680691185966e-22
2.861995594534244465e-23
-9.191371850774854818e-23
1.003652209121336710e-22
-3.801226024758584009e-23
1.420888132268550251e-22
1.664549450561512749e-23
5.462771526381864831e-23
2.750211120228743198e-23
2.000654122763161069e-22
1.997237725212301122e-22
-5.797984615000445123e-23
9.851301499416053590e-23
-6.067953058352300965e-23
2.299926876996406202e-23
-1.995753027600846155e-22
6.718034331480440527e-23
1.439677364958134033e-22
-5.867039802472944423e-23
4.560819622579533800e-24
4.626963482911031480e-23
1.682808451247023981e-22
-5.615311087730671401e-23
-1.447664877417571183e-22
1.255350018447579863e-22
-1.863820956507350699e-22
1.382784405958465253e-23
1.078382901275515722e-23
7.832114691450810973e-23
1.447927981494046358e-22
-1.051052848369006476e-22
-1.886264879120334906e-22
-5.314044227200997758e-23
-1.377965644613665689e-22
1.033022786044765019e-22
-1.370580353508947670e-22
1.038438774051990314e-22
2.111408925637045524e-23
-1.390508147930578227e-23
-1.793332144148401539e-22
1.504026005872052392e-22
-6.763265384215004456e-23
1.101618604368925115e-22
-9.686522546709997924e-23
-7.189062073687404125e-23
1.033903539815706062e-22
4.377989473453435143e-23
1.988204881678787467e-23
2.106272197687167012e-22
-7.093852140802273337e-23
-5.609364579319447906e-24
-3.305361265954880996e-22
-1.825530196177532826e-23
1.516184709173620779e-22
-1.426089052493059188e-22
8.075326999730147524e-23
-3.514946504516535326e-22
2.214891522460375759e-22
7.993002212322243064e-23
8.184013448028129763e-23
1.168119743634418711e-22
-1.438725351556583703e-22
3.041475843790858530e-22
-2.346162422442306351e-22
1.065810658688540709e-22
9.128346909971040412e-23
-4.188945922336526186e-23
2.223998569186788172e-22
6.930331761327821837e-23
2.291620264748727986e-23
-1.240211056420508888e-22
-8.643998935591564866e-23
2.436311184900809467e-23
4.554528471392887717e-23
8.609503474898096537e-23
-1.766501671094935155e-22
-5.636863200993459252e-23
-1.507152023061966519e-22
-1.257281663386666580e-22
-2.103478060842355101e-23
-8.972045407010710302e-23
-4.567282607019162943e-23
1.727762362579447871e-23
1.598641261469313320e-22
-8.342774455935291432e-23
-7.851282015638023406e-23
-6.100046254682149398e-23
1.188138619917804630e-22
-1.483185063233086568e-22
2.246947763324341348e-22
9.213402868900760255e-23
5.919787410921618189e-23
-1.455585708658516422e-22
2.831784907930102373e-22
8.601163034091550108e-23
-1.992396684387877034e-22
-1.252443267523115851e-25
2.802336934079931870e-22
5.572179150286911709e-23
-7.738362691395082616e-23
-8.150325160847460634e-23
-1.261930648019416698e-23
-3.538024769213794362e-24
-1.621025302273112351e-23
-1.203172208821776544e-22
1.914724600391526573e-22
7.855856819112147856e-23
3.368801708134769849e-23
-3.771551050571435049e-22
1.801790560880781960e-22
-1.214862386995345213e-22
-4.121355644052366398e-23
-1.031231412357430968e-22
-4.412707281708227385e-23
8.206107240426555653e-24
1.285460264439791627e-22
-7.812471182050806576e-23
-1.111363662738995697e-22
1.204284849786599641e-22
-4.706474617440868792e-23
1.593161790646193957e-22
2.040403251001077632e-23
-3.969775607274079410e-23
-4.354914190323639095e-23
1.753935090769616056e-23
8.987015891960810550e-23
-5.055932312244627643e-23
-6.264857866803407093e-23
-4.430448048131465567e-23
5.539065562083411258e-23
9.440053563207493322e-23
-8.602162429966389000e-23
-7.329548758050125433e-23
2.467468186961461645e-22
-7.720545865187440109e-23
5.692519367529094824e-23
1.514597818540668699e-22
-6.273129986653333981e-23
-1.385634931708359566e-22
9.568194412622059115e-23
-2.401888148736820347e-22
1.708591984431145525e-22
-2.220291923786439193e-22
1.025323859557045222e-22
-2.098488409824112802e-22
-1.060222604059647052e-22
1.647118175967683256e-22
1.932034366039781561e-22
8.809171297452260341e-23
-6.125899147412452903e-23
-5.654597406452475862e-23
-7.447057923520892407e-23
1.262678222334102550e-23
4.610906098700187192e-23
-1.700253530655853751e-22
-8.240567710450023833e-23
1.935776102145795386e-22
8.243427388518921510e-23
8.686215117007125773e-23
1.437971798313318127e-22
2.207063744966662498e-23
2.959636673425099993e-23
-1.901524221972757780e-23
1.325452372400231191e-22
1.025501340670861831e-22
-1.207305992900183473e-22
-2.167001254103634846e-22
-8.137637475539313274e-23
-1.251613131510485283e-22
-2.149259056507576378e-22
1.117177643559130353e-23
-1.258864015777228337e-22
2.016428813367570234e-22
5.109344966477764226e-23
-2.670166571181525465e-24
-1.341205537186270985e-22
8.584175829896642664e-23
-1.163155192227108367e-23
-5.604363636753303766e-23
3.026363572928644622e-22
2.902824004084784464e-23
-1.351177543258485952e-22
-2.293412532347002743e-22
1.143199974299974076e-22
3.506972402767941916e-23
-9.110863927290111101e-24
5.508799380380733462e-23
5.943445602657177772e-23
-3.105141420615337532e-23
2.729265831274127320e-22
-2.466253647823009186e-22
-2.694355480775963582e-24
1.778594030560738332e-22
1.581187110906750342e-22
1.617902664071426159e-22
-6.640361942872121900e-23
-6.122048495428552608e-24
-4.125103153892873308e-23
1.562008549158453150e-23
2.001098704223892795e-23
9.448211064532362573e-24
1.008752087428272444e-22
-1.420886843094798671e-23
6.511925757037369075e-24
-1.010756544271498633e-22
-1.397998573815545592e-22
-7.486182943719628958e-23
-3.252226014468170623e-22
-1.181927612170241819e-22
-1.055142977052270666e-22
-2.956471623706604784e-23
-1.811690290971931726e-22
3.328610252453249924e-23
5.341579888945441342e-23
-2.682796102468756432e-23
-1.581523103045462143e-22
1.426509879246731062e-22
2.349759322873477668e-22
-9.248753937923331471e-23
-2.942860041073438979e-25
1.633502627553272273e-22
5.867005755457690495e-23
5.657734766047260991e-23
-4.234735641621570437e-23
4.271950433492662772e-23
3.863407863495495674e-23
8.516510100183619489e-23
7.616853307954787226e-23
7.299588361316007514e-23
1.524288039447462273e-22
-3.513254115159772791e-23
1.279470813079230898e-22
-3.679742208267125616e-23
-1.441342978945986674e-22
-8.967727013059919960e-23
9.775909945275705871e-23
2.001818297423779559e-22
-2.865312730979264133e-23
7.758979900116728860e-23
3.144706178462231346e-23
4.640653060906870797e-23
-1.547708858654907853e-22
4.929314713008469214e-23
-3.645993212791855964e-23
-1.652393811451192573e-22
-1.821709041815476251e-22
-2.051266392660127796e-22
-3.104062554347916932e-22
1.806984772037275362e-22
-7.430215793194338152e-23
-2.031303543369667871e-22
-4.264178082650962844e-23
1.276454319060565486e-22
1.212803696183588507e-22
1.398166772325426352e-22
-8.855834412364400081e-25
-8.097440081506068914e-24
2.317111630672645009e-22
-1.116506938536049016e-22
-1.426453124743779556e-23
-1.024749127354358977e-22
1.484338606393964372e-22
7.147651133378461192e-23
-7.250845406856428088e-23
1.683854405549342251e-22
-1.095195502094816918e-22
1.078538696699311153e-22
-1.687654888737161126e-22
1.134960658415437828e-22
-4.337949386434604600e-23
1.883724340348092326e-22
1.109840995218019435e-22
-6.255937504583279308e-23
-3.221750646517848386e-23
7.233577940053897023e-23
2.487532419589925726e-22
-1.363006064293949600e-22
-1.978198197167592728e-22
-2.918307490663638396e-23
-1.050295494009662792e-22
-1.005020991477659446e-22
-1.545467554691982731e-22
1.059728525812774323e-22
3.858718376857306285e-23
5.086450344152678883e-23
9.135497853176414802e-23
1.566106407536486600e-22
-2.610231597486012200e-22
9.884957229257592143e-23
-8.448457873309764713e-23
-4.310593904119886346e-23
-8.231051984155303637e-23
1.101148549798436121e-22
2.215060084815303209e-22
-1.562747690590907973e-22
-2.099620957424221629e-23
1.882566260283304604e-23
-1.154264840942102980e-22
-3.272567597415679616e-22
-1.104276053695185333e-23
-2.214751708708380276e-22
-1.935833686686682962e-22
5.220470854187678926e-23
1.087905665784380222e-22
1.474139263318258378e-22
1.946215856915594384e-22
2.323088750747692566e-22
1.696979771037291945e-22
-8.125806311122815049e-23
1.962275511113682235e-22
1.133664697419170335e-23
-1.769022111737467156e-23
-2.091443477243847710e-23
4.736483722629196596e-23
5.413343769049385025e-23
1.839706692481112422e-22
4.181709196698502907e-23
4.087695245448671359e-23
-4.036797834457321262e-23
-6.291100405062321859e-23
-2.790928659117282760e-23
-2.104156839811740797e-22
-1.097502062898449626e-22
-8.456679324285143642e-23
-1.098369710491351075e-22
5.770653993151860177e-25
1.122301676510827183e-22
-8.367904481071592481e-23
7.726542089716128869e-23
9.281564828530738347e-23
1.234864062050463902e-22
-1.399682672625639820e-22
5.635573427529489045e-23
-2.899584022011550566e-22
-2.533200024623734577e-23
5.806834680676091783e-23
1.760849948231611256e-22
-1.071533065197380182e-22
-2.067890918462775808e-22
1.193796190372115759e-22
-1.037600264912553377e-22
1.038357739504460301e-22
-2.760485459047827247e-24
6.218929114833698366e-23
-5.969197056431224046e-23
7.224574240475806789e-23
-6.635392516141299581e-23
1.459039826627488137e-22
1.724417762617845896e-23
1.724278575445685299e-22
-1.111285380229629206e-23
-7.756407784307967734e-23
-1.560291780080262888e-22
-2.862151635482918414e-22
4.271648945658423286e-22
-1.366144145366906112e-22
1.858468196363520803e-23
1.461765711758823881e-22
-1.543006462119698555e-23
2.016578192653511460e-22
-5.614675005568899293e-23
-1.033302440899696923e-22
8.447756897965106257e-23
-1.114507815057399728e-22
1.951807057144594463e-23
-2.140859448901453649e-22
-1.201667232004622731e-22
-2.179673719185811686e-22
-1.359712547145742181e-22
1.586282269538674020e-22
8.947334866958873724e-23
1.834686774747300484e-22
-1.491874375888779099e-23
-1.486716177366768068e-23
-3.409566295709046688e-23
-1.972893988700318962e-22
-8.362006347633337905e-24
2.143451282435338390e-22
2.516271803780878294e-23
1.013580872713713024e-22
-1.111296870755581755e-23
-7.443322739948630170e-23
1.165072019136883881e-22
-1.781561892611174356e-23
1.181873341716691192e-22
1.926401014995676882e-22
9.169213885530332339e-23
-4.576170603389996636e-23
9.927759840872194084e-23
-5.222113560483621892e-23
-1.304064918459821153e-22
-1.199468313706792477e-22
1.334445639138290473e-22
2.922188297192031396e-22
8.635114462730766821e-23
-2.112665948191629383e-23
-1.244232018058007499e-22
-4.062887719601260873e-23
1.902557966662391167e-23
-1.218802074093197444e-22
-1.211363567670824933e-22
-1.255898674266555337e-22
-2.441524500036251242e-22
-1.345107334003532227e-22
1.079144910164234677e-22
-1.374926974666841198e-22
-5.219259102031561466e-23
-2.255766747387503582e-22
-7.846256433850918551e-23
1.229833361945695515e-22
2.550945284789636525e-22
-9.644181001042643413e-23
3.500800051062305415e-22
-9.708604434177810877e-24
-1.523893844750808933e-23
-1.957576058199204225e-22
1.534661398661415472e-22
-1.135374755667601409e-22
-1.764953083755980758e-22
2.848685600721316778e-22
-1.075756306873231743e-22
-1.412303975656365298e-22
3.995778573669235096e-23
1.515976935994447535e-22
-5.008271588460353713e-23
8.414877858931892211e-23
5.516158663348437269e-23
5.293983390751486283e-23
1.844239812086115744e-22
1.318219229104618394e-23
2.122237707045494056e-22
5.553388720585252792e-24
-1.502972479976163895e-22
3.509660313572606415e-23
-5.922966025750804757e-23
-7.192441746402437291e-23
3.104113407639848866e-22
-6.943270700236820823e-23
-9.472906268870106117e-23
1.595780037623016363e-22
-4.226547450081694464e-24
-7.267031013184847859e-23
-2.292472453220868993e-22
-6.407511575819416204e-23
-1.289335509780421054e-22
-1.287401335982666207e-23
-7.225554898507135025e-23
-2.409952396414709962e-22
7.168041282966474598e-23
3.474591460208975858e-22
-2.563379039393230639e-22
1.638817788083944568e-23
5.729505608352941535e-23
-6.028174792759062833e-23
1.920728383939801316e-22
-1.399578746383657212e-22
7.356734895111182663e-23
-2.170033760489807230e-22
-7.600418818505257400e-23
2.423760830964306110e-22
-2.280274173434529271e-22
2.242141028865839865e-23
3.202750817287732340e-22
5.001445490305179302e-23
-1.056496262643006530e-22
2.584883908305968771e-22
-2.170970742181361524e-22
1.665473507829528806e-23
-8.742718255492018306e-23
1.052438979358328734e-22
1.723907436901066257e-23
-1.960403917226935082e-23
7.637790156334134779e-23
-2.286322690375466869e-23
-5.475223366198741565e-23
6.927239814151509719e-23
3.169200378418967127e-24
-1.576998788804704263e-22
2.477380656594957567e-22
1.419927694889582995e-22
-1.140389446597093119e-23
-4.479293458648306109e-23
-1.030284479650818563e-22
-1.664789143716065863e-22
3.027377942092380449e-23
-2.475648625097315678e-23
-3.682016004618979986e-23
2.073668267879895756e-22
-5.904428883850279612e-23
1.496389188078084659e-24
-2.797825705111611614e-23
1.942192095134780966e-22
2.440149138884417541e-23
-1.031087803429152078e-22
-2.138977168076646538e-23
-5.847448911101166449e-23
1.611738129069369536e-22
-1.458300409526934880e-22
7.849825524363620250e-23
3.352407371794187848e-23
-1.378502640322244076e-22
1.920528728346069875e-23
-9.583823498245151832e-23
-8.623696205165618448e-23
2.155990355727647534e-24
-9.231309721874990751e-23
1.301890815096096614e-23
-7.310945292563509670e-23
-2.942369664484544351e-22
-1.441982790879967563e-22
1.328911500906072001e-22
-1.405560082710959572e-22
-1.517366828334585062e-22
-1.142027952435042527e-22
2.944787456111840379e-22
3.729250591297258379e-23
-1.353630091733273723e-22
2.121752067122455918e-23
8.643092309176770709e-23
1.563611022358537579e-22
6.123322598185124571e-23
2.081930859502057280e-22
1.461676428133129520e-22
-4.479111166071191138e-23
1.864783986505337455e-22
1.594774081676586226e-22
1.616963206405609126e-22
1.768563384941264555e-22
1.399094109070705183e-23
1.115717918506255991e-22
-3.573821487047322726e-23
1.707688222867759395e-22
7.516743165022936567e-23
-2.913193069646382236e-22
3.617668922450662463e-23
-1.168282368719469614e-22
-5.505879143433172560e-23
-5.342960232551558117e-23
5.010375033661347339e-24
6.213330591259283980e-23
-3.236460257238441982e-23
-2.525362447946860072e-23
2.045500060598462858e-22
-1.304069132846921655e-22
-7.630295516933092474e-23
-4.320799808607301336e-22
-9.252243323200413066e-24
5.262987418308482238e-23
7.749172865512479269e-23
-2.046556458772595696e-22
-8.031168658870812822e-23
1.592643310312136236e-23
-4.768883341298415397e-23
-8.291096821799056236e-23
-2.554217154975876176e-22
1.029482187966127918e-22
-2.269422707797146734e-22
1.187002336374637886e-23
-1.689861115963522190e-23
1.072497257877376882e-22
-2.364315155464096290e-22
-4.614832805578956645e-23
-9.115400234607690820e-23
1.224153656282453534e-22
7.083923392927209385e-23
4.981840034000128863e-23
1.965024884659831365e-22
-6.848484388045166321e-23
8.096213466370636468e-23
1.026994902551085743e-22
2.323010756534360183e-24
2.798691112525162903e-22
1.085575485533797013e-22
6.270783456359110654e-23
2.953416807811931292e-22
-1.065806354808722863e-22
-1.209947232104878262e-22
-5.703685456886740582e-23
8.327615468966103891e-23
-1.787671291245627074e-22
-4.403519430303188212e-23
-6.911722629286239246e-23
3.399644357010310518e-23
6.864814284822852327e-23
1.506236898417010375e-22
2.545113862460270863e-22
-4.436279833788232995e-23
6.166563891928910958e-23
-7.769520379861158716e-23
1.896908431914094495e-22
1.330764186271423054e-22
6.179145448331332236e-23
2.394257476706825643e-22
-3.142067072769774905e-23
-1.734511556787831292e-23
-2.331069365026347797e-22
3.450792015973116582e-23
-6.935369880258880999e-23
-1.827922590891644435e-22
-2.094534011689767390e-22
6.185961289087552410e-23
-1.607696150942946180e-22
-1.901234458322560680e-22
-8.980330249722640222e-23
-2.062734699065923492e-22
6.438226893014589001e-23
-1.761679768493354548e-22
5.630870332816631843e-23
-7.893826594214089441e-23
-6.348782389703710069e-23
-1.151427914682850611e-22
1.024080042762971676e-22
-1.151346280952952011e-22
7.805449729704842593e-23
1.945555208819352383e-22
2.812610150223720761e-24
1.745251487341213964e-22
5.234276772247982994e-23
-1.185406604336794882e-22
5.215647623244257952e-23
-3.165709285371624326e-22
-9.219387091006131709e-24
-1.224709080118245274e-22
2.503685207449150604e-23
2.795452640045419635e-22
-1.528238094109933977e-22
1.330868023757375565e-22
1.133201333947943058e-22
1.645267805343063106e-22
1.169897904519878710e-22
1.416859744305683134e-22
9.712179290622431276e-23
-1.395193759257431762e-22
2.244044177134575006e-22
-4.491601301726676012e-23
2.306901182269621958e-22
-9.117090177517035898e-23
-1.099536891530541975e-24
9.112338107470951771e-23
-2.009761436494553440e-24
-1.092422865161206282e-22
1.189567908134214508e-23
-2.018490234228943809e-22
2.033167802560438668e-22
-1.004755051536943018e-22
-1.552687071577690259e-22
1.582405094521159300e-22
-2.008284056230055151e-22
-8.104910852059654050e-23
-5.664731285902248234e-23
-3.362735986811794671e-23
-5.951907127055607682e-25
-1.772621078909398988e-22
8.545180048299861111e-23
-2.038863501147115276e-22
-2.313039037182192636e-23
1.538804123044257707e-22
4.948455325244344740e-24
1.934512508805759928e-22
1.238274756004083529e-23
-5.171402491552751621e-23
-9.552752765252399081e-23
-4.981440199005532121e-23
-3.388846478532480673e-23
-1.210926284253845962e-22
1.038862178923182464e-22
-4.468357018034290832e-23
4.747556056444691055e-24
7.361305066580254773e-23
-9.444385312242781050e-24
7.958894632188514307e-23
2.786303556429901995e-22
-2.310656435654792093e-23
-2.577258768530186397e-23
-1.239572071038598108e-22
2.888715614950361666e-22
-7.889366272828691767e-23
2.182993291714629938e-22
-9.616616385780096762e-23
-5.105186920056323466e-23
-3.997360775200683511e-23
1.191626046509936808e-23
2.523542056450546062e-22
1.837267873395136519e-22
-7.944087746315314022e-23
-3.724479205842359762e-22
-1.648383360210076478e-22
1.110135933882218507e-22
-3.722641627928209654e-22
1.805289333458035540e-22
-9.163604400190637689e-23
2.203190002420355995e-22
-9.225504158450141891e-23
1.263987217266646472e-22
-2.122212245300891777e-22
1.020908899968535326e-22
-1.407723081741548923e-22
-1.427947708083533285e-23
2.694335453248000655e-23
-1.456228869536027449e-22
-6.192257159850469024e-23
4.516463087273542186e-24
1.314077883086574734e-23
-7.432407708963032967e-23
1.569687131163753414e-23
-1.432977042466638087e-22
1.169962810879818341e-22
-6.508322814151808524e-24
-4.589642780547695586e-23
1.770234481713993538e-22
-1.640333900472449337e-22
1.515500584266926428e-22
-6.310103389659124094e-23
1.997969328104813979e-22
-2.002903243296619387e-22
-1.260731210501749409e-22
1.756518928691317953e-22
1.238703847957726677e-22
1.387944288919687831e-22
2.231784746652511240e-22
-2.247760596861154567e-22
1.340873340242916985e-22
-1.009393844962264496e-22
8.926372477669850944e-23
6.182043093391347621e-23
2.254479400590371130e-22
9.448324854772160089e-23
-6.139626960138185301e-23
1.649275502525200947e-23
5.881160699942917705e-23
1.524984392168298069e-22
-1.300103776985098620e-22
-6.357069884658665587e-23
1.585507731830926512e-22
-6.330996814716495539e-23
8.703511912665545274e-24
1.842220731752027579e-22
-1.673709012951683642e-22
-3.470217422416156878e-23
-1.085948594775524541e-22
-1.084425073599700664e-22
-1.618849125147155625e-22
1.690875776451303799e-22
-5.468017783763850120e-23
-5.225279551204429086e-23
-1.413140853658864690e-22
6.281310524710870080e-23
3.964783655725922724e-23
1.535655285778928611e-24
-2.266125069466128787e-22
-2.245055377146056609e-22
-1.909348106897495030e-22
-1.045742655172268686e-22
8.119622525791527226e-23
-1.513585092501999797e-22
1.078606997122099619e-22
-1.088399141944651950e-22
5.861860834867399769e-23
-1.195498016240688928e-22
1.243381952814703466e-22
4.516042546643338892e-24
-1.651850380169592946e-22
-1.016261481125029186e-22
2.008183809439749952e-22
-6.710006350232889417e-23
1.437141172211118389e-23
6.052305577158785246e-24
3.643103944281517813e-23
4.270633547120746489e-23
6.067465004532304509e-23
2.923482899530632247e-22
4.288765731486824201e-22
7.450435450678165979e-23
-1.970355638218088874e-22
1.650945641592519836e-22
3.963157890806505858e-24
2.179824647989738140e-23
2.342348711437319020e-23
1.413584399652555122e-22
4.091038721681566319e-23
-6.926920613158866933e-23
-4.722768400329604285e-24
1.455681584502539983e-23
1.489093829579707744e-22
1.622980357725345318e-22
8.223006109927804452e-23
-1.185156508470107282e-22
1.062070432315589365e-22
-2.614333112971736478e-23
-1.596970791383401199e-22
-1.838175160706811625e-23
-2.353832069706437831e-22
6.453022009605881916e-23
-4.436391816054852921e-24
-2.097652289957455048e-22
6.680173593129931380e-23
-1.149877198018215555e-22
-9.937680701628380015e-23
-1.586484038051406718e-22
-6.028985845149754365e-24
5.495356307425055949e-23
-1.350426991077540121e-22
-2.778976731997244425e-23
1.811022340426829254e-22
-7.140442879516090781e-23
8.693151139715452510e-24
-1.313290718557176788e-22
-9.355114435459464527e-23
-8.534576339847606382e-23
-6.768817012729850541e-23
2.110010346005261037e-22
-1.641869699348959158e-22
1.675904914413835665e-22
1.168066907878488939e-23
1.450288381310586416e-22
-4.412262986290858531e-23
-1.149919708705166081e-22
-6.927229795647558287e-23
3.210632872758249646e-22
-1.908430028383216373e-22
6.151189057630242881e-23
1.770719580974765145e-22
-1.669378304798444093e-22
9.816840799823394074e-23
4.277046722140894493e-23
7.856099697010724371e-23
6.821129233407645122e-23
-6.103756222906312232e-23
-9.759197207783961155e-23
2.971676095079427016e-23
-2.594682983520202278e-22
5.260180165188297066e-23
7.580695367532110248e-23
-2.076115988923563471e-22
2.013982679129081070e-22
-4.756933994603021293e-23
2.971612039460666541e-22
-2.954723072287718470e-22
2.015649048679453646e-23
-6.783844825907104365e-23
-7.079026439575296323e-23
1.187636078702240405e-22
5.723206257938326498e-23
-3.644414833290952853e-23
2.902375111105299664e-22
8.755434311772440709e-24
3.346043615139211223e-22
-1.496004823577480640e-22
8.126800689710821688e-23
9.332015316145454783e-23
-1.301090806431017210e-22
-1.055311621482241066e-22
-1.622848648011137491e-23
2.947049161860339460e-23
5.372419129146090932e-23
-1.495859288645359087e-22
1.607206871605105312e-22
-4.039142655946767482e-22
1.996966615531756804e-22
2.117985488735792140e-22
-1.184623166346840792e-22
6.505352879840849333e-23
-1.966989874661443277e-22
-2.177152489862891782e-23
-9.800807035355652335e-23
-5.213490457928213972e-23
1.285706094132162362e-22
5.430018326837323288e-23
-4.341974230387088950e-23
-1.307072947724180829e-22
-2.968787814424018410e-23
-7.217901176512490750e-23
1.713248512554577769e-22
-5.969855725233089044e-23
-7.171691858376391798e-23
1.026966596487706215e-22
-9.446957560873153854e-23
2.575833409406353539e-23
7.868291909228686094e-23
-8.843991299406759861e-23
-5.390221916811347521e-23
2.928304669071718508e-23
4.189573555000513802e-23
-8.710820467154176257e-24
-1.373612325972451406e-22
-1.083880419225520114e-22
9.350994866737202467e-23
-3.946466071867428592e-22
3.432913661056484860e-22
-3.035557443690454157e-22
2.702844460805717142e-22
-2.660224752165677913e-23
2.428122130358238241e-23
-4.937347848405267227e-23
-4.874515177290257475e-23
1.593594948562900720e-22
-7.050458379118716054e-24
3.486199790318760514e-22
7.346952171923565254e-23
1.763638495707777563e-22
-1.418234103714538248e-22
9.896452975151149041e-23
-2.293793901101716711e-23
-1.916718704843081352e-22
1.096760959162387414e-22
1.996027485939458391e-22
1.332939942566604634e-23
7.822728653547688962e-23
-3.219728632613439805e-23
1.489793325801136882e-22
-2.197568162760580526e-22
-3.185706249161929778e-22
-1.058500613442141376e-22
1.273449883460358393e-22
-1.385920859091891507e-22
5.379571757949530218e-23
5.292388983324273764e-23
1.533506189722959567e-22
6.445069724736534219e-23
-2.906469718610345160e-22
5.173877473223053908e-23
-1.602297917069910282e-22
6.181635923897998613e-23
-1.691908928280587985e-22
-1.186477084496631767e-22
9.549878263990999126e-23
1.245369723626582520e-22
-6.466079420019713729e-23
-1.126597234772948516e-22
2.671228178342954233e-22
-2.132284578559454816e-22
2.648661032535971783e-22
7.474459116175436215e-23
8.057108481160603237e-23
1.180137064386023416e-23
-1.358942638823105204e-22
1.699791951860335577e-22
-1.886173602150460718e-22
1.835328959946085739e-22
5.202669835045435285e-23
-1.716110327558314884e-23
7.378270795628378317e-23
-1.041065799210348803e-22
1.367394631237044148e-22
-2.770612380567412921e-23
-1.381173128447266472e-22
-2.704916323012944837e-23
-1.683941994127865231e-22
5.831198439790639838e-23
-9.338663031595063074e-23
-1.706751515599885542e-22
1.083601925814412926e-23
-8.557622378673764116e-24
1.602119229494842229e-22
-4.181729582055306340e-23
-4.498106809399517419e-23
-5.800972255720276508e-23
1.514256849138113211e-22
-7.186451906385035608e-23
6.667943392739259540e-24
-2.089717572795829242e-23
8.708241242133207958e-23
7.104696803867030365e-23
-4.253058749566657857e-23
1.934774186107890862e-23
-1.228743967505014052e-22
-3.909887713613881528e-23
1.480247045907469328e-22
-6.230565552129914760e-23
3.903129879251896251e-24
-1.775645177805834753e-22
7.304669436172619516e-23
3.153114539622895242e-23
5.225481081319386624e-23
4.073517538464595069e-23
9.499979122853391185e-23
-3.505626708484233725e-23
-8.283792049192719198e-23
-1.200049445747260107e-23
1.145086159710394019e-22
5.019736031589936729e-23
1.838418510698475870e-23
-1.652208045045974735e-23
-9.276320625702548267e-23
-1.925386941653372389e-23
-2.929096721007957158e-23
-2.439940856002290219e-23
-5.175480063925479883e-23
7.488077637834034826e-23
7.622416843167966995e-23
-1.709268275144501320e-23
1.320384872538375334e-24
2.251280677291543436e-22
-1.027552051379174296e-23
-1.400802868359119728e-22
4.893541737366205310e-22
-4.626801245329963323e-23
5.355845584396764765e-24
2.242117442667746431e-23
1.393162851418098886e-23
-1.906412628282537107e-22
-1.251140668658149729e-23
-1.374953805672324950e-22
-2.252735798458706600e-22
5.433544718386056114e-23
-4.435211487306717351e-23
9.297399497926729451e-23
-6.203955171248129435e-23
5.057221072239444804e-23
-1.987420932519949682e-23
-5.012137288359656542e-23
1.510616769011038421e-22
-1.054304875069337823e-22
1.104840135594542749e-22
1.172703462122353397e-22
-1.149128577500306947e-22
-2.149245618326024460e-22
9.692814616197111433e-23
3.173129865486440920e-23
-1.282648730474766268e-22
-1.659515185644175975e-22
-5.095699826876053963e-25
-1.415463528510558766e-23
-7.195990097931760402e-23
1.062581733977785527e-22
-2.415346143396018923e-22
5.487833264944732591e-23
-8.022805329089345722e-23
4.455833251434179143e-23
-9.054183889456192981e-23
-1.361031045290893506e-22
-1.317208589018636675e-22
-4.798337667035601491e-23
4.562123347468741693e-23
1.493362076968323135e-22
-2.005914824217468512e-23
9.492878364680716911e-23
3.341088173689293882e-22
1.530350474299216862e-22
1.085525144212861097e-22
2.690382846064381942e-22
1.893682195203569582e-22
-1.318808529436487870e-22
1.476787883064860423e-22
1.045981951096953726e-22
-1.053881901149296527e-22
3.827353109895476946e-23
6.967902024088580060e-24
2.364545512061764286e-23
-5.912415471821837456e-23
-2.380403658287459164e-23
-5.290449929985338031e-23
1.149399757703778142e-22
-1.441465948758639594e-22
-6.502480884552847048e-23
-6.208240353307612385e-23
-1.287784850927443587e-22
5.542097471010250560e-23
2.247618423087680491e-23
2.539364683700432452e-23
-2.557510305003033597e-22
-5.769625711853773117e-23
4.744577270885341435e-23
-3.406241718778509332e-23
7.251070275761055693e-23
-9.866293641851410817e-24
1.233470794126664154e-22
7.098946078898533067e-24
-2.157128578201585567e-22
6.018278791606281405e-23
-1.398502072100659517e-22
1.122120805113740716e-22
1.603381150329391524e-23
-3.939786035770891230e-25
-8.570633250931288585e-23
2.636466004051236699e-22
-2.362007609798827428e-22
-1.653129398129787637e-22
2.812299402557650341e-23
-1.190250848690267459e-22
-9.722029524345970570e-23
4.415889404228759234e-23
-2.521510948468194151e-23
5.160099392013959356e-23
-1.266924549469168003e-22
6.481847663406559165e-23
1.807599591026897733e-22
-1.428494278383493884e-22
-1.807702473354607337e-22
3.422565804240070869e-22
-1.531610065742396829e-22
1.723058894896480615e-22
1.874625696636529826e-22
-2.009900597281511415e-22
9.691181789116512532e-23
3.055707083580950691e-22
-4.408776019698917301e-23
5.187259778562027954e-24
5.243263487372429344e-23
-3.208750043102186099e-23
6.693871058205966139e-23
-8.361882726994744623e-23
-1.033817946651896527e-22
-1.500056545178479011e-23
-2.035266994042651337e-22
2.977068736093130058e-23
2.820699884507493587e-22
-1.419401102300180109e-23
3.252383426893083858e-23
-2.051802383159273866e-24
1.982066033906058924e-23
4.208694181276791897e-23
1.514909004902743943e-22
1.786389820806830828e-22
2.662072656066511124e-22
-1.109241661195946101e-22
-1.374743760637072782e-22
-1.202068069466180681e-22
-1.076083116184200237e-22
-1.115257269732843234e-23
-1.446841861978129066e-22
-1.080476991132763371e-22
-9.642735786959358690e-23
-7.246657581004213137e-23
-1.102629742565993852e-22
-4.079647996328691457e-23
6.784297123609433911e-23
9.141826237531627459e-23
-1.810083469536712081e-22
1.152825590029288125e-22
1.442473252852337399e-22
-8.250069384517889997e-23
1.538092205805672949e-22
-1.236371223802175940e-22
-9.716919277786853318e-23
-1.590936608946904536e-22
-2.535766020883757864e-23
1.561705506010302664e-22
4.804501087060108637e-23
-1.464079412071068519e-22
-7.299133289815807274e-23
9.813148181721659922e-24
5.617585828640931510e-23
6.184431525337077072e-23
-7.304050653003415448e-23
1.190391458703670113e-22
-3.726263736095909244e-23
-3.847448410868480832e-24
-1.233917590740720987e-23
7.179464593073907653e-23
-7.872534189591106992e-24
1.022997913055186862e-23
1.611597830389545988e-22
-3.110521101904326937e-24
9.867947108300281280e-23
-1.536592415478038794e-22
2.436126554282056198e-22
1.168903940434701107e-22
9.215330010070921337e-23
6.390262054004044050e-23
-1.398900036305758936e-23
-1.389544815996971916e-22
-4.865912670212108088e-23
-9.982258310625128219e-23
1.606596679119031055e-22
-2.234942230142045905e-22
5.915876268751004273e-23
-7.519987159354170531e-23
6.485754819242442091e-23
-1.592510213213718431e-22
5.215340579417028211e-23
-1.777432434769274246e-23
-1.015674681987156158e-22
-4.405475145933879184e-23
-2.459795671440639548e-23
-8.223599652280855400e-24
5.229834754524301200e-23
-3.157625143905874781e-25
2.117062454179055509e-22
-1.358248764199774461e-22
4.450466286372020278e-23
9.323150354406121174e-23
-8.294491660602798309e-23
1.771870391279263071e-24
1.593814250842985713e-22
-1.183427977005500359e-23
-3.062845478254717764e-22
2.306871835899313443e-22
-4.106034602318794276e-23
1.786219649668007364e-22
-3.235071190604251025e-23
1.712848957270474348e-22
-8.980111702567740248e-23
7.016718782541640685e-23
-3.150261357733758163e-22
-3.564910020463079898e-23
4.629773369539769883e-23
-9.689806449867855147e-23
-5.913764106994530448e-23
7.368827075270411502e-23
-1.699172832237552688e-22
-2.714753702551630009e-23
5.517894878138393952e-24
-1.203570011788347336e-22
4.248643872187900682e-23
-2.335451548284374276e-22
1.448659211740226384e-23
1.016331632286257843e-23
-7.888401156107607293e-24
6.045168546058875610e-23
8.272095773942958973e-23
-5.555414913989885462e-23
3.360209140718721102e-22
-1.626141522749486833e-22
2.768080366527557060e-24
-5.446703003107324419e-24
2.376452791907281194e-22
-7.576374935579305653e-23
1.307972404718546900e-22
3.041335854162186093e-23
1.557185047116128478e-22
1.505098148445483489e-22
7.499428660798155178e-23
1.678140131958616643e-22
5.844344654829205618e-23
-1.011866415158939557e-22
-1.762862539137869759e-22
-6.193270955254747943e-23
-1.628629075576326167e-22
2.726898654796170492e-22
-1.956107923026345053e-22
1.318552308076722563e-23
1.062289817671584097e-22
7.520755463120971187e-23
6.865235658158049899e-23
-1.707364507994563884e-22
-5.851138319058416524e-23
8.530246628133453666e-23
-1.646341360703267112e-22
-2.007414200281961278e-23
-1.056134235257351420e-22
-2.788841478738510869e-22
9.649897660309759560e-23
-1.846277125285456082e-22
-5.885975368754265944e-23
-2.578210629385424058e-22
2.449826585995082884e-22
1.111772528214456097e-22
-5.405911147572892138e-23
-2.902801863647702837e-23
1.453890852980000944e-22
-1.504164741503610781e-22
2.380720222074118224e-22
-8.853171468225678998e-23
8.570594143776629901e-23
2.979627068737725027e-22
-1.419124833326266682e-22
-1.710174044384884474e-22
5.774421626053542311e-23
-1.194596241819958348e-22
8.779503591281169864e-23
-4.300470085746035065e-22
1.851438565134096818e-22
1.082875328422045528e-22
-5.151242420670267469e-23
2.020008304798458629e-22
-1.005297631687737306e-22
-3.243234180239152614e-23
-4.497332418831259074e-23
1.020861172233564758e-22
-1.380357891482643930e-23
1.561704251194074766e-22
1.483556960763112515e-22
-8.221647627756110249e-23
5.894929366330988798e-23
-4.601791533590921299e-23
-7.403545350139875074e-23
5.924531440811152460e-23
-2.023298432936326327e-23
1.733325634991838493e-22
-3.432534278498184522e-23
-6.040243991052759343e-23
8.157706874533934461e-23
2.501061678251533025e-23
2.090815329188124146e-22
-4.707148661449178781e-23
-1.464584774251642380e-23
1.329133858309377062e-22
-2.202118835424618986e-23
-1.086494553485995026e-22
-9.586778609186420310e-23
-1.938951538468603658e-22
1.907156163838727667e-22
-6.018747845970648996e-23
1.492446361213248004e-22
-1.775488429211813386e-22
-4.598871984460954703e-23
1.545559261534225457e-22
-1.101314624691206366e-22
-1.047379670519874884e-23
-6.121578921470393544e-23
-1.012016268765584910e-22
1.329101956136352028e-22
-1.726676563744266250e-23
-6.328974127557077970e-24
-8.645376767395442418e-23
-1.332470248147986890e-22
2.317780612467545509e-23
-1.020263431110319021e-22
3.833558038050545795e-23
-9.901089934213389857e-23
-5.053207150509378353e-23
1.417007099568228754e-23
-2.660958390182445918e-22
1.238343652027612679e-22
-9.093239435674147294e-23
-2.477929691179104231e-22
6.856114213496779057e-23
1.965580316996565385e-23
1.140089282589557896e-22
1.728930193941269363e-22
-3.711887662387002092e-23
2.308224972240487480e-22
1.379005708839160362e-22
-1.370592391199533241e-22
5.312504573214472716e-23
9.006261320881323417e-23
4.974482465211059929e-23
-4.090626668205462523e-23
3.646037902885878770e-22
-2.824818633115132003e-22
1.157682714713323991e-22
-7.209007639673647918e-23
2.646669121508346765e-22
-3.789441628895361122e-23
-9.670136292762568664e-23
-4.284815701129269837e-23
-3.168664150218866488e-25
1.938266193577785426e-22
-1.199705186347614114e-22
1.670986662000571464e-22
-5.264632287263002135e-23
-1.654537567688377466e-22
-4.495038402094337856e-23
-9.852604671899246734e-23
3.657141766677445403e-23
4.508916033697528117e-23
-6.318516569651355542e-24
8.079598295812982445e-23
-6.589984356443657537e-23
1.373607060340148994e-22
-2.912524621165817480e-24
-7.649522424081905474e-23
9.279983389585311500e-23
-7.746522203767352859e-23
1.024178970750478302e-22
-2.034506007909954297e-23
2.456959627601972110e-23
-2.185111838785310611e-22
-1.927452047112095351e-23
-1.361328175762756162e-22
2.540082354362530968e-23
2.252001269618452256e-22
6.124627385167038208e-24
-1.680613582118144053e-22
-3.992294656191557025e-22
1.453786579151906395e-22
-7.762297951288320511e-23
6.268793765579170511e-23
-1.729287943635128181e-22
3.542168944778503082e-23
-2.853199513144382052e-23
2.064052703610876605e-22
4.062106690029417235e-23
-7.049068264738218916e-23
1.332809671562119763e-22
-1.272832362195679691e-22
2.071825599023939890e-22
-1.629191262858665035e-22
-1.021334186330766560e-22
1.012314731333842280e-22
7.886222669002541885e-23
-1.164477044601100193e-22
-1.185208101546098548e-23
1.853351987720639007e-22
-1.145526480729606197e-22
3.861146689663889608e-23
-9.093043920144465270e-23
2.696800360068580281e-23
1.622626788358287184e-22
-2.128054212316996243e-22
1.475199110846136992e-22
8.312856196544971088e-23
3.639436776391765441e-23
-1.633040801393103496e-22
2.356301552406049712e-22
-1.534927252641260095e-22
6.691525814213082374e-23
9.094129805720222570e-23
1.577559476821013991e-24
6.008871790393578156e-23
-3.054384030220345489e-23
2.170268405292591946e-22
-6.011728057616158693e-23
-2.751513364712266958e-23
5.292979873705707242e-23
-1.228276079890833586e-22
5.988320448629533061e-23
-1.507853788493906055e-22
-4.906205067734914725e-25
-6.371693410825997550e-23
-7.246643736162370084e-24
9.675362150086927655e-24
-3.421869016088891912e-23
-8.739956494210590670e-23
3.948060412885044151e-23
1.487440063283588999e-22
1.025205948040940827e-23
1.172574996339323750e-22
2.898930706369139944e-23
-8.430010246826329274e-23
-1.095109822007776575e-22
2.569549613048224566e-23
2.050149371800259399e-22
-1.451111485476982308e-22
1.151022377504894921e-23
-6.382786581930334682e-23
-1.474731017446683801e-22
4.478690040513733456e-23
4.424608854192425359e-23
3.439977504098077192e-23
-4.960699275365807324e-23
-1.014077732726858291e-22
-4.866233835060240792e-23
5.509644043600383572e-23
-1.045521062069249394e-23
5.666059323581736330e-23
-1.994643771515433244e-22
1.129979317847323841e-23
-5.892248447701206381e-23
1.623460586391796459e-23
7.000149416211606900e-23
-7.239896112836542339e-23
-6.016171961493243637e-23
-8.606722889726116006e-23
9.751139489411552351e-23
-3.180391389565826166e-23
2.792326220890836114e-22
-1.919443595973277334e-22
2.544125553338074892e-22
-9.123357779839096642e-23
-1.721291339084844023e-23
-3.770961030877750928e-23
-1.848780352848008182e-22
7.196333682874668608e-23
2.441402084927846879e-22
-1.716482565687358079e-22
1.747842065715894645e-23
1.332885409779163457e-22
-5.332071948107674357e-23
-2.608396020540738149e-23
1.272651521973901236e-22
4.413492427613763169e-23
1.175838846512803133e-22
3.832240134700843883e-23
-3.772065681618218874e-23
-8.682837352168898198e-23
6.737532439552090183e-23
-1.775690138466038091e-23
1.810075060651686708e-22
-9.360834885162474461e-24
-1.669616525112195096e-22
-2.154309043159309466e-22
1.150751289504647372e-23
2.091307988897622847e-23
2.646617877471770837e-22
-1.305261877329390064e-22
1.187328636679161769e-22
-1.264843809836482815e-22
1.414388653319927271e-22
2.512127295904658921e-23
-2.966292839051000458e-23
-1.097994664178445971e-22
-1.594535198625562408e-22
-3.122554068807909528e-23
1.219682206456591944e-22
-2.854153703367112693e-22
-6.736615749248191847e-23
5.737805220387634417e-23
2.407310268445311622e-22
-1.219022600283994498e-22
4.879227306415760908e-23
-3.461665904033890258e-23
3.699868410662103104e-23
2.244230142555223390e-22
6.421857602994535211e-23
-2.366714711305940168e-22
3.438823761046546530e-22
-9.235782117664163084e-23
-2.203574850248882433e-22
1.856430304152229176e-22
-2.266270591673879461e-22
2.370765782918332837e-22
-8.503238814660440887e-25
1.142310443472037853e-22
-1.717920553760871655e-22
-9.256731296908601202e-23
2.662860994656750938e-22
-1.673578983546601831e-22
1.008822048105748780e-22
-9.495882071719699268e-23
-9.068280940783450660e-23
-2.393750593625976511e-22
9.743978106402163004e-23
-1.526731083539555446e-22
-2.087089788979645912e-23
1.378913409805624788e-24
6.150735902372143283e-23
9.031975156597690629e-24
-1.803465730937696374e-22
-8.474279124806919921e-23
-4.779653471895953832e-23
-5.450033009719939981e-23
-3.122593925058108796e-23
3.158317547269532888e-23
-1.210124772257764399e-22
1.588019699458407251e-22
-3.307569917229725747e-23
3.018272153585495525e-22
-2.235650611063542451e-22
4.292517158439604372e-23
-1.116840102950334228e-22
9.758086698638939843e-23
1.020066468759569027e-22
-2.060177633788258001e-22
2.570862425404688024e-22
-2.155762898794877394e-23
2.851278779770045979e-22
6.562346556070757560e-23
1.877292006539137276e-22
9.988116424952526064e-23
3.542023935688336665e-22
-2.597624096312138773e-22
1.168193239794025861e-22
-7.833355218774380689e-24
1.701062474266718772e-22
-1.969356241085749032e-23
1.338196431518259734e-22
-1.488295300004206781e-22
1.761064036189329871e-22
-4.614612530446923091e-23
1.002242802576128948e-25
2.772471708279721333e-23
-2.205474149442351725e-23
-4.259018325658704887e-23
-1.345583369460678898e-22
-2.683241111386836583e-22
9.240369528070579728e-23
-1.798901297839997395e-22
-2.022554625462806530e-23
-3.651666985283798742e-23
-2.359849962673768059e-22
-1.534778547140928375e-22
-3.021694359507283312e-22
1.773896055013857793e-23
4.605612983526698106e-23
2.838697188242874076e-24
-1.215689313062002608e-22
3.391335247464451120e-23
-1.612741031440323160e-23
1.120610085795423409e-23
5.020346668000835675e-23
1.125469620350086484e-22
8.686021683781440902e-24
-7.275795070329510015e-23
-1.081896044085790122e-23
-5.850122193733519109e-23
-9.011783247600216177e-23
1.805058548433410604e-22
-1.117118479415616101e-22
-6.532433214470475948e-23
-1.141556522105166186e-22
-2.079648950905442719e-23
-8.488427919409781683e-23
1.686573738955416139e-22
5.967245422909752453e-24
1.708366900072451512e-22
-1.027310815459871806e-22
3.073500492881820325e-22
1.837731892322437463e-22
-9.804330872984550103e-23
1.737821413687186534e-22
-6.849840151057424869e-23
6.132430018912720623e-23
-6.479516079102904257e-24
-2.499418345456184789e-23
1.363101574704801277e-23
1.475384617063822689e-22
-4.569294986692854063e-23
2.404157116324691945e-22
8.107353754075188518e-23
2.355066832747489389e-22
-5.215901154340611953e-23
1.296071315073194932e-22
6.706333129077706814e-23
-1.833732856374473900e-22
5.633867280554686526e-23
1.198323429009928838e-22
-1.013416299644033362e-22
1.185307506400322391e-22
-2.920530622684358013e-23
-4.546353454871701682e-22
1.213785091928705064e-22
-4.036614554803864489e-22
1.322581686089689803e-22
1.086682338976488122e-22
-2.478980744136590383e-22
-6.051296884008666925e-23
9.744614782137125012e-23
-1.084873317053158242e-22
1.748885939387753964e-22
-1.151459849502680416e-22
-3.354867160918888144e-23
1.160051791455677388e-22
-1.575776003968049723e-22
5.217363490116426674e-23
-1.515775235118492047e-22
-2.113900537091342334e-22
6.863546709756543303e-24
-1.490651827322861498e-22
-4.911964384645148103e-23
-2.920770127633259863e-23
6.978286975237689265e-23
1.277553349782922519e-22
-1.352162090362655120e-22
1.764600898528578351e-23
1.537216785980398923e-22
-1.275603377053654570e-23
-4.300528500268517267e-23
2.976115530759513809e-23
7.112265851354121639e-23
-9.190579861415910997e-23
1.844669770363166266e-22
-2.150366466318204484e-22
4.234030783689137144e-23
8.354922486706144869e-23
1.909582157227306049e-22
-1.671230360714813178e-22
-6.568841107725684391e-23
1.525533639752316386e-22
-8.887985147192935103e-23
3.285574847295652542e-23
-1.148523121881395643e-22
2.663881325626666488e-22
1.235313280150440490e-22
2.438083645700486265e-23
3.484676098164859205e-23
-1.300251539644089653e-22
2.514979663753849216e-22
-1.138262068547819958e-22
1.738017403724409871e-22
-3.010051463229908982e-23
1.826283639337317148e-23
-8.187016601583603397e-23
2.338023586485880702e-22
-1.451495219434830375e-22
-7.607390454512470164e-23
-8.969824769551988360e-23
1.725728324985740836e-22
4.368421973250156549e-23
9.951547198901250773e-23
-1.150982463166933249e-22
1.223722169703744876e-22
-4.198753609219002264e-23
4.537619545617265480e-23
1.055686136811294039e-23
-1.035158534798544952e-22
1.215562006014670163e-24
3.715826208445644583e-23
-8.682373790971620380e-23
-6.218565998230622931e-23
-1.362805310171089182e-22
-4.117802567861953888e-24
-1.447970748215510539e-22
6.634986203686229220e-24
4.862026405333925158e-23
-1.402779659925728903e-22
4.201513471667980700e-23
-7.893214847920427490e-23
4.888755773699917114e-23
-1.166704585486000975e-22
5.996686214391534505e-23
-6.210215003031724945e-23
1.075493358620386220e-22
7.032876058534528730e-23
-1.236760483210661410e-22
1.474054810455517956e-22
-3.674089439264296514e-23
4.541550146974702139e-23
-1.047568134985045130e-22
2.595104805568589963e-23
-1.254313166656908103e-22
-2.089180405792416546e-23
-1.633972882928188421e-22
-1.518697002354509537e-22
-7.294399664006881807e-24
1.256684870266829891e-22
1.030672659039645637e-23
1.673676578499014620e-22
6.798307220241681270e-24
3.962652600742251812e-23
-1.907447961504577188e-22
2.247640529519157582e-22
-1.485067307982334868e-23
-7.539560942936613795e-23
1.354004783931458014e-23
3.535855415241871061e-23
8.492015997936469723e-23
-6.887457753332327657e-23
-2.917475523082765254e-23
4.165022356479090987e-23
3.150592052566789183e-23
-1.784333395740597220e-24
7.216501363620487823e-23
1.312635849903666055e-22
8.570114067476623573e-23
8.489246235144768613e-23
7.613877888828996199e-23
1.816989280169573419e-22
1.619954075525962879e-22
-1.593452767155389701e-22
6.871930515095882666e-23
-1.650259645242265942e-22
-1.399757729632739850e-22
3.267612360322380307e-23
-1.608475261683674034e-22
2.600248550825915131e-22
2.133213231149137962e-22
-8.968700112201646968e-23
1.737739211611181052e-22
-1.839321068031713174e-22
-7.530136344196287284e-23
1.202800725442386950e-22
-4.932293678941811631e-23
4.081817968551830370e-23
-1.823910708982232697e-22
1.364184659210122561e-22
-1.258560773459498560e-23
-9.813315198396570981e-23
-2.679054248103575186e-22
-2.570885843120717404e-23
-1.505726344453208527e-22
-3.042737823349681024e-23
-7.505551008647790425e-23
-1.902360216118897756e-22
2.629693936159676599e-23
-1.751416064609112247e-22
3.818112224010872180e-23
-3.665824864010522609e-23
3.451094563514346422e-22
-2.728384795753926486e-22
-3.003103927987000311e-24
-3.543464990576596368e-22
5.838808991393316629e-23
1.541710641671315553e-22
2.691898895537372534e-23
-3.452826941044128224e-23
1.993352011841049034e-22
-3.058726362350793234e-23
1.493456162954927779e-23
1.242850814448390196e-22
-8.020583256726906558e-23
7.501195900195849037e-23
6.052861453321014800e-23
2.567004096084300977e-22
-1.285809785309393764e-22
1.548838732193699975e-22
7.399242935404031428e-23
-3.792851489405338087e-23
-5.412613123206530153e-23
3.880360748293179949e-23
1.409795942800907322e-22
-1.238385220726113729e-23
4.358931190150725023e-23
1.319398743583172301e-22
-7.701045196172508304e-24
1.630475389945121340e-23
6.722437820237469617e-23
5.982159590466576039e-23
-1.999855029830029164e-22
-1.564483044437296139e-22
4.170635335508790668e-23
1.474113892099765573e-22
-4.042213664149008412e-23
7.890576658661128670e-23
-1.308953528192924899e-22
-1.687769959657472367e-22
1.325911200038213725e-22
4.548560841375209457e-23
-7.963401420331271977e-23
7.981672029804628856e-23
-1.114715068700009267e-22
9.853654832562530904e-23
-9.933931566959190376e-23
4.085055129422663783e-22
-2.210534406906955854e-22
-1.010939193494964040e-22
2.277413618725847819e-23
-4.695298783326770312e-23
-2.754029896499874868e-23
5.420287462361420142e-23
-1.219237758827303592e-22
-4.151377443593502332e-22
4.872081006826725202e-23
9.533236733108419762e-24
1.139022984622222130e-22
-2.713304481394543319e-22
1.616042408230793093e-22
-1.651067162157597154e-22
1.548996351900200670e-23
-1.811122380217588995e-22
-1.302548654734948808e-22
1.813581856530901844e-22
1.121748386120106044e-22
-7.532649184641418751e-23
8.722364945159043092e-23
-5.298586978194127902e-23
-9.133024184223765333e-23
3.405689087788210349e-22
8.544538069265475365e-23
-3.738374493887147645e-23
7.150037966630507739e-23
-3.024550644877177610e-23
1.360205915650597522e-23
-3.050891078426392092e-23
1.618227358056491306e-22
4.723868792200889813e-22
-4.676589339817610764e-23
-1.738753390301704686e-23
5.018916010078994812e-23
-1.025463525734798718e-22
-8.164155247323562488e-23
-1.946312749838480336e-22
-2.084892438462208063e-22
3.653481281683033091e-23
1.268745583774918362e-22
1.446038088323254414e-22
1.678105466666730917e-23
1.034565672157490170e-23
1.090260209559025806e-22
-2.252820786514786036e-22
-1.128797479563319433e-22
1.937602219942596111e-23
-8.329710835883472439e-23
-4.347968418727893896e-23
-1.845297333845679528e-24
1.722565656027884535e-22
1.576799357125595932e-22
1.803985712216852313e-22
-1.467959766346354452e-22
-3.345771699058990769e-23
3.218363383981155727e-23
-1.591232892390516719e-22
-5.903014841002372079e-23
9.994874260073770195e-23
-5.765956014677254617e-23
-1.089868082849076941e-22
2.745936898788751844e-22
-4.876768168005005045e-24
-4.139843923706386648e-22
1.553658493100193780e-22
-8.522832269612485136e-23
8.139940817080601265e-23
-2.776139362380307187e-22
1.391662745978164525e-22
1.063786546565844827e-23
5.636736522131667935e-23
-1.294197262212955349e-22
-1.149334497765065068e-23
-5.436813837769808554e-23
1.620002615113578471e-22
1.820339111133849869e-22
-2.249963456123039746e-22
-1.637659297596392529e-22
-6.084273420893465236e-23
8.596912691631936153e-23
-3.119113391119980711e-22
1.401268042287090840e-22
7.731006763688399034e-23
-8.641783606259882077e-24
4.160541186137949896e-23
2.864425276175362985e-22
1.630420441885038449e-22
2.354688609214810650e-22
4.312263046842619213e-23
1.929720707751718103e-23
-5.559138373134597426e-23
-8.141072281669505619e-23
1.854233573751909382e-22
-1.135029913781609051e-22
1.600932335231283760e-22
-2.133743611050155674e-22
-2.276381672371444368e-22
1.214807678024548365e-22
5.487436812586742075e-23
-4.091865693889940495e-23
3.377918970206752629e-23
1.905899559899068022e-23
-2.028895020432106368e-22
-4.805254131445065371e-23
-4.782821641899172013e-23
-7.648311381138064229e-23
3.247822281221670296e-23
1.753945936594507528e-22
-1.197870749489747560e-22
1.043848887120620555e-22
-1.482511903834230320e-23
-9.925601943888788515e-23
1.830587354862438726e-22
-8.344848818845904436e-23
-4.043829281756810386e-24
-1.850882830695560668e-22
4.971895730709363838e-23
1.489799973008521699e-23
9.961867127960279299e-23
2.651211892121300796e-23
-5.321712543816105437e-23
-1.057795404032489671e-24
1.796251116972605675e-22
-1.509407210770705534e-22
9.672865802568696817e-23
2.140761884484575494e-23
-1.005220588328605591e-22
1.275935162240643384e-22
-3.101347854164216880e-23
1.093457806256830858e-22
-2.205093937575768288e-22
-5.168825724585815238e-23
9.593306218073668008e-23
-4.206288722518095243e-23
-4.716327956572325521e-23
-9.805344525007910282e-23
-7.896964176365128322e-23
1.248967934695556305e-22
-5.634467359909229875e-23
-1.006971908333203249e-22
4.897662607865171959e-23
-9.899157300927200223e-23
-3.660206770203377512e-23
7.846370081435133766e-23
2.202059872429962253e-22
-3.548666512947570237e-22
-7.389973427828552322e-23
-1.784470285147168271e-23
8.234657418531025642e-23
1.967208190095281259e-22
8.129046396994570391e-23
2.512327003879078440e-22
4.567961947533965786e-23
-1.492781505926143036e-22
2.000152496141659699e-23
1.679161445486129359e-22
1.140612051978519303e-22
7.289950342772661727e-24
-1.525817315184953152e-22
2.191865064347302544e-22
-1.568499443470056431e-22
1.445482994706097206e-22
9.740779890895907120e-24
-6.217526470984210581e-23
-3.432353832952909864e-23
-9.811727619230175279e-24
-2.304183390553386739e-23
1.459644517932953894e-22
-2.463256190967865988e-22
5.378940748975968304e-23
-2.170079932259933568e-23
9.048357964239566618e-23
-1.946071106224823962e-22
3.365521280489301650e-23
-1.033775126015514080e-22
-1.777104244780351937e-22
-4.848300819190790783e-23
2.108840887855488853e-23
4.020637453370512657e-23
5.879690711316392665e-23
1.819475038301207339e-22
2.043653681865478267e-22
-3.967673250384420723e-23
-4.070257306146810942e-22
-4.569249415667611950e-24
-2.302264224395311518e-23
-1.234004794348746478e-22
-1.678419726136871625e-23
-1.141256312312470654e-22
5.876746843710953249e-23
7.540211680073909681e-24
1.199556167944494032e-22
-2.412298519695955411e-23
2.566226237933772776e-23
2.046358475746162437e-24
2.093129742622734177e-22
1.640150606482097343e-22
-3.202268362649438304e-24
-1.805321852057927878e-22
-1.470227406066004113e-22
-9.511580222414193290e-23
-2.672615726038142041e-23
1.335960675605762387e-22
-5.623384684161976085e-23
-1.203743210218656695e-23
2.711295714753006303e-23
8.114265797517926404e-23
-8.982844363731071254e-23
2.104545532676026682e-22
-1.149623665697494497e-22
-1.057185509935446084e-23
1.747722673063247970e-22
-5.257689788236652983e-23
2.547617124955935564e-23
-1.243577996119126053e-22
2.376558089149262601e-22
3.506917587976601482e-23
-7.308440903689844639e-23
2.156025526708966765e-22
1.428688719074222748e-22
1.682131235013517465e-22
5.079671944970686856e-23
1.072750269670050122e-22
8.106687960092910739e-23
-1.925826279427607675e-22
-2.931305040226472506e-22
-1.321169339671240497e-22
-7.270683010683959920e-23
1.420703644423534567e-22
5.067411237361622440e-23
-1.497123445236769732e-23
-1.769155526408026174e-23
-1.754133103137596484e-22
-2.158709353980021417e-22
1.919894884573592964e-22
-1.326465192995616068e-22
-1.728226023158998788e-22
-1.422959123123838899e-23
1.533181676156188778e-22
-2.134870791706441154e-23
-1.795858300344091931e-22
-2.729738586597088432e-23
-1.316762783009832328e-22
-8.433673367017697908e-23
-2.471274062151160258e-23
3.894350484385756412e-23
1.297360160534313222e-22
1.863738937632130389e-22
-7.153204301103222675e-23
-9.418376081035332885e-23
8.447891358660539914e-23
-2.237921611240864330e-23
-4.532336731465328340e-23
9.392371930265429700e-23
1.513165488138826978e-22
-8.630033842812815911e-23
1.406955031612811447e-22
1.212844979099848649e-22
-1.946294369112760472e-22
1.616257149810549230e-22
-9.658903717345460246e-23
3.547128970237884429e-23
4.737276883489399230e-23
-7.943400114158202674e-23
-2.178576286760766504e-23
-2.729091404525426496e-22
7.289731351612895539e-24
1.143764218945357214e-22
9.805058149544292323e-23
1.965615889900599794e-22
4.178920820423618075e-23
4.524995302415028403e-23
-3.830907139624183362e-23
-7.093210199637032904e-24
2.205609470922968141e-22
-1.219132955344433362e-22
1.369832662621093720e-22
1.245798198553821861e-22
-1.547767745437380763e-22
-2.318837128542164003e-25
-7.838610420810381233e-23
8.721509300788492300e-23
-2.365394947553384331e-22
-2.300260730007274423e-22
2.518617576143149890e-22
-8.551766547072854361e-23
1.126844506613984315e-22
-4.450359638311550452e-23
-1.052938991387915715e-22
7.690618225505002714e-24
-5.156397971130218295e-23
-1.045660917359540875e-22
4.297036283049885718e-23
4.407160308821349141e-23
5.225428914074613919e-23
-2.388980971211111936e-22
1.447232697555120394e-22
-8.124120909044425103e-23
1.796972674770773711e-22
9.849123369888977019e-23
1.709495120223023343e-22
2.748128021425231311e-23
-8.884992509337861635e-23
-1.444238633252116427e-22
-1.257924701388200523e-22
-1.250299524053770443e-22
2.358241932987724371e-22
9.833124818483744581e-24
-1.843628183083172444e-22
-3.304378195504046489e-22
-2.789465169001423463e-25
3.315310783453548637e-23
-1.779332003479197387e-22
1.236665229486567234e-22
9.549023729081509793e-23
1.091052464543519189e-22
3.196203398799679185e-22
-3.358288155649624424e-23
9.190290035002742447e-23
1.198386268826165124e-22
-1.022575711199845060e-22
5.891897465001646902e-23
-2.412357010511464592e-23
-6.389047461703229275e-23
-1.210010231539675837e-22
8.927349576362391927e-24
-1.322720229805740283e-22
-5.848186634537170189e-23
-1.207970888111880668e-22
8.407863477724653906e-23
1.499063731491563188e-22
1.189885916949127043e-22
2.396862438120139053e-22
5.523314234032781693e-23
-3.752466957180334894e-23
2.061037802149732947e-23
-2.745233642279934505e-23
-2.200091243808531384e-22
-8.993241363925009610e-23
3.386772610766831320e-23
-1.674682467994596291e-22
3.177794019007339507e-23
-1.498196386439213726e-22
2.709740623595416148e-22
-7.777528273227144137e-23
2.658901785179533504e-22
-4.277532359314541035e-22
1.248295221558024187e-22
1.367331867258157160e-22
2.331897251533357119e-22
-2.182176586791368575e-22
3.146271535159907072e-22
-2.559718082134785329e-22
9.570321144153088293e-23
-8.846776530961661454e-23
1.349190129379126379e-22
-3.772981329597255861e-22
8.414744779611676593e-24
-1.494501173980497083e-23
-1.870568411240530758e-23
3.696915908442776443e-23
2.884593490657961227e-22
-3.270589145503982589e-22
8.325977059009898504e-23
3.114814451647216315e-23
1.609410770583825663e-22
-4.786018211705306945e-23
7.498298355376482348e-23
2.566852503510742603e-23
-1.028630517228417038e-22
3.562424213159173576e-23
2.813034134159569899e-23
7.416815310351276634e-23
-2.341065416617578157e-23
2.013339581886845288e-22
-8.091124591422874235e-23
-1.356887988120147199e-22
-1.764111895754829157e-22
7.497621490807365506e-23
-1.125393382291731531e-22
-1.909346998878133428e-22
8.702920238768581995e-23
-8.969106770787279032e-23
-1.939895993442245093e-22
8.607099034995847654e-23
-8.986543048732310898e-23
1.833365558417603161e-22
2.396202135558670493e-22
1.544283815835221610e-22
1.249190094034713025e-22
-5.339032674604172266e-23
1.357093188696929079e-22
-1.824843139976344947e-22
-6.489773763983343532e-24
2.482041923008705438e-25
-1.163352278732587806e-22
2.266877333061901515e-23
-9.115721136259345815e-23
8.253467582378877213e-25
-2.378066106191938415e-23
7.905427313282816181e-23
-9.116823493097713387e-23
-1.214790526413070136e-22
-6.616725325473918756e-24
-1.672909040804893306e-22
-1.780259510379441707e-22
1.085522793511439927e-22
-3.241689470810970792e-23
2.487554901457913488e-22
1.388423915273710930e-22
-5.969336260504981432e-23
-7.658900078753940278e-23
-4.356985187057182847e-23
1.761697823284171692e-22
-1.324925853712698413e-22
2.467442442436927655e-22
-1.265885986268496807e-23
-5.508141326443557144e-23
5.917834743989404270e-23
3.299100578746490149e-23
1.819586724569258807e-22
3.435429515309432229e-23
7.626949482613066299e-23
1.333458196835859126e-22
-6.570966779432316368e-23
1.040609195012714138e-23
-2.113048907013259060e-23
1.125998098326412135e-22
-5.555614301819694945e-23
-8.518116418535127248e-23
2.510320237971785870e-23
-1.548668183479801192e-22
1.991425674489486473e-23
-3.900184895005343050e-24
2.200006865817822771e-23
1.637998487451612317e-22
-4.630158361617292484e-23
-8.235332220576698937e-23
-2.740392663100314142e-22
6.447105274215990302e-23
-1.800206087972683990e-22
-4.452437127214070780e-23
-3.666919796886064665e-23
1.540590652145059353e-22
-1.900835659364177245e-22
6.498873351943593695e-23
6.123582039622728395e-23
-1.609350177582079467e-22
-2.231926150665572133e-22
-1.280062279279374152e-23
-5.072325165048836696e-23
1.776120576810205455e-23
1.590488777404745179e-22
-4.254946007467150272e-23
3.422993059837889898e-22
-2.325952287381793843e-22
-4.718636336026369650e-23
-8.831099484555907931e-23
-6.898304685688734991e-23
1.028569526369342456e-22
1.036887006105126805e-22
3.810749122285804133e-23
-1.425726727556172623e-22
8.730389002872610114e-23
-8.574291080392283822e-24
-8.295268553451640584e-23
5.623733147592962946e-23
1.761970407563197912e-22
2.018439398160752656e-22
-2.490611116702890990e-22
1.816324151044930101e-22
-9.823589715568811996e-23
1.172328559583878107e-22
3.179504114073423971e-22
5.862999189183619745e-23
-4.636967891060718425e-23
-1.420816230226320467e-22
3.908662885336946811e-22
6.812304232932347153e-23
-1.477617580922456897e-22
1.807365291359184054e-22
-6.119832847716438355e-23
-3.437972098620880219e-23
-1.179638379850062883e-22
1.647454130116909216e-22
-1.215234653402317961e-22
-8.252109441580807072e-23
-8.405701442130157957e-23
-1.270981009551464274e-22
-2.506571350315449823e-22
-6.634228964529433686e-23
9.143272841925335496e-23
8.791852963858951305e-24
-3.343492540665477555e-23
2.028665541382780539e-23
-2.272795477082788197e-22
2.785190718023751897e-23
4.177169498178768220e-24
2.832179533717368275e-22
-2.995164066226615478e-22
1.476001286006523546e-22
-2.002986162271586537e-22
3.235172892760245728e-22
-3.559300412640288704e-22
-5.083933734232598696e-23
1.066948505590034844e-22
3.786921677748780461e-23
-2.180828802357865802e-22
1.302453552615407719e-22
-7.122152192305787904e-23
3.156736485946796171e-23
-1.972087660257030364e-22
6.841934305078862458e-23
1.286916444362272088e-22
-5.329872549245352796e-23
-1.800657884790296816e-22
3.950474572848656451e-22
-2.393700900484824214e-22
1.098757733639542582e-22
2.630943460968391679e-24
3.438082261017737620e-22
-3.841724371520090642e-23
1.672214350598586485e-22
1.464721371402269346e-22
-1.314921583620956536e-23
9.138181048218101277e-24
-1.846546452703258644e-23
3.603625691093269327e-22
1.669054830813036514e-22
2.126375767894146262e-22
-3.558183026360005240e-22
9.645128508843195745e-23
-3.342541495361658121e-22
1.589120345755154031e-22
-2.720598849787745615e-22
-2.400533344154446224e-22
-2.155172943727086524e-22
3.457375254755969768e-23
-2.931153285627666633e-23
-8.684093220762965227e-23
-1.910211674163386403e-23
-4.550896809424959990e-23
-3.129900409166556478e-23
-2.105067278875839763e-23
5.904814420926335278e-23
1.097873464446254669e-22
-2.363014769524412232e-22
1.009131161437233038e-22
1.055482731310867855e-22
-1.971056048452495688e-22
2.032692090995483172e-22
5.585637380770539526e-23
2.579429302357258623e-24
4.580750999430979074e-23
-6.240960547039828045e-23
-3.650828038273857647e-23
1.160769580700723369e-22
-5.454288908354082484e-23
7.393690468989580436e-23
-1.819506585147696314e-22
2.068423937594572259e-22
1.379046582638846349e-23
-8.203931913630782587e-23
1.340244462036557852e-22
-7.788151918809378852e-23
1.536151576825226751e-25
1.142036883649889008e-22
2.772471172212441531e-23
-1.969287375577893302e-22
1.471879191963179187e-22
-1.638962308080572622e-22
1.720703627413109280e-22
9.672368183024746300e-23
3.632256771465629900e-23
7.572544684895209449e-23
2.546147911812510362e-22
-4.230821205725828354e-23
-1.015702642147647608e-22
-3.194842668101846048e-22
7.981267884091751667e-23
-4.234152529565536391e-23
1.265643854829340328e-22
9.610064233239555562e-23
4.282015698567664955e-23
-1.890117672648829810e-22
-4.553088457290038098e-23
-6.919498740498845191e-23
7.008384070384515731e-23
1.457999268928088485e-22
-7.563183217733848919e-23
-1.294589965267255684e-22
-2.503930193473303213e-23
4.693007745809800963e-23
-1.125549400659581238e-23
-2.523347878016340942e-22
-2.589998607759235640e-24
-1.411753547802982235e-22
-2.155226321036369612e-22
-4.594849405913032967e-23
-8.395482870531259046e-23
-4.679455079437216648e-23
4.178086494735293581e-23
-5.364391759069239856e-23
1.445239751563069606e-22
1.085751879394108517e-22
1.469692082469152785e-22
2.881670422289065162e-22
8.882803532868579394e-23
-1.904149935527822103e-22
1.040803692193432577e-22
7.423505462835171087e-23
-2.801003332251844443e-22
2.856435224163455986e-22
-7.454348537231886157e-23
1.646472240114121885e-22
-1.047813722497186470e-23
1.113874972126467743e-23
9.584865063838691822e-23
-1.690253332637191940e-22
-1.718378957888105912e-22
-5.975966153373677063e-23
4.839523355816424518e-24
-3.952216602462919618e-24
1.509232022659488209e-22
8.198903441704930611e-23
8.077645836311361650e-23
-7.395282463931350268e-23
1.469306469368646031e-22
-4.620829472077032655e-23
2.080460413687159044e-22
2.222747684881127230e-22
-1.408238031341595383e-22
2.872089463694095575e-23
-1.609575715062886492e-22
-1.301512505373696012e-22
9.297802787943044298e-23
-4.118842566111311968e-23
5.136356892073513372e-23
9.429161180277835469e-23
-3.243569546185427093e-22
-9.324842383097842877e-23
-7.992031373357004656e-23
7.902525391116048631e-23
5.613591254282083767e-23
-8.396715164823458521e-23
9.448111923314027747e-23
8.824933174178489174e-23
-1.850077984450570394e-22
-1.930750845876789756e-22
1.070476603949137585e-22
-2.451218187069745745e-23
7.315780225939867245e-24
-1.088335670032156707e-22
1.075911566346177502e-22
-1.752439933562390771e-22
1.057858648806367126e-22
-6.031533978740627322e-23
2.150077955880903070e-23
8.048906466133212576e-24
9.917702054802598582e-23
-1.459075107510565071e-22
7.725189523439379842e-23
2.057940436525500050e-22
-5.029483341787271866e-23
9.280034071410659233e-23
1.296606522754225064e-22
-3.328055105202450735e-23
-1.372189873909570401e-22
7.970971476725449170e-24
6.226854652689460975e-23
-1.950258607625876665e-22
-8.374021658929529603e-23
-9.802614320521454908e-23
-2.591695352477929063e-23
-1.217038803728945960e-22
9.987813391800467502e-23
2.000034436276829459e-23
2.170951162474381679e-22
-2.197110798098787868e-22
1.854146560910230638e-22
-4.328299001252458578e-23
1.429637587042635519e-22
5.554967411094693187e-23
-1.196984427201934645e-22
1.534159474586868750e-22
-4.770963531691136695e-23
9.950792829311687992e-23
5.991124749087398726e-23
1.329562845393274467e-23
-2.522513197387403178e-23
8.003186890969223371e-23
-2.053053757514273740e-22
4.649034413755948172e-23
2.004465102142177620e-22
-7.341596421177165767e-24
-2.276853337535551830e-24
-3.745220244122011374e-23
-3.374035916463311964e-23
1.631849348732500961e-22
1.680486629780108045e-24
-1.386531804346600583e-23
1.319955041111548145e-22
2.778777997250926194e-23
1.039726174369671376e-22
-8.481184122679980795e-23
-8.775122894850779909e-23
-1.938432173654285842e-23
-9.663645374608380610e-23
-1.479352681109775800e-23
2.902650800767188834e-23
-2.375072115533744982e-22
-1.087340122915508169e-22
-1.505224101066939770e-22
-3.475111982836552013e-23
6.780283011198131207e-24
-5.266494087929737231e-25
6.759159801083573512e-24
2.436194240722769100e-23
6.563326478581117535e-23
2.127222816814671753e-23
-7.402019936900269269e-23
9.863758399280451388e-23
-1.024112126134786286e-22
-7.625873949760603704e-23
1.005345391146529057e-23
8.136335480128166573e-23
-1.840245870951247104e-22
8.886140060503590793e-23
-3.302646308280980694e-22
1.529010355660205890e-22
-2.219050192945306502e-22
8.263735440387769553e-24
-4.196662640322507797e-23
-4.129908141542376433e-23
2.198890067133857299e-22
9.865136723709807942e-23
-7.317577060805567061e-23
1.046217487907574718e-22
1.613675516493640900e-23
2.731928881835233076e-22
2.477480636005177388e-22
2.053879160089984334e-22
-1.742034245237895574e-22
1.280351844302546374e-22
5.489887764823111631e-23
1.825413637959971776e-22
2.782213338003422497e-23
-3.302961055875005055e-22
4.719760288332880618e-23
-1.855966278088499795e-23
-8.506780152372841317e-23
1.529006680726970074e-22
-8.101511759229063926e-23
-1.116694457952033641e-23
-1.563885202739611033e-22
1.165703821949697721e-22
-1.000642279362775903e-22
-3.772439663749941167e-23
-1.287726003893600507e-23
4.819320712523229570e-23
-6.670533036705214265e-23
-1.279042519249754563e-22
-4.867528614959464801e-24
6.526663120779413218e-23
1.094580836366725881e-22
-1.742721937155326870e-23
-4.647695844725526947e-23
-6.861643863811387285e-23
1.454216529056297863e-22
1.036139110469069795e-23
5.427684129597632213e-24
2.076202192569238992e-22
6.442405467994074684e-23
-5.844306364076092844e-23
-1.801432322763288194e-22
-4.867998426074247436e-23
-9.094432082696508851e-23
8.347112867400351570e-23
-1.115834048379316800e-22
1.420987952379291316e-22
-1.287474877288402258e-22
-4.351656258488893814e-23
-2.327695614099131478e-22
-1.005432324134392260e-22
1.117697778302868170e-22
4.027890656875359117e-23
1.255771078884554694e-22
-1.455392204656212539e-22
7.343477497090831669e-23
2.287218020064374864e-24
-1.295620822476393121e-22
1.645989799577454105e-22
-5.334503703214640150e-23
-7.237631942190723924e-23
5.252880106349401209e-23
-9.977090032682142675e-23
1.111554144649258475e-22
4.677184990600308808e-23
-8.646343497242004321e-23
3.122975576334913785e-23
-4.632618414189435593e-23
-1.784650436086286263e-23
5.750664725656693194e-23
2.602525465508612917e-23
2.182642841662572827e-23
-1.528745380085971245e-22
1.602632556081014543e-22
1.507490988036061222e-22
1.155512054110835542e-22
2.216134336441604292e-22
-2.004490715306747693e-22
3.676454011695357412e-23
5.519215553255718543e-23
1.376326364730370402e-22
1.317815482052742030e-22
-1.834728380109720246e-22
-6.365377497052151767e-23
5.475631175471036424e-23
-3.058394531180965751e-22
-4.450670982590699701e-23
-6.198908701737317017e-23
-1.166581774098681251e-22
6.181194438986484216e-23
8.195872225395365994e-23
-5.181413028698324164e-23
7.536624023805445892e-23
8.056439484872658373e-23
6.956540459914822380e-23
4.685286728298787130e-23
8.383050902722156289e-23
1.022203723376842965e-22
-2.594555157084158632e-23
-2.749135520024456860e-22
1.238533960643866092e-22
-7.645485982837503506e-23
2.446751761134062035e-22
-1.351880592116730388e-22
-8.262335855226540634e-23
-1.905827397792274680e-22
4.577548496013817894e-23
-1.127400755432243587e-22
9.047024583835986026e-23
1.953772524671415189e-23
-6.407580160082885320e-23
3.003345607987710743e-23
-5.504381734058315392e-23
1.258854942244847045e-22
2.082642178719051201e-22
-2.336818463215224015e-23
5.126403295019417569e-23
-2.988228296819699978e-22
1.221487329137709052e-22
-7.409437530589759639e-23
3.384754416720614515e-23
4.737455850773668619e-23
-7.243674331273466259e-23
4.230960946365599583e-24
8.251864185149040831e-23
1.943952137976572154e-22
-1.485042217427967402e-22
-1.662014096665329556e-22
-1.804853155213637925e-22
1.962596366669346121e-22
-1.939209538892585186e-22
2.067141596545446244e-22
9.086371272734183357e-24
7.312639647916222843e-23
-1.224889453019767087e-22
-8.279392360952753928e-24
-1.852925542742987034e-22
-8.245685581419785327e-23
-7.965024511458502569e-23
1.798800589317404209e-22
-1.630323045375554253e-22
2.635864799890282652e-22
-4.651113438340571949e-23
-2.069660848112549913e-23
-9.011792751656886711e-23
-2.856198089248915474e-23
1.242498094316421069e-23
3.568408428923055697e-23
-2.265577580771970017e-23
2.092220590535678784e-22
1.748258518882625278e-22
-1.791761632601445457e-22
2.537988463427798972e-23
1.726099052332536418e-22
-1.080252340610590645e-22
1.336402359531482935e-22
1.847288220591440300e-23
1.474146425888029989e-22
-1.387813008634334523e-22
1.020425476084646861e-22
-1.292570749992606668e-23
-1.306741844406582190e-22
-6.726381453425205700e-23
2.193808779553047757e-23
-1.737495588485927603e-22
6.932612110467609877e-23
8.398552187743740600e-23
7.662215405366612262e-23
1.690209562510084941e-22
1.150957341582765633e-22
-1.289327335381126581e-23
9.723347918763356982e-24
-1.911538654286319994e-22
1.399465159496585804e-22
-1.270637372704129283e-22
1.449157607825384109e-22
-1.497940318031253213e-22
1.965758756968420605e-23
-2.327790892079324006e-22
-4.860128406825491547e-23
9.410685773647200700e-23
-1.209983321855178998e-23
1.809495372712042656e-23
8.474925868165436445e-23
-3.495324883701980820e-24
2.954079473504204413e-23
-4.215751117149073319e-23
-1.178535152315383771e-22
-1.175401296171404123e-23
-7.156234191822883585e-24
-2.736283631005885146e-23
2.766456087208337389e-23
-2.397883233425125825e-23
-8.349560749142442348e-23
3.799037650549344374e-23
-9.033166661417444637e-23
-1.004611315693023007e-22
1.055418653104803577e-22
-6.800529728712293604e-23
-5.448493552321859428e-23
-1.222974006563574316e-23
-9.199409292235335350e-23
-1.131258441445201510e-22
1.545900905347630255e-22
-1.698965268712278132e-22
1.594787427459287494e-22
2.645790098736025986e-23
2.854251602385639681e-23
6.884700346456895864e-23
-1.062664074614609268e-22
6.394229688326910057e-23
1.574437314333979560e-22
1.266358782875836147e-22
-4.928673033562291117e-23
-1.872418614491446901e-22
7.267462191688915599e-23
-9.836159638642222959e-23
6.314598100554536899e-23
-5.218766064438312385e-23
3.108608614652444726e-23
3.284010141588673291e-24
1.772641866774019559e-22
1.962582869498814839e-24
1.347101314593841120e-22
-1.398431311135493448e-22
-2.327562474209663722e-22
1.770988934631410467e-22
-1.769012188110652298e-23
2.457543831225673093e-22
3.652236375548623769e-22
1.221645645383200187e-22
6.250871147227089430e-24
-5.008910715060002441e-23
7.049379881752298981e-23
-2.162278578302063671e-22
9.283791157930863911e-23
-1.156283329421895131e-22
-8.735098096097305792e-23
2.709448308822817688e-22
-2.311184746765565250e-22
7.098040516104870017e-23
1.545325831200003833e-22
-2.250523237694295412e-22
1.035394284883001837e-22
-1.053514840179163859e-22
-1.655812313761825060e-22
3.067423837776693971e-23
1.414937766928494752e-22
-3.234257927594808230e-22
-1.780352239578015935e-22
8.664994135869795894e-23
-1.366324667506393499e-22
-4.736512188721664592e-23
7.610192890451939119e-24
-4.027447665679774118e-24
-3.259098153138670590e-24
1.432565796597536108e-22
-4.663316626057326614e-24
-6.452244082887288519e-23
6.843962871067545562e-24
-7.148817082640040714e-23
1.072712806926776323e-22
7.015702590615926410e-23
-1.558366485830044696e-22
-1.664693983910865838e-22
-3.001725802954815623e-23
7.531758734902110336e-23
7.461176052283487387e-23
5.210248904633652922e-23
-1.466705923081467292e-22
-9.238757884445877250e-23
7.186553168410593358e-23
-1.709557766828129134e-22
-1.587075731119990728e-22
2.082134284357595102e-22
-1.713371411313232861e-22
1.068747662077203408e-22
-1.819246737480421612e-22
-1.489276640787891603e-23
9.576375041900822105e-24
8.608411861805514797e-23
2.666016941826937850e-22
-6.748527131833624880e-23
1.577964440146769913e-22
2.748718373050297191e-22
1.147167131524149284e-22
-5.171419334024493719e-23
7.727756668355673911e-23
1.124866645615736902e-22
1.943416210240578795e-22
-8.104553819795904023e-23
2.904282118637195817e-23
1.227464703247266778e-22
-6.545374590346398326e-23
-1.129973205283279277e-22
2.795879699131216120e-22
-7.186913129561386867e-24
1.885827018248914149e-22
-1.406664432603490652e-22
-2.537369566151902125e-23
8.466381994295130695e-23
1.740234905953278401e-22
-8.592856576713729172e-23
3.619488999716214980e-23
-3.522161481402734861e-23
-1.634438812175775079e-22
-1.097964376184824736e-22
-5.446904492762582196e-23
-2.237840929143890498e-23
-9.340844108502888978e-23
1.275445836679754104e-22
-1.435569188698263128e-22
-3.008989601824701488e-22
-5.815087041096367231e-23
8.615940668551669937e-23
-1.956388640590286396e-22
1.233740945567708288e-22
-2.218860065879850913e-22
8.395222393818754593e-23
-2.046656098058856443e-24
1.900435862822855524e-22
-2.522514782737409061e-22
-2.183807904207156548e-22
-7.523292382405626841e-23
-2.959467880005592408e-22
-6.956660902901068336e-23
7.411493979959196952e-23
-5.944426731562871464e-24
-1.111958548141019224e-22
-1.582188917071299809e-22
3.333860255630060415e-22
-2.212328058337457596e-23
7.811014001699757686e-23
2.888744749354322314e-22
-8.026926877168528608e-23
-3.171122468297477826e-23
2.489226163019449213e-23
-3.575245832632651780e-22
2.199811026792595809e-22
3.151169910826980509e-22
9.894101555032976691e-23
-2.954987017084061291e-24
-7.865626825970708446e-23
1.110856534301692642e-22
1.078793291022879053e-22
9.614090211305651181e-23
1.594321058560048963e-22
-5.482041370583802875e-23
1.456963330276668316e-23
-8.900347207671098414e-23
1.137895209232618697e-22
1.417000742334705154e-22
1.576982921819427372e-22
3.288696297141352677e-22
6.976821855354593369e-23
-1.913722571165573698e-22
-4.691687665823876310e-23
-6.871698748082139271e-23
-2.182295868385674843e-22
2.163244448139020233e-22
-5.619783967619726694e-23
2.456200709378632840e-22
1.286670434902729067e-22
-1.121826376256498642e-22
-1.035063674627880805e-22
-1.607584963947039599e-22
3.247268611329472873e-24
-9.161073941195907404e-23
-1.726390401554127305e-22
-3.410134701112022326e-23
2.049995222114250581e-22
-1.324084912859502555e-22
-7.335820991017010527e-23
-1.743374859845151527e-22
-7.206429260598188358e-25
-1.947263956621353349e-22
7.707965514059021451e-24
4.768821139556998341e-23
-8.929360031222242334e-23
-1.475361777513862095e-23
-1.113152484369960980e-22
-1.561107504315975791e-23
4.537099359133053893e-23
-9.792887035333909900e-23
2.258982410817990520e-23
-1.351257053660207021e-22
3.975995525808405216e-23
6.586134550110173406e-24
-1.093926179802699576e-22
7.586403307070631439e-23
-8.328646941658906541e-24
-1.613176287521752298e-22
9.573571076516430954e-24
1.862053528334820867e-22
2.408031937566102522e-22
2.538595869114492700e-22
5.692489285995768772e-23
1.573439649957732181e-23
-1.688374674573192140e-22
4.461015910225827165e-23
-2.417973995808735454e-22
-8.919242921101498774e-23
-8.515432768077422004e-23
7.015018375865701356e-23
-1.189384505662376583e-22
1.566514165469678941e-24
-2.534953838439967551e-22
1.302567628525477719e-22
1.429884584199105892e-22
2.635606394750781698e-22
1.515718108747877737e-22
1.864096563562012423e-23
1.260846608958628968e-22
2.006320850194590803e-22
1.333302802780560676e-22
-1.170833625274677796e-22
1.298943093437939195e-22
9.089282472689866526e-24
2.064421129612766290e-22
-5.532708610557040248e-23
1.079376694248366445e-22
-7.183121357886136403e-23
1.834632566782528551e-22
-2.046719415834426184e-22
-6.328257736660293597e-23
-1.637706084001774795e-22
5.129101022733847998e-25
3.922326712759692237e-23
-3.216165698321273408e-22
9.276660959587073371e-23
1.234463658317653920e-22
-5.059962518787664397e-23
2.285752391681734059e-22
-3.356990253513545142e-22
5.200319223514191754e-23
-2.140122130173279957e-22
-1.123663404386345753e-22
2.866200877278904332e-22
6.800705558504912572e-23
-1.190274626571196212e-22
1.773132757103121362e-23
-3.132372920873765922e-22
2.320443027444543993e-22
-3.128563993845423664e-22
-1.836051722157344316e-22
-6.518014337936868262e-23
-8.731302994736125809e-23
5.206430607729640613e-23
1.990355997827186983e-22
-1.076745831873373738e-22
6.336118301084680208e-23
-1.428945844829955394e-22
2.709359752104257536e-22
-4.042905481784449088e-23
2.771553472259031500e-23
1.275074695821454906e-22
1.574201191807333952e-22
-9.590021223566646383e-23
-4.609576832808848503e-24
-8.389785873351594978e-23
-9.003578761419700514e-23
-7.321635239189412750e-23
1.654816013634522228e-22
-1.847917051633535750e-22
8.143448130426941346e-23
3.248173761241161722e-22
-2.306180786902013634e-22
1.557640169588477751e-22
1.009622892252005104e-22
-1.189880128161196643e-22
-6.004849068052487698e-24
-9.166164881666146044e-23
-4.892965898767774241e-23
-9.383263006841301275e-23
3.508562868508349042e-23
1.795814720199545430e-22
6.640398053121927629e-23
1.251185220208645328e-22
-4.222395236602021918e-23
3.019558926489338686e-23
6.189857598905228177e-23
-1.334829203604959665e-22
-6.386783401740209798e-23
2.404187832239173016e-22
-1.275184142909195814e-23
9.843794226549919047e-23
-1.612229312650850953e-22
1.435939710425651529e-22
-2.733502685574709554e-23
-1.337248661906203133e-23
3.730047904121565366e-23
-1.456196813564006617e-22
8.629790452944096551e-23
-8.021211340809552126e-23
5.264231708597574930e-23
2.003233346472416146e-22
1.338651807791224071e-23
-1.333214390781409306e-22
1.514754216052776181e-22
-1.085965888818255375e-22
-1.533539008205090892e-22
-1.345065749049297535e-24
-8.102530819207092610e-23
-1.590642391737754873e-22
-5.189863586225561284e-24
-7.895351722653219462e-23
-1.739376602859113963e-22
2.045194788821222707e-22
-1.198367460294967481e-22
1.492169707379970205e-22
-8.288883562776667386e-23
-4.604274392192060331e-23
-1.619891014852195009e-23
4.624597689656484020e-23
-3.235861779896695630e-23
8.716922958228818606e-23
9.063184280462510345e-23
9.205458171339941536e-23
-7.617598829151799888e-23
8.006882688099607724e-23
-1.047103917637819196e-22
-1.444261236649354542e-23
1.280627692211962053e-22
-8.998927074998429765e-23
-1.082967349231192407e-22
1.052133286028657824e-22
-9.828880631567533457e-23
-2.242383112505985520e-23
-1.211232037299402311e-22
5.718916635737406683e-23
-1.208287345367897991e-22
2.226317181364880941e-22
-6.175040171646327369e-23
-6.015868899400713992e-23
-1.782861763184399709e-23
-4.717225678411700099e-23
1.886667289106033093e-22
7.108592781465882621e-23
5.161160011806323308e-23
-2.583978281481996666e-23
-1.013469607260964728e-22
7.803970820507738869e-23
-1.714885756343288816e-22
2.595743334337500998e-22
1.164807821219358499e-22
-1.250051742264500621e-22
-1.751057083818197090e-22
8.318198537761106962e-23
1.160476828529088847e-22
3.828076214060690331e-23
-1.347399129353594292e-22
1.145509583308815257e-23
6.211037340898096420e-23
-5.346846350082908316e-23
5.185647315581327330e-23
1.364336185854908536e-22
7.171942026170277452e-23
-3.426303857142503207e-24
-1.307438426659113050e-23
2.126548617664952945e-24
1.479109441237553943e-23
-2.830527707091827858e-23
-1.865622723036978872e-23
5.050371474745752338e-23
-2.274988550973323547e-23
-2.827427019462319435e-23
-5.561954784013532771e-23
6.310713655372148972e-23
7.836221548100043974e-23
-9.542486150186346909e-23
-8.066066266115185430e-23
-4.371264313713905938e-23
-2.032479508891129093e-25
-2.287627416094996126e-22
1.831113193140107852e-22
-1.025390780511555601e-22
-3.862122591384010052e-23
3.724759256896550946e-22
-1.304050050408376878e-23
5.951918482154714236e-23
-1.015759991460295754e-22
-4.046888351307553974e-23
-7.398784670547657512e-23
-2.193704093066475749e-22
-1.393475573745434832e-23
-1.711279510972016918e-24
-4.875264191379957334e-23
-2.410883347232085940e-22
2.309304951342389357e-22
-1.179336196636027431e-22
3.238448454705725939e-23
1.788460492268140460e-22
-1.984619585794130420e-22
1.170591405648972094e-22
9.444072779604043677e-23
-3.798523878942557886e-22
8.765054420866168097e-23
-1.022867578347954898e-22
7.437016524684687978e-23
-1.351125827957359671e-22
2.148665408107648636e-22
-6.248586583674294403e-23
3.869685214758003782e-23
1.661992651156658766e-22
2.293443345958927207e-22
-8.244246617069133074e-23
-4.914968900811833701e-23
1.426787392946837482e-22
2.472330650319886426e-24
1.125911922088887099e-22
2.566066024426346848e-24
-1.084836667329676280e-22
2.730827850808936938e-22
3.864631317617882005e-24
-2.057617272969748630e-23
3.068443205025798573e-23
1.250720050239448372e-22
1.579418521974971613e-23
-1.056274209888688185e-22
-1.226365994946571592e-22
6.546084891144309954e-23
7.399648575009978070e-23
-4.069905994463750223e-23
2.181345011442327038e-22
-3.481420082398149831e-22
-9.811092374787123890e-23
-1.097718031907971988e-22
1.283010405678599191e-22
-9.586264393860518763e-23
7.332809557582359214e-23
2.227624183854355847e-24
-9.625615820781714431e-23
6.417344861598402909e-23
-5.113107447257467594e-23
-1.546364476297382143e-22
7.566535357131643297e-24
-4.226810202401612274e-23
1.173366065550975211e-22
-7.338995794696625829e-23
-2.256889789987276698e-22
-7.796410337033713477e-23
1.137641428795238160e-22
1.408975157732738061e-22
4.175012743172097197e-23
-8.488647597443464128e-23
1.831213606363402784e-23
1.046243616042624471e-23
-1.247614869057415804e-22
-8.090413729520183280e-23
3.122689450259491777e-23
8.452668589829753261e-23
2.903845514842294277e-22
-1.504526603620733204e-22
-3.265202716820846447e-23
-1.302347401424786688e-22
2.090827090394899253e-22
1.421356477887522239e-23
2.597087853711440993e-22
-6.433472117604532212e-23
-6.298280887005502006e-23
-5.463539741808426550e-23
1.379159536517958429e-22
-5.547318649959967911e-23
6.854789216054862955e-24
3.658521318811842863e-23
-1.935751468815507815e-23
2.217475462435455015e-22
5.755446927372417383e-23
-1.417511097106907939e-22
2.604278736838636363e-24
1.747678003035422956e-23
-1.232465266140501126e-22
7.343764237663880140e-23
-1.252794313232622610e-22
-2.928845002385695131e-24
-1.491281672227663270e-22
8.248052658793896648e-23
-2.329528076437389743e-22
-7.596511457826493455e-24
3.795220521036669425e-23
3.292060334612928528e-24
-4.368290061633038788e-23
1.453887607413246036e-22
-7.347754494898428752e-24
3.019328610318907178e-22
-1.768101180235738504e-22
1.024511450985032820e-22
-1.109696617558083225e-22
5.863914483717183292e-23
-1.002164688768947114e-22
5.845816620702521575e-24
-1.459709698348923298e-22
-1.507397314581755122e-23
1.340636975835589680e-22
-2.598326287507359641e-22
-3.633319972353558537e-23
-1.342280664109047918e-22
5.956916544957365290e-23
4.043050308002271095e-22
8.480810542946967077e-23
-1.172897787591462890e-22
2.108914754644855168e-22
-1.263959335426546881e-22
-3.286791463001517629e-22
-8.463820442524800732e-23
8.454912909790916101e-23
-1.413762125567830101e-22
2.348509255177959751e-22
-6.829092880341961934e-23
1.626758986603670313e-22
5.062484640677232078e-23
1.061270737774525282e-22
9.369749216170093145e-23
-1.172105972795127345e-22
2.139313771555649705e-22
-9.782934494655521874e-23
-1.098021764312802984e-22
2.522089131876498326e-22
-6.833183136092448652e-23
-8.791697332350991610e-23
-6.604036813221696256e-23
7.471088645815488135e-23
-2.945459298260092736e-23
7.611122428051756893e-23
3.347888575309269008e-23
2.157292698171273258e-22
9.193635886192489602e-24
-1.041482259232609686e-22
2.085712793508126909e-24
-2.659751086117866130e-22
-8.241451141841035185e-23
-2.543665387433436402e-23
4.506168986522179811e-23
-1.141797174042120845e-23
1.701759863550166705e-24
7.740514550220562483e-23
5.614278909393414197e-23
-6.866960166862894844e-23
-1.292989504069684977e-23
-8.267023683245204401e-23
-1.096998829629425062e-22
-1.896901316291899229e-22
6.931748339407364809e-23
1.225635667410601734e-22
-5.541318761660466455e-23
-7.305107405349618413e-23
3.823154347929302658e-23
-4.611471554402317963e-24
-1.023599556242333161e-23
-4.582669014621364891e-23
6.606227779030010447e-23
7.655775231141213242e-23
-1.127684903669356753e-22
-1.193209485208064558e-22
-1.029451491527563098e-22
6.657310520681322282e-23
1.832810175780176081e-22
-8.905878268637701172e-23
7.293078402614466311e-23
-9.271666746627078150e-23
-1.792802004140556602e-22
2.232278977656170488e-22
-1.539813308458167878e-22
6.142318547301200424e-23
1.869744394284370735e-22
-1.169087038548494808e-22
2.437179602385807326e-23
-6.013056194851280854e-23
1.133790944679368750e-22
1.097743091363554244e-22
5.408543521030617967e-23
2.676617771820041189e-24
1.686177784201551785e-22
2.163120692397430766e-23
8.663605391135827952e-23
3.154770685218296421e-23
1.116654150660913420e-22
9.161423655950629470e-23
7.614804932094451366e-23
-2.278798088951870898e-23
1.040343383907233919e-22
-7.438013350975593644e-24
2.991190732786198985e-22
-1.790312653166860889e-23
-3.221605415964668761e-23
9.646489818909648960e-23
-1.868042202040007459e-22
-9.560811125105569805e-23
-3.075070025144207843e-23
1.327938747353335907e-24
-1.841406637434213328e-22
-2.285577482833169042e-22
-1.167956576568853718e-22
-2.293752181987108994e-22
-8.591001762260665713e-23
3.605045611080587215e-23
-6.451435209625694124e-23
-2.794092591415076919e-23
-8.924272582152857491e-23
7.249745463601861027e-23
-7.502294458158127622e-23
-2.281998605453345269e-22
-1.270364292184638685e-23
-7.906706427875935044e-23
-1.007199227931592937e-22
-5.002172329659574251e-23
5.487924943021864481e-23
3.836820665504555331e-23
-1.246609730552375289e-23
1.621235671125606644e-22
4.188295104045215033e-24
-1.617332049624099261e-23
-1.397924756013898537e-23
1.069271463325329710e-22
2.460873585274151942e-22
-7.654682969544040456e-23
4.505766000618982950e-23
1.407783755924578093e-22
-1.305631787122904947e-22
1.172048609701880568e-22
1.063787437540684174e-24
1.027435500535906844e-22
-1.124516494900022374e-22
3.263570712217141346e-22
-3.244260094290176687e-22
2.135168549363594459e-22
1.881381387166995765e-22
-5.525847158415731741e-23
7.763598011583914919e-23
8.200421015502189350e-23
2.045593438973745943e-22
6.860781987347152683e-23
-9.126659172026221675e-23
2.507815237381970738e-22
-6.576127285388794559e-23
1.049660833592177870e-23
-6.472467685658097119e-23
-9.920501494519344552e-23
-9.863082099498319364e-23
5.551209837950944956e-23
-2.436190676096679374e-23
-3.013645110218430487e-22
-2.437859981719597231e-22
1.737193469992923568e-22
3.711035797668739598e-23
9.470480550333880639e-23
-1.589626999488434007e-22
1.216968873208338500e-22
6.078291109631146520e-24
-3.531949806423724385e-22
7.207609760235164646e-23
-1.695692985469311294e-22
-1.342459293995318466e-22
-2.732176964167349021e-23
-6.826497420988238792e-23
6.670734279028550727e-23
-7.121339950582607998e-23
4.466842946982893965e-23
-3.515874110699670810e-23
2.836748187147290857e-22
-1.120056551293761372e-22
-3.617360650795849470e-24
-2.375439562826686879e-22
2.904856036980110408e-22
-4.014040281228771964e-23
1.936746160996658776e-23
1.428511850456053110e-22
3.695970087332365577e-23
6.610482908766149896e-23
-5.654163192955271849e-23
3.729647121306751790e-23
-4.014610218907634590e-23
8.535414023746985831e-23
1.624082560363035980e-23
1.666339774026171456e-22
-1.070901030639747140e-23
7.936975821906762227e-23
-1.227911005751283406e-22
-1.459761725445940738e-22
6.600637268669542682e-23
-1.294802430648914669e-22
1.629837978797615378e-22
2.121455963304181342e-23
8.109173629729194070e-23
-1.454260910570128079e-22
1.627262832602156843e-23
-1.344588076600145195e-22
4.907880194926597973e-23
-7.785496309765492201e-23
-1.227809752543318254e-22
-1.055790693679732146e-22
2.961971778488882440e-22
-3.379772552151830456e-23
1.028881340846309382e-22
-6.483097084863940708e-23
-6.160048458471541360e-23
3.365655055555494770e-23
-2.758808211106325166e-23
-9.241442550888590263e-23
2.730412266678596923e-23
5.931708976164564019e-23
-1.011529611248931524e-22
4.890014651493689863e-23
-4.025217440992114281e-23
9.049880184484129420e-23
-1.608328299682064768e-22
-4.047445387179971190e-23
-7.259752624608418800e-23
1.621430905806496928e-23
1.144119378006801028e-22
1.504554944287002052e-22
1.401223276117876026e-22
-1.332065100181138665e-22
2.400148426049670868e-22
1.186492182461969694e-22
1.924077772117798114e-23
-6.406052210279222405e-23
1.542117668520875054e-22
-1.256796336412453160e-23
5.570701133616873516e-23
-2.024512606197920674e-22
-5.856031189075817213e-23
5.646166778864856730e-23
3.128625116875017356e-22
-2.112622981890412732e-22
-3.228847966677354109e-24
9.781255756646856490e-23
1.542272100893437132e-22
-2.298559809437618231e-24
-3.646062752583339717e-22
6.679277105615514632e-23
-2.071585070549092950e-22
1.160071386350860744e-22
-1.779774101025419501e-22
5.288155851024909930e-23
-1.004975792996405748e-22
2.820786961297156345e-24
-2.063680784741984394e-22
2.543088863927202296e-23
4.054687261509752590e-23
6.522860178829839127e-23
-8.775661267488455151e-23
-2.539784841650889574e-22
1.116276291831288804e-22
-1.489291896065967196e-23
-1.600643076978283806e-22
3.817131838224387655e-23
-1.134316472399097198e-22
7.319036052133860454e-23
3.129131941014264719e-23
-1.534224385101271549e-22
-2.359892770153036900e-23
-1.008660797622235514e-22
2.191509988598768584e-22
-4.002410805605007291e-23
2.505774005127380412e-22
-4.959626485828140753e-24
7.264382974684794290e-23
-1.156243993355721623e-22
2.333028432257619545e-22
1.019579723362631892e-22
-1.537621443125146223e-22
1.870089700466211713e-22
1.425303404968530671e-23
8.303741563075682282e-23
3.154740395089512890e-24
-5.887457641468124169e-23
-9.980593139949807124e-23
3.140978970366770205e-23
1.144363368836863199e-22
1.107098549907733399e-22
5.919551032400366488e-23
1.272652969234786530e-22
5.475871310549079376e-23
-8.328665276390555594e-23
1.950313839562287778e-22
-1.520047233527150791e-22
1.914448906740623654e-23
1.384481283968208960e-22
-1.689189814897381804e-23
-2.004583050809044761e-23
-1.311087932996562430e-22
-1.745845614587208384e-22
1.906687359265334228e-22
6.852057524100865903e-23
1.542343876811880989e-22
-1.162130708032315525e-22
1.294505909584863403e-22
-1.566871919646932342e-22
4.942188553599559923e-23
-2.431069333995966935e-22
-4.429721378319541837e-23
-1.495561505768569520e-22
1.254953196502605873e-22
-1.171848408378985020e-22
-2.657958348316231711e-22
-1.847672617904240205e-22
-7.078189988782897400e-23
-3.865057674107147017e-23
1.139810653350194845e-23
8.544377883799888004e-23
4.565994402872311433e-23
-1.137937811004018765e-22
9.166434611589673129e-23
-1.762124472388044334e-23
-2.702574945424942127e-23
-6.226869339116786671e-25
3.007286100812911825e-23
2.590383592873281933e-23
2.128066201736203933e-23
7.057374098320291866e-23
-7.884311348787777093e-23
-1.878752728118290589e-23
-5.446666043822287702e-23
-5.370731312739254191e-23
-9.681049615071843725e-23
-4.377084710799008409e-23
-3.355030611794267539e-23
1.083027742222636407e-22
-4.061364797303395216e-23
1.124090914575379437e-22
2.006486999506389190e-23
2.552808361041255339e-22
-1.222232590035620584e-22
1.458961278084340939e-22
1.347397129137606614e-22
-2.260360963966799993e-22
4.534946797233426033e-23
1.258923994630210108e-22
1.462802898830085324e-22
-3.800410826922073571e-23
-9.583909611935027535e-24
1.759417095221412689e-22
3.734923072638579468e-25
1.170820627143301603e-22
-4.232755367988921222e-23
5.482359812974944396e-23
7.988529414244667606e-23
3.478285229746807230e-23
1.432049995469021741e-22
-1.022619158395426472e-23
-7.254103260833783227e-23
2.798368878730405515e-23
1.847994126756035805e-22
-3.865830436550315563e-23
-8.445537604557787680e-23
-6.208132869371027161e-23
6.392328632195107905e-23
-1.918380987882804837e-23
-4.197529938868366831e-23
-7.088279047368189469e-23
-2.813691532225555184e-22
1.729378461363025368e-23
-1.282793045283957335e-23
-1.140101475685352143e-23
-5.297545612911459782e-23
-1.504533193941572371e-23
-8.494908245991028088e-23
-1.277699649865898863e-22
-1.122694852664764437e-22
-3.102037270359949721e-23
1.206604672534759050e-22
-2.555971506483703267e-22
-4.458580515887131543e-23
-1.587257996410782978e-22
3.449727307289664356e-23
1.315977499142430977e-22
-7.346983644773199241e-23
-7.686182258199208363e-23
-7.444771147676846406e-23
7.520466178934551762e-23
6.825619132070129089e-23
1.810198568349831069e-22
2.610634238463096603e-23
-2.250508370704138219e-22
1.377748560139365782e-22
6.641244211143820367e-24
-9.615141502792143976e-24
9.173828301830451771e-23
-3.352479663890008951e-22
1.068822509166065457e-22
1.465910479477095253e-22
-4.997858244590167531e-23
1.610824784368089113e-22
4.947075152003693341e-23
2.542635083978000648e-23
-1.498949743091868377e-23
1.629787322638075719e-22
3.629461855385112656e-23
-2.101849142989275089e-22
-2.028305026285387606e-23
1.250202371907867799e-22
1.698802982991474648e-22
6.903729418016657489e-23
1.085925146996762811e-22
2.478908463876628412e-23
4.987032893542478160e-23
-1.867837859736905060e-22
2.653399756264077773e-22
1.407302895435162438e-22
2.067144737922386202e-23
-2.802860591407289891e-23
2.851549440413496008e-23
-3.294332658622875401e-23
9.800105055812525731e-24
4.115938383857607329e-23
-1.636296385127777210e-22
-5.957172649354920066e-23
-1.945324629727923440e-22
8.373512664742322007e-23
-5.678468462394591377e-23
-1.024338866064698570e-22
2.662716261888882532e-23
-1.089035558778383438e-22
2.035605361820219640e-22
-9.374855191871684777e-23
-1.248191119802210109e-22
5.781066884709058200e-23
-8.235145002576092982e-23
1.266627608058562508e-23
-3.707584401959905609e-23
-1.498113128457181344e-23
1.188356209730717160e-23
-9.374690375196600844e-25
1.940679820919258883e-22
-2.235216013637592960e-23
-2.765490410871969282e-22
6.270717323535154987e-23
-9.047961857709345742e-23
8.387184512583914449e-24
-7.140862464071342135e-23
1.179798926579668220e-24
1.176048768605407705e-22
8.315650933732856455e-23
-1.527147838667564266e-22
-7.840941698840684562e-23
-7.761764922019704480e-23
-1.409960826010220827e-22
9.182851098809830242e-23
5.415833139860148233e-23
-5.499331450020758773e-23
2.013242647582750996e-22
-1.825297667142278572e-22
3.097269270460998843e-23
-1.116591839564144875e-23
-8.746468464884410646e-23
4.621000582587906491e-23
1.267951209535786058e-22
1.714694203138599181e-24
-2.397284020224508895e-23
1.487789454261210192e-22
-8.205111624503193057e-24
1.131001887346597971e-22
1.195215867717572104e-22
5.173302007429094337e-23
-1.702614304508570975e-23
4.007670721453798413e-23
6.325756321517899911e-23
5.469571653734895817e-24
-6.779141215319374221e-23
-1.803967442048730659e-22
1.704584431509689435e-22
-4.918264447394890562e-23
1.531329123076916276e-22
-8.091362312956165422e-23
1.921561102354073061e-22
-1.178632108355718313e-22
8.461404656575905543e-23
1.519199754776878483e-23
-8.180893214064014042e-23
4.129014225142944915e-23
-2.750515832811006654e-22
2.558764722908871357e-24
-1.897048076172246021e-22
3.439017277290900913e-22
-5.494857808294961994e-25
-6.534356831089993833e-23
1.333507796633970092e-22
9.302979233905250908e-23
-7.687032167821177095e-23
-2.569329111848233698e-23
-1.799555768882440988e-22
-1.662678827479824198e-22
-2.658246016757206272e-23
-1.241203432949937281e-23
1.468269142158154361e-22
3.577836224794659517e-23
-5.921617193732637207e-23
5.997921415318196852e-23
-3.086852259744705734e-24
1.917385498138089311e-22
-1.212517025288470087e-23
1.978299541687735473e-23
1.633738285629704284e-24
1.015159703705801617e-22
-9.127880348756751906e-23
-4.571192307824120336e-23
8.283296525294384563e-23
-2.765454214518704401e-22
-9.933098044484514809e-23
6.718383747957073962e-23
5.929356738078481905e-23
-9.038965706065224700e-23
1.405839989627390448e-23
-7.030896877673464374e-23
-1.033171753681746273e-22
-1.470069737710890827e-22
-6.887903405280766214e-23
-1.690395869170682755e-22
-1.405799329084181241e-22
9.168739602567250101e-24
1.058706808503845828e-23
3.012899992488926418e-23
-1.765435664298839370e-23
5.482776136882966686e-23
9.160993328074136174e-23
-1.152428940077358175e-23
-6.898569731824399596e-23
-4.908880438766260346e-23
2.023070625398444675e-23
2.405105529984403743e-22
2.544573811968933892e-22
2.427555450909585168e-22
3.319898321293342427e-23
2.145029547702762900e-22
1.597687445909280937e-22
2.113377146000382337e-22
-1.569856755562333347e-22
3.769770165236252226e-23
-8.004729919927199305e-23
1.119437344240397260e-22
-5.955652723441119873e-23
-1.907727011172795294e-23
-1.156951593454336030e-23
1.585408712561748605e-22
-1.558968580423215792e-22
-2.970795216738885664e-23
-1.551622717195325246e-22
1.096045260197966774e-23
7.398065498812280290e-24
6.857143319111093074e-23
4.753492767816012171e-23
-1.849054145164824076e-22
-1.756795701812777644e-23
-2.039597772843154032e-22
-5.744561508608616384e-24
5.833734743156531624e-23
-1.160792061707882748e-22
-1.148524960470881373e-22
-1.826748272235547736e-22
5.975612376997806343e-23
1.737652644740852552e-22
-5.360249539907182922e-23
1.032739397670070173e-22
8.536156568291420326e-25
2.566534126864649239e-23
7.922319917434683842e-24
-1.204143005758603872e-22
-5.491933463359125800e-23
-3.640552693058748148e-23
1.352665554215401990e-23
1.317752659700201128e-22
4.467273808543365785e-23
-2.241545472315639879e-22
-4.637092733084033345e-23
-7.828318383772606354e-24
-4.118031963849394566e-22
-6.193340833665002226e-23
8.097676932182469451e-23
2.613616438703136832e-22
-7.282514158230762393e-23
1.771044411413987291e-22
8.314557692597393114e-23
-5.091035907412249549e-24
1.605528302356240324e-23
1.511216433373899193e-22
6.420039262735498042e-24
1.090572964266638871e-22
-9.699494411801411185e-23
6.142839454209667955e-23
2.084495484081459372e-23
1.630218925280834705e-22
-1.538560510923954394e-22
5.682904803937290074e-23
2.115730909923210616e-22
1.118026958077495474e-24
-3.371082094283648645e-23
1.995353924687685939e-22
-7.073734880291833484e-23
1.513540420322903041e-22
-6.604503570786859492e-23
-6.276405721814442064e-23
-9.932255958846886173e-23
-1.798481923358512033e-22
6.857866394053040822e-23
-1.360980119683374541e-23
1.994323816261645745e-23
-1.517816536736186355e-22
7.818011428138501212e-23
3.041082634933992527e-23
-1.303530561788229506e-22
1.759837829921234158e-23
-9.621405271084297719e-23
2.282609443102090006e-23
-8.154216699944917515e-23
-4.414092483690686606e-23
-4.588396119575428860e-22
4.084977160909034617e-23
2.813775105846169759e-23
1.162119688895617469e-22
2.551985741695494183e-22
1.506815316169952509e-22
-9.321070031510534658e-23
1.577573836078609537e-22
-1.272212042567376402e-22
-1.603472695661068254e-22
6.410462686931072834e-23
9.053682174862937944e-23
-1.979155306941633034e-22
-7.297982056060350829e-23
1.974874113599475291e-22
-1.613209803289701361e-22
2.036674908147653997e-22
1.015124964133365451e-22
-2.746069860656110055e-23
5.747748590805581869e-24
5.597803685223912177e-23
-2.293013610486711994e-23
5.575172868686277045e-23
-1.692672720279124267e-24
-6.593727076729626117e-23
-4.617066759682189446e-23
2.688039996079409229e-22
1.420702245457055324e-22
-1.061164430486876713e-22
8.462558529299831984e-23
4.738325317624545853e-23
-9.984547133351661557e-23
-7.170480969601861395e-23
9.062583503699191609e-23
-3.507683609489960013e-23
1.037931574031862265e-22
3.717793610881377451e-23
-1.494663820204462661e-22
-1.656531200917562625e-22
9.614472260294415284e-23
1.514125087561785110e-22
-1.953297999173347531e-24
1.058595734630325424e-23
4.596996244487622206e-23
-1.361041318612831731e-22
-8.373388151275516822e-23
-1.794895218572411229e-22
-9.179121587518062189e-23
3.206452016364254993e-23
-1.718039287987781823e-22
-5.940363059377856276e-24
-1.317156899241342259e-22
7.234657019132346344e-23
-1.763304197756810418e-22
-8.625934789435629671e-24
-1.653688302267069919e-22
-1.575874223783904493e-22
-9.110303108897493246e-23
1.063063734242476608e-22
-1.340036352909511450e-22
5.325495485277475620e-23
-9.613923007795798967e-23
1.228311531655880474e-22
1.241715033241046835e-22
3.029868336166860054e-23
8.709397253355955200e-23
3.041550676289540886e-22
1.808407901485160139e-22
4.986446188712091266e-23
1.356041110409942734e-22
-4.317494981552902467e-23
6.101728356523355262e-23
2.477342652354776751e-22
1.526819902550586195e-22
3.614533237480854809e-22
-1.912693036822379840e-22
1.956496996952970351e-22
-1.780016918559284597e-22
-1.097805702715795337e-22
2.187614230950002010e-22
6.834430803649918777e-24
8.612530823839766932e-24
3.895469722359720807e-23
-1.094772200077354617e-22
5.438233238875071878e-23
-2.612837724362985183e-22
-1.236218059842252418e-22
-2.367961380476947444e-23
5.992353356004052551e-24
1.603188006137475431e-22
-1.655894980719111083e-22
-1.573859150331414154e-22
-5.255796509881925641e-23
-9.817963203419448580e-23
8.858572990173153439e-23
-1.714979010853741933e-22
-4.175792011686812831e-23
-1.333530907668889827e-22
-3.081267095102547324e-22
1.491018944627856573e-22
8.064657351371572544e-23
1.400136180573323089e-22
1.109151491808911336e-22
7.102592490567452400e-24
-2.674445293016939177e-22
2.856057901798733891e-23
-2.711486044422046861e-23
-1.739582465096193429e-22
-6.168413292427797861e-23
-7.211532419424851461e-23
-2.430077951479061437e-22
2.098801660391342829e-23
1.995481323791122858e-22
-1.137805557287026206e-22
-1.923140443143652514e-22
4.086830343544298569e-23
2.063628141910349682e-22
-1.830471520896031063e-22
2.260357342618526115e-22
1.804197896776957408e-22
1.916926093572137408e-22
2.441766863312687137e-23
4.887180404732436789e-23
-4.091818483389759824e-23
1.905692613099121490e-22
1.576354171497123102e-22
-1.090628828079236885e-22
8.622466841710906158e-23
1.104102343132587730e-22
1.925847317072164036e-22
-1.724720454037061783e-22
2.018987276002309212e-22
-3.360400851505917304e-23
3.955149366794456870e-23
1.677761251123762585e-22
-4.248766356864359053e-23
-4.970953686454047255e-23
1.099655197083910991e-23
-2.309462418329782123e-22
1.691786545721509348e-22
-1.124827126776169865e-22
2.408216882494126200e-23
-8.409948759816398218e-24
9.612464464488383585e-23
5.681060176624133294e-23
3.320281004597261186e-23
-1.765598096316552595e-23
6.549009369213441329e-23
-2.869178817621340003e-23
1.719241977953346940e-23
-2.286116777308107490e-23
-2.530206274580063903e-22
-1.353556938690086317e-22
-1.574774190642740613e-22
-8.109919732686530052e-24
-1.423579033607480066e-22
-2.314042056783824008e-22
-5.029983889376979839e-23
9.487388795749664971e-23
-5.406633199720447249e-23
-2.129550227411296904e-22
1.187816081880840815e-22
5.866801920772424786e-23
1.234715102205878547e-22
-1.627408658839754424e-22
2.114178314226410051e-23
7.871112963749066331e-23
-1.685847277192009412e-22
2.127690293433916968e-22
8.032146886130635957e-23
2.907680422220412855e-23
1.272272022443915647e-22
-1.140500465107496914e-22
1.833118736090864161e-23
2.212665602677996660e-23
-2.288854963305647837e-23
-9.063372057319581655e-23
-1.576539619860175137e-22
7.946734314777599467e-23
1.472045261298045926e-23
6.911487297269529119e-23
-3.841068719354480084e-23
-6.481817672523544145e-24
8.951363884953429229e-25
3.375007020454873117e-23
1.004211020488583548e-22
-1.726501047192115205e-22
1.172725445381978419e-22
2.402165841813462766e-22
-3.170434697039293836e-22
9.521583858041673520e-23
6.273955854750761711e-23
-3.692327668115083668e-23
2.304315758212447207e-22
4.639494248117396997e-23
1.363274972809237965e-22
1.777763243860500517e-22
6.101014054081538540e-23
-9.478850685854711067e-24
-3.520972700345387899e-23
2.714442040448080810e-22
1.638381211342090306e-23
9.248328528887473808e-23
-2.722477320359054515e-22
2.417079618125457640e-23
-2.516083485995122123e-22
-8.355325241230870043e-23
3.181567810388356796e-23
1.599785587912074876e-22
4.970469767337036824e-23
-2.442465795939755582e-22
-8.130421845510001533e-23
-8.013171573869660008e-23
-1.218703482215870239e-22
-3.888950445072103891e-23
-1.088306496059878130e-22
4.601432208055189356e-24
-1.105861840901857651e-22
-4.450564541147258656e-23
9.814000068698572104e-23
-1.370152457213740372e-22
-4.723761060733702395e-23
1.676746791164732957e-22
-1.452646671814712979e-22
-2.619408005225972881e-24
1.671193650162915958e-22
-1.783969101095699320e-22
2.102783186269856615e-22
-5.943099947618463033e-24
2.259537178689327976e-23
2.585893561109689584e-23
2.340673616773003265e-22
2.961331500554811818e-22
4.327259228530849392e-23
9.169192493946291514e-23
5.019152970744562694e-23
-2.853751951020303365e-22
-1.001968766182100967e-22
-2.086992984713535839e-22
-2.206403835949659059e-23
1.678560975750677583e-22
7.207036716534033621e-23
-4.098749903434639342e-22
-3.079588838700563716e-24
-2.038537030498984010e-23
-3.854005061081122555e-23
7.401296012481329175e-23
-2.035730150037454493e-23
4.131405927653305940e-23
-4.431350127956485474e-23
1.611165750995111774e-24
3.416200021303321964e-23
-1.142389047509339776e-22
2.543368240660701061e-23
-9.120693907001608680e-23
1.533697345111138682e-22
-1.470910723244229172e-22
-1.617804359069476846e-23
2.030128473729609964e-22
-8.212293834889583242e-24
5.888855733514094143e-23
1.816539950528761074e-22
1.569364435219741973e-23
-2.004031431377359627e-23
1.534082011987280437e-22
-1.612828908607037436e-22
-8.489642035335763795e-23
1.358577136274849046e-22
4.174257510082786078e-23
1.311241262560576314e-22
6.035234851768288484e-23
-3.523305030285081182e-23
4.234989461634483029e-23
1.218382395242198560e-22
5.354947061208225176e-23
8.632011274758252974e-23
-9.780902282932811394e-23
-4.470477786666726821e-24
-1.535761404982256446e-22
1.966108049576637873e-22
2.066930116747657016e-23
-1.359908310080761254e-22
-1.341718236269846522e-22
-1.354323762715585312e-23
-1.249969992831936743e-22
-3.939192900577390904e-23
-7.139140121760995590e-23
-1.824907160372236285e-22
2.127691102773543737e-22
-8.739853151785830323e-23
-1.768518817153346224e-22
-7.967330182242358054e-23
-6.252372624229134349e-23
-6.452582840732551722e-23
-1.287653077803715615e-22
1.584927132082427222e-23
2.486292109983617677e-22
-3.739109701959011465e-23
7.730115158948209568e-23
1.372426680163315315e-22
2.222403556551690026e-23
-4.726784619006626502e-23
8.696026213446286490e-23
-2.596730166209234923e-23
-6.820656338249546649e-23
1.713002701241575605e-22
4.683958359659964823e-23
-5.616612527837060733e-23
7.829785348727010766e-23
-6.315516146976383324e-23
-3.742833875377722987e-23
-5.143647347727917570e-23
-2.089672025119993717e-22
1.891096712720644652e-22
1.777493349271706210e-22
-5.048519457211765855e-23
-5.830439863423243245e-23
-3.028736944347282610e-23
1.707878332515212242e-22
5.327469543299973366e-24
-1.124896176615215857e-22
-8.692377228097084148e-23
-1.290932241081460817e-22
-9.004520413953963179e-23
1.812469706195712691e-22
-3.475109744963445361e-24
-5.993091418632036894e-23
3.662230301008961051e-23
7.260339448598370637e-23
-2.291764674344905202e-22
7.378346593157889426e-23
4.146477633831167317e-23
1.604024755587543982e-22
-6.383717026747208670e-23
-1.934888478580515505e-22
1.442630616403165061e-22
9.061764243745345185e-24
-1.173865678172050873e-22
1.157158638620911262e-22
4.079483978456941531e-23
9.351365058328666470e-23
2.394940488259745046e-22
4.381740643952036892e-23
2.574715499257599685e-23
-1.278310613351630534e-22
1.898437726111281351e-22
-1.541813090206208516e-22
-5.797706904385562877e-23
-4.803356725557750582e-25
1.826167442202404346e-22
2.270414120302144568e-22
-1.466618813095738507e-22
-4.857354019964636229e-23
-2.372102016424657908e-22
-6.512250584820449828e-23
1.158425751414608915e-23
-8.982487937012877597e-23
2.006085483512765270e-22
-6.991955437707758570e-23
-1.683729981265848781e-23
7.366393788799397918e-23
6.091751300669748833e-23
3.756667421539558935e-23
-4.640965807568467066e-23
-2.475795554971586173e-22
-1.364404199555888162e-22
4.768727445154454680e-23
-2.571888720211047180e-23
-8.622730605725511281e-23
1.438492840391170355e-23
-6.080052950576995159e-23
6.142696172446553476e-23
-4.841238903847940456e-23
1.029325594963789185e-22
-2.893102937952549165e-22
1.730908224029944707e-22
-8.544583893606059028e-23
-1.178863658989428777e-22
6.789749385390523098e-23
-1.026174348792268748e-22
6.075281137661122069e-23
1.759846328860657522e-22
-4.943710611763159497e-23
1.785439364530519736e-22
-1.061450487314065576e-23
2.420961726489825886e-23
1.228914515934654322e-22
-2.903118377240485692e-23
-1.354970328068660802e-23
-1.027887675019150842e-22
5.588083577730719364e-23
-6.713633869634750159e-23
-2.173774954813564548e-23
-2.234894613541108118e-22
1.289247034972729491e-22
-3.177982051056778220e-23
1.159932910212788070e-22
-1.493226560163056072e-22
2.539953318830927176e-22
9.243013236728389246e-23
-1.306900223021216553e-22
-3.748017179673569736e-23
1.394098929418567502e-22
-2.223387956313501922e-22
1.615988788859465988e-22
2.902214139952725759e-22
1.195039017244360537e-22
1.234096110452071279e-22
3.817056403661337951e-23
-9.765451253637418071e-23
-9.674752287813688511e-23
1.825542090678327751e-22
7.478003800064235684e-23
-1.315426590150381631e-23
-1.338634134308067722e-22
2.392010981850370118e-22
-3.495716987917112838e-23
-1.999860937698874061e-22
-1.614419192332960532e-22
6.513454099018514495e-23
-1.793966758407999461e-22
-3.825782927505412223e-23
-1.262309002671619506e-22
4.564786854865554238e-23
6.399931894906431191e-23
9.793691047893532087e-23
3.189758877438122552e-24
-2.916456156570560075e-22
5.087718310359747871e-23
-9.786738695653256106e-23
1.399773397144320545e-23
6.408434787806108981e-23
-1.021989313256713197e-22
-4.306117647600740586e-23
-1.090415502411696152e-23
-4.666188644776389615e-24
-6.892628459307776582e-23
1.015430355729950368e-22
-2.579057074674570531e-22
2.210738274521801375e-24
-2.260066337411619090e-22
7.399442720822924424e-23
-1.307311207587083091e-22
1.244368463012026018e-22
1.825470072191093430e-22
4.964225338067035613e-23
1.802574049995188714e-22
-4.101936203402992606e-23
1.496110251652173723e-22
1.198958133687730791e-23
-1.545601349589221053e-23
4.817511162986243818e-24
9.175607284763499986e-23
-9.629235481515972154e-23
3.363635564404582257e-23
5.478675940760479482e-23
1.330202091689649441e-22
-1.952776491809254371e-22
1.191254071716074484e-22
8.913934499784413919e-24
-1.108078916467292182e-22
1.694019874375120161e-22
-3.177501819915648865e-22
2.239196945805286323e-22
-1.593962360420445040e-22
2.847117384706490757e-23
-3.468222901785748515e-23
5.819777169067828088e-23
1.519579249065280748e-22
1.597322444694004514e-22
-5.897021976783331881e-23
1.752832348808021130e-22
-1.387807128116437264e-22
2.442722649715264400e-22
-1.312466298247612702e-22
1.344119373359188321e-22
2.727705087751759866e-23
-1.687561611737079089e-22
7.954737842979950226e-23
-1.874658206918225176e-22
-3.659660772037318654e-23
9.792419518658472637e-23
-1.075166730377988036e-22
-1.170677260060703007e-22
3.408114530031031233e-22
-1.468268525899267786e-22
-3.627191585531050276e-23
-1.776363788523474008e-22
-1.848714898739040570e-23
-6.049096642671611824e-23
-3.624512069908310863e-23
-1.089664144726796148e-22
-1.109774411113115098e-22
2.665861263150738245e-22
-1.568173132185465306e-22
-9.380237337321260543e-25
3.465243590285666147e-23
1.334526193857374959e-22
2.065050428973393088e-22
6.784447288561993655e-23
-1.985535900175281898e-22
-2.195872544358111443e-22
1.549610371459580146e-23
-1.213246080169024272e-22
-2.994534818421762430e-25
1.109548428978006620e-22
-1.060759254803583685e-22
-9.273291307544215653e-23
1.620509868736020048e-23
-1.680554829713134231e-26
4.871217485660558895e-23
1.039809134697828371e-22
-1.744269661669633324e-22
2.792127681695477993e-22
-8.390761994369080358e-23
1.658275708674666841e-22
-1.188386093065881461e-23
-8.831645943063366250e-23
-2.265136365192296084e-22
-3.168026591565718861e-24
9.797898495667960691e-24
6.778559428196763789e-23
7.909359605772294759e-23
-1.176042091610691349e-22
2.883667808015037135e-23
1.162737578647719644e-22
1.812512460633624369e-24
3.795408576482581579e-22
-1.444457082294250870e-22
1.525374909398202476e-22
1.661698075820898246e-22
-1.064579978592156345e-22
6.625755758072537537e-24
-7.568855746768077951e-23
4.227861556841913090e-23
1.144713655772847556e-22
5.480988166046985756e-23
-2.073867675103146690e-22
1.787676718372896672e-23
-1.217965644951772171e-22
-2.593298870229225464e-22
1.057399782239076442e-22
2.129716758193445032e-22
-4.677424001262667626e-23
-3.027505556764164748e-23
2.534749041088131240e-23
-5.180907154976726374e-23
2.358706380286045414e-22
-3.149651965889157354e-23
-2.344891770979151871e-22
-2.646933539243303291e-22
8.035379001969271627e-24
2.546607986142422538e-24
1.557960308881280633e-22
-1.399375280433570629e-22
2.703098467109156550e-22
-4.991161361923056937e-23
1.209451660015907867e-22
2.051531817065742515e-23
2.463350948187387891e-22
-1.780932565338348152e-22
9.188812107092860337e-23
-2.755471904777866091e-22
2.246597403073469283e-22
-1.920229689015261816e-22
9.299371392901045005e-24
2.332696415972899833e-23
-1.265015889147611636e-22
-1.623315822126755581e-22
-1.240895817619370944e-22
2.593465722993333313e-23
-4.293941267474108038e-23
-2.527576550269702296e-23
-8.620579438347072084e-23
-2.522163270919307152e-23
1.748086988014554757e-22
-6.055562375653385725e-23
1.972277228807783590e-22
-8.522957296352515673e-23
2.332163262466683767e-23
1.772270947215703082e-22
-1.832334077512958018e-22
1.317326226960725343e-23
-2.269804288716130080e-22
4.697573141558350423e-23
-1.457304652208417561e-22
1.316317465644657871e-22
1.032060808321924578e-22
8.213249468046905066e-23
1.846812477282748865e-22
1.544556159084689402e-22
-5.603871692871957443e-23
-1.601808989146214914e-22
6.519194327813990786e-23
7.192506964688053472e-23
6.400668719767570865e-23
-3.166733994724879927e-23
-2.778655218078725634e-23
2.697202943547321125e-23
-1.702471379997366491e-22
-3.925734414404226226e-23
1.262370145158510559e-22
-4.964286358367500445e-23
-6.804173356784015789e-23
1.670795150489749449e-22
1.736628259039356272e-23
4.647666981619140709e-23
-1.348087259023892502e-23
1.242153925866187589e-22
1.866314827609860484e-22
-1.723652663869674528e-23
4.354367191057837448e-23
-4.672448430213502518e-24
1.726671707297881933e-22
-7.640208174370787181e-23
-6.939450693159748811e-23
5.328864263220530015e-23
-8.813223675313093745e-23
7.315258655998086405e-24
-1.661722028105068803e-22
-1.537721815251593361e-22
-7.539700625658936704e-23
-9.503295364392316966e-25
-1.171320415724157907e-22
3.802829747477903147e-23
1.715392519163990558e-23
-2.227865618938155085e-22
-1.463857273019007786e-22
4.335876429409482310e-23
-2.672484261837139249e-23
9.247535999476471272e-24
-8.226383420641888604e-23
2.064287312881274177e-22
4.998555763150897264e-23
-6.162975555712849256e-23
1.366682920370665847e-22
-2.668748435894897110e-22
6.208817934167523544e-23
7.813092529791466687e-23
-4.056685534859441576e-23
-3.570295478416479472e-24
9.096456620557185196e-23
-7.948330773157138771e-23
7.554505468198704548e-23
7.333469918387891665e-23
-1.113811799216676285e-22
3.549329088347616353e-23
8.028961877423637596e-23
-6.908134250691156467e-23
2.663823382399021486e-23
5.692806795370159314e-23
-4.260747061525066944e-23
1.434153311915987361e-22
-1.414129175604541935e-22
7.376543583413014375e-23
-1.743551329983817137e-22
1.391375083103216606e-23
1.041029677641115991e-22
-6.921583622055037123e-23
1.422686699311653361e-22
-3.724380593935071729e-23
1.238615458848384352e-22
1.881661953052011905e-22
6.097122874750102767e-23
-6.602572771643559034e-23
8.782379857844314472e-23
3.262504545432999831e-23
2.580023858958051889e-23
4.413035289075455240e-23
-6.594409570300647853e-23
-6.954590023213275031e-23
8.581823592334121032e-23
1.320258459347837034e-23
-1.123708299078451940e-22
3.685475969860393598e-24
6.618331654790026396e-23
8.727122527309378086e-23
5.169755967394082604e-23
-1.485725106987780974e-22
-9.492542304950937938e-23
-2.393881277883045442e-22
6.760549998270922662e-23
-8.881827558217987046e-23
-7.912196344452643355e-23
1.031071099864307648e-22
-1.666045852414419537e-22
9.971004900017925902e-23
1.539196806512043760e-24
-2.263332647479542179e-22
1.889973102089466121e-22
4.104361240140036131e-23
-2.732723296211903048e-22
2.655745165204782102e-23
-5.044566154825098978e-23
-3.207070001491534476e-23
1.099110371349174713e-23
1.180425089538356659e-22
-6.473011820680645085e-23
6.069674876700019611e-24
-7.940111991807123683e-23
2.611905468134408209e-22
1.786944560221250438e-22
-2.481061831567451042e-23
1.991168111899374470e-22
-1.006783199814152423e-22
-8.558889867563223410e-23
-1.047599410087689966e-23
-1.463527057415569870e-22
8.106156596637870442e-23
-1.624178035284739897e-22
7.145849963006324915e-23
-1.324235929010555776e-22
1.406982588263021355e-22
3.267305509274688318e-23
-9.771059620632684112e-23
4.164515813044569010e-23
2.903583511921257953e-23
-1.225179489585704489e-22
1.341079486336952760e-22
2.362429654191865071e-23
1.042502684661946130e-22
8.870074346980209254e-23
-5.041037622841710691e-23
1.691632819814547634e-22
1.920873568219457507e-22
-1.709212978474091913e-22
1.203856438103802010e-22
-9.353710997063300561e-23
4.913455062937585911e-23
8.142612520030788011e-24
-1.416887157670708914e-22
5.799252757476600701e-23
-5.717258838793049387e-24
-1.950981588038584738e-23
8.307118115464806093e-24
2.449878690430884341e-22
6.244386284059831917e-23
-2.713205634155478783e-22
-9.903785302797893385e-23
6.973408597995700432e-23
-1.272036264501571019e-22
-2.166521768650484731e-22
5.580051322907736302e-23
4.396421865730292948e-23
-1.531974650876723771e-22
-2.035237765539063812e-22
1.748726161515632626e-23
-1.794677923976507411e-23
1.040001712423864189e-22
9.315863426203812896e-23
-6.822475083573442297e-23
1.524672124816514518e-22
-1.297036983409478331e-22
8.575412881195591656e-23
-1.787937425220938704e-22
-1.164353914796048217e-24
-2.049571468832883103e-22
2.101566328360482643e-22
1.593901091890093586e-22
-1.851333532709746767e-22
2.726029730405525536e-25
-4.283025692903346333e-23
2.140916431990013937e-22
1.895194607949729108e-22
1.304743293937501644e-23
-1.687354655357613789e-23
2.543117922405836593e-22
-5.307887946873761393e-24
-1.411099934627693856e-22
2.435769685144071229e-23
7.785372838486863879e-23
1.347222325962859037e-22
-4.420282460158289434e-23
-5.402156766288474814e-23
-1.224884534099115084e-22
6.799208374209145728e-23
-1.645349750029921120e-23
-7.797167220185759496e-23
-8.141443137395746998e-23
-1.150026352868824762e-22
1.629135524728788188e-22
5.356805293723979701e-23
-2.515064842881574792e-22
1.907658192509528382e-22
-1.799345120385801801e-22
1.465486286275528104e-22
-4.558690659098687556e-23
1.200371693463147770e-22
6.516882125761209115e-23
-4.375090844618609946e-23
-6.338971816295207715e-23
-1.934934617244167059e-22
3.851192607207818103e-23
-7.575686855540030504e-23
4.666340850221622202e-24
-8.291341015719608418e-23
9.160641148495222395e-23
2.112776788920046096e-22
-2.781389142722477240e-22
2.974646245375275948e-23
1.844771639068087005e-22
-6.224093167576025382e-23
-4.587670998355346806e-23
-6.076450887630439998e-23
1.040503017075629215e-22
1.916400207347671485e-23
-4.728758790825391596e-23
-7.663635801990935434e-25
6.080106509188322893e-23
7.233394239831421130e-23
3.525818637792079420e-23
-1.338442568192426280e-22
-1.260875746993567298e-22
-5.710874442956565270e-23
1.504913786973094131e-22
-8.533170811351754809e-23
3.032201479164749398e-23
2.827917030861197300e-22
-1.086835228679878976e-22
-3.765889685639858691e-23
1.099778752085111122e-23
3.454126893317827954e-23
-7.303587670101192353e-23
2.179062248591623349e-23
3.453303930243369663e-23
-1.582202867068618603e-23
-4.817589236778835524e-23
9.094914132252735523e-23
1.522192592960870304e-22
7.734835033969561939e-25
1.342716995378695919e-22
5.255447704262489072e-23
-1.153446395109348362e-22
7.771752295271796667e-23
-2.429536895899870004e-22
-2.035920865082058254e-23
3.797220249154179850e-23
-1.422896040221611446e-22
-8.114180531486286448e-23
-8.740015640803335149e-23
-1.131147971794373632e-22
1.325291595182713155e-22
-1.021394558900021238e-22
-1.105498160294322577e-22
1.025303368548873000e-22
2.337884009837922110e-22
3.346983091131167622e-23
1.942954933567118047e-22
-2.323159289604120284e-22
-1.224705221662377224e-22
-9.932204686592410366e-23
-5.346650364659293654e-23
1.820690082490337195e-22
5.282110142905244173e-24
4.179957190929705265e-23
-5.888199184828702202e-23
-5.319228083679223806e-23
2.196711405176294248e-22
1.616943037228482195e-22
-1.047707791680031507e-22
5.428589710963986106e-23
1.207519197518263187e-23
1.227415174482791727e-22
-1.053053649705775203e-22
8.824224728129279663e-23
-7.338134878138684802e-23
2.762273875454176022e-23
3.833291261008241714e-23
-1.763924557588060582e-22
6.893019152910330748e-23
-3.653829044782714053e-23
6.293622743912572715e-23
2.879188481720103544e-24
1.003527055499377524e-22
-1.109824797215565548e-22
1.386926734369033934e-22
-1.053391544582803828e-22
-7.235528715052073262e-23
-6.831485701171391453e-24
7.489663279625902823e-23
-3.231410632636662627e-22
-1.401282674801158067e-22
8.175866704561374419e-23
-1.068860630220618642e-22
-1.772383462590555684e-22
-1.586039332754230391e-22
1.332224712145513355e-22
-1.169899989960199880e-22
1.340301734596331859e-22
1.214220991131083137e-22
-1.761124323684134344e-23
6.196012865248588968e-23
5.245961782705949613e-23
2.488257555878965264e-23
-6.814634609933965468e-23
-6.266653923524668818e-23
1.561891698209585211e-22
1.407502471530252016e-22
4.167563690775680390e-23
3.988324521266424789e-23
1.051847025570993051e-22
-5.828194415283241537e-23
-1.372144017320499932e-23
1.401490930344866052e-22
1.575171360324218351e-22
1.617906015267710347e-22
1.058403860491507382e-22
-8.237252715998151784e-23
2.830317543549930855e-23
4.488393128732493674e-23
-1.106364677090015926e-22
1.022833998091885224e-22
2.768508818260298986e-23
-1.386867792212042943e-22
-1.433127758272444610e-23
-8.341539297790875288e-23
-1.634960666091507535e-22
-2.229362318165827060e-22
1.222459048019310065e-24
-9.881848222889707665e-23
1.499786460400187066e-22
4.436124481381326520e-23
-1.901213083932009288e-22
3.621796500326764203e-23
-5.864518115003426590e-23
7.357024099054872360e-23
1.095869944118981051e-22
-2.162636085235604265e-22
4.970815479799089060e-23
-1.460082541610053069e-22
8.995238234686410761e-24
7.512204331232888177e-23
2.834231415892489929e-23
1.201636771175075462e-23
-5.404515237057028226e-23
-1.413060764986563865e-22
2.463312206771651051e-22
4.408355575243614564e-23
-2.358471534087487476e-22
-2.224235484263642832e-22
-6.760096869963001185e-23
-8.215250201511628441e-23
1.627187875088169390e-22
-1.239078043917111973e-23
1.653189611738502427e-22
-4.630243783852426853e-23
1.151181749374257638e-22
2.610013872923213641e-22
-1.865205658638773796e-22
-4.771562140893348830e-23
5.286883320179410645e-23
1.333982884247582586e-22
-1.095578099731207077e-22
-1.124338678268503826e-22
1.567065128923306264e-22
-1.016762788900822793e-22
1.744123499271845502e-22
2.471168264727845037e-22
-1.565376659543936298e-23
1.521531060237279775e-22
1.813321573721533181e-22
7.582100831348512813e-23
9.489680416949866565e-23
-1.082933453272589886e-23
-1.992198723920878017e-22
-5.557353335322182280e-23
-1.589588160780287280e-22
3.161126660280060680e-23
1.679391819273550127e-22
5.416156018446155974e-23
6.446172634526757048e-24
-2.016649368267104471e-23
5.360634179865864090e-25
4.898303930440261206e-23
-1.168019787679535446e-22
-2.986331684228957922e-22
-1.425906323601722051e-22
-2.117283484919849302e-22
5.511019433323812704e-24
-9.316966291387871035e-23
6.375874142052400871e-23
6.088338874068414560e-23
-2.597542884496002967e-22
-3.499916336745444007e-23
4.451884462880619454e-23
5.772139089702525155e-23
-1.156542913005013803e-22
3.907176809175175986e-23
8.961302793717211824e-23
2.671565253434263944e-22
-3.275311343785642432e-23
7.910933192352249429e-23
9.855397821220560908e-23
3.962536958878575864e-23
-2.172110263909216945e-22
6.807078550304478426e-23
-9.111850479254688209e-23
-4.640962174638697046e-23
-3.422284380053011273e-23
1.277898471201682621e-22
-2.227857335296964547e-22
2.367738417284878700e-22
-6.555527196838312968e-24
-9.610921039082809086e-23
2.498884260016001679e-22
5.553713808257678974e-23
-8.663434997582077130e-24
-1.365948790566759194e-22
1.671055648637404204e-22
-8.232371515768796628e-25
-7.960056307811736488e-23
-1.920333238980007967e-22
-2.436343687042843673e-24
6.507782294902734316e-23
1.229514983473971614e-22
-3.520295799349596610e-23
3.431072151367284442e-24
-3.345193916040095522e-23
-4.852731570152412906e-23
-2.382535242741078609e-23
2.689522547029827688e-23
-9.031213811624240996e-23
2.591995472132871653e-22
-8.888706637721323963e-23
3.332152024672289467e-24
1.257970059997910635e-22
-1.107300332493400005e-23
-3.017972036386846652e-23
1.122081307119702363e-23
-3.428160593819879136e-22
-3.112890671057525351e-23
1.800116140543968733e-22
-2.606566864396540128e-22
1.046485092044203981e-22
1.141519662355416901e-22
4.135719934266737285e-23
-8.155664771708465835e-24
8.257446751610082776e-23
1.378355448464124794e-22
-1.320113911077622645e-22
1.775757750173540718e-22
2.129794062611364847e-22
1.350986313919838972e-22
-7.684990968108285182e-23
-5.955881350476442204e-23
3.736241314348858339e-23
2.786117384226802447e-22
-2.755539125344328986e-23
-9.687454965914651331e-23
-3.216144892520168690e-22
-7.853977070384575922e-23
4.584692912343001500e-23
-1.386495719103988959e-22
5.303559093131051163e-24
-9.715660100209372929e-23
1.271686795140727324e-22
-1.895522691801558253e-22
-1.010483756653475137e-22
-1.262599038194977349e-22
6.833751382050566507e-23
-2.874112254380811131e-23
-2.632294895868392261e-22
1.295517202193633209e-22
-1.652967741700330448e-22
3.132357283672475747e-22
1.647826535454296102e-23
-7.331259139736922696e-23
9.032230945392843282e-23
-1.230491857176791347e-22
2.708623178203038979e-25
-1.355021012321043727e-22
-7.667058589079408375e-23
1.622703349061786619e-22
2.344208895949870824e-23
-4.041931021794144500e-23
-7.716187447919744945e-23
7.067908250920592916e-23
-5.053918222362071850e-23
2.304494748628898117e-22
-5.946601243489032835e-23
2.285576552943600966e-22
2.811927926696085144e-24
1.021120569942347795e-22
3.021345503974557394e-22
-3.133545522284778170e-22
6.460277740829365645e-23
-7.136685564983217971e-23
3.576428502026028086e-23
2.184948082167938348e-23
-6.278354271158077185e-23
-1.253592025689119271e-23
-2.055869338217421618e-23
-1.151908802153969265e-22
-4.388891741816533575e-23
7.106237826758681509e-23
1.349595073428622589e-22
1.038872862786343216e-22
1.069022446905590019e-22
3.408679816961330893e-22
5.752039622111542120e-23
-4.378853436954489273e-23
-5.195705794650289604e-23
1.192215454628062070e-22
-1.173235049531953461e-23
-4.953529510751574308e-24
-1.232050959538035193e-24
-1.332706192900205256e-22
6.324480913393432398e-24
-5.350050573760307771e-23
-1.090388028469563552e-22
1.139406612917901672e-22
-8.881145421816485141e-23
-3.610225247800604006e-22
-1.058923306413624729e-22
1.400123593132923995e-22
-2.099393844491636157e-22
-1.182043157463606300e-22
7.338015794020665208e-23
5.291569568736254914e-23
-3.145820570858225304e-22
7.269123628914283658e-23
-2.875863043338006377e-22
1.621661241274386191e-22
1.430638161271478787e-22
-5.707613681124170350e-23
-1.556809005653497503e-22
-3.062274861062195902e-23
3.154828428902057047e-23
1.287447093376075715e-22
-6.157277086495787151e-23
9.767067599969337735e-23
-2.926901273856150507e-23
-9.364498570973557516e-23
-9.101431921358670908e-23
9.906892922644669910e-23
1.298815792600639963e-22
5.358455080978863921e-23
-2.863086903486810558e-23
2.311020548142175217e-22
-7.173303991820027617e-23
-1.267574625319135145e-22
-1.201902266929314736e-23
9.979008686276149477e-23
1.987099579440325763e-22
3.988059615716633125e-23
1.388982338457951181e-22
1.269260645525788108e-22
2.947959797259394964e-22
9.218140120896355238e-23
-1.842795305084232908e-22
9.244562404028874374e-23
-1.159606669071998447e-22
8.576996706245908236e-23
-2.711914418549474592e-23
-3.102456623245826275e-24
-2.138874044771654796e-24
-4.456469925497870302e-23
4.070079779949081996e-23
-1.768010129769326535e-23
-4.522414108139740336e-23
-3.394635426050264581e-23
-1.528187125605393541e-23
-1.062448787362281495e-22
-3.218340578557696677e-22
2.771248766408178610e-22
-3.284033596530066520e-22
-2.624859631179391190e-23
-1.083289352247189819e-22
1.405286193528955927e-22
9.355390375743404706e-23
-3.113230157884705086e-23
-1.203212716125170265e-22
-3.889336523353418785e-23
-1.363962037631587224e-22
-3.697887102959542527e-23
-2.186609688432387100e-22
1.203249942075766004e-22
9.494747498743155640e-23
1.514743731574294259e-22
8.900039011307574334e-23
-2.392239671816968242e-23
1.551744003968811423e-22
1.124752571190081873e-23
7.884216025651331599e-23
-1.072204826717805690e-23
-2.316006347360452622e-23
-5.551338595890937126e-23
8.658622708709895672e-23
5.373935312815365432e-23
-2.254810838714115356e-22
-9.911535519836756124e-23
4.596540306334988376e-23
1.702143428565424534e-24
1.567941548934966319e-22
4.892396678706911660e-23
1.142178741224818876e-22
-1.816691512119746899e-22
9.761337440353487187e-23
-1.037404494245533426e-23
-8.120272877676679764e-23
-8.977393326010992837e-23
-3.053766212808821355e-23
8.289378600705762133e-23
3.302252674226403187e-23
2.662812794858221705e-22
-2.821695591171304827e-22
-3.876877648328065097e-22
1.202591800139325220e-22
-6.429678992314568861e-23
4.841120713922976333e-23
-1.625360270544355654e-22
1.754561826655316154e-22
-8.761598242495690115e-23
-1.624327907927247785e-22
1.730566663904547189e-22
1.033772415281017590e-22
2.492962747876007884e-22
-9.738365250857545963e-23
6.003336395907252520e-23
-1.167600347713470788e-23
3.075532216144724016e-23
1.278135876356072092e-22
2.587491825705874085e-22
-2.795870236038799027e-22
2.636694368421580858e-22
-1.653434826923561567e-22
2.100994036913538152e-22
1.627949229397479087e-22
-1.710003107952570088e-22
-1.583704311241440542e-22
-8.514352941275329221e-23
-9.318752520107596680e-23
2.578454617453830289e-23
2.577713576321879282e-22
1.164616334313634173e-23
-6.743264663342784569e-24
-3.235874907205847790e-24
-9.773075657183617681e-23
2.187929681115049615e-22
-4.671160514665243667e-23
-2.835467736006132448e-22
1.217217900362442223e-22
-1.614306746385010693e-22
-1.654076497222531867e-22
-1.917555235768976132e-23
-8.447671367194913977e-23
1.511064583194136203e-23
3.222475317442591582e-23
-8.805200510124010868e-23
3.246238836012837040e-23
1.267480584561908618e-22
-1.978246960715586548e-22
1.313357421262766448e-22
-6.557281475898803622e-23
2.443042762298743251e-24
-2.055490567296467885e-22
-5.853146057018729745e-23
2.568823243458552505e-22
-1.265289919895507501e-22
6.485392298333964158e-23
-1.327615774548144433e-22
1.943163192587685825e-22
1.640755754504506873e-22
-1.437278401473001858e-22
1.656324790070757392e-22
-8.483837738242650837e-23
1.036059323909128803e-22
-5.774272937088123907e-23
-1.729367048778955555e-22
1.216127425416671628e-22
-1.238823843233353189e-22
1.341593663490103724e-22
-6.858434588983688293e-23
3.196571796443445211e-22
-2.854199844739394990e-23
6.009599774666060766e-23
-4.943753780807029505e-23
-1.170669399573591545e-23
1.652561230425203990e-23
7.255884766358557153e-23
3.790130749288735142e-23
-1.696606968448667085e-22
-1.549056992788975475e-22
2.076736646811228953e-24
1.082309344128027180e-23
2.438054294202202486e-22
-1.632569133633381668e-23
-1.032200885359756734e-22
-7.825318326796103692e-24
-1.026904087957935990e-22
-1.764685405937291895e-22
1.821630657914653682e-22
1.250166227049827894e-22
-8.678737964010527641e-23
1.150138896056537388e-22
5.371647504856838807e-23
-2.266569600733612140e-22
1.318483740020704365e-22
-8.163203329931232665e-23
8.268787138795616220e-23
-1.856234411403380960e-22
9.947992911355162887e-23
5.079115126405160589e-23
-8.937143098484698931e-23
2.034682795262552139e-22
4.809044556259402215e-23
-2.289598725447745793e-22
8.088884012308102932e-23
-1.597606359942620752e-22
-5.939567419790680269e-23
-6.235172348665208111e-24
-4.735965367820947064e-23
6.235414359253120630e-23
1.685825304838343325e-22
-2.171503474194425129e-24
5.150284642276461588e-23
-6.649689258606186462e-23
2.321031886241645272e-22
4.392126991563412125e-23
-2.369180003801418401e-22
-3.587960847367447922e-23
1.205570938795379576e-22
8.636257236560673645e-23
-2.279606796616633433e-22
2.863370480999021586e-22
-5.360267222085986497e-23
-6.525102293250959470e-23
2.602874501923807464e-24
-1.822800581168866663e-22
4.981566615515678810e-23
9.566949463027070470e-23
7.289358058053989757e-23
8.929914812704055236e-23
-3.970257606934186122e-23
-1.317838486461842249e-22
-1.105858224171862218e-22
-2.504863042814182614e-22
7.074218985989501545e-23
-2.688915342428258172e-22
1.569314369878964917e-22
-1.242561879795680543e-22
1.627136502025566761e-22
6.898303137265375980e-23
-8.455915632289833233e-23
1.084923161471605998e-22
-1.969055645652099055e-22
2.401947923001868426e-22
-2.209132139954777091e-22
1.552846103650302277e-23
-3.084724416828199659e-22
6.395665041132642366e-23
1.546183938291164402e-22
-1.199983500780260822e-22
1.993379220699444659e-23
2.311434551615077860e-23
3.464122159421017371e-22
-2.328078705079959902e-23
1.603896178722663042e-22
2.184991041138627877e-22
6.682342664169569147e-23
2.554582424066558147e-22
-6.051821151810866177e-23
1.149712049133097047e-22
-5.878596334204981179e-23
-1.918030284608159968e-22
-1.041333689879816199e-22
-3.761942915298463841e-23
-2.945523193949142800e-23
-1.778852735790178251e-22
5.227023229200694046e-23
1.671785953299723598e-22
-1.204359017797309946e-22
1.105797349873130151e-22
-1.858623574334991139e-23
-1.364741432537235039e-23
8.234697282077651176e-23
3.175584455555611515e-22
9.557459678465883739e-23
1.635930035520680219e-24
-5.856748951242897553e-23
-7.427549651946733661e-23
4.086282277985961452e-23
-1.401080352817043751e-22
-2.586658019403469582e-23
-1.185707770701860312e-22
-1.566272232531308004e-24
-1.468140091195150207e-22
-1.424621995886401966e-22
-1.533475863584521728e-22
-1.888605650572176209e-22
9.432179368518929439e-23
-6.436893967289732434e-23
1.623643847893631989e-22
-9.589888228259584484e-23
-6.869233452943502511e-23
-2.051410518034218293e-22
1.868354888489687179e-23
-7.594380645758092434e-23
-8.915168742848006989e-23
-1.860624883013478222e-23
3.083320153618489050e-22
-1.200871967312206874e-22
2.376656823043518268e-23
-8.828653591603160908e-24
-1.398462210231904526e-22
2.981005259577488646e-23
8.610629767166117132e-23
2.632157219204720984e-22
-1.830275498828624973e-22
7.237848199722777290e-23
-2.062377156515287514e-23
9.317834927192618084e-23
-1.124716156918434353e-22
1.244911752058368149e-22
1.844604324402492863e-22
1.252091782535122839e-22
2.302238324090403484e-22
-4.707749176524027422e-23
-1.122337451531900163e-22
1.109197615366136171e-22
2.761715692064408045e-22
1.935420488806172310e-23
1.113265192676443257e-22
1.860938752877694063e-22
-3.300305040906792057e-22
6.674079547739046332e-23
5.896365379846129103e-23
-7.042170725937523639e-24
-2.734646651572817954e-23
-5.763185533588839482e-24
-1.738997597179691130e-22
5.977996666253127368e-23
-2.597422931221394519e-22
1.984862755863650082e-22
-2.986762922332005131e-23
1.115656941248359049e-23
-1.785578213654413416e-22
-2.418763522938534986e-22
-1.839810322385992781e-22
8.617549531262513838e-24
6.385480986340751351e-23
1.283788814260911016e-22
-8.446122044512853017e-23
1.558801960597743926e-22
-1.252093719100383163e-22
-4.089276336230544883e-23
-6.096703382882060231e-24
-3.840335072493491241e-23
-3.600594700731406836e-23
-1.870735342231377892e-22
-8.043874805175112414e-23
2.046017967926016585e-22
-9.655368977223130422e-23
2.255410869409537194e-22
-4.363319642486455830e-23
3.852521650944749310e-23
-1.011288607103855814e-22
2.991429490787265777e-22
-2.047496438070355301e-22
-7.867051516435112786e-23
1.649748558311340934e-22
9.596398028304359283e-23
4.617963194979851148e-24
9.887995000175205899e-23
-1.579434407208994497e-22
3.837838453108618482e-23
8.601646650337457541e-23
-5.921714234084252230e-23
1.673411567407968247e-23
-1.198937736568971085e-22
-8.187634906825815621e-24
-7.332045194576105552e-23
2.102185965563468802e-22
-1.532165665343146775e-22
-2.706278377207210172e-23
1.823869816810593980e-22
-1.448095969120913904e-22
1.483478315879397639e-22
-8.146017834272888688e-23
-1.956154478860970480e-22
-9.963141188734335009e-23
-1.080052378122549619e-22
-5.470306378877423371e-23
1.073855226471582185e-22
1.871815124593153485e-22
-8.107865136026590163e-23
1.114231577449318673e-22
1.561773055269571043e-22
-1.004921895814496404e-22
2.160425394723608677e-22
-2.167751324323730916e-22
1.300022834929443531e-22
3.250094515065167824e-23
2.616807495667492231e-22
-3.352959871171544306e-23
-2.498676348263838871e-22
1.893825793173352345e-22
-8.606836004005859284e-23
2.989375267312099195e-22
-1.524196591538866439e-22
6.888906196823287964e-23
-5.994041481237720818e-23
-8.159169676086298328e-23
1.150239888679429966e-23
-1.441075801680722314e-23
1.129741666106777940e-22
-1.353579001337545403e-22
9.435691526182182312e-23
8.507214470269504878e-23
1.236474151428595965e-22
-9.899994811413587003e-23
5.616156790539836539e-23
-1.058560710862507185e-22
-1.724321423811154756e-22
-6.834229191321092053e-23
4.094598735095415236e-23
-5.406546907900409385e-23
-1.602476629879850414e-22
-2.812152743133116612e-23
-9.741873584097941503e-23
4.674230164206931765e-23
-2.903817727533119609e-22
1.538511300284126998e-22
-4.114777723419660618e-23
-1.546378054474284250e-22
1.443833505463792473e-22
-2.000238931094134899e-22
6.995544931111717967e-23
-1.969896377775294817e-22
-1.910212605395926800e-23
1.811682763704754478e-22
-1.287592045897508305e-22
2.637782994967915856e-22
-1.534286408051968914e-22
2.398330569774825211e-22
-1.194275714399480926e-22
2.717804397028660940e-22
7.533364965322816770e-23
-4.430245054006230600e-23
7.032592077431478357e-23
4.159416035405476719e-23
3.536035782039386197e-23
-2.927570280696686246e-23
-2.783401396463122614e-23
9.528208408328574948e-23
-2.817022199051012548e-23
-2.610850982771019370e-23
-6.579725565499256132e-23
1.128259525686603008e-22
5.354716833155669628e-23
1.507893324439830181e-23
1.265494262147422293e-22
-7.740717763165396814e-23
5.011067260817381341e-23
9.396800150175230968e-23
4.148865294264188144e-23
1.231660327381145312e-22
6.262218504730913128e-23
-2.089449843844234912e-22
-1.392260800056717714e-22
-5.199871896966174160e-23
4.376320828016500335e-23
5.926052069715826275e-23
-1.137881389551606155e-22
-2.107133854411950650e-22
-3.662857451511602828e-23
2.800278540141286616e-23
-5.464979101054903750e-23
4.514071453134098556e-23
2.924081424501424637e-23
-2.110755283711198224e-22
-1.518841832687179025e-22
2.882131865164789846e-22
9.214337185818250924e-23
2.870327905059247853e-23
-2.796866685969590007e-23
1.291615573370450876e-22
-1.938347038441936944e-22
7.923534449391902838e-23
-5.969831303129392055e-23
4.293656322137560146e-23
6.824689337160803355e-23
5.192895669404410575e-23
4.615485347141620663e-24
-2.798809794617409496e-22
1.317085206970810745e-23
1.921966932011341448e-22
7.242572834220618128e-23
1.144353784173500029e-22
-9.093988411017775414e-23
-1.046456658518652632e-22
-2.357862110011041863e-22
1.418035783228779080e-22
1.783506012972616726e-23
4.763167113041537385e-23
-6.855851920362626921e-23
-1.729347303002575784e-22
-1.467603495502359743e-22
6.181286371834752161e-23
9.733522225280945054e-24
1.892627182712140512e-22
-7.806947204524128756e-23
-2.262051852453455207e-23
-5.887035850927850458e-23
-1.370146392157164579e-22
5.000446162713846871e-24
2.543863769716392558e-22
1.849957193019499768e-22
-2.061143375603596064e-22
1.661410269615813883e-22
1.700284078667874177e-22
1.617993713333706384e-22
1.235710986330885871e-22
-2.041365461221711233e-22
4.460534426135941112e-23
-1.280725919393346641e-22
-3.412659782744746001e-23
-2.883611206459341494e-22
-2.135215308417931051e-22
1.151363230833303291e-22
-8.563126929714522565e-23
1.379419759390675702e-22
1.154455516494964980e-22
2.123678776554431183e-22
4.699353965449784664e-23
1.249636596052407586e-22
8.771982625514821415e-23
1.033680745553660699e-26
-6.815582952636026717e-23
-3.824004898948056580e-23
1.092345744182710393e-22
-1.442153090763847306e-22
2.592641820644991593e-22
-7.524395603185941979e-23
-4.459202700637966402e-23
-6.510355868281041839e-23
-2.308869024172374623e-22
6.293180351163948816e-23
-1.316226198276304766e-22
-1.279866893995597730e-22
-6.580285619085579865e-23
3.289888811246092174e-23
-2.644254259877006923e-22
3.168626709211248952e-23
-3.487266333283314897e-22
2.052742169911703212e-22
1.527301699295063676e-22
3.035298494383436103e-22
9.436179584704279599e-23
1.601498467950257704e-23
2.244986270899811579e-22
-9.990677887177329834e-23
2.210559513512835509e-22
-5.655373595123405634e-23
1.348173249681454839e-22
-1.898952149193349871e-22
-1.337520997434650809e-22
-2.747929671685014293e-23
3.223107129165659066e-23
-1.107853281386224114e-23
-6.729514186350923472e-23
-7.823983460114436533e-23
-9.278238191164344898e-23
5.541451771628880469e-23
-1.349998960368622898e-22
-6.043109439753436057e-23
-1.853038044872927650e-24
7.855359926976001157e-23
-2.327669286808017973e-22
-5.038810932735710442e-23
-1.061847526537128905e-22
1.523962352038876717e-22
-1.018764878197942936e-23
1.188297999112523235e-22
7.542539846565820996e-23
1.930305967197958264e-22
-8.019903695223831298e-23
-1.376824663590175724e-22
8.987739432299230743e-23
1.282360710960055030e-22
1.307056720922508197e-22
1.094546950400467632e-22
-1.360691236131773175e-22
9.302311936536444379e-25
3.305005239644332768e-23
2.856200245116762280e-22
-3.011148564952212032e-22
2.126528889173039758e-22
-1.633942996150250841e-23
-7.926815876503836130e-23
-3.275392357268939394e-23
6.138368984649647990e-24
-9.166130639057545913e-23
8.034221744587338891e-23
-9.204805286982045853e-23
1.957579631848433609e-22
-2.577124857011926366e-23
2.753812536109865635e-23
-2.718599090390945063e-22
1.347171895538169570e-23
1.040736414693795227e-24
5.477374593902391809e-23
-2.369557792308847669e-23
7.990082155756227511e-23
-7.579178234020135039e-24
-1.950824047267518704e-23
7.312705762557764722e-23
-1.432720529632113105e-22
-2.635090999706128950e-22
-2.285308372250023144e-24
1.107355445135592415e-22
7.598584193578977138e-23
-3.991270195116076509e-23
-5.529889752795017970e-23
9.542284447213339357e-23
2.199180211781486775e-22
-1.319975666002524381e-22
-8.601288474242731134e-24
-1.960758617793257178e-22
5.551013863921954221e-23
1.824785059954137884e-22
1.168932283558676616e-22
-2.927607440901890819e-22
3.889830097323311332e-23
6.445728878248550649e-23
-7.462286125332022882e-23
-8.105228415904413327e-23
6.666804616511513266e-23
3.336210459824869871e-23
-2.409285064535642481e-22
7.774998249975939859e-23
3.464424478895443097e-23
-1.114386583460294772e-22
1.337394650325516973e-22
-3.085641320413133085e-23
-4.978434298940405176e-24
3.418321135048141126e-22
3.387058488528755439e-23
-8.827157079837441597e-23
2.526603446102460286e-22
-8.576140382294469099e-24
-3.841756539968853499e-23
-4.212764961752502653e-23
-1.304302485610439869e-22
-1.198040720203505050e-22
-1.971230475942094849e-22
1.752910250417225109e-22
-1.775121783917955924e-22
-5.090363827139368599e-23
-1.308864033850753606e-22
-1.551762440466816674e-22
2.698876911496937117e-22
1.759627307325876097e-22
-9.465793536019540447e-23
8.710153898612998512e-24
4.643132700286922612e-23
1.243196471533569835e-22
1.491446646032745339e-22
6.215672721729093403e-23
-2.550070855104871538e-22
-3.384393616645493593e-23
5.889606891289827458e-23
8.185717018637452246e-25
1.450675388704453632e-22
9.379059693890093549e-23
7.663617021288066146e-23
1.237966133650931330e-22
-1.717218828144598039e-22
1.163429400619039529e-22
-2.614516278450709596e-22
2.245975667507642814e-23
8.812496362527285180e-23
-1.634303818294083546e-22
1.785805174512792845e-22
5.305856889133902135e-23
1.052431500305573493e-22
-2.768771050741447010e-23
-9.103165905231509935e-23
3.934867916446451378e-23
3.792079252178341678e-23
-4.886356004278780669e-23
-1.746687827589024804e-22
-1.120579969065435043e-22
-1.708216428840412220e-22
-1.434122754835249717e-22
-3.822439828084903283e-24
-1.109856456224437385e-22
1.192929794110213364e-23
-2.498815977471867741e-22
2.284470643191823569e-23
2.235160166781685039e-22
1.341596619989905178e-22
-6.996670139444082014e-23
9.024413979834321640e-23
1.524567650471651330e-22
-1.407818680647249371e-22
2.136650515645168040e-22
1.966289303989538940e-23
1.719771781102972049e-23
1.400012541826580696e-22
-1.739594856521283109e-22
2.939099898118421617e-23
2.965655741148698133e-23
-1.262496880090735419e-22
2.160385399841601164e-22
-1.111064775059623846e-22
-7.071264553883923820e-23
1.834447272632059892e-22
5.032852201972152228e-23
-2.284454787416427033e-23
4.476937107917112633e-24
-1.139357344422114421e-24
1.232791204663560680e-23
4.016628761435860241e-23
6.487288621239171662e-23
-2.841844869656018532e-22
-1.257102675327562621e-22
-1.205112348499164971e-22
2.374017548296228100e-22
-1.573569790955207872e-22
-1.939707762545231079e-23
-5.030024863786916395e-23
1.116219249178534393e-22
1.628716527295638893e-22
-7.997861591981981325e-23
2.646072014542985588e-22
-1.414767079101938477e-23
1.605111684164008287e-22
2.543489661396618887e-23
-2.286346081499262506e-22
4.556391421702066939e-23
-1.469970456631111077e-22
-7.636242944218030259e-23
-6.709018201892944067e-23
-1.015495623946535097e-23
3.926021439459129798e-23
1.815743895325277499e-22
-1.247149686377560817e-22
1.681424737174189879e-23
-1.283496643049538493e-22
2.180223759813069833e-22
-1.431809752318951863e-22
2.142994536048013680e-22
-2.054930565511662754e-23
-1.478601556934767740e-22
2.336025547156921502e-22
-1.193661241078948683e-22
-2.363322535721293343e-22
9.299669273932480145e-23
1.054310588030195802e-22
4.504013209444679233e-23
-6.892267655437342338e-23
4.421183758165999184e-23
-2.897380638504278904e-24
-7.621043263895554689e-23
1.198484982210061047e-22
-9.409792557982333120e-23
-1.305816357934982883e-22
-3.873738003542257829e-23
-1.899081300742205680e-22
-4.879252171998373850e-23
1.110955998502449256e-24
-1.990512392122589203e-22
2.055660781083673665e-22
1.160277497006504959e-22
2.580781180898649755e-23
1.603225866097554859e-22
-1.819716558361673049e-22
8.379183408363434580e-23
-7.523488762535220585e-23
-7.476615308549332779e-23
1.215000860708795983e-22
1.098971145954522373e-23
4.202814783202393189e-23
-3.617202496237430920e-26
1.907101061541206983e-22
3.911313135344258453e-23
-1.289636329927182004e-23
-6.502747201752937100e-23
2.152942955099212232e-22
1.432848139175406569e-22
-1.462617764421794585e-22
1.450608035795979109e-22
-9.530899384999053889e-23
2.003340673414481309e-22
-5.905870938160601284e-23
-1.465901337806207079e-22
-7.731767143893254365e-23
1.540335332505822372e-22
-7.405669262035181479e-23
1.616584274083202074e-22
-1.149901549022315409e-22
-3.460466578265755407e-23
5.422148089520429836e-23
-6.028124629188887697e-23
-1.391513220692592553e-22
-3.101519201735551092e-22
9.711170834626100058e-23
-3.092536456887442434e-22
1.299586252022117167e-22
-3.889084227265117075e-23
-1.460721631458019383e-23
6.103095353054690889e-23
-7.438124310083024481e-23
-5.015639813336564073e-23
9.487281411601608631e-23
9.392223433010451629e-23
-2.299782975099739258e-22
1.193349604706761821e-22
1.637203053975140443e-22
-1.330956811435982431e-22
-3.819792869312924150e-23
-9.809784893029901449e-24
-4.459881374239110880e-23
-7.651485905615861172e-23
-7.256469471821112689e-23
9.056947520264917480e-23
2.527955454221095278e-23
3.123945184384172061e-22
1.253361767762355512e-22
-1.253418784431719952e-22
2.192478600336786087e-22
2.457844649305856552e-22
-2.731741481716800210e-22
6.924379872335558640e-23
2.133058945873938034e-22
6.706248235979787604e-23
-8.746318944188293526e-23
1.275508112138308569e-22
-2.304642866058928896e-22
-5.322681495286264356e-25
-1.428784730730626886e-22
-1.705852666462424522e-24
-9.798264998313623127e-23
1.039324019874315010e-23
5.022033593112358632e-23
-5.428703593315745472e-23
2.700200587077305500e-22
3.875171545399193185e-23
4.078374590764603920e-23
2.797016781324607526e-23
-1.409451987379705043e-22
-7.595167053667874532e-23
4.111706922631615135e-23
-2.381469832461633324e-22
-1.182685836109292373e-22
1.416653187623834231e-22
-1.611326847326677307e-23
-1.530798966123945759e-22
4.624209675502961111e-23
-2.483841287002009800e-22
-7.321494855459016579e-23
1.474931728515486107e-22
-7.346413941335132344e-23
-5.541870162874407096e-23
2.137753808207310668e-22
-3.347203933903911178e-22
3.156479947593652876e-23
-1.705538728868470909e-24
-3.533267409209453249e-23
1.128067710079114286e-23
4.454793267843882139e-23
-7.577034094939739143e-23
1.255468172149268618e-22
2.228511262950570179e-23
3.548970198155012590e-22
-1.017512525794108232e-23
1.700322606996765477e-25
-1.052602116742831816e-23
2.312183994226374766e-22
9.784498921150048069e-23
3.225325937347375465e-23
-6.838318560159896774e-23
1.135876613283700799e-23
7.756828757854298105e-23
3.618343913324559158e-23
4.539149611597277219e-23
-1.957769662831058060e-22
2.345983747043986795e-23
6.873259476748855621e-23
-1.249274759285223563e-22
1.483693080939263640e-22
1.080574253281359891e-22
1.595484503767041230e-24
7.769970385810241521e-23
6.213230796082208907e-23
-1.246796866193438921e-22
-5.649312547865792089e-23
-6.445947484456578123e-23
1.173186496807517996e-22
-2.524911578070992873e-22
-4.045471359710846909e-22
-1.882426487544445729e-22
-1.016823086326723111e-22
4.947853411916549568e-23
-7.754710934082050046e-23
-7.599255957383679691e-23
-3.383864310759634254e-23
1.442325655959234122e-22
9.733584005153311125e-23
1.791694597282839895e-22
4.504312250654085310e-23
-1.603808128783017237e-23
-7.387511225452367882e-23
-4.301000445881576649e-23
1.940021669524300606e-22
9.148077265536423887e-23
6.344290962956503097e-23
-4.287736462821712513e-23
-4.756583436394032122e-23
-2.044457372737978695e-22
1.569021236784433529e-22
1.103332072049607463e-22
-6.821201629139825167e-23
1.087449713902481245e-22
6.271468106609348656e-23
6.904379550489015072e-23
3.568686400323512003e-23
9.173944619241487049e-23
-1.907089916629037963e-22
7.492785307579093922e-23
-1.386723008522617370e-22
-8.218262009643947323e-23
8.970456477039561302e-24
8.648727645874625342e-23
-3.273166469916309741e-23
1.268577210127637038e-22
