2.446838668955589888e-22
1.765640602669706535e-22
6.036264615993717816e-24
-1.476654493172016560e-22
1.581396743564552836e-22
7.125874486855205712e-23
5.273255174567143694e-23
2.621516452108011106e-22
7.091599119223338196e-24
1.257748584180209654e-22
1.335312710409542069e-22
2.977212572861538960e-22
2.548708022214914863e-22
1.063438537708276741e-22
2.380610468448454873e-22
1.813408223852400205e-22
-2.697946156631183210e-23
2.655718601378294260e-22
3.906764146792761132e-22
-8.122440579747822880e-23
2.015789269431264174e-22
1.270439062805236406e-22
4.077715030856583221e-22
7.305340785746619270e-23
2.368559123929641655e-22
2.877714844548676121e-22
1.882997076164735160e-22
2.304269885911165293e-22
1.021176053399189938e-22
3.990319051099253096e-22
3.409337539588430876e-23
2.271929624356666142e-22
3.860260542813728958e-23
-9.754002369895756646e-23
2.819806800941045113e-22
1.339957042806376455e-22
4.925458472509962043e-25
2.642511612201349206e-22
2.051100163575593121e-22
1.719951262821581553e-22
3.107054516178584429e-22
3.780847129972684313e-22
2.429299692305685667e-22
3.238744101327760439e-22
4.551126988254289805e-22
3.523108594868449763e-22
3.768217060364654366e-22
2.241249670830240119e-22
3.338003537160514957e-22
2.918712418017107682e-22
3.026814661899421365e-22
2.219790967213698983e-22
2.323083094831173191e-22
3.381664604448661778e-22
2.691358980154313363e-22
5.718802235838193320e-22
3.046628825589478388e-22
4.359317534609811218e-22
3.002042356897556204e-22
3.824317086328345850e-22
2.281071869505857313e-22
1.488907095281896410e-22
3.058300108040242431e-22
3.008423841129375627e-22
4.485845659532699120e-22
3.320253151493022722e-22
3.767550908411602191e-22
5.567819329196187093e-23
2.864395130590355510e-22
3.963364869886664555e-22
3.536274136257383877e-22
4.080632366363933118e-22
4.881232417615114965e-22
4.445938028474188825e-22
3.066378871686270083e-22
4.205735153517995493e-22
4.698469388080443114e-22
2.801447011003854646e-22
6.053630345990686837e-22
3.107086298967911367e-22
4.876411014879369955e-22
3.693977148545001361e-22
2.775465293907203340e-22
4.703711747258341477e-22
5.488865933948996466e-22
3.027146642707300978e-22
4.939470578095529157e-22
4.276917902015994443e-22
2.706660446498864556e-22
4.993481061239294734e-22
2.567375517580477196e-22
4.723701693628247020e-22
3.433402113198480621e-22
3.458507496800665069e-22
3.369995828343766776e-22
2.927423458303105188e-22
2.685787018283246068e-22
3.828475211237349400e-22
4.995808511031765737e-22
4.701175244928451254e-22
2.718885751669507357e-22
2.656240824476498604e-22
4.919742165953069837e-22
3.311175803465584588e-22
5.510372448134691483e-22
1.776880398749318488e-22
4.099003506195580435e-22
5.676165836185573708e-22
5.769286591618488955e-22
2.448144613146491704e-22
6.472994131865296864e-22
4.271773274316532772e-22
4.854240192682852028e-22
4.680083454592758340e-22
5.683471000423323463e-22
5.701460195230995450e-22
4.727231210541802077e-22
5.357473085556191086e-22
5.586057166383133402e-22
3.197597978327754519e-23
2.376488177872905436e-22
4.271858592108703958e-22
3.869762224647758570e-22
5.700169003702641224e-22
2.519142234216455112e-22
4.110084733190293855e-22
3.435977150536753005e-22
3.407804425696481223e-22
4.018639671679519930e-22
3.606320071106551595e-22
6.548688867528199262e-22
3.228530615053735627e-22
2.901597096748226407e-22
3.929477917275539352e-22
1.153643268552905092e-22
7.254366846026162588e-22
2.862666101431760349e-22
6.006588980842215648e-22
5.486355858856994621e-22
2.592096787247820557e-22
4.267810803279952968e-22
2.948708957895895267e-22
3.370844688869567669e-22
5.392832346168286797e-22
4.178050288225765032e-22
3.420821723824129570e-22
5.683319811750421017e-22
3.163709336491538985e-22
4.184113965109072135e-22
2.061557858779355711e-22
3.046765147423323096e-22
4.650226442885994289e-22
5.150600263661524521e-22
4.081740265989953271e-22
3.671638870544493570e-22
3.305012162604414880e-22
3.963065061018713594e-22
5.287217235093445552e-22
1.895642096019011813e-22
2.439250510727275426e-22
5.414066847580879452e-22
2.313378724796115917e-22
3.133296154405911278e-22
3.454570402734736250e-22
4.583821318769808477e-22
2.499380205431253861e-22
4.677169466553539181e-22
3.458263494833469363e-22
2.609390200377930716e-22
3.247554718558783817e-22
1.342249465754588410e-22
3.157568823524703421e-22
3.509996607111584495e-22
3.945510184977799504e-22
3.048859508411748169e-22
3.938394186839901393e-22
2.820187813980663129e-22
2.418380447422080363e-22
7.331882079464296964e-23
3.019098584510766416e-22
2.337182839063085706e-22
3.985167946080927729e-22
3.758818093006896752e-22
3.697743133092304056e-23
2.969900337837417958e-22
6.548246669519255235e-22
1.380128434395213769e-22
3.144380143037457141e-22
2.885904234737318678e-22
4.135238105086944451e-22
1.561781692835552129e-22
1.491110836615371474e-22
1.355584579199828946e-22
3.439185614178671618e-22
1.966953228372420322e-22
-9.524746417986310431e-24
2.836669222334690258e-22
2.128243225996507364e-22
4.842146791506211562e-23
3.521118980915759167e-22
1.296687565321554353e-22
2.362093253179995195e-22
3.642486205442920280e-22
2.088488583843667211e-22
2.457312407385047767e-22
2.011914029528062542e-22
2.906959098786800237e-22
6.254289479635717170e-23
1.052715525236037949e-22
1.048055685801067479e-22
3.121573629262166051e-22
1.613936790294489760e-22
1.403744260285887626e-22
-4.328191219428852299e-23
3.147485707982530685e-22
-3.181512544123378777e-24
-4.456925049282507614e-24
7.105072975735600154e-23
1.316974382374086455e-22
-1.195874809019157257e-22
8.189567950085667018e-23
1.301282596003835490e-22
5.274986695194348855e-24
2.087312560121555926e-22
1.625914372760797237e-22
5.583685069673365476e-23
6.145038823748713995e-24
3.712552381386367563e-23
3.074227650305148964e-23
1.054319314986721675e-22
1.128276381082468444e-22
2.672730096537203611e-24
-2.510283884432992971e-23
1.265380713920374204e-22
1.634928195376368048e-22
6.976023108866325436e-23
3.199384552070741940e-22
6.293095781716367989e-23
1.981619216426039320e-22
-2.077181809872421352e-22
5.995088592785128110e-23
5.701364259294938485e-23
1.995835556713664642e-22
-7.481936688676137635e-23
-1.327460826675943431e-22
-5.601978062939998867e-23
-1.157167678106714518e-22
1.147946909374076520e-23
-2.299880400386666166e-22
-2.551072057969565484e-22
2.410807767130296723e-24
1.231515692518520194e-22
-2.707440075031431918e-22
-9.330825054438857145e-23
-6.595777353913562886e-23
-1.608782878338591216e-22
-1.583977426260169893e-22
-7.512338237758246827e-23
-4.593570931836165745e-22
-7.263193882145312773e-23
-1.997303883113060378e-23
-1.246860311116368049e-22
-8.498303637451564287e-23
-2.024786844934575053e-22
-7.905897451822136879e-23
3.729382316725500785e-23
-3.891881785630424494e-22
1.110551907161840155e-22
-3.083425107325496436e-22
-2.976575046423752533e-23
2.520779708088718911e-23
-3.367655633311333199e-22
-2.688127395851763669e-22
-2.685177360459146941e-22
-1.398831594898776096e-22
-3.367710414886422487e-22
-2.648748004194409777e-22
-3.284500777771158969e-22
-1.695286394751202454e-22
-2.895153125570436550e-22
-2.610103496005563617e-22
-6.134585855201032452e-23
-3.338957496881634863e-22
-2.122928800434841494e-22
-1.307563972383130674e-22
1.095320532043237739e-22
-1.549460534265672164e-22
-6.161604533284134355e-23
-2.306077154205711762e-22
-1.359085903775689852e-22
-3.357332025235701233e-22
-2.181042015197429413e-22
-4.130099568536473058e-22
-2.105987160214924039e-22
-5.534090274371694377e-22
-1.740356300126270261e-22
-3.570054232628825851e-22
-2.537693300314460818e-22
-2.894598434104899358e-22
-1.868047017611655051e-22
-1.938010473902678377e-22
-3.918650777567412394e-22
-3.547560273926192027e-22
-3.684660275380882674e-22
-2.547810474053586829e-22
-3.305145684464057981e-22
-3.867631989652109972e-22
-2.658253602043014866e-22
-2.854038495476037490e-22
-1.849595970295916213e-22
-1.596978939040173565e-22
-2.120194269336158158e-22
-4.787537594232677706e-22
-4.123610636570879011e-22
-4.427195738643279208e-22
-4.432515248746397095e-22
-5.499101964398205126e-22
-3.520192166441280108e-22
-4.420321428939936709e-22
-7.382000095451673023e-22
-6.482984627956580324e-22
-5.744161849752616132e-22
-7.056862659361701704e-22
-4.615395766264653381e-22
-3.314687272032701092e-22
-3.013467702993409902e-22
-2.820269473894783734e-22
-3.706927232748236769e-22
-1.513604036320448485e-22
-3.030315066521404576e-22
-3.031471210380391799e-22
-4.844636296843089227e-22
-5.329529624818150631e-22
-4.130795125429170797e-22
-5.194617686845272638e-22
-4.285531964164256627e-22
-2.646603583182045709e-22
-4.103879717842137604e-22
-2.861771405218549583e-22
-3.736300348880812994e-22
-5.730583010950782701e-22
-4.588389050805502034e-22
-3.490655773711556817e-22
-3.707646455143652347e-22
-5.241576591461978338e-22
-3.451164466030319712e-22
-5.099160526773044653e-22
-4.996620007427439975e-22
-1.921650568986407006e-22
-3.566444531902079148e-22
-5.089207418247427197e-22
-2.469419576061319058e-22
-3.496660365785656773e-22
-3.538669774606350113e-22
-5.123504174560640553e-22
-5.128288067527811732e-22
-4.191586740468068768e-22
-2.821024793270646536e-22
-4.234464669322274237e-22
-5.279806338610221792e-22
-5.883013994546319486e-22
-4.149212666422226717e-22
-4.125902043303391489e-22
-5.462540964586262450e-22
-3.251415859698820109e-22
-5.168855248539465926e-22
-5.811890063442395176e-22
-5.336176073813757736e-22
-7.241502269277805442e-22
-6.193312939941009983e-22
-5.252524156585187943e-22
-3.897020765787602182e-22
-3.736009125913942352e-22
-4.377206324796953871e-22
-4.747625220083151428e-22
-3.416590374223198714e-22
-5.495939285341354301e-22
-5.046731579542943855e-22
-5.025579041480737087e-22
-6.783458826297899702e-22
-4.880544228145059206e-22
-4.385282264898123134e-22
-4.804529476852718033e-22
-4.780199080050340323e-22
-3.007989207508080866e-22
-4.421702383611980061e-22
-2.225208342382613057e-22
-4.366433690496582671e-22
-4.656805645982071971e-22
-5.758106293678479118e-22
-6.485705200449562109e-22
-4.410925295010679091e-22
-4.867221542455996651e-22
-5.106419313009621557e-22
-3.048466733509649015e-22
-5.374760969731146312e-22
-4.634178501260695865e-22
-4.086814199541385141e-22
-6.107026506601858742e-22
-2.885963226872240627e-22
-4.354369673227051336e-22
-5.311456290374830429e-22
-9.058640396322212102e-23
-3.965880307667523280e-22
-2.419286039950027712e-22
-2.902236453739031836e-22
-4.824031086688258607e-22
-3.874232005559434748e-22
-4.550844103486862860e-22
-2.855399448006238031e-22
-5.464478782593791494e-22
-2.513319437848697040e-22
-3.162047014829688591e-22
-6.040133747172924346e-22
-6.989465211268690450e-23
-1.945946623402104200e-22
-4.545653535503488352e-22
-2.662044348184893038e-22
-3.959442312079661986e-22
-4.380891464281983470e-22
-2.637113788023198123e-22
-1.986131898718588377e-22
-1.741616986948168593e-22
-3.742563024878898128e-22
-3.122823258709171037e-22
-4.445098133937475428e-22
-5.315480679432634574e-22
-4.439636919742410151e-22
-4.336153336488887611e-22
-3.709870719603371983e-22
-5.313193271115456018e-22
-5.413891605684228795e-22
-4.038987690584014578e-22
-4.295619004363646968e-22
-5.254508316839590049e-22
-3.665419042324824258e-22
-2.185661350583782629e-22
-3.744615190432204766e-22
-2.217553648382110375e-22
-2.504747417313810972e-22
-3.078397793577736985e-22
-1.612386137883538249e-22
-3.526960741190291460e-22
-1.985237156705304980e-22
-3.645698162982317619e-22
-2.010865317086433520e-22
-2.888538014876660164e-22
-2.936752758975185175e-22
-8.962869316185777619e-23
-2.838438335145863424e-22
-1.843807944280917645e-22
-3.619661653348227039e-22
-3.437255427062642407e-22
-1.222732099202349908e-22
-1.489862810074497815e-22
-9.545126619435860386e-23
-3.074556511876775919e-22
-1.328933223916377138e-22
-6.704466684673192713e-23
-3.008099343133161161e-22
-3.906904642329337871e-23
1.035085925808922928e-22
-2.303135553144134312e-22
-1.379934681179884223e-22
-2.939495330748208347e-23
-1.675435122913239390e-22
-3.342826714165467811e-23
-3.421914607628378425e-22
-3.081959142821755514e-23
-1.430492016024600701e-22
-2.509657170329903789e-22
-6.997134685889000589e-23
-7.589064923070245170e-23
-3.502463688752238405e-22
-7.493022409883648967e-23
-5.729661514474881513e-23
-1.360984393561491352e-22
-2.015942748714846959e-22
-4.258848059845364457e-23
-2.450491386487090042e-22
-4.961653878042321186e-23
7.063114867053175030e-24
-1.415983988208723933e-23
-1.634731468476959494e-22
-8.061949129454366602e-23
-4.017706947981913164e-23
7.421640057208124059e-23
-3.482636352768419591e-22
2.286815200846171860e-22
1.081199347263558684e-22
6.328447908244437525e-23
-2.578352978880333427e-22
-1.958684503326790737e-22
4.457626889477600322e-23
-2.022479847254484286e-24
5.651934633553583564e-23
-1.003253251517401675e-22
1.831933918302790195e-22
1.780857674768617041e-22
7.330443120049521980e-23
2.501191375159516136e-22
2.693363142392835149e-22
-2.703157680254670027e-22
1.666132327710856737e-22
-9.368066869534571449e-23
1.999823886914926830e-22
1.404652347399921939e-22
4.200536822286395156e-24
3.671123382413773604e-23
3.202671017216905429e-22
-1.819581672503172293e-22
2.078074781234165170e-22
7.242460848227307890e-23
-7.933874412851687674e-23
1.662710785752927567e-22
1.398632012106305338e-22
3.720124846512852623e-22
-1.318229089998330056e-22
3.358974248095045798e-22
4.941878685412834578e-23
2.061666936303887635e-22
-5.760326535880466198e-23
1.839026378876355974e-22
3.077699772306508709e-22
1.812161596409129834e-22
-1.337335608823385809e-23
1.090156820126256008e-22
2.083107658866918168e-22
1.886871288699768752e-22
5.315369446760533659e-23
1.676055879663145852e-22
2.882971259337531931e-22
1.796111019503948428e-22
3.797642796757775564e-22
4.331315120172770482e-22
2.840417173145949070e-22
5.217764932621448801e-22
4.218449543289557706e-22
5.355348377842423529e-22
3.444022721851807879e-22
4.979345069377774818e-22
2.168568570918578932e-22
2.478505595200976314e-22
1.536236950070646164e-22
4.077756907730341628e-22
2.449658456923707956e-22
3.182184537612143033e-22
6.797796380282682784e-23
1.957423184102837525e-22
2.561054305183607026e-22
4.636271452754041601e-23
3.809147919312275759e-22
4.615408132211506271e-22
2.950253976587506965e-22
3.726361152260068998e-22
4.798399379715183972e-22
2.306136365130493066e-22
3.968775707605174574e-22
2.837997355215945443e-22
3.355681275715136065e-22
4.024121851015723235e-22
6.251579873106413153e-22
5.238926695870978687e-22
1.546639016988842261e-22
2.742668059405766244e-22
5.128894893684372400e-22
4.285871990990337813e-22
1.055886497809611419e-22
2.487714279038404224e-22
3.678336466198002358e-22
4.250115422417374262e-22
2.729609010688349545e-22
1.719394410990350858e-22
6.745429607441683834e-22
4.273786015176378767e-22
3.617926270200532636e-22
7.466947709423449377e-22
1.948230678499282071e-22
5.015306014414335256e-22
5.563615283006798095e-22
1.881733885152814552e-22
4.237778199816089959e-22
6.481274195411184902e-22
5.859976788249980549e-22
4.427476256296099985e-22
4.185521137429617481e-22
5.868849569612827645e-22
4.208381530869509175e-22
3.760263019819132304e-22
5.053343669977825431e-22
3.321882552037095060e-22
7.890635414618313855e-22
1.774406981954378560e-22
8.551533741154932889e-22
4.407783085254238940e-22
5.130984733776534995e-22
3.857974511860750848e-22
4.301035400722139879e-22
5.346413088666536852e-22
3.472536982781758861e-22
4.517211492741913134e-22
3.962331518051355797e-22
4.921106173718035221e-22
5.837687408442705867e-22
5.435411425630761934e-22
2.693352129255847799e-22
9.571009253944046233e-22
5.377877397776998684e-22
4.539937901432223393e-22
5.255479923115050619e-22
6.508282635733167171e-22
4.618759400256919381e-22
6.872198577656929543e-22
3.444129193056867816e-22
5.795794112417861922e-22
6.418808042718986807e-22
3.425463258410426622e-22
5.077149553496374395e-22
4.793060674061230630e-22
6.853908011274825588e-22
4.625990424909228373e-22
3.413980511170033988e-22
2.281373381320657632e-22
6.590443274181064374e-22
1.619926616420074824e-22
6.181128534302305942e-22
3.559478537372544145e-22
3.432231223495498120e-22
3.644265691098706519e-22
5.034845123553475786e-22
3.585246509306222787e-22
5.706758114177714842e-22
4.438918333822518944e-22
4.601154713925099156e-22
5.995823724936503679e-22
6.245739836052284743e-22
5.176477913525726879e-22
5.781757122916682785e-22
4.875972672984092096e-22
2.988923107438640021e-22
4.958074301357967022e-22
6.407703104671705229e-22
6.404846987651175249e-22
5.652723374701873623e-22
3.718679424789755119e-22
5.543700680314743590e-22
4.415820667788559867e-22
2.880211485723508752e-22
4.529283164657531157e-22
5.553172685446936147e-22
5.411346495083834916e-22
3.577123099514567232e-22
4.194700809320542111e-22
4.898398717054453924e-22
6.727107713452752232e-22
6.167330388335064734e-22
3.788668830684224020e-22
4.733185738368215292e-22
8.213128685190094066e-22
5.620214574832487162e-22
4.533176404218899923e-22
3.449625827947247347e-22
4.616794801636592621e-22
4.369950579773422487e-22
2.414590268123450595e-22
4.425960569393314122e-22
4.896481739266704965e-22
4.205388813344273996e-22
5.724883515243377648e-22
5.616344523406339735e-22
3.457482332744047786e-22
2.678224574476029991e-22
4.679550094774812768e-22
1.621368349263505955e-22
5.221060092363485626e-22
6.501857212754193700e-23
3.503460714111470452e-22
3.485150131162687852e-22
3.431869052766363179e-22
5.080645653050440818e-22
4.013808887654285707e-22
1.071148621788177275e-22
3.466443320538959620e-22
2.638103207700900979e-22
5.898556052012369200e-22
2.693200559519717501e-22
2.785154620669793224e-22
3.993904195312683135e-22
2.241272571940456184e-22
2.572987764330610896e-22
2.803139980002602703e-22
1.551200786390035654e-22
2.695399718647288836e-22
2.629599991950145732e-22
3.229707849952118574e-22
6.989943647371231096e-22
1.195352106820101126e-22
5.298001409617640199e-22
2.294345503729242135e-22
3.059162823350102867e-22
1.624595715212162003e-22
3.434003256565584117e-22
2.282256764806944718e-22
1.985409760702763497e-23
4.965932486375879984e-22
3.508926588401682793e-22
2.898372520571348280e-22
4.449882586707616721e-22
3.198862077397077678e-22
1.571987498787109551e-22
1.927685061744975058e-22
3.906726993655571459e-22
1.423667536292347182e-22
1.606717806796300258e-22
2.968894043023155663e-22
2.009141762012239191e-23
3.348163040005394210e-22
1.813249352950692153e-22
-5.992111873238267359e-24
1.766858032783281394e-22
1.162409521502198916e-22
2.065490860205104431e-22
1.403426355449859687e-22
-2.726629906476578465e-23
2.514759926667777951e-22
-2.420778466672372904e-23
1.131538029176277169e-22
-2.585300256782937597e-24
1.382015617395086117e-22
-1.884001804659961348e-23
-1.168359501363131336e-22
1.021889611820170873e-22
1.166867373864195577e-22
6.871022897374710068e-23
9.991783199470002901e-23
9.182412605169273581e-23
2.750876331650468006e-22
7.860911852084618212e-23
3.765259718949008542e-22
3.840583823728469769e-24
2.497218832689172748e-22
-1.027959139870302563e-23
-2.242863921688709153e-22
1.266864069306834638e-22
-1.353492452616058102e-23
1.137107937349658029e-22
-1.876233355071586098e-22
-5.269007313319100705e-23
1.876326419258600166e-23
-5.876247846820617607e-24
-3.910616025083113730e-24
-2.022980094976891690e-23
-3.438959829146449567e-24
-2.160285720842513325e-22
-3.533066266477883786e-23
-2.143778069713862041e-22
-1.499199344780002790e-22
-1.098558588200434288e-22
-1.899742642063317998e-22
-1.882819123483442364e-22
-2.506335860641240821e-23
-8.132998732661711432e-24
-1.198015583844518376e-22
-3.784586860448320005e-22
-9.019617647136679375e-23
-1.349964204504740865e-22
-1.011256200691646503e-22
-1.304185146681698266e-22
-2.588407774835680204e-22
-1.773261968706257224e-22
-2.479507474192700648e-22
-1.578311558590415403e-22
-4.244636550066862229e-22
-3.084096004817559791e-22
-3.653636915740536589e-23
4.174086183532635611e-24
-4.017738087633694362e-23
-2.481093934591003885e-22
-4.090819101463751731e-22
-4.406937162040822478e-23
-2.899064444076672622e-23
-4.036046688106107046e-22
-1.191918258526889373e-22
-6.286489889030622471e-23
-8.222284072366822383e-23
-7.948236372586096947e-23
-3.955565087177463808e-22
-1.460376337375782029e-22
-2.552448962043366699e-22
-9.535288891554257324e-23
-1.885094012322987365e-22
-2.644220159458374841e-22
-1.644811418806261795e-22
-4.365673021385087101e-22
-4.457852708290826850e-22
-4.510652324610505321e-22
-3.475530469960244456e-22
-3.267400117284264435e-22
-3.447287638078991550e-22
-4.464751884453733520e-22
-2.871428879792274571e-22
-5.836827158228930633e-22
-2.380584172546370475e-22
-1.683183346539460100e-22
-4.786085196889488105e-22
-4.473334989448216979e-22
-2.881410546027636704e-22
-4.894455554900445537e-22
-4.947637178316616440e-22
-4.587986032726738454e-22
-5.911784449831310954e-22
-5.586184138126740553e-22
-4.696935784699747314e-22
-5.440132598073436471e-22
-4.337770385711104190e-22
-2.272121558440528838e-22
-3.950914004095305155e-22
-1.646705581526618314e-22
-5.823373821584617584e-22
-1.417273591396669660e-22
-6.813485778727647368e-22
-5.526469792335521145e-22
-3.720613621099211849e-22
-6.750382170761286807e-22
-2.713249299939703954e-22
-3.893564179302764891e-22
-4.981348169960734052e-22
-2.850697984221394824e-22
-4.893129159503038457e-22
-6.808598032139567849e-22
-3.620208500686972730e-22
-4.197985015553274160e-22
-6.696031190866779279e-22
-3.599995870092376326e-22
-4.094305513398422096e-22
-4.290923896991296985e-22
-3.471408854443178003e-22
-3.354876941115928601e-22
-3.509327619596269806e-22
-7.171758652233165460e-22
-5.630490172539297061e-22
-5.682308334269043885e-22
-5.159144964826114331e-22
-4.175370962589307379e-22
-9.506431285254292428e-22
-3.902955080291299448e-22
-3.937205830513759717e-22
-5.347783666248335911e-22
-3.630779435267533216e-22
-1.266025857808504634e-22
-5.509485954787991072e-22
-4.901871034829460252e-22
-5.367315122342950026e-22
-3.700712144349039833e-22
-4.530887267511935314e-22
-9.920941363444132584e-22
-5.074760933482485141e-22
-3.565748709800600076e-22
-6.643628082687724587e-22
-5.714465211740898934e-22
-5.971565937886164224e-22
-5.225886579726512549e-22
-5.737331085432126347e-22
-6.362924477317421816e-22
-5.064570595691782093e-22
-5.483995539929143122e-22
-5.908462064578768401e-22
-7.425977418716441646e-22
-6.340664979500008697e-22
-6.539817732117100615e-22
-4.823409294015765883e-22
-5.062447393633774005e-22
-4.556873301402287134e-22
-6.712447405501738989e-22
-5.613653717200958134e-22
-8.139027871261275109e-22
-6.431620158795912961e-22
-4.846303150302364782e-22
-5.926117981760938184e-22
-5.702439186558184263e-22
-3.449958914349309945e-22
-6.334741865372451066e-22
-5.383847468125072415e-22
-3.788013094570151429e-22
-5.231780269098109180e-22
-3.441097230081133044e-22
-5.838827208993974615e-22
-8.087186590096373104e-22
-2.122905540895261534e-22
-2.876295035021905043e-22
-4.468917403095896875e-22
-6.050658511393193756e-22
-5.788998258231982903e-22
-5.416871676325880377e-22
-6.331391480777111025e-22
-5.552667232255348227e-22
-5.201660275247877460e-22
-6.637831330100161506e-22
-4.286579299392905968e-22
-7.593916686759909842e-22
-3.714404675855405405e-22
-5.154342941236194330e-22
-3.355331913134610871e-22
-5.368594373558532230e-22
-4.616802596926737809e-22
-4.839613566473811923e-22
-5.884838958983242556e-22
-4.874483562808700459e-22
-5.067206898636620931e-22
-3.732122852433368689e-22
-5.043142534432964132e-22
-4.460407972674105643e-22
-5.293304001407201531e-22
-5.006149718172457784e-22
-5.451583398216398089e-22
-4.847139053479515092e-22
-4.817756389381005166e-22
-2.688717897369108897e-22
-4.621690317272952606e-22
-4.925086471467710062e-22
-4.008432069629603812e-22
-3.909630014895743088e-22
-5.864675706297135616e-22
-2.846583859534119010e-22
-3.100986120822022634e-22
-7.403796206488127974e-22
-4.034173921633501712e-22
-4.952871272520276118e-22
-4.764278745788107434e-22
-2.723618197932307670e-22
-6.445256071186535764e-22
-3.015030397860003530e-22
-4.728144142207180841e-22
-6.095013783732924001e-22
-3.795772017619095638e-22
-2.022742097458246428e-22
-4.804499948393475552e-22
-4.393950264996924920e-22
-2.711690688212471357e-22
-3.478321494176347263e-22
-2.801366785414614100e-22
-3.958299967544663040e-22
-1.622199146785876087e-22
-3.139820188348979624e-22
-4.507076990536220974e-22
1.882065670734739552e-23
-6.106890277106370219e-22
-4.810187484316763124e-22
-3.436751546495954808e-22
-1.174180656493178934e-22
-3.153451032997997819e-22
-3.474301152437284379e-22
-2.566762668942605188e-22
-3.535541718970507810e-22
-2.156492206663267942e-22
-2.857883057265747966e-22
-5.264401806004734696e-22
-2.832599159748976479e-23
-6.172078381104734940e-22
-2.299753361756982355e-22
-2.128226908875139715e-22
-3.069996083106490580e-22
-3.219106603744245832e-22
-1.138079134347243932e-22
-1.387264651985999836e-23
7.080449906663152043e-23
-3.927349350097504741e-22
1.014648970833791416e-23
-3.387453333570458400e-22
-5.247271877085894895e-23
-3.153253663815713495e-22
8.713486673173670633e-23
-2.307825574492825119e-22
-2.155323678844395019e-22
-2.054382651820360498e-22
-1.027658197325340094e-22
-3.534311734593458604e-22
6.953871112682332244e-23
-2.695972089864965633e-22
6.632478594274314392e-23
7.685929779167374306e-24
-5.564395779381349138e-23
-1.118194071529120818e-22
-2.531787833736502474e-22
-3.704661854269320569e-23
-3.006865619807750473e-24
-8.537871930212773187e-23
-4.794047164016553156e-23
-9.239421081636703284e-23
-1.313087807716552353e-22
-2.680814230949529313e-23
-1.120201373642128338e-22
-1.805130471309444220e-22
-7.865728128876180504e-23
-3.247151251630532967e-22
1.215691109557081008e-22
6.952959766245920355e-23
-1.059949358821319193e-22
4.864237643929059957e-23
4.191841186416532142e-23
-3.513263472223933391e-23
1.134190297376788694e-22
2.115596474565584258e-22
-7.991122105684066763e-23
1.339822317068907691e-23
1.716744319926243736e-22
2.399490580553826852e-22
-2.917577949220822822e-23
1.324812122088193662e-22
2.363477212618788149e-22
3.043775395445474257e-22
1.844412526344314774e-22
9.607976585986940052e-23
1.486181787464805003e-22
2.626063215778720244e-22
-3.628441258357572613e-23
3.183699724377111413e-22
1.442868503906437799e-22
2.877045053183427288e-22
-1.143862630028797517e-22
2.278783277651953407e-22
-1.675411413549488448e-22
1.968457546899831922e-22
3.339260151638336754e-22
4.760554196912433989e-23
5.405883912911121511e-23
4.665643433297713657e-22
1.675003459917091347e-22
2.307749095405186568e-22
4.995901335416666230e-22
-1.004346346020751305e-22
2.208451575809522845e-22
6.439268492164417268e-23
1.246273188392255051e-22
3.056480073908558685e-22
3.663882070220857921e-22
8.258351425930706404e-23
3.677527717833589279e-22
1.831162827185321145e-22
3.497827029682159639e-22
2.168483603017614032e-22
4.691659660518996865e-22
3.867401771466477211e-22
3.009463606978215292e-22
5.470507089377729103e-22
1.484871788884988229e-22
4.093970507870380950e-22
5.770924199830980647e-22
5.246323137209192765e-22
4.511256055787251167e-22
2.551799134093502883e-22
4.379292381489711175e-22
3.533524461973315336e-22
3.377806133643584015e-22
4.649706463468599939e-22
3.465366981520107147e-22
2.800983871257943638e-22
4.333426597346943238e-22
4.053004118905637015e-22
6.561682842519201143e-22
4.598581207075927082e-22
5.431561120124688588e-22
4.814351803409749207e-22
8.684900041369010290e-23
5.073855157830501117e-22
4.395911683158192244e-22
2.931015850405799654e-22
4.672248561022061864e-22
5.492038161800299032e-22
4.058120078243193626e-22
4.966969313813150200e-22
3.977780512089330798e-22
6.251933532053072005e-22
5.330486971791876393e-22
6.214675816808665549e-22
2.510535639728172236e-22
4.460785594369223379e-22
5.264994150717095392e-22
3.212641895946140532e-22
5.837084158761215748e-22
1.585884130407296585e-22
5.791203896607610110e-22
4.588497965885194220e-22
7.042225755198858097e-22
4.601440529973474407e-22
5.526737787203256117e-22
5.563275542317993552e-22
4.301575081112414195e-22
4.985920550033845450e-22
5.534742255546324994e-22
5.397726217514966471e-22
4.275968066076837550e-22
5.165037115503526078e-22
3.312161247107481410e-22
8.243923589141215025e-22
5.062657331630260429e-22
7.318801184972365692e-22
7.279549451550840673e-22
7.005546097640483730e-22
5.192889206516685714e-22
5.876549900056288090e-22
4.762115002807024348e-22
6.938388404272837000e-22
5.037596527778548460e-22
6.031954585539535752e-22
5.220509354188444243e-22
3.940114812801147852e-22
6.285496998704086981e-22
5.734722236290079972e-22
5.332050300282998354e-22
7.892074711462999648e-22
6.091889609905301008e-22
5.960394054361470432e-22
7.461315446055841100e-22
5.417142604854729067e-22
6.849519519960822941e-22
5.489355145657068421e-22
5.614238493077683105e-22
9.898570996301710081e-22
6.164001433687961811e-22
5.791404304542880422e-22
5.866581164488406539e-22
5.088693669015355651e-22
5.892273123764359400e-22
6.520942440893977351e-22
5.933481794724376617e-22
5.292462749245306845e-22
6.106329573646660212e-22
6.359690908837325841e-22
4.895075544577303690e-22
7.161564793912137788e-22
4.158422155756510901e-22
5.081012013224638163e-22
3.232235832011952389e-22
3.603691630549895045e-22
6.668947224013911525e-22
7.245083637492052372e-22
6.949781377758669447e-22
4.605959210780824892e-22
6.357303675858002589e-22
4.376707949728101355e-22
4.942584673429969466e-22
6.313583725288139278e-22
4.601168574042637999e-22
5.660232090899207617e-22
5.923895194358250883e-22
3.664471879779746499e-22
5.586379194695314326e-22
7.495440522376478017e-22
5.720494766620959075e-22
3.314840846479123529e-22
5.533769077845847141e-22
5.001760434957503353e-22
6.945374741165671035e-22
4.726697607072923575e-22
7.970060011572938162e-22
4.737717260728003830e-22
6.893763685911672142e-22
7.359465334058322209e-22
4.283052183794854250e-22
6.234660041623516868e-22
6.125885592490803403e-22
4.330604351642253371e-22
4.237434861436350215e-22
3.336337193178066100e-22
7.203707710174641992e-22
4.125904433439524135e-22
5.987681301581556484e-22
4.848903127820061425e-22
4.765890696991184152e-22
4.365962743981489828e-22
6.496236868458310884e-22
6.335948693978029367e-22
6.365951041157219971e-22
4.176325771265298424e-22
6.096820235383024169e-22
5.326243454225254615e-22
2.974680588825119399e-22
5.361458777967681085e-22
1.589200138467587787e-22
3.122883570077900080e-22
3.795515329654054022e-22
4.903790230052124889e-22
4.009031766568466745e-22
5.069804855683520039e-22
6.113213541141144983e-22
4.655674820090558042e-22
4.892601392560959422e-22
6.935693817855133146e-22
3.059656008450981961e-22
2.497432207037225257e-22
3.256829067488135788e-22
5.186973520712587310e-22
2.487304921709680916e-22
2.306742111736884726e-22
3.259738528728554944e-22
4.098908699806027445e-22
3.399092062716332525e-22
2.619850024493922509e-22
2.354927900198589303e-22
1.360606377573240611e-22
4.010209870340366341e-22
-6.922396268387337524e-23
2.302383438406607923e-22
2.018771803765667825e-22
4.880179375274105813e-22
1.398896612091345290e-22
4.723272407868770861e-22
1.151982949452973395e-22
1.529797516910692414e-22
3.588548866801829515e-22
1.430459039502565026e-22
6.255037936558524851e-22
3.379812421502822458e-22
2.082113873899029984e-22
2.313530573826469010e-22
7.447532671025229398e-23
1.743595764235510682e-22
1.791064288914958367e-22
1.748788059537386582e-22
3.867174278299013538e-22
1.774588632684463324e-22
1.603897032002438856e-22
3.052256814867095225e-22
2.989913464468952494e-22
1.167131877533934633e-22
1.438400394410292042e-22
2.258047380995712116e-22
3.466018800915944881e-22
6.674085438551134358e-23
1.327343752539619065e-22
2.121443544059198654e-22
1.857343139849477544e-22
2.028437129837114587e-22
1.619354065294872892e-22
1.444585224167503241e-22
5.364106169130657528e-23
-2.473282293437060459e-23
8.119346450538014525e-24
9.170714491143582467e-24
5.364577546865425865e-23
-3.609695469333450564e-23
2.227706789038775441e-22
4.493765574408232593e-24
9.308641052177890442e-23
-2.116385860596187513e-24
-9.419843605667667492e-23
1.370819022743081654e-23
-4.213442365594513534e-23
-2.670959089674074266e-22
-2.164035449085358360e-22
-9.068913272070380943e-23
-6.823493137768204874e-24
-1.871022477620489080e-22
-1.065147419025846002e-22
-2.041494249457247699e-22
-9.358888540863899975e-24
-7.799326278997413697e-23
-5.683817478950187693e-23
-1.209912473954096420e-22
-1.521151539913021288e-22
6.601180859635946701e-23
-2.329514342502338898e-22
-1.322861317733191883e-22
-6.762684176482110230e-23
-1.082724428770154690e-22
-1.510761179583347086e-22
-3.410058680787928100e-22
-3.718027589508595648e-22
-2.862198721610875561e-22
-3.000287963564956442e-22
-2.847346213176333426e-22
-2.652979812531425645e-22
-2.116421427491370454e-22
-7.797446993090645042e-23
-9.253972964098758963e-23
-1.163794802461693366e-22
-3.354156116757480814e-22
-2.790611401699527808e-22
-3.063271653888460238e-22
-4.211052408013529405e-22
-2.595598947185334587e-22
-2.710924638194346953e-22
-4.304848169230060372e-23
-1.889270130737880401e-22
2.478913424165934476e-22
3.687486541614684231e-23
-1.131181477088186076e-22
-4.118077219091937704e-22
-1.188480480577995900e-22
-3.509031199302450245e-22
-3.896934733527548690e-22
-3.670519878969806689e-22
-1.786267108536239088e-22
-1.315588540383107337e-22
-5.243639950125882107e-22
-3.872777802251652739e-22
-5.908288153038881676e-22
-4.153373146140649664e-22
-5.596489433718706482e-22
-5.042357714452619840e-22
-4.889314724666882121e-22
-6.310439055384439500e-22
-5.751571789866072794e-22
-2.997943693998911307e-22
-6.206048162700790498e-22
-5.071264253016916930e-22
-3.263335500392623515e-22
-4.978010313867315095e-22
-3.325537722662006645e-22
-4.577388843459557207e-22
-6.254659753797453897e-22
-4.594607492421757864e-22
-3.985005743113467990e-22
-6.578537472870262951e-22
-4.912644339735546068e-22
-3.608126611800782830e-22
-5.395104803509565794e-22
-4.242893385525267345e-22
-7.482654391057022574e-22
-3.348220911180795124e-22
-6.919579556143343131e-22
-6.508120428531989144e-22
-5.050313335198999401e-22
-5.642023438106612213e-22
-5.354797735923934186e-22
-6.301721183091614029e-22
-5.230546375007269634e-22
-4.035740225897976733e-22
-5.199569258446705982e-22
-2.829280762571094976e-22
-6.180617250273485186e-22
-3.842418965506503449e-22
-5.660363752166790163e-22
-7.011819722633180700e-22
-6.228988033909132662e-22
-6.757482910872761450e-22
-4.602765398124853013e-22
-2.803523520607266956e-22
-4.956151667944570064e-22
-6.460216565190148945e-22
-5.501318327128859427e-22
-6.240344815420312301e-22
-5.437725373559356378e-22
-7.074363169683354478e-22
-6.266088519274751214e-22
-3.536146939959512655e-22
-6.296605872144351621e-22
-4.529718934544654966e-22
-3.504451695798052021e-22
-4.824162912631505859e-22
-6.607093956047665909e-22
-4.389095445543514954e-22
-8.532153254761629498e-22
-4.391384000476710351e-22
-7.884036091703645189e-22
-6.233296016055243793e-22
-7.145538170436378877e-22
-5.540844555890446137e-22
-8.189977043131182901e-22
-5.924551289325206699e-22
-8.402311658229382395e-22
-7.674770692779062641e-22
-7.157941264423552322e-22
-7.978100421886894651e-22
-7.740465176722704384e-22
-7.852859442499485181e-22
-6.912797742513617143e-22
-7.734196519937689574e-22
-4.824116399229415655e-22
-7.479513848596841627e-22
-5.756047268231970719e-22
-7.447039771455384542e-22
-6.244343165578594689e-22
-8.479300939181575168e-22
-6.467625332022139826e-22
-4.452591197671971236e-22
-9.791016212428087601e-22
-5.852438614832222057e-22
-2.818010199194656643e-22
-8.073587588665366020e-22
-5.570654733637701429e-22
-8.647563649523447653e-22
-4.312817775409021062e-22
-5.740370837910932889e-22
-3.788951010056862713e-22
-4.947309822312383281e-22
-5.861541817691575017e-22
-5.774628558394556973e-22
-6.850486547045685245e-22
-5.339048849855889141e-22
-6.064470808817308540e-22
-5.343796777808297731e-22
-4.547020436934082166e-22
-6.029006008677717464e-22
-3.942698722418764823e-22
-5.661005116878002917e-22
-6.103840172137885543e-22
-5.105934314340816762e-22
-6.288200674483379526e-22
-5.182138888157392014e-22
-5.884022143893457023e-22
-5.005870602228156658e-22
-8.415073164487327474e-22
-4.115739766748636229e-22
-7.598794079015491554e-22
-7.564144872594067374e-22
-5.733296055251683833e-22
-5.747776500119273361e-22
-5.549771046262210543e-22
-6.753644674815437396e-22
-7.037891119491933021e-22
-3.569217614789334967e-22
-7.391110734690558948e-22
-5.876982128931614130e-22
-8.598049923167758846e-22
-3.136922755931937235e-22
-6.776907127554887998e-22
-5.495059365335185166e-22
-5.476736839413563001e-22
-6.484730648205164181e-22
-7.255788932499189950e-22
-5.540259230108788704e-22
-4.360543199683108486e-22
-5.488032817572383194e-22
-3.188431400219826629e-22
-6.692988816255665636e-22
-2.659805116620264603e-22
-6.623301934892702648e-22
-3.282527728435566942e-22
-5.130486699283940980e-22
-2.969689860032344501e-22
-5.680672822620370693e-22
-2.757350028364171600e-22
-5.456638559529201784e-22
-5.502192496261111153e-22
-2.368471997161897711e-22
-5.094443788326570309e-22
-3.632864502009789328e-22
-1.137401695320859707e-22
-2.570470115113096404e-22
-6.133243009034391771e-22
-4.488002204674809818e-22
-4.114206088767957627e-22
-3.012053321812732670e-22
-3.074507298441307689e-22
-5.571326218473033754e-22
-5.728141298736828795e-22
-2.069166813905630049e-22
-2.703665606444874756e-22
-4.604466242793529458e-22
-2.107078572929994194e-22
-1.154891485137821835e-22
-3.417568657166632643e-22
-3.237499003443969478e-22
-1.197257875713763115e-22
-2.975551814242562203e-22
-4.626136343159525770e-22
-4.958915450198591439e-22
-3.059406226673077060e-22
-2.910415372301782982e-22
-4.791598873949487866e-23
-5.815722960163605519e-22
-3.924973286944964089e-22
-2.801341753361222103e-22
3.595042600084039006e-23
-4.249189707810074412e-22
-3.027723507583858298e-22
-1.381537424315471485e-22
-1.844497498115413328e-22
-2.445684514059340535e-23
-2.302000740498779579e-22
-8.349781157036162641e-23
-2.227382052803471440e-22
-1.815310522694151235e-22
-4.495776358163331886e-22
8.979243176076463470e-24
-3.872355990799057815e-22
-1.558629886662762969e-22
-7.406697773994860294e-23
5.066425635729750862e-24
1.012586556378091049e-22
-2.692154928046790227e-22
-2.462001020939198956e-23
-3.010828919643524052e-22
-8.627505060208526781e-23
1.381561247689583266e-22
-8.118890238793632046e-23
-2.176460624474179942e-22
-1.038354261784902311e-22
1.130435529714708638e-22
1.791617693434249703e-23
-6.464831521589638859e-23
2.441392583961596602e-22
1.257932650472148644e-22
-1.917892895792224577e-22
-7.127760140741977585e-23
7.557691839382258469e-24
-1.281488670269881552e-22
5.710533738125413862e-23
1.165745374701904611e-23
3.306168568713483432e-22
9.822969912702046929e-23
5.137793706345728648e-23
3.649496375844896339e-22
-2.731730533898247432e-22
1.963378828410341894e-22
2.224173148426437702e-22
7.571986524112596434e-23
-1.497800418353493828e-22
-5.463925517820547977e-23
2.428217914162994638e-23
4.196434218519343194e-22
-7.652804144395883006e-23
5.674727821458627332e-23
2.128674799131170204e-22
4.125150019556263575e-22
9.862779702106393652e-23
2.185573648184719753e-22
2.839755441228540615e-22
3.143108392691641348e-22
4.243060880743044887e-22
5.127373202869845806e-22
-2.072592404518283429e-22
3.074810625733734986e-22
1.787691191765287363e-22
2.701115656659572590e-22
5.895416025330669013e-22
1.449327625665027977e-22
1.975807182503658415e-22
2.945333170000415349e-22
3.442786738433777997e-22
2.164353484694871398e-22
4.192675341068186688e-22
3.503916234023178643e-22
3.208432761242842371e-22
3.989381510464312693e-22
2.907241974539561310e-22
2.648221058944924837e-22
3.067630087611257824e-22
4.754376591673904745e-22
4.916186397086137027e-22
4.140340015286767191e-22
3.029990696087295173e-22
2.857072463072185162e-22
2.239033968304324232e-22
3.156196145952671232e-22
5.759444439789449469e-22
3.736543303083696884e-22
4.574782615007011465e-22
2.513232298290444204e-22
2.796953157296608714e-22
3.629667704473266421e-22
3.409747819743726368e-22
3.786842660965251365e-22
4.500655449509215196e-22
5.145862169830353184e-22
5.099751970614870875e-22
4.927843312857554632e-22
6.451849388264734641e-22
5.962487655280576074e-22
7.265348640844930842e-22
4.472957979381439211e-22
5.904554163748287565e-22
3.378416967616604702e-22
6.784527039208898686e-22
5.955219835981078005e-22
5.951999037059956355e-22
4.314261390030910578e-22
4.766867146202596390e-22
7.407753519877360603e-22
4.677736023579838909e-22
5.777196742712023663e-22
7.498679349997938128e-22
5.424568657851447980e-22
6.366137510378001495e-22
6.880714208050078122e-22
5.991524440831226522e-22
5.427902343408973112e-22
6.418948700040619463e-22
4.907253377210681364e-22
6.578205593397227550e-22
6.241333569534142984e-22
7.795835758623101954e-22
6.107546669051538201e-22
5.930996953899475762e-22
6.492012435511497892e-22
3.601102023311876220e-22
7.815274386295798399e-22
4.171413703301632838e-22
5.007176131819920010e-22
6.165887648659167319e-22
6.557063767172816970e-22
6.437967180282476575e-22
7.160285911959816144e-22
6.803221259962023969e-22
7.005096272952584213e-22
5.892454087627863462e-22
7.847652286476302100e-22
6.060961026034097887e-22
6.000058170880996306e-22
5.630085078603359242e-22
3.355940837958675417e-22
7.371377806020709077e-22
6.105356764890316891e-22
4.039367788555911814e-22
9.231502312062169819e-22
7.530409964443082949e-22
6.413769256197003627e-22
6.589148668271734392e-22
7.375760343996485442e-22
6.412825034303840847e-22
6.635195680706969003e-22
7.473579515353764657e-22
5.263760785399751424e-22
5.888423018907340126e-22
5.126942327026656242e-22
7.200551057852747776e-22
9.624841836367705954e-22
4.703907824922278915e-22
9.029535963449888743e-22
8.251591802319218283e-22
8.271706261165989029e-22
7.736471221490560344e-22
8.939640869247663554e-22
6.770005939643001108e-22
7.177997773029392420e-22
8.173586184536266267e-22
7.471814936511974273e-22
7.741107210801378229e-22
8.938678921248144516e-22
4.304291076689502475e-22
6.364999558098059442e-22
6.448914690402628780e-22
7.637701328118426550e-22
5.697004810702652818e-22
6.483824902219907855e-22
6.850387054715241846e-22
8.158182970877647624e-22
6.545010999887695698e-22
5.069156160748264911e-22
5.068930315643535356e-22
4.220297653399826554e-22
4.969010208502787751e-22
5.720146591477202634e-22
7.767291209836846755e-22
6.093570660966497448e-22
6.434348060896773074e-22
6.442673990123865410e-22
7.139287413004044117e-22
5.855384081575374202e-22
6.730656037043493612e-22
5.621950055583060199e-22
5.374299442118956848e-22
7.185775315483613401e-22
3.437023153847880492e-22
7.098596708750330878e-22
3.568561644485708561e-22
8.535610158166010566e-22
4.865753589461595920e-22
6.196266025950990028e-22
7.052326463474706247e-22
6.564156719729050657e-22
4.256758824642105459e-22
6.320208290176433910e-22
5.008378186027489561e-22
6.326528613809149250e-22
6.049004323496551840e-22
7.380102361954561085e-22
7.477056330725741902e-22
2.301275823089174652e-22
7.707103343492853723e-22
4.500092420484180955e-22
6.274555370207168180e-22
3.947692234009657673e-22
7.898437309068229063e-22
3.533364069178904919e-22
6.867689063736335800e-22
4.864556286575131572e-22
3.639244409223792941e-22
5.350923118070266049e-22
3.427747845446664745e-22
5.217871242599948994e-22
6.367359396871157939e-22
3.856335023449281968e-22
5.443082517874416183e-22
4.365750608877344477e-22
5.284811199713700398e-22
4.379122230635859578e-22
5.012508119072120930e-22
3.449159048866573725e-22
2.844972853963675189e-22
5.682716873025257661e-22
3.426159958177721829e-22
4.755862950430791356e-22
4.199224476152213492e-22
4.102305474692992053e-22
3.353771757158959072e-22
5.749180175066401776e-22
2.856475931229962604e-22
3.256995986476983884e-22
2.786596664694246393e-22
2.203499858235160109e-22
3.566013039031925360e-22
3.167548758909405117e-22
2.560861286088949382e-22
5.361884641281300945e-22
3.452995757221723893e-23
2.825265531514208358e-22
-8.151787627063337241e-23
2.530407395343542020e-22
3.117726282361480548e-22
1.108796822066463116e-22
6.530453309606967419e-22
-5.193131622038915009e-23
4.262490640731444599e-22
4.577914596049460776e-23
2.044992659017572726e-22
1.397802630559085607e-22
2.008995999419319399e-22
1.896021534431953848e-22
8.507635215539048817e-23
2.446727580892989269e-22
4.398164772008011055e-22
1.275769096200583397e-22
5.489110066944300632e-23
5.990458037166745161e-23
2.289519701145931154e-22
3.558217441659691459e-22
2.213145857777128699e-23
1.865144483718064383e-22
9.480610388194692511e-23
1.264114071744383513e-22
1.740521545972749825e-22
-8.241085057352370090e-23
2.510499691397012890e-22
1.995318146309462455e-22
8.295744378946417454e-23
1.995829231506264342e-22
1.201715990251869597e-22
8.512985564501020763e-23
9.402500549005539687e-23
-3.078027684040441620e-23
1.097309633356299610e-22
-2.699253749425142176e-22
5.124279720389980208e-23
-2.398847284136487014e-22
-1.039541908382303279e-22
-2.430429242538727346e-22
8.669089743947363442e-23
-2.043452637765478178e-22
-7.776079574327825219e-23
-2.016485190056621939e-22
-2.372341613534608137e-22
-2.260685901211221388e-22
-2.056146438681204591e-22
-2.475018277693810529e-22
-1.779569875505102763e-22
-7.716216854997161698e-23
-2.392724995163986839e-22
-1.896978703540758346e-22
-5.195521945607306617e-23
-2.340505562505037489e-22
-2.834274711266802119e-22
-7.388548097463940485e-23
-8.809967750755259050e-23
-2.137015399931324097e-22
-2.526616517144812573e-22
-4.686907549772667570e-22
-1.440417710735422848e-22
-2.884852859534108330e-22
1.148377444422618834e-23
3.427036592564018396e-23
-2.469110238695229863e-22
-3.229329431362879132e-22
-1.133107710963638726e-22
-2.564418579300941072e-22
-3.639266960664433717e-22
-3.822716519346274095e-22
-1.940402472018129346e-22
-3.616551391933608449e-22
-3.518378151420293790e-22
-4.603614556643975033e-22
-4.579558537170288505e-22
-4.887210752099153205e-22
-2.607117113962816548e-22
-3.178661281683810331e-22
-4.122059461559592227e-22
-3.181754450664737958e-22
-2.778356487324999514e-22
-5.421040885936182236e-22
-3.447261846803745721e-22
-4.616639131758435028e-22
-4.063892561634428710e-22
-3.910004520640102181e-22
-5.310132290189555012e-22
-3.420890850550006451e-22
-6.106951769002562364e-22
-4.073549198798537154e-22
-8.066404871366714466e-22
-4.027057891187797294e-22
-4.802927483216613063e-22
-6.552311618983077735e-22
-5.638512624274497162e-22
-4.337663108014286236e-22
-5.517550286930076055e-22
-5.547179358878301101e-22
-5.821281158962689104e-22
-4.759545042102443305e-22
-5.848007270405619932e-22
-4.365652216676931168e-22
-6.638886144316441467e-22
-4.114877303745734090e-22
-5.376917190379878999e-22
-5.876899557763113095e-22
-5.307547547938821010e-22
-4.456657329928233209e-22
-6.254395618114332112e-22
-5.711960123356811210e-22
-8.245954514959517471e-22
-4.174668978357662547e-22
-6.561484036404234046e-22
-6.057078581355323003e-22
-6.557742099601398055e-22
-6.440286013987238157e-22
-5.891471082604250359e-22
-7.773717030443379551e-22
-6.393509527769601436e-22
-6.208879340533481657e-22
-5.650718138470460735e-22
-4.991968561162053233e-22
-8.919111491333546822e-22
-3.611226817514185274e-22
-7.957592032374888744e-22
-5.338895148419255159e-22
-4.942746618025959665e-22
-7.204892745868309688e-22
-6.506577224622202046e-22
-6.347410407493396623e-22
-9.618074610462729963e-22
-6.293275739163718847e-22
-8.511063842299088348e-22
-7.471417959874215710e-22
-6.937865336730305904e-22
-7.442553997961342013e-22
-4.527551386090694171e-22
-7.990288963810771314e-22
-5.037954548680922123e-22
-6.334498785571583870e-22
-6.601162594470126210e-22
-6.242420507383896025e-22
-9.566890450695579001e-22
-8.592758691501274250e-22
-7.221069397424135474e-22
-8.987967562707172440e-22
-4.659914038604486738e-22
-7.375110340798111222e-22
-6.934057020541277481e-22
-6.571166573727311960e-22
-9.196779685282355677e-22
-7.581585416007926477e-22
-6.896419969315999848e-22
-7.641083831809042484e-22
-6.609461697689328573e-22
-8.365019699949354445e-22
-9.215102027007351473e-22
-7.918710391689229936e-22
-7.050672703295503929e-22
-6.140784750880497425e-22
-7.007313889986376529e-22
-6.875280381988149480e-22
-7.107485177704927564e-22
-7.140360362896730002e-22
-7.854614064601211431e-22
-5.699836878346358340e-22
-6.647469670899218490e-22
-5.624856670231479526e-22
-9.083615501089337958e-22
-7.034398959554110279e-22
-6.985700294097759697e-22
-7.362253559709913852e-22
-7.172837574211247096e-22
-7.081416061958975955e-22
-7.667859301425163351e-22
-5.748034259133912104e-22
-8.395730832684299096e-22
-6.932683909811212528e-22
-7.588310556254408482e-22
-6.608050375567881883e-22
-5.448932774356746959e-22
-5.817922814447765250e-22
-8.565984628782750846e-22
-7.384669632187567709e-22
-7.351157462877366327e-22
-7.288258858543812069e-22
-4.989173811339071318e-22
-8.150008968347264117e-22
-8.368701825045881690e-22
-5.247994989213825904e-22
-6.470270175423817896e-22
-5.558628121873992961e-22
-6.638529597761249940e-22
-7.586160736613779357e-22
-7.172962658907745547e-22
-7.162222996382977538e-22
-6.247278315246855629e-22
-6.793781600029598748e-22
-4.572321452672061963e-22
-6.532315924876265523e-22
-4.964665428901919908e-22
-7.053011757443514511e-22
-3.714997659287979219e-22
-6.095171387232285519e-22
-4.831366059512333956e-22
-4.836627526888703004e-22
-5.801564982515426789e-22
-8.197064253133572963e-22
-6.129610762378791509e-22
-4.171322655559735361e-22
-7.242027175263890051e-22
-3.305413338722339901e-22
-5.253375797448543205e-22
-9.427471739353909929e-22
-8.036105103884684619e-22
-5.244296381400632875e-22
-5.706379030253161176e-22
-6.312909959900628649e-22
-5.111661853645540677e-22
-3.741687103661625146e-22
-4.544424044780187942e-22
-3.934457421334234251e-22
-5.394491022665896846e-22
-6.106080634708597631e-22
-3.038880605399161133e-22
-3.529934269921239461e-22
-6.814386109922425444e-22
-3.928215201595503212e-22
-7.176038462936680781e-22
-5.373516067466419254e-22
-4.812823500874958769e-22
-3.380835398755442539e-23
-2.538900544085227014e-22
-5.717934205169719723e-22
-3.668013076747882942e-22
-3.580790427458300339e-22
-1.924105558141011820e-22
-3.987422638612351020e-22
-6.062200258361630085e-22
-5.327545895444405806e-22
-3.306810930980493953e-22
-3.720382435018354130e-22
-3.559515938578521053e-22
-2.435835484834236668e-22
-1.583922786150207334e-22
-1.934792211208832590e-22
-2.491702048674826200e-22
-4.066287869562457837e-22
-2.335683666419938414e-22
-3.564271318851916083e-22
-3.949055774115821221e-22
-4.876710636639713501e-23
-4.515626025149157881e-22
-6.675032435154271513e-23
-3.724277230305286669e-22
-1.427279063098851654e-22
-5.062969895603089476e-23
-3.469561578194097579e-22
-2.009605372374366047e-22
-2.405813883893072080e-22
-2.485034211181249668e-22
-1.249008556427885126e-22
-3.745515519958012670e-22
3.047255354053377354e-23
-1.958456937991391058e-22
1.832666136502321323e-23
-1.466789083290945483e-22
-1.789863557845322979e-22
1.048427757050145797e-22
-2.387499722861783539e-22
-2.936496023379674821e-22
1.902543419885846762e-22
-1.392251569402437677e-22
1.906826064940493959e-23
-1.206185021208635360e-22
7.413343189970562017e-23
1.077310422916850280e-22
-5.051085419635874857e-23
-1.821066789635442316e-22
1.870139017242984866e-22
1.135961073718986409e-22
1.473443645015756219e-22
1.610393062808014821e-23
-4.384843065044398349e-23
2.026305814114054905e-22
-2.743328055836291662e-22
3.170027900168932575e-23
4.317508513383513807e-23
4.769872963844548800e-23
2.558021007341153564e-22
7.286345500186975222e-23
-9.572894881199332255e-23
5.422773020677477441e-23
6.359271647401317705e-24
2.575584115409284542e-22
-2.759756359837645594e-23
1.210937736346567373e-22
2.453811767859880817e-22
6.379010524710729938e-23
1.834003672743107104e-22
2.156282452162049654e-22
3.207149906041229693e-22
8.157596996265968001e-23
6.734140041673823960e-23
1.616045305266633886e-22
9.574292176267133615e-23
1.866626357739193544e-22
5.975422170939522524e-22
1.150734360012533787e-22
3.425949396562672504e-22
4.409867607481681438e-22
2.046340631514913009e-22
3.510237839401427689e-22
2.705329315678079236e-22
6.400294980032339658e-22
3.486431822832244308e-22
5.365530511826014795e-22
6.841993920353001871e-22
4.951553326989222378e-22
3.051132625621548335e-22
4.072788162602237248e-22
3.793455817056429861e-22
4.689588321144512488e-22
4.135947116792044926e-22
5.562761687288228386e-22
3.899626824009018865e-22
3.960967400927994629e-22
4.564773421354893775e-22
7.176729979512949901e-22
4.697376913256502170e-22
1.864039885456455690e-22
8.042656719363354840e-22
4.719613818989325416e-22
4.998064368020490491e-22
5.920662252986131412e-22
3.131373013872602696e-22
2.712878989194521682e-22
2.707612203506652524e-22
3.130919859474222991e-22
3.321269049396687646e-22
3.915574250102584354e-22
3.740463569328965192e-22
5.628120229995444910e-22
7.065031513606765311e-22
3.000157771618118676e-22
6.501041851150686388e-22
5.238609221460338127e-22
5.930001071963619779e-22
4.346679120297185220e-22
5.159985636854157868e-22
7.664346136212383235e-22
7.122427558515088343e-22
4.887590981810924023e-22
7.229382573664038062e-22
7.662526043150151365e-22
6.932909653975848152e-22
5.355612388313911736e-22
8.361667099262754596e-22
6.077857111093587997e-22
4.369600760940726353e-22
7.339907033252398671e-22
8.375650255724401079e-22
6.560569258451350217e-22
5.219930757137576119e-22
8.251177461015952226e-22
6.366486492177224230e-22
6.378556910535528132e-22
7.082691040352195847e-22
7.710535051108892835e-22
5.862770995318917607e-22
6.798526267830333780e-22
7.610073802938438735e-22
5.191308720881970955e-22
9.210299694790418235e-22
6.963301477763292137e-22
7.842690944404475465e-22
7.330608976571011361e-22
1.000405867581957454e-21
6.073056614412619233e-22
8.005847497757007798e-22
7.654390722921942916e-22
7.343837110213166955e-22
9.931467911035595662e-22
8.856199506887137472e-22
1.067575905363314272e-21
7.336064300657798691e-22
5.896890358399931350e-22
7.630768815980398971e-22
6.703428107342757159e-22
8.127060891968971174e-22
6.525795062826929568e-22
7.595275315779124743e-22
7.643303644437897690e-22
7.335687629609593304e-22
5.752853215463855918e-22
9.444204175688580224e-22
6.040131640777521241e-22
7.970896540082365091e-22
8.917630286619770553e-22
8.467858908872529903e-22
6.219171671973643196e-22
6.079190925415096150e-22
6.322050517822416311e-22
7.510404503672589888e-22
6.008052652880120921e-22
7.414360443256733809e-22
5.241055546413803759e-22
7.788540079350278253e-22
7.890094127105075665e-22
7.083009967677975778e-22
9.449271535095912409e-22
6.160266975071442631e-22
6.837289109173457297e-22
7.760662330601991987e-22
8.999831318516940764e-22
5.616482385898085772e-22
1.013918451552332310e-21
7.900505585932875655e-22
7.603861309977807692e-22
6.306347235547664985e-22
5.540870081854243427e-22
7.363475305303796925e-22
6.523351501674571910e-22
8.003023098995534915e-22
7.732485623730188625e-22
6.336768223804000260e-22
7.735961304516384851e-22
7.443082941244958173e-22
8.427279973831423429e-22
8.241337302792911601e-22
9.749005367642814310e-22
8.063987400499637040e-22
9.939120115590269266e-22
7.609253887762596245e-22
8.941671666449230915e-22
8.056918889425053245e-22
6.711824735210509149e-22
7.067348575147241519e-22
7.960053330063656831e-22
6.517845265744861771e-22
6.089390306202115945e-22
5.712920178552871790e-22
6.904524975741757532e-22
5.474364896810935432e-22
6.152992579191879689e-22
6.447540506844519450e-22
6.413546419452744534e-22
7.104620772492315462e-22
4.410867486537424377e-22
6.780318326337560903e-22
4.406916199034798785e-22
7.075706174866984284e-22
6.733504561036924775e-22
5.852785753491418010e-22
4.069795534120815283e-22
6.290525770010988765e-22
5.832226135747775258e-22
7.204990254279271545e-22
5.567515578046430176e-22
6.647199300466665057e-22
6.016384946938369446e-22
6.473699345711903718e-22
5.525662187544788951e-22
5.369823432722467490e-22
4.364301107541634185e-22
5.092746960589595522e-22
5.794826928009306344e-22
3.789390830016398533e-22
3.513126462001655161e-22
6.241678745390904349e-22
5.704849369625795029e-22
3.100414404280517558e-22
4.410480691249347106e-22
4.214694782170858255e-22
5.120213958059399954e-22
4.945534664372785116e-22
3.824272767570180917e-22
4.370351756823143073e-22
4.968440945214842047e-22
4.440805750801195191e-22
4.253941855109057883e-22
4.359919068306824082e-22
4.416969679710284870e-22
2.675848136659497567e-22
3.914536429230124830e-22
2.208135489998437047e-22
3.378537735693195248e-22
3.608955023172411192e-22
5.311522213678039414e-22
3.279127003450972525e-22
1.427253260996349058e-22
4.101346265613027482e-22
4.245010974885820664e-22
2.489870137411686686e-22
3.930424149237406276e-22
3.634590447846777513e-22
-1.319668697515702408e-23
5.220081369839457282e-22
1.661338735819113640e-22
3.002208449250763831e-22
3.397819879225836173e-22
3.880057916902536125e-22
2.283547831669739856e-22
1.420184553804077815e-22
1.786866511258517054e-22
2.615475278776612878e-22
1.835020741678375945e-22
2.694182587042051859e-22
-2.597874335243870972e-23
9.829028176484865201e-23
1.310399378771953906e-22
2.616265457764483597e-22
-1.019959234585574469e-24
2.047228541527666740e-22
6.152150122160095476e-23
2.330830550912415173e-23
1.528666528914239757e-22
4.383040651688274899e-23
-1.137917528631422469e-22
9.902325676076548166e-23
4.617175893404718266e-23
6.670859530778161081e-23
-2.689930380050573320e-22
8.703803842577532398e-24
6.443157043607516390e-23
1.177757127701172268e-22
-8.152857962106770809e-23
1.569108250130507260e-22
-5.658753830318158604e-23
1.066202424925695671e-22
8.616036087624248399e-23
-1.985860227930612346e-22
-2.310322346018250292e-22
-1.606441660413855961e-22
-2.156421729277967363e-22
-1.620755614196528465e-22
-1.291552501688409982e-22
-1.938306871268904508e-22
-1.426682236685538542e-23
-2.589739487217172152e-22
-1.371129379829025333e-23
-5.014439645062921827e-22
-1.372382592682179493e-22
-4.992131380302312689e-22
-1.778044249720988306e-22
-9.376865960502001065e-23
-1.121151072340890842e-22
-2.997998548284419486e-22
-3.967234047678338677e-22
-2.560733974785860481e-22
4.221362632363916218e-23
-4.842353044817689634e-22
-2.720341315789375017e-22
-4.073220869178603018e-22
-3.670832385336800154e-22
-4.570776446465734056e-22
5.658380298674422471e-23
-2.790344008132812608e-22
-3.667916421307757237e-22
-3.148121803520943261e-22
-3.390079940448213378e-22
-3.732693671109869108e-22
-4.235276597610059870e-22
-3.642390832675466537e-22
-3.269733243449342452e-22
-1.744945467620162845e-22
-5.831948548784176799e-22
-4.634095877672185643e-22
-3.590549890245725225e-22
-3.501930256672116739e-22
-1.936850874683966467e-22
-5.275197254238058831e-22
-3.890958412536870213e-22
-4.561592628610992947e-22
-4.913447330021280285e-22
-5.439547574558336222e-22
-5.804705543000381384e-22
-5.263750180558304207e-22
-4.394396615084557668e-22
-4.179759971196664462e-22
-4.688066263512026300e-22
-7.665072333601482196e-22
-4.607956773143472529e-22
-6.020639757530506863e-22
-7.651485982115703335e-22
-6.820226652802018621e-22
-4.772164682907053460e-22
-4.932665662464989632e-22
-7.997508813485840996e-22
-6.835645055746234072e-22
-6.871089015242016978e-22
-6.053858653103141272e-22
-6.556436659105503038e-22
-6.545085899292719296e-22
-7.216023140786681895e-22
-6.374709374030803066e-22
-6.238973798083682352e-22
-5.830584391095316205e-22
-7.860352008397511551e-22
-5.407664071276345361e-22
-4.910472790942296707e-22
-5.070600046561896846e-22
-5.821195557545557643e-22
-7.308063997086685508e-22
-7.877672020926863408e-22
-7.697729265205716356e-22
-7.651961663847066418e-22
-6.815413981557658500e-22
-6.914013768898728955e-22
-8.263725463527914723e-22
-7.979882452383660562e-22
-4.992166211608373852e-22
-6.528363049400257680e-22
-8.704632693552226630e-22
-7.709904505211666923e-22
-6.970333644389152166e-22
-7.238007142498758880e-22
-8.829295175580996600e-22
-7.536463336922577982e-22
-6.828776526293803654e-22
-8.758660769833737693e-22
-5.396879382756015614e-22
-9.649872972846397605e-22
-8.938448644487667279e-22
-5.366941061778085160e-22
-8.736483151620212228e-22
-5.269966647116297215e-22
-8.666403875918722308e-22
-8.486875125607427868e-22
-6.437277418443529529e-22
-1.068969591285646824e-21
-7.063917384956516899e-22
-6.433105273401981207e-22
-7.741888238751408885e-22
-7.791825181976127230e-22
-8.094510214519956525e-22
-7.776155703370050492e-22
-5.943548884676414477e-22
-9.974274663079467414e-22
-7.960571139087212315e-22
-6.889869452904629130e-22
-8.172785575983979991e-22
-9.755789378048273475e-22
-9.215350361700836527e-22
-9.127688113362533203e-22
-7.256533624760495152e-22
-8.139993200192930508e-22
-7.727116400902769833e-22
-9.387443868699211606e-22
-8.638886858483047959e-22
-8.224926708328312949e-22
-7.962391366579686264e-22
-8.446077923041963260e-22
-5.233748927194176453e-22
-7.385943017053619601e-22
-9.426798425607815900e-22
-6.513073136278028446e-22
-7.813518894308529626e-22
-8.274102178658459466e-22
-7.948281945912450361e-22
-9.358905121162443481e-22
-6.601443685560929348e-22
-9.975291968744058461e-22
-7.797270097039649647e-22
-7.558705153551282672e-22
-8.562704934754178106e-22
-6.376973577943275237e-22
-8.705234824086768507e-22
-8.241136495992164161e-22
-9.341182923554636127e-22
-6.697039203370710213e-22
-6.392650350757430459e-22
-6.811358695231860087e-22
-1.158153255108823244e-21
-4.609820786881219721e-22
-9.208557770134415007e-22
-6.238176122557040369e-22
-3.931299963439633814e-22
-9.601032867648175290e-22
-7.038487951521480019e-22
-5.838543221243999041e-22
-6.224960264668511499e-22
-8.129948294221332615e-22
-5.945960472062918180e-22
-7.575091502654991622e-22
-6.147607438675808465e-22
-7.921860956634331451e-22
-8.468690251666164012e-22
-7.180293147556855125e-22
-8.139398430971315027e-22
-6.949188138686508349e-22
-7.378430033994440434e-22
-6.063659883895492556e-22
-6.257371501383842571e-22
-5.524419324296098717e-22
-7.351183762545532439e-22
-7.577153888888743944e-22
-7.267592847630649335e-22
-7.826368114057698348e-22
-7.905090814080436399e-22
-7.097498027775396718e-22
-4.675414178503683410e-22
-5.353912971855821451e-22
-7.583531711732313151e-22
-3.161457516379350943e-22
-4.823561950005250726e-22
-4.106963953301287341e-22
-5.897709887715379404e-22
-6.299121497512266172e-22
-6.363071012126810354e-22
-4.820180993819710311e-22
-6.094966316822524636e-22
-4.007492320642885209e-22
-6.000748419626645628e-22
-5.264761944968974102e-22
-5.457915161850770008e-22
-3.813130651974313933e-22
-3.900838706651015337e-22
-6.567119385993194497e-22
-1.510804860833366878e-22
-4.893220445214680686e-22
-5.385289205994926794e-22
-3.769624799815688624e-22
-2.641380196451190834e-22
-5.672379633750639361e-22
-3.394596842634461992e-22
-5.586736269649930917e-22
-4.826693182846274545e-22
-2.797706068902355498e-22
-3.562391249563312829e-22
-3.273104884908407791e-22
-3.937030058816559148e-22
-5.197234855813394802e-22
-3.288681787952163608e-22
-2.322302458102891475e-22
-4.634708691747786716e-22
-2.748562701385908223e-22
-2.589544445551599454e-22
-3.171529859024838227e-22
-3.033518566102462074e-22
-3.169555240619585756e-22
-2.011844853339005325e-22
-3.211418702552963072e-22
-2.150103835297082064e-22
-3.254796809039752203e-22
-2.811971099445386530e-22
-2.546241694280087163e-22
2.399621372729433708e-23
-2.988934437259183604e-22
-2.809838359042376528e-22
-4.726562329094487815e-23
-3.146636058099923943e-22
-2.012868617669596514e-22
-8.437506172830696815e-23
7.160607851582689441e-23
-2.049068756975127672e-22
-2.088472412673978367e-22
-5.485217670578245793e-23
-2.195988739633678180e-22
2.879483152314283633e-23
-2.922386982357698967e-22
1.816021082372794877e-23
-1.884677626384217520e-22
8.755679461742095710e-23
4.452440292225047238e-23
-2.001543088527783140e-22
1.012740114864809758e-22
5.983560859123448837e-23
-1.041767204178744048e-22
1.061857682574677341e-22
1.412247942684165272e-22
1.341026166973799113e-22
9.734697646158587329e-23
4.712423736759335113e-24
1.767908593857933667e-22
1.862802583463749900e-22
5.693855608378970084e-24
1.951837858420304512e-23
4.442615167472835116e-22
2.062835205361019841e-22
2.663777987212653839e-23
-3.534079922340923968e-23
2.548772522653562334e-22
1.740181474416944741e-22
7.597998406385331828e-23
3.521915277410598808e-22
6.224370547259900480e-24
3.693461733576529517e-22
2.995522191337227730e-22
2.238945580349639680e-22
2.316301654252429859e-22
1.865449233190873633e-22
4.276424466813603566e-22
2.953792762449767826e-22
2.716641922485801812e-22
2.437543254562525584e-22
3.521317423650272323e-22
3.216190842936424354e-22
3.347769767982548863e-22
4.956117227631829196e-22
2.114085208708118176e-22
5.452973239041829878e-22
-7.572905103778279271e-23
5.684270655740797677e-22
2.750274061142078553e-22
5.650539775450660471e-22
3.302221658604891973e-22
4.016556709368838571e-22
3.390898083128057272e-22
4.185326490739387925e-22
4.176598869516389382e-22
4.751858281885016091e-22
5.563352822825030903e-22
5.646262713324075960e-22
2.189507024899183065e-22
4.777104251033456113e-22
5.875274128342941144e-22
2.052250592852879753e-22
7.333589948761360796e-22
5.280187166279457409e-22
5.942806036942140398e-22
4.501764040865607069e-22
8.225718165026671738e-22
4.048795724244106986e-22
7.171738315893734250e-22
6.480381367858465697e-22
5.464408251980590792e-22
5.723120364454328043e-22
6.148440066455178969e-22
7.417586626830168829e-22
5.157185778722473245e-22
4.905515810349473023e-22
6.246351174762873216e-22
5.441075834599220288e-22
6.405431822909392899e-22
7.011703265071374427e-22
6.501823642235812729e-22
4.548238601976414759e-22
7.369769975262136513e-22
6.269230160695394274e-22
6.046054683933542913e-22
6.747538349783621053e-22
7.545116162157859203e-22
7.048458592651078058e-22
8.235624202299032861e-22
7.332372568379065500e-22
5.838755938686988785e-22
8.659749964901844997e-22
7.419861823490455022e-22
6.068834457359712022e-22
7.070258600342367751e-22
7.323944080606012807e-22
8.691559620633576404e-22
9.194593207879870034e-22
6.969976420508231640e-22
9.663940219044880579e-22
6.825342863231082715e-22
7.775949205772799189e-22
1.051448940051390159e-21
9.926503482330226467e-22
9.291766958083926849e-22
9.337808195666102510e-22
8.526551752233388816e-22
7.187900101020232137e-22
6.498267627804650317e-22
8.337813123170018612e-22
4.568799741596888585e-22
1.013725536370641017e-21
7.850092398576710403e-22
8.317106385810170911e-22
7.024319831857538945e-22
8.521150363163930974e-22
7.322126472118236352e-22
8.610171309275941687e-22
6.091570428770943039e-22
6.045744872793983237e-22
9.418605784565616841e-22
9.157257487780180063e-22
7.671959501917674936e-22
9.405220854508564096e-22
6.487206395083937410e-22
8.410377463036207707e-22
9.156205881212023501e-22
4.675251058474338320e-22
9.267937212526186279e-22
7.879114308857569701e-22
5.626029831337753223e-22
9.294532682814264882e-22
8.195679415907846108e-22
9.440301883813286077e-22
8.327207115978764394e-22
9.884337893926279588e-22
8.688097412581924620e-22
8.239748842182461027e-22
1.108924155085460962e-21
8.123315677897236383e-22
8.942166776392323394e-22
7.554363510342288135e-22
9.046216277170195888e-22
7.629581072612297195e-22
6.339918296959074350e-22
8.897188048334120345e-22
9.124832654921585903e-22
8.761062788943002403e-22
8.786790946767673076e-22
7.212411086982811256e-22
8.552682440544995666e-22
9.955384195258015856e-22
7.096021501909294416e-22
1.061333726099825758e-21
9.077230329505225574e-22
9.102487355346396531e-22
7.281665484969672324e-22
6.656823221300703225e-22
6.841423530750140857e-22
8.782201751162775839e-22
8.728635556126823753e-22
7.141454651527373141e-22
9.068647913737239868e-22
5.653807140231675066e-22
7.815874900332292678e-22
7.347096408790828739e-22
1.000458390565894287e-21
6.342769423514545073e-22
8.066438274437805014e-22
8.185770141246053943e-22
5.201640000060495791e-22
1.085261768588826300e-21
7.328962243091980773e-22
7.791252130288393477e-22
6.331272961723398405e-22
7.201651740421541067e-22
8.688936265515180491e-22
5.292814380641304865e-22
5.198104266662451277e-22
8.506596092496771182e-22
6.458538532253463666e-22
4.744266644887681443e-22
6.581256082342376965e-22
6.361246419070514095e-22
6.198659352321407159e-22
7.558376748892874368e-22
4.936399207391941371e-22
6.295842797394506091e-22
5.649607167449577496e-22
6.273667568905092158e-22
4.992414502615585607e-22
6.844339526855511733e-22
4.749272719324562118e-22
5.936720852052882636e-22
2.813307327690242146e-22
6.704675729109894798e-22
4.588802812510483452e-22
6.861780064337271509e-22
4.833722580323594653e-22
5.233645410226015172e-22
5.169556129526971848e-22
4.872418452664290799e-22
5.606531818460023996e-22
6.159622206435214306e-22
5.218175585167669942e-22
6.774993393092480833e-22
6.588517051129872861e-22
6.058946095249927035e-22
3.658416745650059173e-22
4.829022372034994598e-22
3.379201699585903958e-22
4.314064762667705167e-22
5.437545792155920925e-22
5.967673684751638074e-22
2.524153775151150621e-22
2.583772984065597093e-22
4.269466935223635305e-22
1.995205849005365712e-22
4.945421413778815450e-22
4.630937176283180753e-22
1.969872663800267616e-22
3.954159739402836424e-22
3.376417525294996075e-22
4.887248612093895141e-22
1.360189394831477540e-22
4.585790976317275708e-22
2.846191578158123131e-22
2.326838500219207148e-22
-1.694550903145561457e-23
1.917559460249495906e-22
3.402642888237018802e-22
3.028400696083506238e-22
1.009119251481800932e-22
5.031657661348900709e-22
3.778491888702968892e-22
-7.451513052617702261e-23
2.500545332690488532e-22
9.160517288928899958e-23
3.802606295103936598e-22
7.864923292335107450e-23
3.331554637293554469e-22
3.066596997821076843e-25
2.474913674164486336e-22
2.409387772180913210e-23
1.477315487665132271e-22
1.059914209113296917e-23
-9.459836004690989968e-23
-1.809397429425622812e-22
-8.575660246902375861e-24
-1.567984863574072684e-22
4.351548743893556877e-23
3.753733604753225272e-23
4.644303188799293107e-23
4.883881337949016802e-23
-5.368779928256462347e-23
-1.912057334033209281e-22
-2.074325078859179700e-22
-7.615136730464509819e-23
-2.185807439777573708e-22
1.050749786301168796e-23
-6.972464693307365445e-23
-1.801392602452183093e-22
6.668433881241066567e-23
-2.653835810782455551e-22
-4.094944826916737152e-23
-3.285321006295723477e-22
-1.525247199703989326e-22
-3.077145268310146417e-22
-8.654923184560933554e-23
-1.586497861351537380e-22
-5.108766651484562353e-23
-9.442435761092358570e-23
-1.191202045501818976e-22
-2.893946756047973644e-22
-3.899340370061281022e-22
-8.057086037031900634e-23
-3.243425799011499139e-22
-2.044556062966084116e-23
-4.236158817711472970e-22
-1.973313332307359858e-22
-1.526416930523438107e-22
-1.805682362118286846e-22
-2.110122471172999701e-22
-7.187780312233522919e-22
-3.411820289961332479e-22
-4.897631532049018439e-22
-3.165149030906790494e-22
-4.075609713497327254e-22
-3.957690777858755855e-22
-5.388097135050847341e-22
-4.325089347061873851e-22
-4.464807078576114254e-22
-4.679001928792176181e-22
-3.877153712213220998e-22
-3.748624814354260201e-22
-2.843980876431769907e-22
-3.577358504597671204e-22
-6.463209309631268843e-22
-3.824652262665362747e-22
-2.722226556766279148e-22
-4.698776516747948480e-22
-5.459477040621211159e-22
-6.269103353532435208e-22
-5.907122336096940364e-22
-7.764712634889925377e-22
-5.975654276632216588e-22
-5.810445351646463002e-22
-6.283431618443609094e-22
-5.524589986410446748e-22
-7.873599030535227814e-22
-5.501321124800209295e-22
-5.557540894548333627e-22
-7.724482500335887506e-22
-5.005695790925947334e-22
-5.944843179407567117e-22
-6.446919361217876067e-22
-4.489618655181018855e-22
-9.009316730471422470e-22
-7.697032870242565479e-22
-5.340217033670828333e-22
-7.994129619329329783e-22
-7.302982969160757292e-22
-4.756019761419641442e-22
-6.497991901180788789e-22
-9.869847160308046176e-22
-6.945812103737915804e-22
-7.666940548882133585e-22
-6.414301677271072898e-22
-7.087300367208665317e-22
-8.234474469424641695e-22
-7.437517339576486339e-22
-8.445673350933592607e-22
-6.818722840778380694e-22
-8.433630749658817454e-22
-7.616109507290607627e-22
-8.361931647834105857e-22
-7.265493691833409796e-22
-9.102931015803218135e-22
-7.233063296776086603e-22
-7.852327342037639773e-22
-6.183979066627261844e-22
-7.823408528681308894e-22
-5.372249579102439670e-22
-8.805304584313808156e-22
-8.111323120329557333e-22
-7.396247413490272228e-22
-9.214299495548591021e-22
-8.590375777851959248e-22
-5.641911701089463175e-22
-7.793447611106339410e-22
-8.037624607029618997e-22
-6.885699254595415822e-22
-9.236133275723434028e-22
-1.096205912374652160e-21
-6.986456355547185125e-22
-9.601628396320754564e-22
-8.109486500316718860e-22
-8.731378123129770314e-22
-8.336951591005824298e-22
-7.295523937002530526e-22
-1.111682258151564096e-21
-7.377330101637570463e-22
-9.214755668040043056e-22
-9.532306765166386008e-22
-8.062001457592287122e-22
-8.045161782217656586e-22
-7.070904910095475758e-22
-1.058678611187406457e-21
-7.314877429346021709e-22
-9.433421639512789241e-22
-1.036129473618155349e-21
-1.092335924290813401e-21
-9.636603873792555549e-22
-8.145779313014127437e-22
-8.955916614620881042e-22
-1.028204596300354321e-21
-6.412312857808954254e-22
-8.306446933935623816e-22
-9.721217029939933254e-22
-5.331778415860160612e-22
-9.182429908736239800e-22
-1.023704371478766094e-21
-8.914239823832245699e-22
-8.608759170331804726e-22
-1.039421980337240181e-21
-7.095681621101941294e-22
-8.340689175689641133e-22
-9.365433649360033206e-22
-9.727899703797146262e-22
-8.041231909847546084e-22
-9.144856825795121944e-22
-8.505232006220583246e-22
-6.184040470013308158e-22
-7.770540618681603097e-22
-9.901639978153270548e-22
-8.823901811176702540e-22
-6.559653399225418568e-22
-9.771756759727076026e-22
-9.403276078872670635e-22
-7.852523954278451723e-22
-8.150646207948251321e-22
-7.251666310849934934e-22
-8.438516776127765981e-22
-7.683035041805127903e-22
-9.249461879452761266e-22
-5.673638797515943343e-22
-9.724003177922791611e-22
-8.031278959429484793e-22
-9.178831500308740835e-22
-7.045521942225244808e-22
-5.814399382010258055e-22
-5.980484042006342861e-22
-6.262065063185509597e-22
-7.726651673290085917e-22
-5.904578775276095427e-22
-6.703650688340060253e-22
-6.803740779266248728e-22
-8.041882810981095861e-22
-6.136928289389844347e-22
-8.643323488666692729e-22
-5.927697258848601501e-22
-9.402354477011423257e-22
-4.633196295983837735e-22
-8.551874258143222564e-22
-6.422176758141425184e-22
-9.853550405472525338e-22
-7.200857316441701029e-22
-6.407045185991394603e-22
-6.988705925018070386e-22
-6.237565389925725020e-22
-6.693108562888124283e-22
-5.588302151671236008e-22
-5.666047436353489855e-22
-5.894427641012707856e-22
-6.509746440704560387e-22
-6.239268742545987326e-22
-5.302023687887525419e-22
-4.434947361183616525e-22
-6.680317864086027222e-22
-4.517680445113719682e-22
-5.535749370713262175e-22
-6.710459865540678774e-22
-4.550910978698162678e-22
-6.527474173073631105e-22
-3.762707950009781941e-22
-5.338015388210547914e-22
-6.698000724648812347e-22
-2.341401190152757741e-22
-5.628455441360261890e-22
-3.646918352212072183e-22
-3.439293893342851526e-22
-6.740066354960478344e-22
-4.686361548122400315e-22
-4.300503483569084064e-22
-4.046079982489796247e-22
-3.711323330446870334e-22
-2.875826697191894629e-22
-4.115613904018660711e-22
-4.642498617228035545e-22
-3.453538457836424233e-22
-3.200456532133461417e-22
-7.766325687466562269e-23
-4.708639388948081066e-22
-5.445564091879911322e-22
-5.050756926951341570e-22
-3.491145238229930459e-22
-6.352668246169303603e-23
-2.330501177291185012e-22
-3.782498485493264663e-22
-3.538913640678491548e-22
-6.628034922915519232e-23
-4.476579688603110218e-22
-3.149928902862509532e-22
1.885056324371880984e-23
-2.495765166036000416e-22
-1.325473265576193059e-22
-5.519135892775012242e-23
-4.179161942847187743e-23
3.805874594225024576e-23
-2.944967570198217356e-23
1.488767583534349438e-23
-3.583553647205811454e-22
-5.687703043994197155e-23
6.636496791113844678e-23
-3.192827940618117432e-22
-6.362576980562002240e-24
1.321793210436181438e-22
-4.762355837275618722e-23
-3.920707882350813639e-23
7.856144914514723850e-23
-6.187773925584403009e-23
-2.440893101205832858e-23
-1.683616991075559276e-22
2.811243386032629254e-23
-6.452587033780517477e-23
1.410869295854354670e-23
1.030155606429798712e-22
3.491161560589136837e-23
-1.345376708498762352e-22
8.716246840921250169e-23
2.501518547660934485e-23
4.258393210749910854e-23
-7.854346437795067700e-23
1.704957086232716981e-22
7.438318976007738090e-23
4.430006014190069750e-22
3.180972869152411775e-22
1.968751922001464836e-22
2.885545112676492786e-22
2.959526647122656944e-22
2.974389421004742329e-22
1.142060727525871348e-22
4.139378751458702661e-23
2.078083779562282922e-22
2.124343401467716996e-22
2.838552770097061490e-22
2.166575840705449469e-22
2.780883807887556121e-22
2.641984036928220725e-22
4.917611289876148254e-22
5.549816234319990489e-22
4.183018934668007832e-22
2.000502219655972416e-22
4.436792235581617696e-22
5.803680407740076319e-22
2.378625872971453664e-22
5.264936544328544808e-22
5.813036351513076391e-22
3.921589808667685552e-22
5.201507917151507084e-22
6.097169838011256387e-22
2.806040392066708132e-22
4.527323670813439375e-22
2.113312198549171458e-22
4.664858799267549307e-22
4.885238977213601256e-22
3.496212302673731656e-22
3.749434958818340443e-22
3.979952855241329822e-22
5.985093660209544214e-22
6.323556958713769995e-22
7.094448721322246406e-22
2.742944458124266320e-22
6.865124409130494864e-22
5.061942872500594371e-22
7.850150411765042864e-22
1.757424650097668250e-22
7.568131333848075919e-22
5.540394943295196184e-22
8.608585325139286759e-22
6.723296883688744125e-22
7.944069929496649984e-22
6.736571916759769473e-22
5.425848011652815266e-22
7.613051258941719570e-22
2.815177078487023647e-22
7.167502557884332118e-22
1.032444904006756085e-21
4.450696143325741459e-22
8.532600707840960924e-22
7.758094422916644593e-22
7.369655594605008184e-22
8.114301092778974328e-22
5.067466915161345050e-22
7.932789146458445139e-22
6.830535215227512184e-22
6.885563236997041370e-22
8.007621935130715998e-22
8.293897664540029173e-22
6.941416959443985678e-22
8.056238438029675130e-22
7.120485643774053258e-22
6.162846119072833896e-22
7.667709524709916740e-22
6.460872821866702875e-22
7.387477370380000537e-22
1.036272512712069765e-21
9.410608784943546341e-22
8.352359449601059969e-22
7.023314123277193514e-22
8.475784935088349436e-22
9.153455159408475108e-22
7.135263284772059432e-22
9.539223573519405527e-22
9.474723590249591879e-22
9.083886252852016175e-22
8.178271392824663590e-22
8.657731902513269596e-22
1.132128195001200761e-21
6.852273751559526714e-22
1.018190521686212754e-21
7.911289880460142015e-22
1.071463217714553562e-21
6.522622568451355114e-22
7.220746783180272799e-22
7.412122453514384629e-22
9.695013759624160498e-22
8.709824579073635850e-22
8.455587182351686518e-22
9.544693971840803879e-22
8.612184584131392463e-22
8.624192349820268820e-22
8.550300153948302670e-22
7.686229164840687640e-22
9.614331992574502399e-22
1.195962768728245217e-21
7.248660972958330557e-22
1.116864919019026903e-21
6.359808702435467213e-22
9.512817855859534668e-22
8.451686650982186841e-22
6.978013875340511955e-22
1.125177824113564555e-21
9.668383125868658912e-22
7.895660841522856452e-22
9.549235790090537293e-22
6.457803556579207267e-22
8.865150133354773306e-22
7.442642921112851625e-22
9.736228279253911878e-22
9.645597907265477883e-22
9.733837945827661486e-22
1.059431801492407751e-21
7.914683633967314943e-22
1.081829089276719925e-21
7.018288218187602328e-22
9.901456026551364877e-22
7.734571389867575649e-22
9.863672453816507924e-22
6.557140473461951207e-22
1.085634826433188004e-21
9.251923750797601651e-22
9.645676479758350580e-22
9.397285581938882415e-22
7.631503229024524481e-22
8.790404520930970508e-22
8.830111129438201168e-22
7.277730924688336464e-22
7.606037559505329926e-22
7.913216005131421154e-22
8.731104341596971567e-22
7.938228587131384770e-22
9.527613718315603759e-22
7.988919039582022111e-22
7.711188541712710064e-22
8.481379074994811887e-22
8.125051105854038170e-22
6.667758595313197524e-22
9.272516087763820714e-22
6.617480059908166742e-22
8.648640857057810095e-22
6.318327234599020700e-22
8.617772543064762973e-22
7.162958417146444084e-22
5.760619144716490940e-22
7.507024624796719666e-22
6.842444980437977892e-22
6.368288207271825668e-22
8.556912004445963346e-22
9.435684818078777911e-22
5.961890272635992701e-22
8.751502088905829206e-22
3.915248660752803024e-22
7.269391808578899200e-22
4.384899411396686579e-22
7.396844422945854863e-22
6.909762507643240300e-22
6.055946931980390714e-22
5.910514142986136011e-22
6.214196692426874352e-22
8.287866810796773271e-22
1.017429442751301842e-21
4.418459687496377066e-22
6.637286036999372208e-22
5.979501364556775655e-22
4.862972524293126949e-22
7.086810733665281415e-22
6.673095778187931336e-22
5.954395813484615152e-22
3.208004261005906974e-22
6.684926920998367553e-22
6.450923844654885545e-22
5.464758556631734398e-22
4.284419159422796309e-22
3.835561865289044420e-22
4.252401701943956128e-22
5.859048490704269541e-22
5.715784703063057749e-22
2.538057149810123362e-22
6.755034585672098060e-22
5.534202185531147808e-22
5.001212528526164469e-22
2.974501414015580338e-22
3.741637753859075366e-22
4.087151227925170205e-22
4.599016825528227905e-22
3.981456181411542266e-22
1.857604204875797642e-22
1.768314124796573640e-22
4.117530289387536650e-22
4.066679658457201758e-22
3.165688991033973135e-22
3.654918402904552339e-22
2.237711084915997651e-22
2.338968546903018008e-22
2.476812319038689970e-24
4.338291917057619459e-22
2.150800617080743892e-22
1.236195218920012430e-22
1.035831203229357596e-22
1.424444006100141215e-22
2.239378277697013573e-22
3.108374024972210760e-22
1.084144641019419443e-22
9.064805908035987899e-23
1.492357780519404754e-22
1.806556671986379201e-22
7.356454878066289653e-23
1.770450906335627344e-24
3.481951798137767566e-22
-1.287373651998065886e-22
3.426422323171531406e-22
2.392055235271435979e-22
4.611993055999922492e-22
-1.215256675668235904e-22
3.004577799759582775e-22
1.124678554421891672e-22
7.091389111186304048e-23
-1.517758314045606672e-22
1.757660008358254605e-22
-9.652493379336249174e-23
-1.126137392289332678e-22
-1.642131217315352392e-22
-2.525874973815616948e-23
-6.112561976265211950e-23
-6.234834443055237097e-23
-1.247540329240846427e-22
1.110834165609356350e-22
-2.221922627768031180e-22
-1.771613878509859182e-22
-1.324787402522885259e-22
-1.986763434776502333e-22
-1.985861008897412374e-22
-6.897279599721399384e-23
-1.152414442542320204e-22
-1.231649675713482373e-22
-6.938768695055261899e-23
-5.182809831508619631e-22
-8.695077955550950495e-23
-3.875893009512823498e-22
-3.657349082533674388e-22
-2.323739326389132828e-22
-3.500664880206190714e-22
-3.474068345740110775e-22
-5.557412103810215062e-22
-4.453872710906642365e-22
-2.076473154162908118e-22
-3.657345417305948822e-22
-3.897509092579714945e-22
-3.714052866942633458e-22
-5.443033026106860231e-22
-2.303483572986565450e-22
-5.892803061029405337e-22
-5.424494600924853441e-22
-2.646559765706329772e-22
-5.452225505216203830e-22
-3.109816133090851698e-22
-5.739427822838924071e-22
-3.129678747908903110e-22
-3.970728659765013299e-22
-5.355935906944305587e-22
-6.001003211797051284e-22
-4.681769795218965295e-22
-3.884827772013136293e-22
-4.658992718129358736e-22
-3.317426005728492177e-22
-3.225190361209572830e-22
-5.364919634865721002e-22
-6.141090816555823699e-22
-5.683577656952337535e-22
-6.067904387512813805e-22
-6.037449118375288850e-22
-6.331530020693241070e-22
-5.698589808167948198e-22
-4.027382017491542283e-22
-5.757079923523554615e-22
-6.564588489678833499e-22
-5.573898085642152322e-22
-7.488958302382486691e-22
-8.263359064887881260e-22
-6.122415315996678612e-22
-6.234101117769120059e-22
-5.132778645309411776e-22
-6.579612609124956871e-22
-6.446775322250894190e-22
-8.336096984282373927e-22
-8.341823116964980772e-22
-3.591139915560174764e-22
-7.786119547745050260e-22
-8.112673864840398213e-22
-8.806022492274929982e-22
-9.029228538204623579e-22
-6.936807260571750991e-22
-7.908341483649487454e-22
-5.854528261857884161e-22
-7.952503996320213399e-22
-1.129814254580468799e-21
-7.322348181951993823e-22
-1.130167366144888067e-21
-6.095802785854582746e-22
-9.229830645857644551e-22
-7.723126504607383339e-22
-1.043494398248125359e-21
-7.998233216625473302e-22
-8.300143352640825162e-22
-8.256263331028122727e-22
-7.336639700841152571e-22
-9.386784391114042054e-22
-7.070617415658270054e-22
-8.920121550279463161e-22
-6.634499710431415393e-22
-1.033246528664880699e-21
-9.187439958680248865e-22
-7.174306396213633977e-22
-8.522952001822140144e-22
-1.069244663649374832e-21
-8.021479402923657008e-22
-9.307742624669946161e-22
-8.951532676777904768e-22
-9.631543811220621999e-22
-8.958150346410382443e-22
-1.171635628713780285e-21
-8.449072578683948852e-22
-1.167535264985183590e-21
-8.015432644978286580e-22
-7.661981589307703967e-22
-8.400290981984112719e-22
-5.369064398807285601e-22
-9.188621318816637831e-22
-7.867444781941160863e-22
-8.734723148375139854e-22
-8.932432091655863573e-22
-1.009903167918520610e-21
-1.045250478880482470e-21
-9.071456284430941414e-22
-6.898474504786494782e-22
-9.460878171160694334e-22
-1.037225748713660704e-21
-7.599913412744376355e-22
-9.855510031585212543e-22
-7.181671291254396286e-22
-9.263490415519496213e-22
-8.648661293332829235e-22
-7.121956460785379282e-22
-7.999058623088067874e-22
-8.188711649140242301e-22
-9.837768711259985300e-22
-1.122984499282306450e-21
-7.477044894076344127e-22
-1.028871508404418365e-21
-7.060960736100062232e-22
-1.127262350714557918e-21
-9.840947249465227596e-22
-8.202147612238618738e-22
-8.868520176000831780e-22
-1.273228638857250845e-21
-1.028933014120881230e-21
-9.167641769913208123e-22
-1.154766914345091430e-21
-9.603979115199946830e-22
-9.369429909323442096e-22
-7.695757641100745793e-22
-8.627902161748197790e-22
-9.807243814225947491e-22
-8.134676690525196089e-22
-8.937313669636286241e-22
-5.489199212552610591e-22
-6.873369558262037005e-22
-7.022142630757493779e-22
-8.490558367121479764e-22
-9.858317327129209124e-22
-5.299888752997130258e-22
-8.638310109320713848e-22
-9.653552842797687724e-22
-7.786195783286304349e-22
-9.386000401056445025e-22
-7.282845975359169737e-22
-8.513235263753212640e-22
-9.461706051544574740e-22
-5.499748927713665871e-22
-8.174338017135402035e-22
-8.363975194411849646e-22
-6.933711186932006560e-22
-6.451491316495770398e-22
-6.367322718112281844e-22
-6.940502809625236962e-22
-8.351898986680488110e-22
-6.859945350177845154e-22
-4.455673860696062049e-22
-7.208005495055066400e-22
-6.834330817018255594e-22
-6.038827246465525382e-22
-6.753506836005862588e-22
-1.017556010596136207e-21
-5.112104029416143092e-22
-9.864036851892166102e-22
-5.439186740268897392e-22
-7.722892452959176412e-22
-4.428052821980104364e-22
-7.411090691652477595e-22
-5.851297087928427800e-22
-8.204600092782699522e-22
-4.814264465913749172e-22
-4.967119334322881111e-22
-5.244987225838890997e-22
-5.647312612274959791e-22
-6.342682807116221125e-22
-5.639455860235265043e-22
-3.566204574101961661e-22
-5.966400667618181004e-22
-3.543160729407407383e-22
-4.507685089568973962e-22
-3.985129070060101079e-22
-6.577015182520658457e-22
-3.785104541566481407e-22
-4.771239202120359244e-22
-4.031792820845893950e-22
-5.280909336652824701e-22
-4.598966408991120456e-22
-2.253183426819600981e-22
-2.135894082834968490e-22
-4.303134643754148674e-22
-4.160797042941699672e-23
-6.274216182823099417e-22
-3.740703930187348792e-22
-3.591615652770356838e-22
-3.666386110173428409e-22
-2.172529255469243580e-22
-3.847460626284002512e-22
-3.588892306585480347e-22
-1.818396423377166221e-22
-4.159264922864808789e-22
-4.691992118213473536e-22
-3.508449694951898297e-22
-1.016713570425202247e-22
-3.109852515353103437e-22
-2.812969640172035896e-22
-1.328186257299084223e-22
-4.298917557364126327e-22
-1.173834070218572816e-22
-1.509545249537025370e-22
1.193516076762396610e-23
-6.496045720134150107e-23
-3.902122062119321528e-24
-3.444760349335490446e-22
-1.451636810945555215e-22
1.290290896382319983e-23
-4.638199198769136913e-22
-1.103449422795093484e-22
5.444307076830613685e-23
-6.253820525381293883e-23
-1.789332807390009372e-22
5.956551009796370892e-23
-1.362036235660887470e-22
-1.190477943997656204e-22
1.621820957095501739e-22
-9.735938516862583887e-23
-6.318154455743087620e-23
1.102061110375506248e-22
2.155960548033902073e-22
7.503910350025191527e-23
2.028795971880270502e-22
2.039777765878208918e-22
4.538880759152326241e-23
2.245241314248707539e-22
-1.269384785225340317e-22
4.041758325528127126e-22
2.708410542100866658e-22
1.389884110254829318e-22
3.733398425403406860e-22
9.265883980406798525e-23
3.226700265724722789e-22
3.281678033701897071e-22
1.758689550175414814e-22
4.733677883243012492e-22
2.965122431238538832e-22
4.115419030580143085e-22
3.053772335089746020e-22
2.776922859751838825e-22
1.638105644346231638e-22
2.008098655708217303e-22
7.217734247979612649e-22
3.563452213214121928e-22
1.773381541437766094e-22
2.487355299685563701e-22
4.145302616139836815e-22
4.214540321729017342e-22
4.038545333731552888e-22
3.774211389379318123e-22
3.773622302427127226e-22
3.449473227167135150e-22
5.335040662405466905e-22
3.755354667268906444e-22
3.667671331626284271e-22
5.548792633310091650e-22
2.923647459941653634e-22
4.512518399376315371e-22
2.944487329672401898e-22
5.834549819893312761e-22
5.719513705217365970e-22
4.054122997186607185e-22
5.803643019944577659e-22
5.858673285047235703e-22
7.735118849859493018e-22
6.901692592431260774e-22
2.840703706528060914e-22
4.659767951400762456e-22
7.563381196596464661e-22
5.606670223449492235e-22
7.227613637804524146e-22
4.140453718175431150e-22
8.050039760275471790e-22
6.333994329178649342e-22
5.037695020212620270e-22
5.839815126274860892e-22
5.084719208251559721e-22
8.180479272353931818e-22
7.803938674467404603e-22
5.567859335916502292e-22
7.196492240180336979e-22
8.236888220731960992e-22
6.623443881154660389e-22
9.671644939505453216e-22
6.605675779296927710e-22
8.232481066519544819e-22
7.170801238619622991e-22
8.640636877949404731e-22
6.437407155461824623e-22
6.673763805997675633e-22
9.504843612612396400e-22
7.551353903906961957e-22
9.229554509064739993e-22
9.438195087256555159e-22
1.199135807041353181e-21
7.938839470399462123e-22
8.668746711646464464e-22
8.551662463823590995e-22
7.852841379517928490e-22
7.041686128675765692e-22
1.005326701645057035e-21
1.053134109354798513e-21
8.564883295980052806e-22
7.983866042240710982e-22
6.916980514499783727e-22
9.417544787121429543e-22
8.333384095198414060e-22
9.488327531096199274e-22
8.286928758194968712e-22
8.479359429431343486e-22
1.043678511895395658e-21
8.699378008020680167e-22
9.799503609905360194e-22
8.480844413315210160e-22
1.017117747742145534e-21
6.602093639462975957e-22
8.042041203705201611e-22
8.558649895775455245e-22
6.827614842687787347e-22
9.186376927139562642e-22
1.008504630191508800e-21
8.114628426459257913e-22
7.759948912466902772e-22
9.329030417652792098e-22
8.879934616468007333e-22
6.935030769702271257e-22
1.096666295355178678e-21
1.118706922143418992e-21
9.660133482361560851e-22
7.886273241437524384e-22
1.001112690105922166e-21
9.865086535037655065e-22
7.390802504166790289e-22
1.031416325479862997e-21
1.175528952945682705e-21
7.978870583422607520e-22
1.074159347846266605e-21
8.296506978507473793e-22
7.576506237541278607e-22
1.064214938104427716e-21
8.658183166349971889e-22
9.937922212586372071e-22
7.758603237662525056e-22
7.415099056463420936e-22
9.831986530998521596e-22
7.016568524152390796e-22
9.395627156155154639e-22
8.592205517729405034e-22
7.058418748699689843e-22
9.514932114501879532e-22
8.563809013600219782e-22
8.338021466319567210e-22
1.055079040170129703e-21
9.957597921872792286e-22
9.285827783916070305e-22
9.928702375910905268e-22
9.712103901631774230e-22
8.542710949586487665e-22
1.091348945764541424e-21
8.117044904393444643e-22
8.341236670879704642e-22
1.214415486444130308e-21
9.053130864193126165e-22
8.928327725860516389e-22
8.822412380022883874e-22
9.272923277427098074e-22
7.505070616159301886e-22
9.921065148939317960e-22
8.716523311696531035e-22
9.221768391185970029e-22
8.676231563695218914e-22
9.834374455955839156e-22
7.167108189998996763e-22
8.083812602271556449e-22
7.621921655045236586e-22
3.243814714697611633e-22
6.763563855275478059e-22
8.218983154603048112e-22
7.544159728660542378e-22
8.047867091788253660e-22
5.906029890961264996e-22
7.454345233247356564e-22
7.140050761747372070e-22
7.870137734188793338e-22
7.381267766363693512e-22
5.527887662788854917e-22
6.075275654586930707e-22
6.456333474066272863e-22
6.689371156316675680e-22
6.469280629279981195e-22
4.882062374035444725e-22
7.044730886780217232e-22
4.949236586287673993e-22
3.705726929014439308e-22
7.007367743531358652e-22
4.986757072183738855e-22
9.418852982638778075e-22
4.509534099304865759e-22
9.147417749891867958e-22
3.316643138230058517e-22
3.721211099163159246e-22
6.356182194441432491e-22
3.853409364864232020e-22
2.090173791133535966e-22
5.116992174939486488e-22
5.031425854054876781e-22
7.926498220742800019e-22
3.564474687395362234e-22
7.483317911919416420e-22
5.192042653160965669e-22
4.928328183947990225e-22
3.864177916099009631e-22
4.697970301219153182e-22
5.743101555142731311e-22
1.944477198716941789e-22
4.699924801278945131e-22
3.308978693573464122e-22
3.009701083533076729e-22
5.210072887087177126e-22
5.688762635555721507e-22
2.869516252677506631e-22
3.394445100673966704e-22
7.020192170893144809e-22
3.053625555475546132e-22
4.127407354585740634e-22
3.308029841622604213e-22
3.183959356159938076e-22
3.700267338911938453e-22
3.004625477252343396e-22
3.993629225667715139e-23
2.893825098277365688e-22
3.802863413575072683e-22
1.325222144210570449e-22
2.020946055713110225e-22
7.353706774518989275e-23
3.021249963031324583e-22
1.414381582200853038e-22
8.722804864952727790e-23
1.487047373812931806e-22
9.345907481086845166e-23
7.009724657611735733e-23
8.528924662959882047e-24
-1.603760916113813098e-22
-4.286689666294546116e-24
1.690688578565882013e-22
3.844401259208294124e-23
-6.120802587446688524e-23
-1.573219118499274342e-22
-1.670010763472450563e-23
-3.606605179822593356e-22
-1.123613540682570052e-22
1.803099629434000696e-23
-1.516389621538579028e-22
3.450915241315559150e-23
-3.237161322686775563e-22
7.332671282412132329e-23
-1.453640980660980442e-22
-1.829425468800105498e-22
-2.752964936093408678e-23
-4.950138087417952877e-23
6.490946011607279566e-23
-2.240613396117233715e-22
3.723713847603010644e-23
-1.933292598683921707e-22
-3.178815023554649954e-22
-4.574492958526919034e-23
-1.591095864632050370e-22
-1.974563907541513653e-22
-4.842049412511685822e-22
-2.379510174283647588e-22
-1.616593082585143570e-22
-2.603538435981769426e-22
-2.173011540672318502e-22
-4.176101051230204490e-22
-4.228075567281497577e-22
-3.520243352798229502e-22
-4.759448140598598819e-22
-4.895560589740890754e-22
-4.753316871913517093e-22
-7.427091941007088213e-22
-9.954567170032300193e-23
-5.511355857697431212e-23
-6.080041432669757284e-22
-2.909234519776356649e-22
-4.218532263165453186e-22
-4.251462297329690615e-22
-3.655468625469607381e-22
-2.924736503521309295e-22
-5.416356609326848006e-22
-4.242991969449734622e-22
-5.401288147186211797e-22
-3.792741188038301691e-22
-4.293560548758071541e-22
-5.294829610200578641e-22
-7.354513016419001163e-22
-3.724654757798130305e-22
-5.507769774420857785e-22
-3.390849919534732885e-22
-9.109347776121852097e-22
-5.213338829169696996e-22
-5.749176136952074685e-22
-8.013452376247683553e-22
-6.993560703755772497e-22
-6.038603308559674078e-22
-6.774714025585575466e-22
-6.524536861544019733e-22
-5.509694011985381759e-22
-7.284961843680886224e-22
-6.192203991204674446e-22
-7.716023769469647468e-22
-6.241020315210707394e-22
-8.429814063731623133e-22
-7.859013559569875002e-22
-8.373412121857164666e-22
-6.821230610791080142e-22
-5.844891308746107575e-22
-6.322094444015729387e-22
-8.304371305916963589e-22
-6.847577667494995919e-22
-6.479330480559270541e-22
-9.612256522094070688e-22
-7.594221257247151338e-22
-8.243026697278806564e-22
-9.201773252591946888e-22
-8.650319810481789601e-22
-6.695378152961594758e-22
-8.463538009822682583e-22
-8.811864950509265215e-22
-9.369998170266963650e-22
-8.545952092552189704e-22
-9.191786660553299774e-22
-6.656081219309690321e-22
-9.673556012464323202e-22
-9.121877077017854933e-22
-8.333050923490558563e-22
-1.004471464717348511e-21
-7.542484679199738457e-22
-8.594439335288005386e-22
-9.973053124958961462e-22
-8.514718647472213509e-22
-9.359823222627051039e-22
-8.253960047837074214e-22
-9.034971943523025642e-22
-7.525719510903286235e-22
-9.223444695852923904e-22
-7.550200062288622373e-22
-9.980459730249012878e-22
-8.981728037125080711e-22
-8.185299574980743570e-22
-1.099082960477097903e-21
-7.296978148744196271e-22
-7.848215913759452159e-22
-9.214578287492018057e-22
-9.883170467246655549e-22
-1.153547860142751864e-21
-8.550962263742076460e-22
-7.339623598303730382e-22
-8.483103901577497693e-22
-1.028123991108977817e-21
-1.021248882310804808e-21
-1.123530374529346770e-21
-7.558618720082689945e-22
-1.107835012127762337e-21
-9.919950881133825424e-22
-5.887809564163100790e-22
-9.377610390143009104e-22
-7.090788878528880411e-22
-8.274952234705315655e-22
-9.614428924077704689e-22
-1.083266693690729879e-21
-7.583770262827401250e-22
-8.531323778443156435e-22
-9.872135106366031627e-22
-1.069698978611440201e-21
-1.014313460152690182e-21
-9.883061805691273013e-22
-9.781752562529357237e-22
-8.770885148281142339e-22
-8.981925127209049188e-22
-7.329296762039061353e-22
-1.122362725084624728e-21
-9.879858928880338098e-22
-9.880709010693411676e-22
-1.017146890772644884e-21
-1.141231792550454297e-21
-6.610553394163678980e-22
-7.235887857504600267e-22
-9.597913377479943118e-22
-6.852526415508526622e-22
-8.742264894096433787e-22
-9.715467673025723259e-22
-6.117527769585056475e-22
-1.152401663876623094e-21
-9.660428928328693901e-22
-8.712396240955252300e-22
-1.031304382091286808e-21
-8.426186757745584132e-22
-6.963612887265736501e-22
-7.798616076509780743e-22
-9.996322400226877841e-22
-8.842743183647304250e-22
-7.945477596317562900e-22
-7.391590476756881207e-22
-7.912790157114572287e-22
-7.398684066895627215e-22
-8.568656227664380645e-22
-7.364815671422257984e-22
-8.155682957989722066e-22
-8.255917373536301730e-22
-7.031654525463363229e-22
-8.978304459292791466e-22
-8.185776286390832267e-22
-6.644837531688668503e-22
-8.565572747908511353e-22
-6.827428902549507832e-22
-5.738950685492741795e-22
-7.745184333725826041e-22
-5.453351789990311346e-22
-6.361129238446594477e-22
-7.218328021562966337e-22
-7.055566328978120677e-22
-7.028178961609429935e-22
-6.076526337661598284e-22
-6.721887260707519926e-22
-4.296285377724827344e-22
-7.434261463337161676e-22
-5.216297259764487757e-22
-3.301389606856233415e-22
-5.031530909509338181e-22
-6.023990307611880488e-22
-3.753735404748951005e-22
-3.385129017079927099e-22
-7.549598069830406063e-22
-5.809247949171540790e-22
-5.254466413837520145e-22
-5.467745698296181584e-22
-6.402785264806105340e-22
-5.098778484361210234e-22
-5.761862333708972964e-22
-5.341402913161928492e-22
-5.349441467542764160e-22
-5.367778362195638086e-22
-6.181514238831965847e-22
-4.066878122522048735e-22
-6.140004932606639780e-22
-2.348384455766918312e-22
-4.720387453404035259e-22
-8.493472717921588348e-22
-3.138630621803071211e-22
-3.989551903775061561e-22
-3.121663126977997433e-22
-3.829145596930276127e-22
-1.851261449805682040e-22
-3.846449388756870728e-22
-1.686957256422340076e-22
-1.267099390557211049e-22
-8.079827541911853400e-23
-5.532507420833880992e-22
-1.855702822090545046e-22
-1.860979765235041050e-22
4.944535485418374831e-24
-4.800891354871570901e-22
-1.058353084022833017e-22
-2.561126959431978069e-22
-2.782509760153037307e-22
-2.339408476597235227e-22
-2.211387516840873083e-22
-1.826612420662370862e-22
-9.394338856373155723e-23
-2.225746459012964533e-22
4.678874916359814319e-23
-1.717001872049362365e-22
1.771143830587452781e-22
-2.675228883261010660e-22
1.450330789604632616e-23
5.686503080578497537e-23
-3.114133693788525324e-23
-1.737852763819123281e-22
-8.843168517106114084e-24
9.296920916795569524e-23
4.430147050655825586e-24
-3.786921517432301845e-23
8.672422135776597027e-23
-1.476463204872281876e-22
7.094428085611450990e-23
2.487085199958378030e-23
1.372386691819092820e-22
-2.018805248112764670e-24
1.380029977413721030e-22
1.164997375327306579e-23
-1.191690393398483424e-22
3.280474777056645596e-22
1.936651865116433589e-22
1.796266556547291426e-22
3.683403243899271455e-22
4.011345401279569479e-22
3.614027929476922327e-22
2.675122838591436864e-22
8.459504472643487348e-23
4.801625776457298217e-22
3.122364467006090775e-22
3.500297156830577212e-22
2.988714681533760152e-22
4.838513564824585568e-22
2.593962192410187615e-22
3.310606383774114595e-22
1.619661608803575695e-22
2.684205660697826238e-22
4.950042394646859964e-22
3.854813490583673875e-22
4.700258575397757431e-22
8.748115697583724251e-23
4.062352294355627232e-22
3.939927388884417608e-22
5.404120653411027444e-22
2.154717177209200413e-22
4.118343130887335270e-22
2.829979943639183639e-22
5.019838525059227377e-22
6.264044009514812339e-22
5.396201551624957123e-22
4.858034933140463627e-22
5.949609749147657976e-22
6.052011345976194048e-22
6.811519551840893131e-22
5.527385588443501798e-22
5.945452521009883218e-22
4.170729489774664351e-22
5.099352886590590674e-22
4.637759959214698975e-22
6.782345795886022269e-22
6.607946030652608827e-22
4.511361797081544327e-22
7.938093302838578920e-22
6.698740857398178687e-22
6.859070131219380826e-22
8.028584488971170892e-22
5.343205008105204576e-22
6.511945333402863287e-22
7.687392090632638366e-22
3.884177419278757265e-22
5.812646494834845096e-22
8.432263107654425825e-22
8.357321376043944438e-22
7.647180914253822248e-22
6.444949168755259023e-22
8.626792951507728951e-22
5.474220216655950855e-22
6.732433600410754593e-22
9.209659713496040916e-22
8.478955828427639673e-22
6.975209368830062859e-22
8.276760659310396696e-22
6.547987584631406186e-22
7.111069778380584331e-22
9.221424574853106732e-22
8.977720787047941276e-22
8.806363885155249611e-22
7.566043622232233956e-22
8.481374546540418368e-22
8.372797362271902571e-22
1.044460150011748473e-21
1.016084117994140612e-21
9.736749233381776598e-22
8.056363129226972046e-22
7.662707967584504859e-22
7.275890720631135318e-22
9.624033197549994861e-22
1.009257402218422916e-21
7.410320274866719342e-22
7.389156553663038999e-22
1.001240415154900500e-21
8.324804270302412634e-22
8.688195392822942711e-22
7.693391700667100182e-22
9.646717219401486901e-22
8.343532576696578185e-22
9.327918126964290277e-22
9.660809105657953802e-22
1.098663903997495751e-21
1.007628590690714105e-21
1.076147787461084898e-21
9.627341849149407261e-22
1.100791622375647778e-21
9.874714653767585769e-22
8.418105034925322001e-22
8.187831177832544329e-22
7.476432981354533599e-22
1.098567608976416304e-21
9.545640994440278371e-22
1.000837270232459399e-21
8.742168976839970412e-22
9.594552808175487763e-22
7.045293010158742697e-22
8.014492271180598181e-22
7.879459302234715440e-22
9.426353060303756136e-22
8.756274138572767151e-22
9.107004084859434095e-22
8.117847606565059262e-22
1.044131972621080510e-21
9.221423195056365077e-22
9.867775412679936032e-22
7.643004670674787486e-22
9.589490332756467279e-22
9.058472140544990878e-22
7.855981500316276948e-22
9.162273752236310972e-22
9.945750775360571117e-22
1.021276926384468588e-21
9.005523599342768569e-22
7.910774577316143546e-22
1.031771481551784077e-21
8.647269009009952651e-22
8.455443151759502859e-22
6.988421938919335237e-22
1.079807979671414517e-21
6.482700720443158666e-22
1.162510380300337904e-21
1.061300942881955359e-21
1.034196220315691005e-21
8.196794580705016356e-22
8.720109961902959528e-22
7.367479004405025931e-22
1.039581124556860747e-21
5.575732084685097144e-22
7.853727584554188582e-22
8.921027545462860099e-22
8.489654227932188293e-22
9.186588066821176685e-22
1.047347979945145675e-21
9.335324955658502561e-22
8.270582529781311892e-22
6.246091222842915188e-22
8.075740899719897400e-22
6.684552661135995344e-22
8.715492905557083364e-22
7.357609801533134675e-22
1.239841146588060127e-21
8.927768538755458400e-22
7.690847396714365433e-22
5.993704391577825244e-22
6.712363966006921919e-22
5.039750021762308890e-22
6.281917248686304895e-22
5.751735728489827345e-22
6.136723186525173443e-22
7.910290591167429750e-22
7.140921321309311957e-22
4.245683969938028961e-22
6.472721203879655639e-22
5.274328511303264669e-22
7.332756615510440848e-22
9.447581569937784274e-22
6.023780045684223967e-22
6.182419199736114335e-22
6.502828458488524178e-22
4.738444952453850360e-22
7.126901250504993941e-22
3.247618916177880183e-22
7.124128969355594329e-22
7.426791936223947514e-22
6.363869235143849814e-22
4.044905954288561299e-22
4.032146884693295343e-22
4.926314676489664149e-22
5.783303849975776172e-22
3.671825173990371767e-22
4.192255766968372894e-22
4.664471541634923585e-22
3.579845067370071666e-22
4.839961649288976777e-22
3.134767112927931833e-22
4.519108449397881548e-22
3.605013494467922947e-22
3.457651437120957947e-22
3.428329927795583460e-22
3.962132229795426873e-22
1.791291254858131156e-22
2.992020317532064080e-22
5.130726676447996186e-22
4.265246827950144146e-22
3.445723087343217410e-22
4.840890842002340568e-22
3.067918405379244888e-22
3.590948871268772899e-22
3.581505921467764568e-22
3.508903235942483971e-22
1.894025351148575719e-22
3.306647184368638082e-22
3.175716280031067871e-22
-2.282418881075453268e-23
3.027092909084078331e-22
2.988680564772046733e-22
1.848240295023842942e-22
-6.415483033096645723e-24
2.014841033299040699e-22
7.965044744209503739e-23
-1.016751754619146504e-22
2.861554436471066427e-22
3.226777292311223316e-22
6.983161851499726713e-23
1.000913263733066311e-22
8.556781334879181325e-23
-8.949860960707770554e-23
2.753132457359449373e-22
-3.122830315970875926e-23
6.090019317817617875e-23
-1.555652460214825630e-22
3.505723984089748397e-23
7.960566329349956020e-23
-1.961960373158337886e-22
-3.296383710408795297e-22
5.754403518785838186e-23
-1.576009879093984093e-22
-2.485394738306532371e-22
-7.868801322612924940e-23
-6.395684866091943791e-24
-2.291384481261059225e-22
-3.133279713098264620e-22
-8.086144523481579669e-23
-2.461830347747921743e-22
-2.494632640872079186e-22
-2.945873830113422808e-22
-1.832465572566926290e-22
-2.133150092213233617e-22
-3.368350256575046532e-22
-4.588842434034235967e-22
-1.781812493391333068e-22
7.574395097526444897e-23
-5.231444787014627952e-22
-1.150115909251764465e-22
-2.092849181352135687e-22
-4.962079147047606618e-22
-3.317348842463431368e-22
-1.233993704399474094e-22
-2.835772271715121439e-22
-1.635267405481163923e-22
-4.946110198986809893e-22
-4.972473124620103767e-22
-4.510450955340186355e-22
-2.984108819594695920e-22
-3.894238137779351614e-22
-3.815602279245243933e-22
-4.770013270950803568e-22
-4.045622250496908267e-22
-4.376459329523773764e-22
-5.191730680404337392e-22
-5.046268950807573573e-22
-5.183744410670830199e-22
-4.973043285017166591e-22
-5.470232128353160531e-22
-6.066495143331864350e-22
-9.417014588543061248e-22
-5.229669005716620712e-22
-5.300152082797533166e-22
-5.639020907678121263e-22
-5.632875958363378812e-22
-5.998770598267136248e-22
-6.035276732039168905e-22
-6.772028076423004032e-22
-5.432117050774839123e-22
-6.862340349693646901e-22
-6.840682394846802453e-22
-6.453339423654874161e-22
-8.227847587823672664e-22
-7.167108809650737368e-22
-6.139580571049305395e-22
-7.450122129476211216e-22
-8.885438508434332424e-22
-7.284031493105197549e-22
-7.384941136387549325e-22
-7.417464786846557239e-22
-6.627618717097790375e-22
-8.693946536643217754e-22
-5.799861386308521690e-22
-6.666174533409292999e-22
-7.272610149869428800e-22
-7.409453046789011500e-22
-5.715833150675608388e-22
-8.312521654778929449e-22
-7.077640524067704322e-22
-7.903375359611670856e-22
-5.565804077618580050e-22
-6.187173079940620639e-22
-8.677124973996984902e-22
-6.202509715201646368e-22
-8.673162592511805706e-22
-8.133413649809957565e-22
-8.871654407694533726e-22
-8.510870773692915215e-22
-8.895922548415952289e-22
-9.656324699482794499e-22
-7.247874292709193710e-22
-9.686155965205564630e-22
-8.822697854454492521e-22
-1.014541564237709252e-21
-8.086170249664778442e-22
-1.089510641490260897e-21
-8.687628495088218479e-22
-1.081426933791230514e-21
-9.943701000384024600e-22
-7.486278124757177358e-22
-7.583094073869236102e-22
-8.929909271475692151e-22
-1.098036895589729444e-21
-1.003767850142364352e-21
-8.515795783596725420e-22
-1.117014953685173839e-21
-9.246819007068044401e-22
-1.176310496217989842e-21
-7.934385892960455457e-22
-1.138665837409427350e-21
-7.900262750410551929e-22
-1.058951565767072456e-21
-9.209350159002428986e-22
-8.775888683134984434e-22
-8.190814343451792339e-22
-1.066758364360609503e-21
-9.490431259491961621e-22
-8.799643238197180271e-22
-7.871003514083155393e-22
-1.105310907350392830e-21
-8.318493498898181808e-22
-7.282704439188705312e-22
-8.113902338390855222e-22
-9.770681924268002773e-22
-8.396645309258898860e-22
-8.215621631126145275e-22
-8.716523280093538446e-22
-9.253523428387059799e-22
-9.635066784813128047e-22
-9.996847195886862101e-22
-1.022462086139013367e-21
-8.054299555762986269e-22
-1.067569443120860578e-21
-6.275294378896526765e-22
-9.569583015242482832e-22
-1.084205702647357713e-21
-6.961549833827585038e-22
-9.667744856730687204e-22
-7.280375561332093116e-22
-7.028509548960316843e-22
-9.041744483867296397e-22
-8.107224312442346245e-22
-1.014158733377302938e-21
-9.081132691881703715e-22
-8.409199595279693353e-22
-9.428409720223481341e-22
-1.080036647729590469e-21
-7.308215179363246411e-22
-8.760513058385169465e-22
-6.896149504455282739e-22
-8.234075230512121363e-22
-7.160207365415133004e-22
-8.403449834071107822e-22
-8.091287980606724004e-22
-8.023291303089314112e-22
-7.754499088714390814e-22
-8.392177910445648453e-22
-7.401529797043412239e-22
-8.792227313042826580e-22
-9.088531660928242215e-22
-6.220119071610509196e-22
-7.761206368296883808e-22
-6.909129827694355083e-22
-8.421144448450899542e-22
-8.441684116508679268e-22
-8.235338662562062549e-22
-7.693728029722109109e-22
-5.615870693948833399e-22
-7.010208741832571873e-22
-8.428820512113769271e-22
-8.456581567711169743e-22
-7.256853622404975682e-22
-6.944402235001278662e-22
-3.906331881469789708e-22
-6.690845254871228360e-22
-9.572449781837845827e-22
-6.019445206188862402e-22
-7.222350698386186974e-22
-5.611863424297132579e-22
-6.827200097057647568e-22
-6.828987559415683063e-22
-6.926031995332126074e-22
-4.980569690268511305e-22
-6.740204847028261302e-22
-3.274236299768340311e-22
-6.797143390230271792e-22
-6.906966253921992746e-22
-5.231075761744098387e-22
-4.724465338771295337e-22
-5.389838679672966915e-22
-4.177184148181625048e-22
-4.786814004754943268e-22
-5.241162327965139454e-22
-1.322911953538093767e-22
-4.210664562322049706e-22
-4.009830851758403186e-22
-3.109970333045920987e-22
-3.448817584671221761e-22
-5.630853023559185634e-22
-1.905664471484730566e-22
-3.131414016097122551e-22
-1.578450798180544763e-22
-3.866246079083500426e-22
-2.443141536976865228e-22
-3.594194571577407611e-22
-2.774414788344735524e-22
-3.727206093655378155e-22
-2.792895112815273026e-22
-4.788846248975656216e-22
-3.229325695503709281e-23
-2.742281509510973955e-22
-2.801505123806662423e-22
-3.731832281427370447e-22
8.498321789388382792e-24
-3.038628953152482432e-22
-9.531952886628830936e-23
-3.301231123600089231e-22
-1.578195837824385734e-22
-1.536506256974639845e-22
-1.935259336058551211e-22
3.961890125928466699e-23
4.414942102831664229e-23
-3.321455938757642091e-22
-3.850890689083352870e-22
-7.268046081022067449e-23
-8.750841292680055204e-23
6.106720933171487961e-24
-3.687086370077727577e-23
5.523749905806280450e-24
-2.101491924864914498e-22
-1.320586629713043486e-22
-3.324579537403344695e-23
5.102039811130590575e-23
-1.845798311469486312e-23
2.015551392525017760e-22
-2.236092691789819494e-22
1.719316067967853092e-22
9.085251144478598021e-23
4.473344645823244497e-23
-7.782186174210145883e-23
2.745708041123037024e-22
7.592287371251421633e-23
2.694412053691607820e-22
1.165053117318985646e-22
1.098606425531114259e-22
1.934875530357516270e-22
3.502244089738121279e-22
4.772681884794215632e-22
3.597304900414092079e-22
6.426713165691304298e-23
2.469945385285974331e-22
2.848159741238039423e-22
4.769616426548551672e-23
2.503583511126214892e-22
3.058010535024261576e-22
1.967925618235685375e-22
4.198099646217496684e-22
2.272941979554528858e-22
5.367099891087636064e-22
1.749967947013008390e-22
4.572249975235438010e-22
2.742571234686897002e-22
8.118212427645528716e-22
2.713193071560127043e-22
5.096343471314323218e-22
5.666916698224426603e-22
2.940240058789602274e-22
2.878263721573821874e-22
5.466230664185823168e-22
7.773943669633094598e-22
4.306221706578435387e-22
6.728068058015599376e-22
4.253157801658070842e-22
6.649837844543922071e-22
4.147243172611449178e-22
5.981743103708713185e-22
6.129577024117339403e-22
7.514029083204575114e-22
6.805427738419974179e-22
4.266893640317499635e-22
7.605686943371962192e-22
5.181763085623423771e-22
6.189625687042418973e-22
5.380610890479610201e-22
6.320349026831122359e-22
5.808690714872876423e-22
6.226968954820397066e-22
6.963392606210359995e-22
6.436737638197349814e-22
7.154235344377052952e-22
5.889525931183080343e-22
6.924381273649219394e-22
4.753445532519616885e-22
1.041389724143228473e-21
5.829140990690462558e-22
7.726629704609152248e-22
6.082011346856150329e-22
8.356857272006700649e-22
8.211896106035691717e-22
6.573616620782104971e-22
6.202423177830543734e-22
6.237045833483563687e-22
7.809010552784605184e-22
5.890503104843898968e-22
6.663298316058367501e-22
4.990542025410866854e-22
8.284272659780316991e-22
7.829449770009796626e-22
8.692916909318155789e-22
6.573237480711077384e-22
8.280485640212239613e-22
7.844477067014635202e-22
8.969873837731529381e-22
9.038887438705126938e-22
1.071660508194637186e-21
9.355913539187522873e-22
1.010296527954872384e-21
8.421410728575896829e-22
1.091343712277702590e-21
8.369091785147511143e-22
9.895422416358943280e-22
8.844978974154861302e-22
7.785401379801799826e-22
7.377366950778684006e-22
9.884015899762024296e-22
8.216293321080478715e-22
1.049701934646978143e-21
6.905024967570953695e-22
8.593719681330453783e-22
1.117142636922754371e-21
9.765350694667669661e-22
9.423067046369426717e-22
1.111022397634256781e-21
7.961575135365586438e-22
9.992964209320737166e-22
1.191193984758369977e-21
9.960251876938325922e-22
9.141264465899047230e-22
8.236148249298864833e-22
8.325354090242881867e-22
1.002790876397250627e-21
9.184012215513609488e-22
9.634706740471096344e-22
8.999319009889956210e-22
8.881660459091046475e-22
8.938221571622929528e-22
9.860628532296608490e-22
7.564343928796006800e-22
9.453635411029122592e-22
1.022083925956606190e-21
8.903009652708775071e-22
9.456465674117258936e-22
7.957332279895172226e-22
9.409058976323777894e-22
7.445623494162349805e-22
1.004213915220200849e-21
8.740315778577511762e-22
7.104952570339775458e-22
5.946690465183770646e-22
1.136654199927377828e-21
9.751888672861238745e-22
9.207420317239825471e-22
6.959236705890045331e-22
1.075583909925044963e-21
7.812715562019763242e-22
1.043098407417036648e-21
8.506588494976695978e-22
7.627911509618584981e-22
8.816268375086458371e-22
6.786572709938767019e-22
1.008598562896398732e-21
8.146789150448216284e-22
8.706271823990384397e-22
8.551303106008041501e-22
5.678531289077882690e-22
6.260615025751691223e-22
6.551901747342884033e-22
8.194513582272717043e-22
9.239266497584511882e-22
1.025853746207698448e-21
5.014246806211913699e-22
6.904970338258888521e-22
9.257983721646937346e-22
8.427865385142492755e-22
5.543785755907864071e-22
6.920366466924728563e-22
7.980978227072893735e-22
9.590111124311608074e-22
5.789901661477034106e-22
6.262922592064032173e-22
6.945358036997596288e-22
9.728986548787382055e-22
7.662984912746912924e-22
5.313056064085842145e-22
7.965639202023475741e-22
6.415257460929232904e-22
6.414822127738793630e-22
9.933670548196435865e-22
7.161369261398828983e-22
8.951957745913665678e-22
6.325427185416403526e-22
5.223121131070025213e-22
7.379915992449223729e-22
6.093196469460702544e-22
7.615348275832133306e-22
5.520638877801722921e-22
5.125943238422021640e-22
6.722686275611214338e-22
5.564432647975399428e-22
6.748749014799266830e-22
7.051826176490753906e-22
5.085179469344190210e-22
5.121293571943632503e-22
6.329064267790199149e-22
4.771811269302475526e-22
4.146142575699886332e-22
4.869207240140283984e-22
4.203855814285110636e-22
2.419969860954703820e-22
3.138969931846448529e-22
3.580690540088687275e-22
2.588419792725246107e-22
3.909291131090303259e-22
3.520516626257675508e-22
4.367334200465973344e-22
-2.623686234635270023e-23
3.692228881245903901e-22
2.495248600596794451e-22
2.843193738255672312e-22
1.603040036619426502e-22
1.165037966992525627e-22
4.000080350543924889e-22
1.868879452249483386e-22
2.345258799577026582e-22
1.666535768483109436e-22
2.136590346749254967e-22
1.750163394854044280e-22
2.276026203408685848e-22
3.849618774725100861e-22
1.671417874672668847e-22
5.896517495655280115e-23
2.258855647475871115e-22
2.074114050031368695e-22
-1.683380641200291933e-23
1.596391284865961532e-22
2.164873925964117497e-22
1.408214208625014470e-22
-4.150086879205246170e-23
6.837778770813575821e-23
2.127418031308958828e-22
-1.027636550408427025e-22
3.157346172452750806e-23
-7.997594614514959333e-23
2.446796028135050834e-22
-2.161325490149028540e-23
2.113869008153554697e-22
-5.364130507656614485e-23
3.741214316441733439e-22
1.583812165470703404e-24
-1.250871717079530013e-22
9.492559921000202673e-23
-8.567518255461229813e-23
-2.344744680144575335e-22
5.026426619919176158e-23
-4.419229999332969005e-23
1.028306268145296737e-22
-1.840888080312120082e-22
-4.340998625709340800e-22
-9.201002062563526722e-23
-3.703569015791418475e-22
-3.847346175645725599e-22
-1.817461438430584133e-22
-5.153162886104343149e-22
-2.431706195479724367e-22
-1.719354201879466017e-22
-2.254472279187960281e-22
-1.442297860033498724e-22
-3.431207253069530569e-22
-2.600917322598342570e-22
-2.645245712265855229e-22
-4.333326520398482866e-22
-5.364957558616529631e-22
-4.446610852143687029e-22
-6.440552468384850439e-22
-2.049664813584587912e-22
-4.643774803518701430e-22
-4.288591081698891910e-22
-4.332024647410329213e-22
-3.286355729937073623e-22
-3.397789208566080169e-22
-4.576688972327071836e-22
-4.158081458086221403e-22
-3.811873203368462735e-22
-6.167142643589033497e-22
-3.696400741190867061e-22
-4.894296980978620498e-22
-5.469671289922069152e-22
-4.824120240022090003e-22
-6.704404139866031239e-22
-4.231628202101003452e-22
-5.986833677595819796e-22
-7.061918599714476934e-22
-6.363710346761786332e-22
-6.248412249520849352e-22
-6.728607905983174731e-22
-5.361882927276676852e-22
-6.954223322864509583e-22
-7.313499333188856579e-22
-7.487865863961655411e-22
-5.440959581729177477e-22
-8.233752824491925642e-22
-6.423547368058965468e-22
-5.117733297838122121e-22
-6.073398985066739987e-22
-8.283591420319179412e-22
-9.336957001384838983e-22
-7.472566762398840755e-22
-6.890159637064561173e-22
-9.216649590219552923e-22
-7.597667989229499939e-22
-5.484919531151450131e-22
-4.998220051958337287e-22
-7.335890931576137558e-22
-7.376142726035697693e-22
-8.072232885491501989e-22
-7.708217101795227045e-22
-6.048861875363949358e-22
-6.629884990922097631e-22
-8.517073919654707912e-22
-7.667978149707234565e-22
-5.892376080649563798e-22
-8.075860948416294681e-22
-8.226270015280515394e-22
-6.028980945043003822e-22
-8.868583356167728512e-22
-4.089469975602730481e-22
-9.894342761539203299e-22
-6.613473116286752955e-22
-7.703610899291646559e-22
-1.017623160798214439e-21
-8.533165547439973167e-22
-8.666077095117847734e-22
-1.194205557152196906e-21
-9.294456531628022955e-22
-8.221506540025214235e-22
-9.148906803525888221e-22
-1.014277453990540785e-21
-1.102629491877411790e-21
-9.557815725970096820e-22
-9.008758920631922613e-22
-7.966792277552668483e-22
-7.048128956374718250e-22
-7.563217056933610085e-22
-8.571061412589324339e-22
-6.924981211398636754e-22
-9.432237886026465133e-22
-9.371807291934629468e-22
-9.979653696736317916e-22
-1.045624927524561652e-21
-8.515082988328225967e-22
-1.026674555192623178e-21
-9.473669273296458906e-22
-9.896313570020400372e-22
-1.115897257430059830e-21
-9.196283450139478253e-22
-9.311891151932070411e-22
-8.994077960195087109e-22
-1.070475714985512790e-21
-1.038560986680575439e-21
-8.612462412450716589e-22
-8.355137203472321871e-22
-1.071819233886234897e-21
-1.091314446412196178e-21
-1.032442947506329712e-21
-8.602233743516504625e-22
-9.158695735451061082e-22
-7.578778246488733791e-22
-1.062513521307962500e-21
-6.942839618178192960e-22
-7.202231564793987148e-22
-9.004926513057878566e-22
-7.367870987960846297e-22
-1.071886054915267656e-21
-7.245007345211764243e-22
-1.002751331679684540e-21
-7.685971978624734424e-22
-7.309014143230918247e-22
-8.138741615206571481e-22
-6.362373018561460127e-22
-9.318278838338166382e-22
-7.903447489042455328e-22
-7.188252622834270744e-22
-7.594053869197299804e-22
-7.606373113416028947e-22
-7.189289060249792137e-22
-8.459339058815115460e-22
-8.828084178868982594e-22
-8.904354508627643904e-22
-6.745603812760863869e-22
-6.734199041828500633e-22
-8.643660241787067445e-22
-6.785307384581477146e-22
-8.915002413167959270e-22
-7.325727212045784464e-22
-8.150661065680301523e-22
-7.501310642245643088e-22
-7.622058143457328273e-22
-8.275832807917589388e-22
-5.648027621823276615e-22
-7.087540603260175190e-22
-5.852058023774554205e-22
-8.000558380247317719e-22
-1.090123509352189806e-21
-6.097372247788599457e-22
-7.046858258054566552e-22
-6.470680048086961576e-22
-7.982489241144674725e-22
-3.462235467303123044e-22
-7.098606361238252954e-22
-5.413763586619046139e-22
-9.010381820884526501e-22
-6.155517580135454148e-22
-7.589284884289419687e-22
-8.302263817288918218e-22
-7.814820134691032544e-22
-6.465901533105711676e-22
-5.029361454487606066e-22
-5.762993094229899397e-22
-5.472762106877309753e-22
-6.387871987983128419e-22
-5.562144624759967831e-22
-6.093220364689348962e-22
-5.603968460684394255e-22
-3.765262232930962237e-22
-5.683896657565122448e-22
-2.846942107541477920e-22
-5.996012765444489759e-22
-3.304521449504281552e-22
-4.549599045788271630e-22
-2.747352783627090770e-22
-5.307861008146925835e-22
-3.822336152550846954e-22
-3.593262496620205461e-22
-4.479505058205041323e-22
-2.634452963730037940e-22
-1.127639397514552094e-22
-4.094474101198394138e-22
-4.171822337902174414e-22
-2.907537769235966798e-22
-4.822322956141193947e-22
-2.479277547553735373e-22
-2.738715678133423674e-22
-4.136612464832253790e-22
-1.645351961998051736e-22
-5.241380275540030607e-22
-6.062226151102493402e-23
-8.020388850859263790e-23
-1.331678445396864611e-23
-1.753529737823278147e-22
-3.026907595889829594e-22
2.515245547301626645e-23
-3.708696733821159244e-22
-3.008474010601617856e-22
-3.815091708665063484e-23
6.079249693755559252e-23
-2.658291661003736180e-22
5.036758081944251414e-23
-7.774880635569159566e-24
-1.434159423939139484e-22
3.938300298862955990e-23
-1.376584553862902952e-22
-2.449701375264485200e-22
-1.748229135780146615e-23
6.634133975077875327e-23
-1.745501081923290834e-22
2.073248588593858638e-22
-7.898666794473856276e-23
-5.448962030889678485e-23
1.461791354379184128e-22
2.633835741018145853e-22
3.700893544575001532e-23
2.617626862002725877e-22
-1.087381150057301043e-22
2.807685800527085065e-23
2.486955416679427402e-22
3.235870251223093185e-22
2.039738079831781900e-22
1.559409730954773479e-22
-2.961580661398415386e-23
3.137900169676726884e-22
1.496561570829839142e-22
3.447919920370971931e-22
7.539107320269667129e-24
9.097850755693401122e-23
7.520681585937271448e-23
1.189995004098359623e-22
4.881684944142306829e-22
-1.706222254755278792e-22
1.347470835643295483e-22
2.686137117156720048e-22
2.617801092092213925e-22
4.215471190849448951e-22
3.629305968819000564e-22
4.514578055910832306e-22
3.299731691682265798e-22
4.900626376358667363e-22
4.827878322946475914e-22
3.573573369791200616e-22
3.867507787591644877e-22
4.784179605260193898e-22
3.203828862493738421e-22
5.159925986147853018e-22
6.874731183994583918e-22
5.564004020309707047e-22
4.906609642430590291e-22
7.640119726124720429e-22
8.325959074501487283e-22
4.447658437489892240e-22
6.319778389840392376e-22
6.518766430545599709e-22
5.885627066228378973e-22
3.739694209812990664e-22
4.769981790165955939e-22
6.180683092368291367e-22
6.899239812262435392e-22
6.059944194936698849e-22
5.902336449957807978e-22
6.257010413119015530e-22
6.636657681541994075e-22
9.216425374645437656e-22
5.417147327326708972e-22
6.605220057601465453e-22
6.858780763660347719e-22
6.029332321744499790e-22
7.827778835327182447e-22
4.407976392861090292e-22
4.857266887321263589e-22
7.229904037735818272e-22
6.236812477325188400e-22
6.232822701231637488e-22
7.619843066139286909e-22
7.917257838137427585e-22
8.032769958519863521e-22
9.798428148276592848e-22
6.146359673876777988e-22
7.291548337035197052e-22
6.224241629093007064e-22
5.984166019908078753e-22
8.575917561075790976e-22
6.263713550713504993e-22
7.854402689792152366e-22
6.550206868240489404e-22
9.548261137245578983e-22
7.792329719246592054e-22
9.247079676360873579e-22
8.659776946489951951e-22
7.359354916397606426e-22
8.115142790577894323e-22
1.174290186200433954e-21
7.305208937531021004e-22
9.187911526876312821e-22
8.057651264715276798e-22
9.708927201934589055e-22
7.445035049036278246e-22
9.842781099197747021e-22
7.601578299918036660e-22
1.008630443248466908e-21
8.397185435580116272e-22
7.946206576486464671e-22
1.153686532440671796e-21
9.957666529495174742e-22
8.275141943678459945e-22
1.123820933455078646e-21
8.695163005806694614e-22
7.430986104356313648e-22
1.064092937442455696e-21
8.219479131906343210e-22
7.107580829044309843e-22
7.572238447710935097e-22
8.731633634650231440e-22
8.542155383162605337e-22
1.005080409237898976e-21
8.278575859163516303e-22
1.057975669707224383e-21
8.546805079367747615e-22
9.544744963757429496e-22
8.008422402452331655e-22
7.517093049371023703e-22
8.475133441526506697e-22
9.320774880868842857e-22
7.824679212640351128e-22
9.165242830430881365e-22
9.768673378759836613e-22
7.839972568978218133e-22
7.293776513026444941e-22
9.085418410083375785e-22
7.902890258444922381e-22
8.483289740674340618e-22
9.838586830380012821e-22
9.973588807216281459e-22
9.216141086896328176e-22
8.943874940352887387e-22
1.312388815091061513e-21
7.092028430885405076e-22
9.877123698206707067e-22
8.584739497670470523e-22
7.852297328096372540e-22
7.408039304614321347e-22
8.606026712338757228e-22
7.616426659997141476e-22
7.708116732019156410e-22
8.785007073766117531e-22
8.256193014451877801e-22
8.842562690723350803e-22
8.740508613692022076e-22
8.931353040502706785e-22
9.353597210291738236e-22
9.096379634677873482e-22
7.618506171194198388e-22
8.791874836278523752e-22
5.953402442532210153e-22
6.338803824522465398e-22
6.472981932522510923e-22
8.241101509270757095e-22
7.047886618267832918e-22
7.965887631240162721e-22
7.410280820069918074e-22
6.436093795001868036e-22
6.006099244050297307e-22
8.190961320000551858e-22
6.887313962238266505e-22
6.590680377323590080e-22
6.705933535024615981e-22
7.146854834462550346e-22
5.139406877772060063e-22
4.060271679243257050e-22
7.826146268989915511e-22
6.014269440343193872e-22
5.465520107226826060e-22
5.940916451230767132e-22
5.338670128398554438e-22
9.069906008918969772e-22
6.521706623787844953e-22
5.003997435601731917e-22
5.712248540558236174e-22
6.062734832791885486e-22
7.663785235247385699e-22
4.039712179830843871e-22
4.629844079010192223e-22
5.947159961730340510e-22
3.785809750271113448e-22
3.859240716110905567e-22
4.327419185133486068e-22
4.208474206539921351e-22
6.514974369049431363e-22
5.670897123410826398e-22
7.143464177066627182e-22
3.981985396041515028e-22
4.481428868598419301e-22
4.558654689361597876e-22
4.808464213433335877e-22
4.437739542964804012e-22
3.239110865357100922e-22
1.978730575393540388e-22
6.630805743774499401e-22
2.972566228620915093e-22
2.841648625307778662e-22
1.575743648644265349e-22
2.016997397212011851e-22
1.581311678428825702e-22
2.899405947497626902e-22
9.730240309717419327e-23
3.094678205044302204e-22
1.562022792665312576e-22
2.603480679267981649e-22
3.268879845738727048e-22
1.435053826746831935e-22
4.485780508700141902e-22
9.967464384251486794e-23
3.430681556225127102e-22
9.054818997195125021e-23
2.089144153344354945e-22
3.309143272922507771e-22
-1.330785088665793588e-23
2.698538525395162195e-22
-2.707121153960677481e-23
1.321431112428624120e-22
4.787838371425498102e-23
6.304193804295312336e-23
8.579479993524228868e-23
8.533985989462422086e-26
-1.294647786224784675e-22
-1.043702701036747106e-22
8.125286506681837076e-23
-1.552728229759931697e-22
-2.753217894117127606e-22
-5.018397093675348112e-23
-3.938344366011509368e-23
-1.172933385917964758e-22
-1.758817513547807004e-22
-1.794146666884272591e-23
-7.462214496968384330e-23
-1.588805469791387344e-22
-1.877427878007692631e-22
-2.857086144091071814e-22
-2.619779342091357029e-22
-1.382105566161552032e-22
-1.689892513674570680e-22
-2.265810628821898344e-22
2.331359556713747876e-23
1.341438283583700627e-22
-5.165456320847601350e-22
1.815109679231559595e-22
-5.225123293593327674e-22
-2.156599115023574171e-22
-5.302593650453359641e-22
-2.678786442079379600e-22
-2.803560209181599874e-22
-2.281732810115019395e-22
-3.577294269664347496e-22
-7.395177488742343488e-23
-5.554716882958759870e-22
-4.719102310679090227e-22
-5.861036079627798164e-22
-2.619230395906064623e-22
-5.084236179683967475e-22
-1.914431743966506485e-22
-5.073183274656396829e-22
-5.449526842224649641e-22
-4.118654133989197519e-22
-5.198825163119186795e-22
-5.264445719529894676e-22
-4.945062256281339374e-22
-5.681312369401639214e-22
-7.075793886750173972e-22
-4.669331250921296264e-22
-7.305963652041133216e-22
-3.756017300179429923e-22
-7.327936450414593935e-22
-5.268931344001929221e-22
-4.568101744380329713e-22
-5.147336905756272128e-22
-7.056293631051142114e-22
-4.185166022305412424e-22
-6.405495012142087627e-22
-5.816129161178828018e-22
-5.034060743857005372e-22
-5.924392344869295099e-22
-5.535212657208810875e-22
-7.046737230618819908e-22
-5.247424559660344929e-22
-6.860013876969363499e-22
-7.315240669210709021e-22
-7.369220388135086785e-22
-8.390023892944415132e-22
-6.763606367081289733e-22
-6.842527509962313912e-22
-7.193630969212843631e-22
-6.072098912755629768e-22
-7.191626918264409846e-22
-7.483788496205068356e-22
-7.975625521268667819e-22
-8.174448670121699466e-22
-8.121533245171930338e-22
-6.474213566749005694e-22
-7.806137661201326597e-22
-6.927311337817885693e-22
-9.101975768527347142e-22
-8.905314773082703605e-22
-7.538386622014629954e-22
-8.213526316341067449e-22
-6.678695763077235998e-22
-7.989184188778021688e-22
-9.578071755779266782e-22
-8.828566472497991619e-22
-9.236237018423162580e-22
-9.871618417716091296e-22
-9.439203785308777386e-22
-9.173367259656473328e-22
-9.304839036926143844e-22
-7.103066545439464147e-22
-8.995400646342902031e-22
-7.692315755474967832e-22
-1.019192923937746132e-21
-8.432189716065963874e-22
-8.519332562279916205e-22
-9.761631629878304202e-22
-8.368300195263973204e-22
-9.070666641313509031e-22
-8.539909970327157164e-22
-1.060469821438373448e-21
-9.693279775880550382e-22
-8.526677001257002850e-22
-9.628003179839070783e-22
-6.918244727294557282e-22
-7.676523132141913995e-22
-6.555152028546531157e-22
-8.703200444549196638e-22
-8.875212649505698393e-22
-9.215993934651620903e-22
-8.690270048732083091e-22
-9.837751855635939954e-22
-8.216001786602609725e-22
-9.366088397875726015e-22
-9.816896823396897280e-22
-6.531991386060794845e-22
-9.767417333415185931e-22
-6.232954797041121862e-22
-8.424438970338436283e-22
-1.079328750835492847e-21
-6.901575277285522426e-22
-7.473552058454677756e-22
-1.051744205191732197e-21
-9.236886570559479989e-22
-9.339338953937674261e-22
-4.894365095826597753e-22
-9.998911403247338112e-22
-8.101843542762764076e-22
-7.972598647812583892e-22
-9.294969120118197781e-22
-9.906059505566427794e-22
-9.564717800971588533e-22
-7.547693011049231966e-22
-1.004494550812267750e-21
-9.293365981709809707e-22
-7.946630445197399997e-22
-6.712258497068489565e-22
-8.678180604120603325e-22
-7.371428273776925637e-22
-1.153500034675736733e-21
-8.908651381697175001e-22
-6.771089468005151667e-22
-8.883607826616983197e-22
-5.879324570269987673e-22
-8.363538505344006747e-22
-9.366073197919885806e-22
-6.745952653473011554e-22
-8.468907073459436251e-22
-8.002387224796308737e-22
-9.729842395749690227e-22
-6.661324889742897613e-22
-8.926393196230412144e-22
-7.852236276918165276e-22
-6.942082279605150189e-22
-7.077887961713859060e-22
-6.798410682050179093e-22
-8.477811403012995722e-22
-7.239443262166429411e-22
-6.448249132180866499e-22
-5.761070147960757361e-22
-5.930696547329530659e-22
-6.378672140373958373e-22
-6.349890602179254113e-22
-4.387709802883867323e-22
-2.880528141970574987e-22
-5.338483160880695888e-22
-4.217628427482356686e-22
-5.212594427676601782e-22
-7.932113662965148865e-22
-5.497727307482047368e-22
-6.421626410362097814e-22
-5.654501343906378448e-22
-5.002896114625435217e-22
-5.626851139493479240e-22
-5.115057925944130332e-22
-7.348508423036709061e-22
-3.903315260457078054e-22
-3.586801818110275879e-22
-5.314626263634227390e-22
-3.109434681534885302e-22
-7.290493393616072060e-22
-2.180419788814122064e-22
-5.892231075837831005e-22
-3.941835909122683879e-22
-6.196264654954232302e-22
-5.182273873857057704e-22
-4.434445086516397373e-22
-4.488398739453845227e-22
-3.437234705025592164e-22
-3.409883498283130929e-22
-3.207937498673673878e-22
-5.226358670415669076e-22
-3.563639847548798442e-22
-7.941506939349650583e-23
-4.536480604943615686e-22
-3.855772211845071348e-22
-3.176068958431587529e-22
-2.934547984617772783e-22
-1.807819699275128303e-22
-1.353470820788889960e-22
-2.607247469566535932e-22
-2.189601159310000780e-22
-3.039851842852003194e-22
-5.046831175446414558e-24
-6.404246475819996770e-23
-1.293624056002013838e-22
4.873059445960803392e-23
-2.778774768187508590e-22
2.625855432239321191e-22
-1.729418146420441163e-22
-1.368151450732931795e-22
-5.010620876014234923e-23
-1.835031565057909025e-22
-2.237419898593333386e-23
-7.478564129099576797e-23
-2.366127797085863398e-23
2.949325570328899856e-22
-1.124583574997765386e-22
-8.200711612170597311e-24
2.432921893552044509e-23
4.557372765361006477e-24
3.163386697026917686e-23
-6.787460104743788341e-23
-6.926098082789447496e-23
1.258230121730673417e-22
1.142266380143823013e-22
9.720676233159885123e-23
4.533634781371524114e-23
-6.017717541875381381e-23
2.494440662281276513e-22
1.568906879235248145e-22
1.433761235604102890e-22
3.168299017228357849e-22
1.723636782903621722e-22
4.527555948160157032e-24
1.328057481713763279e-22
4.319337433182555517e-22
2.967055349294825009e-22
1.886767436887803983e-22
3.427119493336516650e-22
1.400966198861039838e-22
2.314785256543186791e-22
1.324406508460684163e-22
3.512726084096535515e-22
3.169124985947511676e-22
4.912343323632124527e-22
3.595628621018427333e-22
6.588655737310221209e-22
3.370219966001753976e-22
5.918815189598574478e-22
4.745710156040498733e-22
3.178441083142650515e-22
5.263324305555273238e-22
4.806542307924747627e-22
2.702544490474702146e-22
7.931723072904554392e-22
4.817057128757197631e-22
5.415578076454246141e-22
6.795791723787265109e-22
6.193886901630645280e-22
3.854020430832415766e-22
4.296185289400619134e-22
5.491927663011637860e-22
4.793490632432390288e-22
3.408610863951494061e-22
7.229621198544963926e-22
3.930437422053448987e-22
4.430990834978848915e-22
8.358181939329332533e-22
6.741269600907421256e-22
7.839392692895269627e-22
5.187405889648067131e-22
7.157112091876713080e-22
7.083316750374422034e-22
7.814186139335117423e-22
7.416241244418497618e-22
7.167433916080903300e-22
6.857836650313170247e-22
5.029161551246141766e-22
7.074479515723475442e-22
6.695688899776788295e-22
6.973990538712264241e-22
6.687947413228096297e-22
7.477494106373340742e-22
4.939241746436841148e-22
8.030657412345255358e-22
6.824738349082245512e-22
6.851147490737910871e-22
9.131462202974870668e-22
8.254000614588781590e-22
9.304386413955962774e-22
7.672240793974725660e-22
4.286629608396250057e-22
8.390075917211351870e-22
7.668961493819438135e-22
8.273843347671386711e-22
7.127559185382302048e-22
8.111901739884224726e-22
7.675981561338434256e-22
8.545558743404983206e-22
7.325337564924426318e-22
9.929226448974893547e-22
8.037900752487083011e-22
1.149009315095625751e-21
6.913241851026761205e-22
1.022223962144903656e-21
5.385891366795079708e-22
1.026120408296910196e-21
8.499734429858062860e-22
6.520697027082474968e-22
8.195759132318751357e-22
7.002333455212113422e-22
1.092368668705963037e-21
7.983849597843362999e-22
9.259357674182016975e-22
1.005021383494663204e-21
1.037340249658477267e-21
1.044220827517288896e-21
1.019996107683417294e-21
9.648992714903617765e-22
9.764828419148869324e-22
1.167388867785848091e-21
7.077602370305609278e-22
1.057510553122245918e-21
6.449089580561239400e-22
9.952256251040081049e-22
9.031974616039419378e-22
8.998127409485309531e-22
9.322096636388756529e-22
7.665171262011641696e-22
1.008392522849596395e-21
9.247314548676085873e-22
9.550183246197409934e-22
9.090495526982681604e-22
7.505368399565910972e-22
9.186447772901086339e-22
9.265508023885726001e-22
1.103603808714319437e-21
6.340415327855569366e-22
8.419589105040194491e-22
6.716440220667733876e-22
7.794551483888994392e-22
8.229442560990178294e-22
8.293499754634888953e-22
8.542046419607113510e-22
4.252626730770063098e-22
9.488821191294741826e-22
8.793133392754085071e-22
8.128607873848221317e-22
9.243595932866294943e-22
7.378450451221911801e-22
6.487318414338829851e-22
1.010017902264893365e-21
6.820520794327330555e-22
8.165215925316769050e-22
9.070411084105155990e-22
9.045395549017926723e-22
5.562276036284224889e-22
7.326132089107484255e-22
6.351986546002005612e-22
8.257904865991509714e-22
9.041574616352696941e-22
7.393616083813654465e-22
9.043724001689196654e-22
6.164685666195141992e-22
6.543897316643694843e-22
6.576512710157714167e-22
5.896847492602122823e-22
8.069055942152339269e-22
7.353495239631766381e-22
6.784123665093781486e-22
8.163226729445624575e-22
7.742385892756464942e-22
6.612995433065476414e-22
7.073708305120937188e-22
7.932854346191746967e-22
6.665813377699727144e-22
5.338419048797622866e-22
8.728272546380973066e-22
8.208255308517443330e-22
6.925015457363280780e-22
6.452542688997031749e-22
3.856957552103003064e-22
4.471960696503927881e-22
5.681147277033623999e-22
4.338869294849481499e-22
4.635010835242910246e-22
5.287609972521212211e-22
3.095245385679801787e-22
6.817879729589116110e-22
4.387571338513999145e-22
7.191561990690073521e-22
4.413837754928352179e-22
4.255572388409553798e-22
5.228128476475584027e-22
6.674980510180220697e-22
4.878502801576770293e-22
5.482349391945943549e-22
4.380857025147171636e-22
3.844114935485948684e-22
2.034735004758585319e-22
2.453774439598587068e-22
2.612479083500727766e-22
4.163018464209422631e-22
4.359575715828526709e-22
5.597293434761728395e-23
4.386014100328869212e-22
2.691978590984305818e-22
4.219524251141592861e-23
4.232737608030777155e-22
2.864972811655351958e-22
2.530740776012354746e-22
2.395652528768918931e-22
3.746171621644788208e-22
1.168196636380520243e-22
2.022103468150873087e-22
-4.041346903675038489e-23
-1.650366057024021337e-22
2.195964675663056562e-22
7.052202996101674598e-23
2.097575999447696276e-23
5.532571156523590235e-23
1.054002458036212067e-22
4.046900464028852394e-22
1.932323087827774844e-22
1.032479204481685624e-23
2.019813076530288287e-22
-1.691432029884160337e-22
-1.049436957181791375e-22
2.254533223786894784e-23
1.960839829579616536e-22
-1.476425703440949923e-23
-5.341833145113587200e-23
-3.309285309308951590e-23
-9.067795032798777400e-23
2.957625575450314246e-23
-9.432418162795805030e-23
-1.222886643307204035e-23
-5.405182997557133112e-23
1.997275496129515490e-23
-1.187328397541460406e-22
-1.953860291128266652e-22
-2.211867181268810258e-23
-1.412245459518912703e-22
-3.974744198075194721e-22
-2.571876341714910474e-22
-3.510440903361474654e-23
-1.947293051099810590e-22
-1.554245409120424715e-22
-3.610988157407351854e-22
-2.178188755972761145e-22
-2.511147402217484552e-22
-5.180253203888208459e-22
-1.528062173696685445e-22
-3.088337097678255765e-22
-1.763362110647592733e-22
-3.187129029425871715e-22
-2.244848031201118378e-22
-4.010613546372762799e-22
-4.249258644585512354e-22
-2.603000569951265987e-22
-6.586581184185746389e-22
-2.678692771426047023e-22
-6.100507255365049336e-22
-2.734028197674588734e-22
-5.886735805702122138e-22
-5.968585135052440939e-22
-2.716048467063155009e-22
-6.885215188164331101e-22
-5.380897541680933081e-22
-5.745962809086958093e-22
-6.571783938594704721e-22
-5.289997710639277372e-22
-3.586414827357578675e-22
-4.045350890226551108e-22
-4.458299220574882585e-22
-6.651341291321379290e-22
-3.692062623942589843e-22
-6.199206182566226848e-22
-4.670996894589105382e-22
-5.888028367244842428e-22
-6.218497567795532740e-22
-6.526332719102987939e-22
-6.179034586259453311e-22
-4.289653779307349120e-22
-7.739014481888819753e-22
-6.920567757829981242e-22
-1.001752542239578906e-21
-7.620567063675715355e-22
-7.974033326652270193e-22
-7.399971600824789152e-22
-8.061019523366401732e-22
-5.127006105770949044e-22
-7.826095639422071689e-22
-9.764320178504369451e-22
-6.663478060563097042e-22
-7.860152317741898509e-22
-6.743898613926728524e-22
-8.372213006279531917e-22
-9.138148800382230106e-22
-5.976582845167533888e-22
-7.806899237819845097e-22
-9.267322650851992364e-22
-7.405782882040298297e-22
-7.938015920551343455e-22
-8.219069872404527070e-22
-8.507256428026724185e-22
-7.241972219165005665e-22
-7.867020707586179995e-22
-9.928863357528548028e-22
-5.633184434557008877e-22
-7.494532776930482316e-22
-7.359615328053584675e-22
-8.609375151721768610e-22
-7.958337783702025364e-22
-6.196789547199696372e-22
-7.720640967309667674e-22
-7.605997058135946181e-22
-6.124224358681654603e-22
-9.157295829137907339e-22
-1.001977707828867833e-21
-6.666973021282870326e-22
-8.613373109905476921e-22
-9.542380005845319236e-22
-7.790507536671831063e-22
-1.025357106999303142e-21
-1.060983065440102359e-21
-5.619085167240161543e-22
-1.084539629079381247e-21
-7.283940992350353220e-22
-7.397879670387559676e-22
-9.134721327445651817e-22
-1.129747638277145334e-21
-1.144367784318939251e-21
-8.651945144086963745e-22
-1.042877419116411974e-21
-1.048539956018357366e-21
-1.173988621958520702e-21
-9.909193532927612398e-22
-6.687144782748588150e-22
-1.071212994240430264e-21
-1.001319390883075530e-21
-8.803284023561834579e-22
-9.203930202536645409e-22
-6.576270708629313804e-22
-8.922861832905587514e-22
-8.892883811778218935e-22
-9.633258563625341374e-22
-8.635526631953813594e-22
-7.650375785802841981e-22
-7.969419356990785654e-22
-9.647920775615801218e-22
-9.394217761213076817e-22
-5.958528370187772229e-22
-9.841564312533593950e-22
-8.501651030291845576e-22
-9.482680489419953547e-22
-9.036315369067159268e-22
-1.015917515864638569e-21
-1.032183577040828670e-21
-1.015283068036019061e-21
-8.317019236111026112e-22
-7.367556965661404531e-22
-6.959368034996224680e-22
-5.907097205363587298e-22
-8.613202817855732411e-22
-8.231441485836237914e-22
-6.227907877091268870e-22
-6.594034993122280175e-22
-5.566918414154746736e-22
-1.057275190076379953e-21
-5.825449692800866769e-22
-7.363715340609797302e-22
-6.859707618162024083e-22
-6.567170308596325520e-22
-8.324248558358769503e-22
-5.057171348747816537e-22
-7.675898967995810276e-22
-7.483998663072432060e-22
-7.341812693141411328e-22
-5.476748273698449187e-22
-9.531116505034544784e-22
-6.149397156467889704e-22
-6.269565180031094872e-22
-5.325853015710195888e-22
-8.408751193198342333e-22
-9.606676540641682466e-22
-6.511843595068437150e-22
-7.831092782117347350e-22
-4.281688495711120263e-22
-5.296402743703413286e-22
-6.455797317756581303e-22
-4.468164445132211351e-22
-9.266951748346409511e-22
-5.363680717985227483e-22
-6.804990782951669040e-22
-5.322749098449895531e-22
-3.874686003730087575e-22
-4.539717913577832711e-22
-6.833665478571249544e-22
-4.402949211514222980e-22
-5.128071637480596528e-22
-5.342630949701410453e-22
-4.900484747227984381e-22
-6.319066155424361321e-22
-5.070091028760895586e-22
-3.987240330821173779e-22
-5.514384691404636100e-22
-1.589182865428468702e-22
-3.803352605438007962e-22
-4.746396381571912455e-22
-4.666186076463621640e-22
-3.816519300910517177e-22
-3.179011824806074302e-22
-3.967852657146633425e-22
-2.475673302594708163e-22
-2.978528147634696487e-22
-3.946375493714166007e-22
-3.290078054913049275e-22
-3.957305802492772590e-22
-5.861872694188181259e-23
-3.997686512438069288e-22
-1.614270258455381342e-22
-5.159815199201544163e-22
-1.415010570913051954e-22
-2.178580135575412325e-22
-1.036017494382828056e-23
-1.193188153297153034e-22
-3.210269743078379546e-24
-1.247815510200534991e-22
-7.085713468451841921e-23
-2.126885626658702905e-22
-6.119170755438956501e-23
1.830851589022446232e-22
-4.763187230951748791e-22
1.882465595988888083e-22
-3.662873341313944470e-22
-5.571727597355490786e-23
-3.875986416764921121e-23
-2.478315562951052108e-22
-1.914736245796679996e-22
8.642152161183914149e-23
-2.798885562014414321e-23
-3.996462171367279927e-23
-1.035649539596560653e-22
5.761562325500403170e-22
-7.328497181793974789e-23
1.280451728730114309e-22
4.469181899214369777e-23
1.741531602820310241e-22
1.634938319709015353e-22
3.981766017162395427e-23
1.735222431844443329e-22
4.240709767911691734e-22
1.217193695819768186e-22
3.911560674967421739e-22
3.035497789703460242e-22
4.633224887965712190e-22
2.001014206064487784e-22
1.904148181766384624e-22
3.340964981399750240e-22
2.030243831869380986e-22
2.850181891277919081e-22
2.367760581632220954e-22
1.597944290449575987e-22
2.513292804983384610e-22
4.807484856339764968e-22
1.865220981042429497e-22
6.156323648535305525e-22
1.986973763480895967e-22
6.178001741413389635e-22
6.643031253899489474e-23
6.702375066775001924e-22
3.400368672488764168e-22
4.788542440803565479e-22
3.164028726018955466e-22
2.806017910029494792e-22
3.783191280081511234e-22
3.560071691243962042e-22
6.249512903031920701e-22
2.159913057240067350e-22
4.484091785085819820e-22
5.425268192273995201e-22
4.340945399782039877e-22
3.207323035999480653e-22
3.886182396945375990e-22
7.389474854081602754e-22
5.872354102164209462e-22
9.103768814782942752e-22
5.729893079428970326e-22
3.973877423536045566e-22
7.385001882694223049e-22
6.155160346042615469e-22
6.956398119814650531e-22
7.075467566920147283e-22
8.048103674139020206e-22
5.291529620023876648e-22
7.059403350456569723e-22
9.216424712316525467e-22
6.652030612308741350e-22
7.199340534078678384e-22
7.170647393631545536e-22
8.802748632870381182e-22
8.500564006294696933e-22
8.162879313536714940e-22
5.658453974485411481e-22
7.717307203146922760e-22
9.275795882212372512e-22
7.650267323660538571e-22
7.645514252963023101e-22
9.259160110136467416e-22
8.539884438524486652e-22
9.027585463197662246e-22
4.931920921916266693e-22
8.962923840262445955e-22
7.138576465571292397e-22
9.632348183853080838e-22
7.560686330397230717e-22
9.813029227959216731e-22
7.678273137872670999e-22
6.890695982334064028e-22
8.377680703341140650e-22
8.796714622631935361e-22
9.924890644184563534e-22
4.884458797522589990e-22
1.053418838060344067e-21
8.221222638669946991e-22
1.035652249411529743e-21
9.299386611473791101e-22
8.583283036997766815e-22
7.936569848851645161e-22
9.089584255125140168e-22
7.990306858278711861e-22
7.723145799483406361e-22
9.583600114061536637e-22
7.607627695574986567e-22
8.077037218770237405e-22
5.207869111540359463e-22
1.025102137335611722e-21
7.785265686026631487e-22
8.190520864821259588e-22
9.311929753780013510e-22
8.754147746202099423e-22
7.773245300502880531e-22
1.009677819420680049e-21
9.081614818938519555e-22
9.449071101602546453e-22
8.820901705266243086e-22
8.470606918362335708e-22
9.995756023487565755e-22
7.650905316690230764e-22
9.935204961564394696e-22
9.826931392894825066e-22
7.006288449002908253e-22
1.210517143322976266e-21
8.208845385796224491e-22
9.186352653920989670e-22
1.087786967536382457e-21
1.000223279710625844e-21
9.945221853327827712e-22
9.664841680683000403e-22
9.539592649928434443e-22
1.068911772189392861e-21
1.033761517957125501e-21
9.149011141423906689e-22
1.013471914103915113e-21
7.114903607917896526e-22
8.942233205893027943e-22
8.031877310847265152e-22
7.125255543843567691e-22
8.564803881234458190e-22
7.446524047139586146e-22
9.392039133935509991e-22
9.110251246139951477e-22
7.921950444553769236e-22
8.222258367470710054e-22
9.469680745620620390e-22
6.319178755019186939e-22
5.660278552505517512e-22
7.187645582066645680e-22
9.434039703689589754e-22
6.060626367346231234e-22
7.110961737232291561e-22
7.592221513662085166e-22
9.928118091385814156e-22
6.458665078395032044e-22
7.319326456909012615e-22
4.187588055854998875e-22
7.750615978669394669e-22
5.216844931225393810e-22
8.301842453189762667e-22
6.357382405650408860e-22
7.501455521538088160e-22
6.061755907590808242e-22
6.938997382612806250e-22
6.915516591450959102e-22
4.891169948304427692e-22
7.077973355566258680e-22
6.537559442591711532e-22
5.472205466787511362e-22
7.723718093406976860e-22
3.784503886048618829e-22
5.403394983143783968e-22
5.865982607267192068e-22
5.799932502663474348e-22
5.533571081779567827e-22
6.763805066978230880e-22
7.091778488592279082e-22
6.446696560409105582e-22
5.569288163904316557e-22
5.216632392618167760e-22
3.944357023649492737e-22
4.134525359878530784e-22
5.565954559046121481e-22
7.511674700750765331e-22
3.266177456362546721e-22
4.292294251434227324e-22
5.962306259955705475e-22
2.135846832889660640e-22
5.295419697737274579e-22
4.212223721519688382e-22
4.388115008618302444e-22
3.460870136575414943e-22
3.687239325808495762e-22
3.336554488770396042e-22
3.224708021093232289e-22
3.703554856985810780e-22
2.701059298286686652e-22
2.164638508687443703e-22
1.925654787073387515e-22
4.019519739255711850e-22
1.793757510423689115e-22
2.484875939845501398e-22
4.368402879940469686e-22
9.039401359526022578e-23
-2.691499587929081535e-23
2.766480076162435080e-22
3.029639083436291488e-22
1.193388743990976964e-22
2.199524017873146123e-22
8.295657083651101427e-23
1.561307811989449440e-22
2.193655289129416447e-22
-1.718273691774595415e-23
1.691189844299605650e-23
1.173512031545449031e-23
1.314205039121387650e-22
-1.981452565487724741e-22
-2.895867793884432329e-23
-5.914768408110573295e-23
-1.250670537456715218e-22
-2.689841230550052982e-22
-1.225407031729947508e-22
-1.924922955823423218e-22
1.723128657450330946e-23
2.907031685689300474e-23
-1.787757181672456480e-22
-1.286878435702208062e-22
2.444196512121516810e-23
-1.769584099526604145e-22
-3.144220358075021421e-22
-2.417821659297442161e-22
-1.895889830691112723e-22
-1.251692903025866057e-22
1.178339144214897574e-22
-3.177081902837843657e-22
-7.012337202009957083e-23
-2.357446638423403213e-22
-3.216075661772780496e-22
-3.996756189883242247e-22
-2.171182997480558914e-22
-2.068099660566009454e-22
-3.864247028659152202e-22
-2.212158792573311661e-22
-2.976881702738374221e-22
-2.865389338823813236e-22
-2.011351386218994448e-22
-2.621954236490352057e-22
-5.140601945913082380e-22
-4.895546942219694221e-22
-2.030604913506326775e-22
-2.056973399232685006e-22
-3.689864188936354767e-22
-3.468898278411593475e-23
-7.501990451387041669e-22
-4.125929525576201978e-22
-5.269732710378928936e-22
-6.659041551466136995e-22
-6.190694738388511322e-22
-4.355827848607888056e-22
-6.074163996331483196e-22
-6.143092410965640441e-22
-3.717834364923216422e-22
-7.311045574688790903e-22
-5.968371705799299550e-22
-4.864151995670634473e-22
-9.239451537889346689e-22
-3.743681698644675372e-22
-7.970234785634084321e-22
-7.029917104057229648e-22
-6.957461139702397944e-22
-9.638188962004945583e-22
-6.122594857931860563e-22
-7.037424032027198745e-22
-9.411786693631309076e-22
-5.131732348372761156e-22
-5.936455725169565754e-22
-6.803163303920224300e-22
-6.669072543873721681e-22
-8.439270770674123453e-22
-6.773929989651835334e-22
-9.391457500846021858e-22
-7.872429151278292669e-22
-6.516004109001083141e-22
-7.012167433961369417e-22
-8.153574657023084539e-22
-6.031631230646531717e-22
-8.479212125468986465e-22
-6.352318717209013649e-22
-9.935970898675573884e-22
-5.238176817205900498e-22
-9.210141163341319041e-22
-8.532057224253310175e-22
-7.154357780485427383e-22
-8.109481546602524696e-22
-9.016112525285824022e-22
-9.993363865901560460e-22
-5.431836786229820256e-22
-7.671409237350077683e-22
-7.850950049022739089e-22
-8.199483838205077817e-22
-1.048467389055224724e-21
-8.973143363122646499e-22
-9.989055139002439958e-22
-9.251321713913519209e-22
-1.099123477779999312e-21
-8.158617932125507020e-22
-8.055700995939362849e-22
-7.407570617137270339e-22
-1.031513271811775872e-21
-6.513262824916275273e-22
-9.550519663439567056e-22
-1.046615421906742900e-21
-6.812275393585343433e-22
-9.642898158432337768e-22
-9.725115555850279421e-22
-9.591624562868617685e-22
-1.061949389931567998e-21
-7.890801771888212217e-22
-8.013107510772194294e-22
-7.644955635797973450e-22
-9.440838226813766981e-22
-7.903737929672531945e-22
-9.436640221653401381e-22
-8.544152574271951009e-22
-9.973617874252284703e-22
-1.029767259229584111e-21
-8.957477886921570536e-22
-9.738194187734640142e-22
-8.800167904350909362e-22
-9.528674984879090857e-22
-7.632086204757791115e-22
-9.208652396529035687e-22
-1.155156100946506653e-21
-7.675243866244332118e-22
-1.005682885208875916e-21
-1.028803775581286254e-21
-9.225133959293761659e-22
-9.564602353757537129e-22
-1.022021461938215597e-21
-8.485169109021412525e-22
-1.185875447260538278e-21
-1.057947038844793572e-21
-1.006773456854305144e-21
-9.393826005460336292e-22
-9.696917815893119440e-22
-8.849822750603987731e-22
-6.993696119385679133e-22
-7.638969190634957120e-22
-7.770531082351108857e-22
-9.004330558064493684e-22
-8.727502097314836551e-22
-7.167424886636758421e-22
-6.630696995363583717e-22
-8.581985439425652036e-22
-8.295926072939819248e-22
-6.714293976066056924e-22
-6.474955216498866039e-22
-4.973029333242373209e-22
-8.911409501144877507e-22
-8.379045682786877953e-22
-4.578756403054709904e-22
-8.381375356367868964e-22
-6.724820387332355640e-22
-7.311607205811609804e-22
-5.593246507488398960e-22
-8.631703696647544471e-22
-8.023550349495873523e-22
-6.255424623102110614e-22
-8.583101449328610051e-22
-4.227919673001073446e-22
-8.068505901667192277e-22
-4.061597784941370182e-22
-9.796989562674637232e-22
-7.930788565049525737e-22
-6.418455742292063265e-22
-5.736922275887125853e-22
-5.741687964059364007e-22
-7.324220767458248660e-22
-5.678209833489917373e-22
-6.302405870399685717e-22
-8.148180735424496236e-22
-4.623127395016382367e-22
-5.324412018213146717e-22
-5.539660067887274209e-22
-4.661299149759766991e-22
-7.849942403771528568e-22
-5.014280517506096936e-22
-5.630947207632495099e-22
-5.389100554232028633e-22
-6.439838564484071818e-22
-4.807527403968488627e-22
-6.047200060393367043e-22
-3.714142454563798333e-22
-2.469296713548598045e-22
-4.327080119604455916e-22
-4.791697418572228753e-22
-5.805276468557933587e-22
-3.417536626084087915e-22
-3.278863573653258361e-22
-2.730563368984901811e-22
-3.286058112116118916e-22
-2.815645287237303726e-22
-2.844895604005669026e-22
-1.699555237332021522e-22
-3.508167948264337859e-22
-3.795953789338539129e-22
-3.482354289266826338e-22
-1.798712922494364239e-22
-6.105922443414566969e-23
-2.704387833404935312e-23
-3.544432486053156314e-22
-1.490175692564769717e-22
-1.340642599758665438e-22
-1.014834108771832847e-22
-1.125377570811801482e-22
-1.798966481202661947e-22
-5.610223116299071882e-23
-8.872130611791225369e-24
-1.391864933055060653e-22
-3.816283143752849260e-23
-9.768962458778019439e-23
9.861328262635929545e-23
-1.485039352751081966e-22
-1.307897739595045914e-22
6.281784012048886142e-24
1.743980603323300693e-22
1.422469764960401152e-22
1.671976681798489563e-23
-1.824661726050149874e-23
1.357488922829348134e-22
-1.984064568757978086e-22
1.838832032798217622e-22
-1.283735279974055675e-22
-2.885172350917266304e-22
2.947595966098105889e-22
1.361353599264286026e-22
-3.821405829909388801e-25
4.285528356928765741e-23
2.317194229049053183e-22
3.009578558561017137e-22
4.114954697325038653e-22
2.355767045332944220e-22
2.359355898816826740e-22
2.218157637162760864e-22
2.761247789207372044e-22
4.579202650701764037e-22
3.404890695991365930e-22
3.843712642445445513e-22
2.045804879616706079e-22
2.767391574368577700e-22
4.009282435503142335e-22
4.545875685645001043e-22
2.721613994230602329e-22
4.481365215447197650e-22
5.658572593537645175e-22
5.355288861648032224e-22
1.368716821708715736e-22
4.673195815990808015e-22
3.809753591099010584e-22
3.756422059460592914e-22
3.227680044202853872e-22
8.134570684457574075e-22
4.895703049393934084e-22
5.359272976373554014e-22
7.033926365079022465e-22
4.318459805133328427e-22
4.850675839715600324e-22
7.113800941174009034e-22
6.564145166978935594e-22
5.842590368658254020e-22
5.372609385028765223e-22
6.334643092545090872e-22
5.988143563732757011e-22
6.442531231321811331e-22
5.468006212445938502e-22
6.908199304909510435e-22
6.583052944052752404e-22
5.934847060483765495e-22
3.434919567515269161e-22
7.209502439829130554e-22
7.014206857555467903e-22
7.254937772060983365e-22
7.015944261307679377e-22
7.753621136433371761e-22
6.980409248237319687e-22
8.636960645934638922e-22
7.710852364682873374e-22
9.131420223893748434e-22
8.804701817869031029e-22
8.562057111712223958e-22
6.543295111727806941e-22
9.088217376660517088e-22
6.270958808615755864e-22
9.459723810032443026e-22
8.485993312644859057e-22
7.219767996504444297e-22
1.027494040340587973e-21
6.374987793322486705e-22
7.239502233990385551e-22
7.536252685644879263e-22
7.935173031235603027e-22
8.124519113488051189e-22
9.569179360845899675e-22
9.045439994171517634e-22
8.007721777974236520e-22
1.113331374833618579e-21
7.149455166973901386e-22
1.082335931242959826e-21
7.361253804621194834e-22
8.658430064170468595e-22
8.251387245802243036e-22
9.001512641028038871e-22
8.472795783622450038e-22
9.117378463289010419e-22
8.123284403401067874e-22
1.031205828936049588e-21
1.090789267176021740e-21
9.629958954555371339e-22
8.536271815484425045e-22
1.056704761209184366e-21
9.605823623361323025e-22
1.151394794650649041e-21
9.212228771285674293e-22
1.022833242425004149e-21
9.035946214362232034e-22
1.038042365585495790e-21
9.059352798907530675e-22
7.656917099689691858e-22
8.779335933971972485e-22
1.077668996513419430e-21
9.498471332282970449e-22
8.050439674279772159e-22
1.016026656527895766e-21
1.022803819288849538e-21
8.862540710202846820e-22
9.652432060164029922e-22
9.249567047876927996e-22
8.425374582427161794e-22
8.111662168376599763e-22
9.484551756818684276e-22
9.238619812295149686e-22
9.022784603061994378e-22
9.112823276263089737e-22
1.003263048752615542e-21
1.022920572241444671e-21
1.050318801344054675e-21
7.420082934889938973e-22
5.610338977771080863e-22
9.345062452098240037e-22
7.557875674938563431e-22
9.630133474056192954e-22
9.250345138272550279e-22
8.662787258505476163e-22
7.544198782635447072e-22
6.426046418491019794e-22
9.696216956353176570e-22
7.211316009123979216e-22
1.102004066675647706e-21
9.024809763134827044e-22
7.090216408792748417e-22
9.160334480929099800e-22
4.865316470949797160e-22
7.683092570581916000e-22
1.011574329601762564e-21
7.500513451427574084e-22
7.436166906473376158e-22
8.950940681099098866e-22
7.817735537268195692e-22
8.448466869386504685e-22
8.080983852671611280e-22
6.664061873426449544e-22
8.722075862746446452e-22
1.012010959966351772e-21
6.590835597836749235e-22
3.542027789010046705e-22
8.233557939230684562e-22
7.238211259448262930e-22
8.597943431727891968e-22
7.642503588744929815e-22
7.351916441322938048e-22
6.959496925090510260e-22
7.241001536545288424e-22
4.549690348355209806e-22
6.935308481646663475e-22
6.150371821857741593e-22
6.058206941822724859e-22
7.451893124464398828e-22
4.770568892934300374e-22
7.459103742545978596e-22
4.503853383253069381e-22
4.066995188037330211e-22
4.268924539234668405e-22
4.962748151198734122e-22
5.294544172317825912e-22
3.396581597378273086e-22
2.479916568710061002e-22
6.103976188697490683e-22
3.193993770270395160e-22
5.980325222892087679e-22
3.082078884967317899e-22
3.244487194189122538e-22
4.448469373498177247e-22
4.106622076618886136e-22
2.572278193133118609e-22
3.582591551224140371e-22
2.590123335800654316e-22
4.023095285275848146e-22
2.857176076285466096e-22
2.432116689450038069e-22
1.973064819557566368e-22
2.505317315050224734e-22
3.395743971026342179e-22
2.927150584751199356e-22
2.168794004048430127e-23
3.688392750857929933e-22
3.370609322053981222e-22
3.689534783495251663e-22
6.468262639699398773e-23
-2.778513820244331297e-24
3.352962810487374304e-22
1.790560931818177985e-22
5.199670954678316244e-23
1.951176411718909094e-22
3.463153533923814041e-23
1.586302709024650489e-22
2.906381577525816944e-23
1.988306935656712302e-22
1.410409881299940447e-22
2.693083880503184080e-22
-2.475708324713731947e-23
-1.499597021830621464e-23
-1.945566897443363054e-22
9.522558707813620337e-23
-2.132175178623396627e-22
-3.829231276874256339e-23
-2.098233627113517447e-22
-5.444339427366125734e-23
2.543188477207258843e-23
-1.125924020268660477e-22
-1.685722343957112884e-22
-2.096672711261213738e-22
-2.445818658051759294e-22
-3.390056912118076305e-22
-2.373263191694649269e-22
-2.887943203147261836e-22
-3.116616648380351313e-22
-3.776878922506523445e-22
-2.129758404110053143e-22
-3.892537437807200133e-22
-1.690843554364755343e-22
-2.167364084706597609e-22
-3.891139736886139993e-22
-3.782104612404193727e-22
-2.392565248598384779e-22
-4.093205476118175686e-22
-1.412960028909228526e-22
-4.162796462413243660e-22
-5.674460738957191235e-22
-3.776941840964238342e-22
-4.893690044057255586e-22
-2.076639677494311786e-22
-3.897347077488105072e-22
-2.987850505505112264e-22
-3.443139933044629649e-22
-6.867808789511480962e-22
-2.375711981206301411e-22
-4.967446178297795629e-22
-4.252973704029378860e-22
-6.493520831495617445e-22
-5.483493783752537269e-22
-5.049056120117651042e-22
-5.205807283499547782e-22
-5.701169048568802465e-22
-4.447654915164181492e-22
-6.846464649592149143e-22
-5.657436271337958821e-22
-4.853656573488490711e-22
-8.402253483605809380e-22
-6.332742429882016740e-22
-7.558633144679126411e-22
-8.057846766789210170e-22
-8.932878776273653233e-22
-9.124676989188706634e-22
-8.627715465918246541e-22
-6.811612177054713990e-22
-9.113012086533256594e-22
-9.526183230823364184e-22
-6.682970594114968067e-22
-6.142703587714251159e-22
-7.439513758774372311e-22
-7.531319365610547787e-22
-4.866319022500315273e-22
-9.353328442337891808e-22
-8.129313370243452215e-22
-8.130659773633767085e-22
-9.951430698906961470e-22
-5.265226615612303257e-22
-8.954168503535989334e-22
-7.463918456099568103e-22
-8.378545978910740794e-22
-9.953666186911685092e-22
-8.799929763318848809e-22
-1.019976072626111325e-21
-8.340022314524122782e-22
-7.999240102170373505e-22
-6.384842133714028355e-22
-8.287960536688850336e-22
-9.643754167249657407e-22
-1.022126527502931816e-21
-6.978360227535180517e-22
-8.355534724376037663e-22
-7.579388008913759972e-22
-8.092227518903900247e-22
-9.690423807120094577e-22
-7.261263548346725863e-22
-8.162178076998176577e-22
-1.027399360780270005e-21
-7.928657527207658123e-22
-7.259221809102031873e-22
-9.034056991712266616e-22
-8.903147219681092730e-22
-8.635579436876595898e-22
-8.192763232669240160e-22
-1.122142720813281071e-21
-8.659816246101529612e-22
-1.005863835102700918e-21
-1.038940823891249828e-21
-1.124644238179550895e-21
-1.003517018526424102e-21
-9.184643869578653239e-22
-1.217292385260201080e-21
-9.169831734144980914e-22
-1.144299072952506161e-21
-1.230916738361594554e-21
-9.567722836956072745e-22
-9.873375727656291329e-22
-1.106269979403369686e-21
-9.045708500406873252e-22
-9.781181363920954352e-22
-1.047502451459803327e-21
-1.107816934155107946e-21
-9.332008327625712200e-22
-9.096198112142625478e-22
-1.061359278056028496e-21
-9.283612064870318227e-22
-6.683899799381584613e-22
-9.250059670918657065e-22
-8.677516363476592418e-22
-8.929831207581863142e-22
-6.584121747923195509e-22
-1.215986600467522365e-21
-9.556688180868806675e-22
-8.714691516387422160e-22
-8.857588754138954537e-22
-9.385774180957114032e-22
-9.369883981468387472e-22
-7.872619988454139773e-22
-8.335227908929141091e-22
-6.589971688254819761e-22
-8.635330881882672598e-22
-7.607519376317655188e-22
-9.471981781113006992e-22
-9.497541577273093291e-22
-8.481681103693848528e-22
-7.467563025120039696e-22
-9.516704975379221687e-22
-5.852814541329550440e-22
-8.178508370496621585e-22
-8.026121771493581975e-22
-6.308891516108140206e-22
-8.706195571745666855e-22
-4.979777985015532054e-22
-7.549900597285684750e-22
-7.531618474093081083e-22
-6.817731035232681014e-22
-7.574231287514176142e-22
-7.841648337253671821e-22
-6.861491420071535751e-22
-6.745447758277846070e-22
-8.097056567107454186e-22
-4.574809182849832249e-22
-9.384445759671405781e-22
-7.103190610052334695e-22
-8.640847984169059923e-22
-5.719428365423015629e-22
-7.908718392160249867e-22
-6.854470122480010550e-22
-4.071456829490699155e-22
-7.127552512579123718e-22
-5.508991287725836337e-22
-7.477299252475124014e-22
-5.416195330015748965e-22
-4.484560246519875606e-22
-6.409215589364781962e-22
-6.608512536864795805e-22
-4.492722303014396301e-22
-6.089257420323967971e-22
-5.922051102347236404e-22
-4.772111827347957097e-22
-3.570347369823312499e-22
-4.759612547951088754e-22
-2.686254951131812963e-22
-4.408008329966771836e-22
-3.360222792810448909e-22
-3.800933222840213583e-22
-3.985929139385541192e-22
-3.687512080467549972e-22
-1.445551472635107891e-22
-5.310192784510138079e-22
-2.561827753517257856e-22
-5.042591180211555913e-22
-3.453129410902485573e-22
-3.855241886938454696e-22
-2.488596004837586850e-22
-2.194224979439159709e-22
-3.650867033639147448e-22
-2.870081980076996383e-22
-3.003807649412077495e-22
-1.533832484540103699e-22
-4.292584943477675884e-22
-2.910622896994629870e-22
2.295594254947545986e-23
-1.099192421782959097e-22
-1.838926150064497250e-22
-2.461532070102160620e-22
-5.467092381040963912e-23
-2.033021909524548934e-22
1.472480885858363038e-24
-1.200210497313805056e-22
-8.463434453168228174e-23
2.036044980435270466e-22
1.272793216102388365e-22
-5.072010989465079694e-23
1.139413808445139817e-22
2.154189967538804057e-22
7.807608581958709401e-23
2.868393863689269877e-22
7.256084416160769163e-23
7.216460338041778235e-24
3.174723154770694571e-22
3.598462243107534849e-22
4.958106852501442562e-23
4.198477667510075641e-22
2.308202087447412882e-22
1.548322263683721282e-22
2.552775869407407004e-22
2.174566576571631097e-23
2.676063965371917755e-22
1.344991954817714814e-22
1.976261526428503399e-22
1.258749178545130092e-22
2.911610391720989267e-22
3.843705337976303339e-22
3.128072630947820310e-22
3.407396627127941698e-23
3.448123524836353874e-22
3.139010439029008719e-22
6.185173737215648965e-22
1.075112025922502675e-22
4.421707907759388959e-22
3.575286766390698303e-22
2.795719408154051638e-22
3.590591564163851976e-22
2.687132990663382047e-22
7.188036500774606433e-22
2.536710212129263716e-22
4.728604516411031133e-22
4.848519415292212643e-22
3.150485309431532341e-22
4.218315463961643661e-22
5.738840734467122260e-22
7.420928226474887510e-22
3.402622121845368888e-22
5.554159067272069934e-22
6.933759702795726515e-22
6.390622810750078445e-22
4.405494656279483729e-22
6.891808664029309349e-22
4.931706543062619219e-22
7.258197978971357880e-22
8.511253613762614472e-22
7.307531005736554752e-22
1.002021004742801711e-21
7.894420341919036558e-22
7.902959704619473678e-22
8.605122101955430960e-22
3.050827699056798690e-22
8.565390199802876387e-22
8.338230103118836728e-22
7.597342988734105315e-22
8.577524572192566041e-22
8.112132447332090105e-22
7.874880495709073259e-22
4.400178282083355251e-22
9.192315879412615634e-22
7.644073273587219929e-22
8.946390006100732161e-22
7.734835991636455081e-22
9.855754130347444378e-22
1.075305792922429131e-21
6.677932446632986070e-22
1.078655363869250499e-21
7.493635164791527591e-22
8.399096862683372317e-22
9.587612875350993093e-22
9.681607649505749373e-22
1.063377107794697537e-21
9.914921554797038933e-22
7.512872569844515890e-22
8.279531313414696176e-22
8.617712554733936466e-22
9.531527365763740086e-22
7.952045287876901006e-22
8.441263352383723048e-22
8.509685613239177744e-22
9.600323612583786735e-22
9.720619879859864569e-22
9.879139647899336848e-22
5.919959282710943048e-22
1.028237382267257813e-21
7.855695961237334267e-22
7.264608480247222181e-22
9.763642465623049153e-22
8.887818988198328083e-22
1.043357311351732052e-21
8.386028722999588152e-22
8.963065256110250906e-22
1.053685921913105806e-21
1.058419269246995069e-21
7.528098037278248385e-22
1.067954343817822377e-21
1.133961966760450304e-21
1.086682790060883934e-21
1.219605307785196162e-21
9.585019744043890199e-22
1.001360712749592542e-21
5.299695441754293383e-22
9.483718077431185270e-22
9.770514068450592196e-22
9.519251179733880906e-22
9.622235784621367307e-22
1.103200222796718846e-21
7.497225169567572162e-22
1.295569939599149497e-21
8.481764471423541178e-22
9.458550190476272523e-22
8.396215285788452981e-22
9.134088572119331112e-22
1.170703315103623089e-21
1.003449289867544299e-21
1.145067940257868251e-21
9.305134897678864279e-22
9.169224986338334881e-22
7.519964833536999978e-22
8.323284796074550889e-22
9.118670845198359303e-22
7.823781404454187364e-22
8.874074144981012717e-22
8.753031350641506581e-22
1.066677601464622568e-21
8.664805348707972590e-22
1.019887603026788517e-21
9.287735563594063058e-22
7.615071845855588518e-22
9.640956722640815685e-22
7.129995019335645452e-22
8.566052444505546972e-22
9.058224127847800935e-22
7.007419020964217152e-22
8.348091653876435135e-22
8.732681676963519745e-22
8.346330565148387248e-22
6.659973636737615114e-22
7.496499438793454391e-22
8.616941958500838662e-22
6.188938478072497790e-22
7.223606049619577830e-22
6.577303490387010386e-22
8.698099183035158229e-22
8.603496498249287577e-22
5.947600469964437128e-22
6.383727949369657877e-22
8.518729727040976007e-22
4.984691593633637845e-22
9.032454304231896083e-22
6.580759942729199226e-22
7.723020597455253375e-22
5.803295841757388640e-22
5.998229049550443985e-22
4.640053879830448544e-22
5.180628319898660500e-22
5.138465745075879871e-22
3.537466324936528031e-22
5.867384213625745972e-22
4.554764493565349037e-22
8.574645378315621270e-22
4.859373673393849730e-22
4.449658997809861824e-22
3.892070716841914442e-22
5.820774433952517118e-22
5.792893612190154860e-22
7.316940643939585885e-22
2.677758547195197173e-22
5.443425106080358119e-23
2.519011834927028077e-22
9.453413645601814590e-23
4.013309795270591024e-22
1.395204453917640839e-22
4.261231878583695463e-22
3.905597537654328067e-22
5.044710749748069148e-22
5.093182151367951918e-22
1.612959273407759734e-22
4.383218458113342518e-22
6.881425285721545885e-22
3.687662042833500530e-22
5.324471535670649960e-22
1.630596515907552348e-23
1.784371636922348678e-22
1.615514794319571081e-22
2.327223970159245492e-22
2.764095972783904124e-22
-2.076396314768048746e-23
2.699328000898179421e-22
-8.352384979899920557e-24
1.154979028395078305e-22
2.782288414854609957e-22
1.889092989073387145e-22
-2.208003668727130262e-23
1.726114540315989244e-22
8.847015658081116650e-23
-1.141838898442518057e-22
-2.085898285803116632e-23
1.957574174488509603e-22
2.655516541293358930e-23
1.831011628766389158e-23
-1.648751433774197832e-22
-8.819547662900975970e-23
8.373231065190282145e-25
-5.333861843144706093e-22
1.173743252905883381e-22
-3.185272158230567472e-22
-1.583970425153810969e-22
-2.636465297686819363e-22
1.009289869887437594e-22
-3.809416791779721295e-22
-3.578588410387442904e-22
-2.929956370566940992e-22
-3.110262844545901021e-22
-3.699928489387345397e-22
-3.081241442040210102e-22
-3.521601818327246004e-22
-4.429032372771491462e-22
-1.225159364810457492e-23
-5.767997847587994627e-22
-4.626505702329875499e-22
-4.297523259251421371e-22
-3.050057557265903928e-22
-4.678733224386968713e-22
-6.191414951003528841e-22
-4.801325606358564033e-22
-4.198557058723894125e-22
-4.010769190788766715e-22
-3.103659199132001527e-22
-4.505400995891831931e-22
-3.277994920347002627e-22
-3.049609625014615532e-22
-2.226978819131840021e-22
-5.059685706735104633e-22
-2.534898111915743138e-22
-5.535138084593749290e-22
-5.695544407159745225e-22
-6.540447802186992348e-22
-6.339391082601805693e-22
-4.842330856769517293e-22
-8.240072810267172079e-22
-6.787986769516412186e-22
-6.139696953003548241e-22
-5.520926157689182717e-22
-6.766238629571535168e-22
-6.048671085819305442e-22
-5.285992451795089239e-22
-7.658830002849768081e-22
-6.540628387954858120e-22
-6.290988217642999982e-22
-6.819107612361414677e-22
-9.342662038995796030e-22
-5.325986697550929555e-22
-8.119652532332569925e-22
-8.210796714723721328e-22
-7.875464565776940212e-22
-6.599794226248587816e-22
-1.100763235584695697e-21
-6.635048961021975393e-22
-8.176453889044674618e-22
-9.059298795300162241e-22
-7.987634306956770645e-22
-6.411974814431476025e-22
-7.421995518284507436e-22
-1.122514626056521404e-21
-1.008617781717827417e-21
-8.844791240847459327e-22
-1.115677363375331354e-21
-7.925882157416498580e-22
-9.685344951919538087e-22
-8.568439388227275802e-22
-8.703870477934031104e-22
-8.556620379710198133e-22
-8.157277698252723006e-22
-1.070656293320498137e-21
-9.698790269668169733e-22
-8.721577140246142022e-22
-8.487336830104003041e-22
-9.280587698057098102e-22
-1.068626962670988008e-21
-1.051428993552618258e-21
-1.163881553733900552e-21
-9.644966179023509396e-22
-1.047341195317081229e-21
-8.303726271211437994e-22
-1.024492122085356487e-21
-8.037995200248302761e-22
-1.014775630883758771e-21
-9.025871506656100549e-22
-9.180148898300633831e-22
-7.130431646275591359e-22
-8.947672589950559805e-22
-1.191806162909742151e-21
-7.539739516183643895e-22
-1.075412925458951137e-21
-8.156746636228388414e-22
-1.074467550540789930e-21
-9.062991323635720036e-22
-7.027500781599335853e-22
-6.895385484737319261e-22
-1.093121647517686925e-21
-8.789941597426749441e-22
-7.842263624892729784e-22
-8.655623160375573110e-22
-1.115306420277243738e-21
-8.967314557877221030e-22
-1.018197997073188885e-21
-7.725041424873179764e-22
-1.282108380393883467e-21
-1.133180043803972092e-21
-9.883209127323363951e-22
-9.512270490880368423e-22
-9.908986818159740506e-22
-1.192549514407390251e-21
-1.049606538005881503e-21
-1.135944920755886428e-21
-9.355598169056483043e-22
-7.358574217627577348e-22
-1.031305045293625719e-21
-9.539679913351536290e-22
-1.033611165521606728e-21
-8.717824774481223183e-22
-1.034339168145156519e-21
-8.153416359564909766e-22
-8.154414720504435886e-22
-9.635992415843817750e-22
-7.166010870348189832e-22
-9.315617950879618364e-22
-9.536480166210543772e-22
-7.694015386746076204e-22
-6.468843943386314407e-22
-7.702922897208725129e-22
-8.093753329186375427e-22
-6.273088337812974020e-22
-8.035309625584298600e-22
-9.098387904872648214e-22
-8.624218203419293197e-22
-7.897286000016577191e-22
-6.374510229835259179e-22
-6.929190618138098873e-22
-7.003217239813276824e-22
-7.842829805825567492e-22
-6.943253380511425327e-22
-9.239518588984085609e-22
-7.317873591713648125e-22
-7.613754673687893629e-22
-5.286141126507436690e-22
-5.393072952174750078e-22
-5.710776779702310896e-22
-8.110626609265995737e-22
-4.595248032469515795e-22
-7.814548778221894976e-22
-7.291104696846589469e-22
-6.048742354683049400e-22
-5.002263331600907270e-22
-6.111825677528362817e-22
-6.230548597450496827e-22
-4.339998038450183560e-22
-5.664213074791050425e-22
-6.264346864327102111e-22
-4.475910714128132236e-22
-5.891374753423755338e-22
-5.440404535120333232e-22
-3.565269758347648573e-22
-4.692197398503010225e-22
-4.147710472540012757e-22
-3.851456334323464888e-22
-3.799618824307206792e-22
-2.812051682218665673e-22
-8.290305831564278491e-22
-3.126192232204555111e-22
-5.478460710123849355e-22
-2.089278195464851296e-22
-4.081149453533953191e-22
-7.416412868283670417e-23
-4.449347567347006538e-22
-2.427861947292200704e-22
-2.227819149308244247e-22
-2.646969639773152415e-22
-1.625129224847837307e-22
-3.409435365062872502e-22
-8.579077378666389257e-23
-2.441804778645584647e-22
-2.127393266781007728e-22
-1.400387510457624119e-22
-2.664764181913925004e-22
-7.043022063898749553e-23
-1.296122429611530211e-22
-3.057113846228553001e-22
-2.753809442661366012e-22
-8.070325824359895675e-23
7.936266526434166440e-23
-9.570012962930029018e-23
4.408015780195691717e-23
-1.376302693069129984e-22
2.211371291109231094e-22
1.427527039759194108e-22
3.191735833530743423e-23
3.047388844007497939e-22
6.202975620319545925e-23
5.605121724859653207e-24
2.035591434991963914e-22
1.138460198251284683e-22
7.111387842606035621e-24
2.189356233457394599e-22
3.676773073828797860e-22
-6.315178242615296300e-23
3.051717198206396192e-22
4.280662925163688509e-24
1.656970345674951008e-22
6.462715439893928482e-24
1.721937295635437873e-22
1.207884825219003459e-22
4.062666183264619383e-22
8.910689605570804119e-23
2.749876328762933308e-22
3.856542149020766357e-22
3.630751277543884179e-22
3.462235486780182816e-22
2.922358877001947571e-22
7.026263898406861675e-22
3.662968700355026077e-22
5.293979462532520795e-22
4.334147954129910930e-22
4.197008422566040087e-22
4.691257171539524175e-22
6.464471146652829477e-22
6.752170937302596726e-22
1.868887397433978674e-22
6.667342513216377926e-22
5.452555029180737357e-22
5.727759906602882362e-22
4.897286179106874998e-22
6.920888146766209990e-22
3.988413803281665440e-22
5.266502651225458861e-22
3.864549123479037959e-22
7.169822617889154841e-22
5.883163539726941505e-22
6.771945979135763959e-22
6.931847117853099700e-22
8.321146078400891912e-22
6.665561895408756356e-22
6.169984748395284539e-22
7.304995532130919764e-22
8.480233462302073054e-22
5.863926782896208141e-22
9.315579281047736252e-22
5.197396831052253552e-22
7.823204599633522639e-22
6.396246142426551794e-22
6.316106658110640853e-22
7.926366920850255482e-22
6.646993824601568100e-22
7.631210790436872360e-22
6.044042898811441142e-22
8.920417671776714330e-22
9.468271265652137875e-22
8.389717483050432276e-22
8.306035489350511801e-22
8.130640600055288962e-22
9.053465311538639669e-22
8.157679737552345328e-22
8.122746157401701135e-22
9.530387844914613242e-22
9.777146138498841806e-22
7.692590094123470091e-22
1.001313686070231311e-21
9.235302218394563077e-22
7.675287364772538603e-22
8.592291975760949982e-22
9.030664835221842682e-22
1.190783813807450605e-21
9.477535466033437685e-22
1.047981532292436153e-21
1.017721579156438041e-21
8.377995795920853756e-22
8.923495004140403039e-22
1.129017096555456470e-21
8.722025945582532206e-22
1.060679068804673846e-21
1.056935796745431597e-21
7.853558922534066056e-22
9.767851451036043558e-22
9.332068654597113482e-22
9.684618238704821983e-22
1.128131838270529664e-21
7.370800734249412199e-22
8.339298530855221880e-22
8.933044665937974733e-22
1.027189825165459408e-21
8.901140971851165130e-22
9.686975060617388302e-22
9.123585331797413397e-22
1.029927563817134514e-21
9.464813455052887812e-22
1.039461275462087748e-21
9.913206413283967462e-22
9.930670361233545721e-22
1.016314782845728355e-21
9.902392065790113221e-22
9.982014858412997910e-22
1.176035038019453677e-21
9.045505543776306126e-22
1.151994320409756057e-21
1.054624805042851772e-21
9.408853307028614149e-22
9.363147999151474774e-22
1.021751622272298315e-21
9.160563591880092197e-22
1.036894651682868882e-21
9.961078800195493278e-22
8.521012409617329875e-22
8.256371024858273715e-22
8.678159581864680255e-22
8.520209994301302641e-22
6.870906019677043293e-22
9.608202563354403545e-22
8.587662510124801716e-22
1.019440880160039002e-21
7.286555504847176857e-22
7.504803312620829399e-22
7.547560726026662404e-22
8.677794847701724475e-22
6.978289645526228698e-22
7.985299323821767921e-22
1.121102071410945147e-21
8.726250585492001998e-22
6.895581398102127286e-22
6.214588810792256598e-22
1.010174882170832514e-21
7.997023250166057490e-22
9.377568479695458604e-22
9.023399202985062949e-22
8.282111308672740618e-22
6.076518382246640479e-22
9.080501169504927932e-22
5.805429996701468507e-22
6.687461880768803903e-22
7.022528373625267170e-22
9.053322561346991431e-22
7.261902237013733800e-22
5.733442433865924203e-22
9.069613083548471103e-22
6.400961536241845921e-22
7.465001150857937171e-22
5.338829349328874428e-22
6.549288758512427394e-22
6.674921403401389007e-22
5.451911101251979679e-22
6.556487675163598441e-22
6.028075871968875486e-22
5.683350899205756773e-22
3.818567973616020637e-22
7.971412378347372525e-22
5.968583073289839872e-22
4.794302242361806840e-22
3.756963673944619413e-22
4.555834340698165601e-22
3.798806973768114163e-22
5.895295669074872557e-22
1.220780385664607220e-22
4.246385208171908535e-22
5.665629786228189356e-22
4.926202756067849379e-22
2.020133443961311972e-22
3.161859873661152651e-22
5.464227839553405272e-22
3.936371152689488232e-22
3.123433407765659525e-22
3.283855366305556500e-22
2.785327577109227167e-22
4.826239587700684818e-23
1.887879049140700900e-22
2.234975700970198003e-22
3.933859649151578014e-22
-3.954674292589032761e-23
1.049975030483309525e-22
2.328402707937170708e-22
1.686721419289785260e-23
5.703847839169360704e-23
3.480866778569525455e-22
3.633332058225729737e-22
5.809733934526162773e-23
2.532744970964564582e-22
2.202837159714824279e-22
1.777785214579111326e-22
1.404754178582647580e-23
1.483669014242686845e-22
-2.450240607390193649e-23
-4.555520115489680428e-23
-9.260058821190839074e-23
8.225025891478533135e-23
1.889419008515549117e-22
-1.449252114085393614e-22
1.345425492335303424e-23
5.798893477008391177e-23
-2.272656563059440220e-22
-2.129501322196745759e-22
-4.842558816577467562e-22
-2.727494893767201100e-22
-1.221497904219821714e-22
-1.580110496719942599e-22
-3.815553508442207830e-22
-3.234033585926585213e-22
-2.159818384130110627e-22
-4.553006398514152576e-22
-1.078737645979809044e-22
-3.353930884431897375e-22
-1.512853456430358611e-22
-5.755092179265804245e-22
-3.067018213058221417e-22
-6.987787914239850252e-23
-5.181198609808424905e-22
-4.142587878021552386e-22
-2.444367850731135763e-22
-3.526194769316996483e-22
-4.541131911875390671e-22
-2.446170006864281273e-22
-4.425842078088387916e-22
-6.322142840329716900e-22
-4.985789242441478134e-22
-3.297148873489360841e-22
-6.061891658472611215e-22
-5.596560262099237172e-22
-3.150587455201547852e-22
-5.795449004618460007e-22
-4.913210473911049671e-22
-3.152666785622554578e-22
-6.672790128369057456e-22
-3.615314474203086513e-22
-6.007203509625105258e-22
-5.068682774982451701e-22
-7.713734814887990382e-22
-6.214477082282051091e-22
-6.930764007528086496e-22
-1.063393109224670196e-21
-6.563481200827704448e-22
-6.646578602577529376e-22
-7.917134806897446681e-22
-7.720857836485154589e-22
-5.924615630136792410e-22
-5.904044991341659466e-22
-7.932674894512573865e-22
-7.767988817175964253e-22
-7.161779474860596140e-22
-8.713800463904721028e-22
-7.652158210850920130e-22
-8.526405733133422157e-22
-8.075905416452426320e-22
-9.367875481487098712e-22
-9.178862990771293335e-22
-8.368055083890058672e-22
-8.262730947979883673e-22
-7.716084494151114613e-22
-8.046527407058306552e-22
-8.852109298622499598e-22
-1.020936669003839220e-21
-9.493061079882944142e-22
-9.772714218409798831e-22
-7.179456631368253744e-22
-7.347400212905015176e-22
-7.994191415119759810e-22
-9.949239902299607884e-22
-7.620719438236155529e-22
-1.093075961081632070e-21
-8.437533411189466294e-22
-1.054284853833333223e-21
-8.482322991686025650e-22
-1.188192323174726496e-21
-9.305915769369875106e-22
-1.041176078894161885e-21
-8.331031912679731489e-22
-8.991399667133317999e-22
-8.573047457098051468e-22
-8.722507418346690762e-22
-8.661105977630809259e-22
-1.215706149198518947e-21
-5.810011463563152520e-22
-1.015258002299177335e-21
-7.839011032813685633e-22
-1.212195649658446965e-21
-9.106443228801598979e-22
-1.006369203360250728e-21
-8.778985935616063812e-22
-1.102629215472866133e-21
-1.051087744824396958e-21
-1.099995048509518810e-21
-8.672951434879751576e-22
-1.020517998513590759e-21
-8.926157362084609798e-22
-1.023732816707665988e-21
-9.307282750649346680e-22
-1.014125031637400110e-21
-8.393008999803101134e-22
-9.242844000753612275e-22
-1.095891315816673543e-21
-9.140948257807592759e-22
-1.288517695964777666e-21
-7.636314781469713416e-22
-1.072462217690609302e-21
-8.674480410854544661e-22
-1.071273571314835924e-21
-8.213076600637523295e-22
-1.071026755528660905e-21
-8.519626961607998684e-22
-1.152269073148744106e-21
-7.939999909124750484e-22
-1.320529620230602230e-21
-6.513940405633211013e-22
-8.583224049593281928e-22
-9.445070800625449893e-22
-8.336039435333229143e-22
-8.692941644724216120e-22
-9.779382228658859733e-22
-1.006630390923975069e-21
-5.201033809893159832e-22
-9.945327205494942059e-22
-7.354307153453315269e-22
-1.030950212037289031e-21
-7.367946321639097912e-22
-8.782356897159898946e-22
-9.742693251621619226e-22
-6.373558192356026558e-22
-5.473636586527259577e-22
-8.461523282093816845e-22
-7.608619347445141571e-22
-7.032875173678217178e-22
-9.851720301794633704e-22
-5.888192835250875438e-22
-6.586944605114783281e-22
-8.967866458640309686e-22
-7.437566228261885736e-22
-6.756091235844928733e-22
-6.763828343690811877e-22
-6.382692360770570593e-22
-7.797674087961308012e-22
-6.409362912997665848e-22
-5.270495814813075335e-22
-7.119990073178884392e-22
-5.873508099944214433e-22
-5.607499245736022009e-22
-5.416463197084726471e-22
-4.478715806479879792e-22
-5.213473126206806937e-22
-4.238444964580508080e-22
-6.396920194038116879e-22
-7.797768005132188116e-22
-5.775724619241095331e-22
-6.267768258068196725e-22
-5.559258895926487164e-22
-5.170960415302598138e-22
-4.986576688123473924e-22
-5.121758428662988145e-22
-5.700988761534134654e-22
-5.982705422436819841e-22
-1.984848494965603821e-22
-3.246415664627441747e-22
-4.271889800715844943e-22
-1.281446519504083768e-22
-5.955481361483028085e-22
-4.800674732375410098e-22
-1.944327564565576226e-22
-3.105101637324916417e-22
-4.200465716570783092e-22
-2.588038452282047211e-22
-3.100951629514945041e-22
-4.608347078788724074e-22
-2.191898135590738601e-22
-1.040729855662987855e-22
-1.767080896406702293e-22
-6.170962514075870932e-23
-4.416247671528567117e-23
-1.905695654432448528e-22
-3.111576216334908699e-23
1.720747792964586274e-22
-2.501371566900272442e-22
-1.082616445362809057e-22
8.031949097699013705e-23
1.163062862074601758e-22
-1.271818930020388740e-22
7.532474202961997688e-24
1.315305629890134637e-22
-1.059698245799704137e-22
2.301070408663006632e-22
-7.597205033785466478e-23
1.470795664329292047e-22
1.762329268313854123e-22
1.107534509724686440e-22
1.191834368800517767e-22
1.250666595806290082e-22
2.867125330758177470e-22
-3.513982239480792242e-24
3.337462892022750695e-22
9.587635058782405729e-24
2.331647919547200244e-22
1.292685813620384411e-22
6.945130400612030188e-23
2.977770427525832467e-22
9.028590519633588417e-23
2.095392784725739765e-22
1.753344446498548384e-22
2.294772110939854750e-22
2.302089143666450119e-22
1.196309327572252528e-22
4.472895418647344911e-22
1.000642288803269306e-22
4.648007260066706295e-22
1.853924776455565861e-22
3.386023151845212459e-22
6.127343124908497073e-22
5.046215579379762682e-22
2.737032132445977625e-22
6.746194256593269800e-22
3.983252489056974210e-22
6.193767018953794269e-22
7.178816221781253335e-22
4.706059662647054256e-22
6.144441676424429127e-22
6.590874974864561415e-22
6.501474029739047767e-22
7.484640670727868987e-22
6.527905150627760537e-22
5.581399555203437576e-22
6.679979599300133971e-22
8.052083464142817635e-22
7.455959681893922493e-22
6.601711417316598625e-22
5.112631273990595241e-22
9.717229918845667628e-22
8.470040995628365944e-22
8.385038225036701963e-22
6.120632596779068419e-22
5.219635957224413097e-22
8.100555984793378150e-22
5.660668453452054498e-22
9.214570961017828992e-22
7.343596070462178221e-22
8.203349336068031651e-22
7.141198865938653104e-22
6.725014765426747136e-22
7.540164781840649338e-22
6.971340062625752386e-22
9.180541794107033176e-22
5.270318396224578603e-22
1.069753217243256842e-21
7.937237379755330382e-22
9.789570593839355341e-22
9.943080145632332675e-22
1.204736678105489013e-21
6.017147182370315009e-22
9.008588701843116263e-22
9.543251869522344531e-22
7.715057542556645916e-22
7.632639693990709962e-22
8.349214500651972623e-22
1.028808923182371581e-21
7.483328458300915270e-22
8.622373201385867149e-22
9.159808345804813219e-22
9.357738102663736652e-22
9.893488476056424283e-22
7.580194216387519727e-22
9.591229925510658080e-22
9.173347382471060980e-22
8.078637566241175874e-22
1.076021224957654545e-21
1.010484009283774197e-21
8.117769751768565986e-22
1.102156322627749619e-21
1.106531093849247194e-21
1.063459504650384680e-21
9.667923710468233647e-22
9.669752219434061796e-22
9.870289903873962784e-22
1.038642108113545692e-21
1.122281141213616230e-21
7.516762956376196916e-22
1.232895907853201047e-21
1.250312892003799217e-21
9.449725708095269463e-22
8.864231682543079339e-22
1.095500323395813791e-21
9.439630411738858055e-22
1.019000317193294200e-21
7.231511753704658199e-22
1.114925401254346404e-21
8.974615435493214158e-22
9.157213532393675433e-22
8.015718561882739889e-22
9.729527096302716861e-22
8.936073017394237132e-22
1.005822958046234833e-21
1.134010833826122618e-21
9.358435995664425155e-22
1.223153173310828561e-21
9.615222207487707530e-22
8.706261834932540593e-22
8.152098227681629745e-22
7.146145971447448409e-22
8.101935794724967024e-22
1.118139925741725538e-21
9.896626689516357668e-22
9.328834125963774197e-22
7.886164377319147874e-22
1.101565554364597521e-21
8.183628079582628654e-22
9.573873048189118285e-22
8.560075759391439588e-22
8.285786910338549057e-22
6.059492390514719028e-22
7.721824980761344674e-22
9.245605707890195185e-22
9.284126585089826277e-22
6.672425244614081435e-22
8.435489221206571010e-22
9.767723379097271704e-22
8.177075768253976953e-22
5.013297167014058584e-22
7.274150459875355200e-22
8.509110907826267069e-22
7.588090326001049360e-22
8.296661661741511335e-22
7.436810461834239862e-22
4.155599238559028541e-22
6.685296445668063104e-22
7.100583983808187040e-22
5.683997528110737217e-22
6.211565946164479889e-22
5.437565214165598245e-22
6.898980292999211630e-22
3.868992486682006919e-22
4.397968787311870820e-22
6.605182011522430015e-22
5.162174425797983479e-22
4.516986491823230713e-22
6.929475044217694608e-22
4.818921326434775518e-22
4.900807716689017472e-22
6.410155077156937461e-22
7.429573825385029846e-22
3.714620639002916820e-22
5.241632202825451652e-22
3.782519486106539639e-22
5.963542088883764937e-22
4.355516275517714996e-22
5.740222016002052474e-22
5.764717919494666077e-22
5.658280251307627265e-22
3.621609995012751428e-22
5.100158889661896816e-22
4.728163878155282437e-22
3.683631981953204659e-22
6.923589251668815401e-23
2.358972194901165850e-22
2.634040165948264439e-22
2.089451596942577673e-22
3.652139598157391941e-22
-2.881323566331422246e-23
2.195920562544522954e-22
3.236527243531420765e-22
8.665717534352470704e-23
5.426398160737026307e-23
1.625559624818971010e-22
2.556456514337351662e-22
-6.427466755358103518e-23
-3.895980951898013100e-23
6.419075862311507904e-23
5.380354441759270733e-23
-6.643227668658221679e-23
1.921788472116738595e-22
-3.449612509882450846e-23
-6.224027560424605787e-23
8.980015657814498028e-23
3.779452605372472122e-23
-1.409818748512316410e-22
-3.736589372628151776e-23
-1.827222970621222509e-22
-2.284124863434367322e-22
-7.081890176401649160e-23
-1.246798938165818271e-22
3.730763052529611267e-23
6.228272709562561643e-23
-4.137966243539747945e-22
-1.352812078801320086e-22
-1.111166614919792126e-22
-3.801054792012746380e-23
-5.652911908171243388e-22
-2.937838239800525442e-22
-5.455341377378848172e-22
-1.997168954462417873e-22
-3.605011579855154336e-22
-2.784478239908460987e-22
-3.424476288583000356e-22
-4.721061423527201368e-22
-2.093084208178095028e-22
-2.026994255450843976e-22
-3.231787266070439633e-22
-6.136053470871831498e-22
-4.948274476089324556e-22
-4.082360771658763839e-22
-3.395475261467124247e-22
-5.615701896757092032e-22
-6.194778193831358304e-22
-4.908548829170825101e-22
-5.835288944476336119e-22
-5.947351677126275667e-22
-2.658415977180174405e-22
-6.380202117585960553e-22
-5.449640429214605486e-22
-7.688472511031774416e-22
-5.996569355906587740e-22
-6.507747325739307858e-22
-6.643102465095471398e-22
-6.721378333863334678e-22
-7.582596296493894420e-22
-6.040334863915070144e-22
-6.662296438912968633e-22
-7.209568669995083397e-22
-6.587754370766642466e-22
-7.453787199029741406e-22
-4.579012933933991938e-22
-7.337523788211389470e-22
-6.260433908722141233e-22
-8.447886033412538388e-22
-5.340707212961989178e-22
-6.918238922421514834e-22
-6.783831867133572663e-22
-8.895255413545725338e-22
-8.172530904413033575e-22
-9.281653476015792806e-22
-6.512073972981163418e-22
-9.146945368113171128e-22
-8.404087166006873476e-22
-7.491104832326598276e-22
-9.090139301354879962e-22
-8.811888376090795427e-22
-8.007354973407326357e-22
-8.716524051550531341e-22
-7.994546497502755204e-22
-1.155638164748494115e-21
-9.395081564654522532e-22
-9.250045105248217987e-22
-9.703149324553673787e-22
-9.662692584797158305e-22
-1.084473009903180621e-21
-1.093330412653469847e-21
-8.609525085310689760e-22
-9.161517214016864141e-22
-9.764240468875313350e-22
-9.495509864515141803e-22
-7.485960639675872099e-22
-1.093119721288362558e-21
-9.125088829558320381e-22
-1.155919519886603555e-21
-1.130638962114093927e-21
-9.567654639180612132e-22
-1.164414285382605672e-21
-9.672288731128460056e-22
-9.637285489022969794e-22
-9.697802317705845135e-22
-9.353298677329091240e-22
-1.105310820897594203e-21
-9.067788465661606759e-22
-9.630142821402340041e-22
-8.537735778588558217e-22
-9.476133306746291146e-22
-1.027061410422998348e-21
-1.047319080016574305e-21
-9.670271079503671403e-22
-8.632778296088268355e-22
-8.792667152531986047e-22
-1.099352111441602483e-21
-7.387015453968581076e-22
-9.438691022743488484e-22
-8.537095656243967470e-22
-1.061002757384130587e-21
-8.198843449771007973e-22
-9.874085065818252573e-22
-9.282058333479722251e-22
-9.825533092675288648e-22
-7.551043853477240240e-22
-9.645267032844539817e-22
-1.047069444947901562e-21
-1.227290457052347509e-21
-9.754321506427268875e-22
-1.035173654140225784e-21
-9.257383150479044059e-22
-1.030761723216552110e-21
-7.970458798052077496e-22
-1.201866320059705444e-21
-8.696760119357136651e-22
-9.146572559513866555e-22
-9.942835601003500543e-22
-6.205555283057447687e-22
-7.620511829957245638e-22
-9.020136432043566942e-22
-6.758226983535284417e-22
-6.353163656908897899e-22
-9.224612540501710691e-22
-9.221102136402115551e-22
-1.037395206073389077e-21
-5.184395986816918529e-22
-9.730000401390478344e-22
-7.214314524622921268e-22
-9.440021639970443652e-22
-7.739444845757890950e-22
-6.688708814441115711e-22
-5.617853009550761268e-22
-8.731706399266203425e-22
-7.647909765465375811e-22
-7.098621396932585211e-22
-6.584204529361926435e-22
-6.033912609285846193e-22
-7.377569810761012148e-22
-7.501029835112273286e-22
-5.574803192932552354e-22
-6.971096389924745974e-22
-5.904242828069728427e-22
-6.102631212529502243e-22
-8.244269579262754278e-22
-5.598931570382389320e-22
-5.488900101729179978e-22
-3.227190892530433911e-22
-7.875725521878462075e-22
-6.266917503917683420e-22
-5.235590394526101969e-22
-6.238652192328828335e-22
-6.477430887999858655e-22
-4.402483262599784288e-22
-6.700696976082271224e-22
-5.209684334323316049e-22
-2.654785896418405283e-22
-2.804176216883073228e-22
-3.973542518526920136e-22
-5.436529773553606195e-22
-2.407174710675448579e-22
-4.725073890447437501e-22
-7.330689094695687078e-23
-4.571271336616391809e-22
-2.414157249285979081e-22
-2.324668449693451731e-22
-1.848031399580902181e-22
-1.651528403636545685e-22
-3.383634941684169070e-22
-3.604638792906925682e-23
-8.900761164064447259e-23
-2.773154261934145994e-22
-2.465946387479547979e-22
-2.796172274558236150e-22
3.876845792857345986e-23
-3.887505893746902816e-23
-1.148345900132215994e-22
-1.925260857491363582e-23
1.018090072750400979e-22
-2.770829710264506695e-22
-4.090541393830752587e-23
-3.088614765767843119e-23
1.234348801533054320e-22
-3.037289343856054588e-23
-1.302521438050705655e-22
-3.443058766441825992e-23
7.279232679122148343e-23
3.086526979662213898e-22
4.539975826194239047e-23
1.303746788734313184e-22
3.628549935938204912e-23
1.692785534811422260e-22
6.655638036345077410e-23
-1.626650987601895712e-23
1.082734575739418726e-22
3.131400302981940053e-22
9.206589891641337804e-23
1.083968898547011478e-22
2.065229094466573361e-22
5.168850091280933726e-22
6.910445830893184264e-24
2.582171293144891137e-22
3.727964440587569431e-22
2.649529212758890709e-22
3.384992888230834303e-22
1.959771560251129647e-22
6.932483611212086362e-22
4.425514572103634574e-22
3.739610231068829408e-22
2.738843608241359341e-22
4.221384935836166378e-22
3.891966401482417935e-22
4.397785706588717644e-22
6.017387094245946013e-22
4.812348642637393192e-22
5.933739480743977782e-22
7.104591136377902684e-22
4.463939250631582377e-22
4.360179091826345203e-22
8.180412600532735773e-22
7.379595807147239526e-22
6.309860872802102543e-22
6.538737359298726821e-22
7.169206415307867172e-22
8.049894173304609822e-22
8.344486101479605767e-22
6.763367246444046414e-22
7.904380791534530764e-22
4.236858504296347226e-22
6.262514292381483530e-22
6.429044212302256243e-22
8.235295311305396853e-22
5.701523143829655976e-22
8.220996051052426644e-22
6.893473012536347170e-22
7.918796362214702144e-22
7.396640944284062883e-22
6.075513119714559064e-22
7.954104329297027225e-22
8.587600682100227971e-22
1.071127006964224494e-21
7.133368583927850369e-22
6.887790181181069059e-22
1.104087505491057568e-21
8.757325908815049363e-22
8.131316355517293687e-22
9.394970105871475298e-22
5.734538563360364042e-22
1.116976399025083725e-21
4.893215051910965873e-22
9.505561230761216483e-22
8.342759055929585649e-22
1.167530867178836006e-21
1.002839047039161979e-21
1.024087949436160960e-21
9.302164975552892684e-22
1.332529287587545402e-21
9.772371906395860760e-22
8.649446608332419349e-22
7.398335683264437933e-22
8.457328229293172411e-22
1.003348586145826524e-21
1.116584161139734812e-21
8.847942305661279457e-22
7.731044152257192891e-22
9.369433984634866982e-22
9.740720563191850181e-22
9.068638252326335777e-22
1.125956359098296362e-21
8.281283833470170684e-22
1.123649763222875445e-21
8.341843753878424693e-22
9.239962927854956841e-22
9.567297679581960046e-22
1.007442684234223299e-21
1.024407662453761490e-21
9.377379962216422188e-22
1.141878857263255398e-21
1.182510495408668580e-21
8.869851706239133645e-22
8.848235965500959182e-22
1.033387233448970850e-21
1.109927852864057765e-21
1.128546265584192630e-21
1.045170982841363649e-21
1.102375379295503829e-21
1.177192522065141770e-21
1.123581003198491871e-21
9.223890127344402439e-22
7.037788237084926918e-22
1.326826305090289249e-21
8.684009540025917880e-22
1.048163280878908590e-21
1.073866265750457898e-21
8.788123094179930502e-22
1.167585434320798487e-21
1.004217960695664466e-21
8.334038295920124340e-22
9.734454141817786820e-22
8.696209336843042685e-22
1.093839888836343466e-21
6.777894559627477960e-22
8.050011243595411860e-22
6.722456926261547293e-22
7.296216990893852241e-22
9.168225740399685225e-22
8.358344807101884722e-22
7.050790197963871771e-22
7.931029128728980274e-22
4.710179516284141370e-22
7.756805666367460805e-22
7.875020101287989893e-22
8.633428347660353822e-22
8.379688246855796876e-22
8.534095848459891343e-22
9.278368057478321570e-22
7.827076607972395535e-22
7.187026707142580840e-22
6.215911219400766811e-22
7.829533542581017935e-22
6.278238027723208665e-22
7.904890464997669381e-22
6.065966744636220341e-22
7.747329791234050389e-22
7.342718521738711335e-22
4.959023339474871365e-22
6.904276811445186678e-22
7.867734005658396809e-22
6.461420270027086225e-22
6.384503791356729688e-22
7.616595137950870181e-22
5.371708040283021458e-22
7.530941182067500375e-22
8.056446042005647513e-22
5.029499827564658689e-22
5.070297270634297348e-22
3.994485383786708854e-22
6.785159349994595529e-22
2.180297491838828045e-22
5.351805864768130977e-22
7.511001268856820257e-22
4.055847734286644226e-22
5.048987996149783303e-22
3.880536039340884043e-22
3.056079198757940453e-22
2.652220898114517287e-22
4.023379057318157101e-22
2.828080804976391192e-22
4.798839378891572172e-22
2.294308235816488294e-22
4.673744735869472544e-22
6.831091489021680014e-23
4.154228357737074743e-22
2.848521166029353676e-22
5.570135116270422090e-23
-2.712810804957130766e-23
3.355366582207226617e-22
4.336705814237795710e-23
3.314576909516516745e-22
-5.184965031034831441e-23
8.100112980879913118e-23
-4.749092964091344136e-23
1.820929792584588632e-22
-6.537230388705905173e-23
1.446324052428088000e-22
-9.752258762794465229e-23
5.314186251353575810e-23
1.038099699472227068e-22
-1.639278117495458490e-22
6.553724555561449746e-23
-2.073130165451172074e-22
-2.753557499753324823e-23
3.474133969209960179e-25
-1.892857058297599145e-22
-1.033030439237732744e-22
3.214510415419157269e-23
-1.584341813294553750e-22
-7.525179496377551217e-23
-4.493746372657008622e-22
-1.581876219483329398e-22
-2.203093847797033059e-22
-4.486064177805329792e-22
-1.448428130436918918e-22
-3.405360894098692645e-22
-3.760283252007353798e-22
-2.161427407016747394e-22
-4.658650684374311295e-22
-2.039639709889111267e-22
-3.543020491020309859e-22
-4.291709715623825446e-22
-1.742494666125498021e-22
-4.364108846734569561e-22
-2.418262121224392209e-22
-4.013367976347801527e-22
-4.717574317152256891e-22
-4.905506381075006193e-22
-5.504649350601804283e-22
-3.273172694794179043e-22
-2.456935319090115890e-22
-5.667139602560885104e-22
-4.479050819135593000e-22
-6.443124304683521928e-22
-6.146016542421782059e-22
-4.428127302172676813e-22
-2.680132262653171961e-22
-7.287800695391465409e-22
-7.142081063311184217e-22
-4.605416237005833935e-22
-6.455906031935208475e-22
-6.891263579709837763e-22
-9.624882697301700899e-22
-6.339243636407531462e-22
-7.393888225593720300e-22
-1.067924086986192074e-21
-6.796320595145370518e-22
-7.057204190324222492e-22
-7.673649676612785917e-22
-7.074157533385849065e-22
-7.841064464071336981e-22
-8.337769974346453825e-22
-9.947673328555031529e-22
-5.286660651311049080e-22
-9.329580761051984895e-22
-9.841130627889732613e-22
-1.157568626523503224e-21
-5.068978874281057233e-22
-8.918134604250837790e-22
-9.008062880995984410e-22
-1.026252383647634291e-21
-9.847200562654361244e-22
-1.046595663917220011e-21
-9.631719999088277244e-22
-9.660628502931114422e-22
-6.361009441167384322e-22
-9.504439932470893930e-22
-9.511621135657985892e-22
-7.813159844984130672e-22
-7.211064082578103985e-22
-6.515891202219204177e-22
-1.120620956579716653e-21
-1.094848913222179171e-21
-8.322544898563184344e-22
-9.346589651073037643e-22
-1.102933908400525689e-21
-1.048204237421627473e-21
-1.209563875668702618e-21
-1.020296990776381592e-21
-1.003971995372044654e-21
-7.909651962287173222e-22
-1.102239054813787472e-21
-1.166332902130659528e-21
-7.480427519014560556e-22
-1.256125934304653331e-21
-7.530009634321125937e-22
-1.186826235914028239e-21
-9.016485639607338246e-22
-1.032010067411957922e-21
-1.047018487265203190e-21
-9.550755104984999748e-22
-9.301734732022047326e-22
-9.257896132854802592e-22
-8.663444284731726980e-22
-1.082447651721544698e-21
-1.054691098164543597e-21
-1.095517196547794205e-21
-1.037697507795608649e-21
-1.015324097444654707e-21
-1.121606839284583935e-21
-8.913482660386178503e-22
-9.643600379382817987e-22
-8.864597797957617483e-22
-1.001478113898535843e-21
-8.775957019774778769e-22
-9.773849753191093970e-22
-8.314954367094777698e-22
-1.095935216779302450e-21
-9.026175364198193242e-22
-9.282708102890394335e-22
-1.108427676112479878e-21
-8.566179223055272363e-22
-9.582430388600213981e-22
-9.958191110956751427e-22
-8.473199291330915643e-22
-5.914098303383659075e-22
-1.173436853251781714e-21
-9.715663731455523416e-22
-1.006144226214651706e-21
-7.198062295952711370e-22
-7.639037340522024845e-22
-8.841791636264578448e-22
-1.021929510807042215e-21
-1.041030709441848591e-21
-1.106864754387750301e-21
-1.000475910907598908e-21
-1.009920062245947478e-21
-1.026707498894319659e-21
-7.302685285890079869e-22
-1.013373095110631583e-21
-7.765557743511544244e-22
-9.356569662047085426e-22
-8.926782932726259939e-22
-8.279012234332901735e-22
-6.877238561523710830e-22
-5.840632675599710383e-22
-8.337014031467912586e-22
-4.099034883839097300e-22
-7.153136452275164170e-22
-5.055629466911100668e-22
-7.557881457116809467e-22
-4.689294118265024289e-22
-3.345566561857596673e-22
-4.780944560026655342e-22
-5.014351394002589637e-22
-7.942453757507343182e-22
-4.895807096547274081e-22
-4.938742371756565336e-22
-4.048405157256213903e-22
-4.165702056050129936e-22
-7.114718650691755029e-22
-5.444088272225888871e-22
-3.585002638443512111e-22
-3.561698468617843350e-22
-3.984180047247853887e-22
-4.334329695922789809e-22
-5.344161854985304859e-22
-4.235219337962927208e-22
-4.760063280828813551e-22
-3.401623311084412099e-22
-3.417145324299836553e-22
-5.200805007279550148e-22
-3.302239429159044386e-22
-4.153494471655476803e-22
-4.839474890399661528e-22
-2.330142225865231462e-22
-3.634588156531559933e-22
-3.966011578997137778e-22
-5.229366411109244881e-23
-3.299492341688485476e-22
-4.255546265081446158e-22
-1.579457340911075784e-22
1.848246122320358428e-22
-1.772526416282202545e-22
-2.141327601048235598e-22
1.944362200089256412e-22
-2.559317540121324174e-22
-6.727064290160656015e-23
1.118842161913733075e-22
-1.303819181013341040e-22
7.735264654333135954e-23
-2.304915836698265202e-22
1.141629435684270579e-22
-1.706788470438160315e-23
-3.598126268277671853e-23
8.846454566919543883e-23
-9.992619898806404750e-24
-7.297336512027989500e-23
3.330467226438540015e-22
5.806973365608578351e-23
2.532510661526786970e-22
1.446318534736448467e-22
8.430194342092209903e-23
3.877971455642125300e-22
3.937462805216132576e-22
1.241195754960936085e-22
1.128688734665832231e-22
3.049419551499632643e-22
8.573722760281111173e-23
4.788840246732989571e-22
3.788730421210100401e-22
4.846350399139908384e-22
5.575288107867263673e-22
1.929856872170794820e-22
8.359215181981735059e-22
9.757190093506744771e-23
9.503774655207597716e-23
4.130499169626537631e-22
4.394413867301288146e-22
6.263606684823879248e-22
6.457161914463692979e-22
3.551470871756607312e-22
5.166086114742653316e-22
4.299051148416009900e-22
6.057554753667659266e-22
4.785362676352725048e-22
7.548858814309403628e-22
4.904474317648155055e-22
7.781997490242208521e-22
6.630426815192785267e-22
6.345559504488455626e-22
8.697228532662917827e-22
6.933688086580107849e-22
5.999553814596527310e-22
6.970997493061555943e-22
7.059800553625492206e-22
6.241890985133846951e-22
7.083673200510254613e-22
7.165655607092249193e-22
8.604486043303436313e-22
6.238885319151912975e-22
9.988229088512714439e-22
5.992713258227842050e-22
8.658651767802478678e-22
9.616853785590451935e-22
5.896744211537277975e-22
9.449585142357463386e-22
9.976731459247864109e-22
7.714181542813172702e-22
8.493915215855518920e-22
9.687656076730271524e-22
7.489638075489624105e-22
7.839358306880352555e-22
8.777588753929235640e-22
1.010278074530411130e-21
1.004603439704708683e-21
8.404781572654414930e-22
9.855208790896169915e-22
9.196439155161490135e-22
8.851224112006246678e-22
9.779851715052041658e-22
1.042469570035086673e-21
1.220665316840398714e-21
1.111456944453197852e-21
9.219669544239165706e-22
9.525529614402471720e-22
7.536042485790060519e-22
1.089463468513793099e-21
1.190766416135139058e-21
1.023227783763206305e-21
9.992826056380257935e-22
1.060638810875896059e-21
6.422041946553776570e-22
1.100419807209798893e-21
8.897798707068520296e-22
1.112442348899329601e-21
9.926204450246492190e-22
9.586726427266105510e-22
9.285272684095778156e-22
1.069736406253345322e-21
9.024619485448523764e-22
9.059878636981735365e-22
1.057717085683592092e-21
1.051962612149353541e-21
1.027124991871250831e-21
1.006145722213032763e-21
9.330288488808811137e-22
1.097588059836273205e-21
1.047679387319683309e-21
8.656001304401672401e-22
1.270770445970910059e-21
9.643328080366283379e-22
1.238041224100639553e-21
1.047346267442030169e-21
1.070409154356298269e-21
1.000732360948746069e-21
9.702851657973096798e-22
1.037095409002735157e-21
9.686570722741375445e-22
9.277974889924896022e-22
7.607644565158395965e-22
9.893223452181417815e-22
9.224743151575080374e-22
9.689420761569351648e-22
9.897050250737621324e-22
1.207663101114472136e-21
8.863409854404673757e-22
1.032328046932340851e-21
9.921840998855564663e-22
1.141514532295878725e-21
6.917193886460755156e-22
1.042037974056325156e-21
9.000562153453086429e-22
7.351841787286333024e-22
1.053227514273367758e-21
9.137347789699930811e-22
6.544592403827948486e-22
9.377072369437046468e-22
9.352789144539424814e-22
8.061689471225516298e-22
7.706933537044010298e-22
6.481979147437708141e-22
8.938893017182673755e-22
8.185227945195361058e-22
6.658685891686045366e-22
9.282426900143978526e-22
6.420760695969884582e-22
7.714828598430056069e-22
6.593134664022901654e-22
6.151950161936096537e-22
6.601183488726605777e-22
6.229056486933448118e-22
4.031906496743933378e-22
7.206898243512546299e-22
4.338241278541456547e-22
5.450398711598906731e-22
6.775898002574427688e-22
2.726666450600947299e-22
4.091269372831364027e-22
5.604655065736222533e-22
5.187994167737153158e-22
5.386379259156371569e-22
4.586467489131820360e-22
3.966673509872849164e-22
6.574771214658633648e-22
4.561959253187778573e-22
3.593948500772207837e-22
7.789579283430494614e-22
1.938821473613380986e-22
5.361173744113601731e-22
2.090057558810904951e-22
5.186850624426965680e-22
2.335758006679141200e-22
3.828884518015115527e-22
1.715751402436548886e-22
6.114103922524141754e-22
1.807005127470349241e-22
2.673723341016367256e-22
2.637552834910352730e-22
2.850633686393966689e-22
7.426679836492294998e-23
2.655412046088773552e-22
2.717435147273426008e-23
8.385680102600405251e-23
3.899745090315793645e-22
3.317865804225723775e-22
8.621315459745314535e-23
1.881595575270073272e-22
7.445868754892527901e-23
-2.033649186183548763e-22
3.388337435622995311e-23
-2.098517887048229357e-22
1.710499360334219339e-22
-6.568701404529945644e-23
-4.692573861132805332e-23
-5.072727118392636549e-23
-2.454698206431413156e-22
1.959837277598058516e-22
-2.561422557442288166e-22
-2.908588529284458511e-22
8.821424773431333858e-23
-1.018750653686465723e-22
2.334188268663925542e-24
-2.646792931673731763e-22
-1.426510751748745570e-22
-3.642802934691329913e-22
-5.859099591205555169e-22
-3.285881498076775163e-22
-2.820906857022350355e-22
-3.972265707600009466e-22
-1.849962972255422554e-22
-5.685850938564690399e-22
-3.457161144283328416e-22
-6.247061240437113630e-22
-3.843718468831178573e-22
-5.150180411739551044e-22
-5.311309955536554517e-22
-6.421432455225735739e-22
-5.208816737182665991e-22
-5.799171078248929237e-22
-5.194996077513658685e-22
-5.222859355457821433e-22
-7.315106152840342539e-22
-4.308951725009960872e-22
-5.007376864351998671e-22
-5.996064370013350419e-22
-6.759793412338316237e-22
-5.545043859572374045e-22
-5.857726244061917077e-22
-6.522226518501470193e-22
-4.892047766389849325e-22
-5.430876289737092090e-22
-8.337303668135621845e-22
-4.343741024091842290e-22
-8.034408507958868059e-22
-7.692379878980194389e-22
-7.152834264473726984e-22
-8.264086997372688830e-22
-6.532168557049291017e-22
-8.952192025986002786e-22
-5.293401738083720321e-22
-1.027546224810444132e-21
-7.134138245814356439e-22
-8.671012908310445142e-22
-9.437253561164044234e-22
-8.469652099366718784e-22
-9.812637701107017320e-22
-9.160347642784953708e-22
-6.974852257007784998e-22
-9.587803540213214750e-22
-6.522052459142614019e-22
-1.061159935436316343e-21
-7.140645043848496708e-22
-9.536202011476028741e-22
-1.136012563768250651e-21
-7.264257977217635722e-22
-9.141640840860629406e-22
-9.703224294263912364e-22
-1.035964317995285047e-21
-9.171948080449300472e-22
-9.824230970237470565e-22
-9.900421912924783225e-22
-9.576596515677398810e-22
-9.068584496384731638e-22
-8.649490941889526836e-22
-1.034736637725638850e-21
-1.182925479128475823e-21
-9.589477335744024881e-22
-9.256072771127677431e-22
-1.247176087786510765e-21
-1.144943868559589647e-21
-1.090259061893463098e-21
-1.224767244141401039e-21
-9.009029051911440594e-22
-8.844894604992188966e-22
-9.722048409135593692e-22
-1.025667369208407247e-21
-1.079597953788107607e-21
-1.146085019580944935e-21
-1.123908857184949184e-21
-9.520041836982297045e-22
-1.247328549550818799e-21
-8.733132680103937353e-22
-1.070942143354195239e-21
-1.144755823306876887e-21
-1.091426174975681295e-21
-1.212327450957055483e-21
-8.438625255387554181e-22
-1.188846814570942937e-21
-7.907077717664245923e-22
-1.127588413877267501e-21
-1.058187001036722430e-21
-1.101395032312830995e-21
-1.076826507571424782e-21
-1.193147713580473394e-21
-8.530453752410105873e-22
-8.189933477903836742e-22
-1.141592980446993444e-21
-1.013987962434938600e-21
-9.368164164082529534e-22
-1.049026377638686089e-21
-7.145398073000363933e-22
-1.120031058422215291e-21
-8.586807535246309244e-22
-9.967537720093578777e-22
-7.533605572488947546e-22
-8.764476288332507580e-22
-6.347375626476979308e-22
-1.162027015299770903e-21
-1.053564108358785776e-21
-6.405828191165510905e-22
-8.796981138988332374e-22
-9.278523892418551431e-22
-1.025257200709191992e-21
-8.159950434977268803e-22
-6.814232252320452891e-22
-7.580263417678985856e-22
-9.699795948833566130e-22
-8.028868498033526727e-22
-8.197930605938110070e-22
-7.886733865861360303e-22
-8.081848521734235151e-22
-4.898598519194966825e-22
-8.129651992193855810e-22
-3.488665151298707486e-22
-5.304944839509170953e-22
-8.312598768639773895e-22
-6.973389674335811184e-22
-9.344043876403458268e-22
-7.109158841457588608e-22
-9.195071946502802235e-22
-7.628108544692673489e-22
-5.056989713778094934e-22
-7.106701430097821362e-22
-8.865343218250381034e-22
-5.532324651082267356e-22
-4.882204987612853851e-22
-5.011124846639253424e-22
-5.096184100769926011e-22
-6.417482042827367987e-22
-4.648049169761255802e-22
-2.017594244523844461e-22
-4.498879596389334431e-22
-4.483695107202823426e-22
-4.792173805186007961e-22
-4.346679850872364444e-22
-3.890158378519157705e-22
-4.476521509192302606e-22
-3.501375432822259526e-22
-3.061147635673093562e-22
-3.933987094981089821e-22
-2.324992328785982924e-22
-1.691730583343853428e-22
-2.709114492827616291e-22
-3.457287785973861421e-22
-2.164593378952283350e-22
-3.443819293678073789e-22
-1.050417121240691945e-22
-2.201488892879743647e-22
2.347218992484717082e-25
-1.265948735888146012e-22
-2.924617620744757905e-22
-2.169889759268256467e-22
-3.758567625504104160e-23
-1.410964064000180259e-22
1.361173116877736889e-22
-2.982523768419173926e-22
1.070638629644688040e-22
6.240532602720746022e-24
2.515723936470270644e-22
-1.093466536016209222e-22
3.349574028590732324e-22
-4.355832978612201931e-23
1.548486742122085160e-22
3.530468741621422551e-23
1.927645850822143608e-22
2.602414328289441091e-23
3.166299850157308596e-22
2.238640496905761671e-22
2.599177777305960108e-22
8.295537035091129199e-23
2.584376949952220394e-22
2.337129976331286443e-22
3.557143988954387370e-22
3.375952006960432460e-22
4.374854574215614307e-22
3.690534615338770984e-22
4.086618746073108270e-22
1.067577874634836859e-22
2.940697828880565442e-22
2.953427909861669408e-22
5.940197467988523834e-22
4.914914718736257261e-22
5.459633197533329106e-22
2.937553019250481279e-22
6.008172162982393628e-22
4.475008755039748352e-22
3.718991542166472545e-22
7.494341141296275649e-22
5.203857313586118305e-22
8.273674998164777719e-22
4.065618178480233095e-22
5.305021261046333595e-22
5.211562925560252767e-22
8.287597985903945916e-22
7.367998358232160268e-22
7.810372672926744231e-22
9.231064485111443174e-22
5.965943491372019107e-22
9.330796560331624804e-22
2.897643790398574283e-22
6.127291007264179521e-22
7.497358991467440221e-22
6.579671608438495396e-22
8.570832671434666024e-22
7.575417118799321263e-22
8.252778420521858609e-22
7.215259435448142094e-22
9.029171031502126043e-22
7.378369821389833624e-22
1.025499547687627041e-21
8.273872059741846800e-22
7.682961385064028581e-22
9.594283675047890828e-22
8.669059967277157918e-22
6.894150120420513067e-22
1.146045382261469590e-21
7.898486365595501304e-22
9.897416237262775522e-22
7.465353774189575977e-22
8.196669051028982321e-22
1.062530611200222546e-21
1.037381036200162492e-21
1.004797873601564267e-21
9.648705232968728295e-22
1.175434102851381501e-21
9.814213411942298592e-22
9.819389369084769330e-22
8.425710688188916334e-22
1.135954527692272431e-21
1.135721337674845085e-21
1.160143295484124499e-21
9.283104629824627133e-22
1.118801250075927072e-21
9.745207425823710557e-22
1.058740723292512058e-21
8.027952456776444653e-22
8.921152709116817566e-22
1.155905218000375772e-21
1.103291408030085773e-21
7.751440243813616990e-22
1.145968007237410969e-21
1.234939263586222520e-21
1.262495106142003917e-21
9.563098863861949362e-22
1.121891687068135107e-21
8.968225204016326549e-22
1.170667883378749442e-21
8.156528328881631361e-22
1.048850164039074695e-21
1.220320201076507800e-21
1.029366831642013103e-21
9.103543280514284067e-22
1.132448298415278528e-21
1.085380082045051982e-21
9.896270855337838354e-22
1.033366054685671574e-21
1.032445060546549980e-21
9.843191244225702192e-22
1.105758170956207825e-21
9.765888476325650305e-22
1.055061304497154294e-21
9.486018385237888477e-22
8.052893150085814544e-22
1.082054974949568471e-21
1.068233689650450201e-21
9.657324065778864408e-22
8.098427783496041051e-22
9.858186563849539513e-22
9.557993138755290790e-22
9.893642077050202206e-22
1.010721308180816491e-21
1.085715662827551486e-21
8.078152786610858774e-22
7.974037662346136878e-22
1.144600345915285038e-21
1.076315259822250485e-21
9.493648722914590680e-22
6.581091373589812122e-22
8.151082322924672417e-22
8.915102838092999067e-22
8.518994451122324981e-22
8.106176268816023227e-22
8.816620385848426036e-22
7.208384015793660905e-22
8.598010743547926774e-22
7.706377114065574417e-22
5.563115471033601624e-22
5.729832255135605960e-22
6.069268410781966631e-22
1.086725022797571518e-21
7.226542333745526640e-22
5.354635743488175188e-22
7.165218862390755419e-22
7.155956728234859535e-22
6.217686560326156933e-22
5.209943054776466696e-22
7.765963298220491428e-22
5.392904764126428852e-22
5.659106364003310123e-22
5.411903199538137756e-22
6.432627459737008738e-22
4.040492463363279774e-22
5.543832448396045604e-22
3.097314902643262956e-22
5.005891493553095313e-22
3.489709617086703891e-22
2.887875166755941627e-22
2.479589270872791295e-22
4.170508918720813657e-22
6.224474265784652954e-22
4.325691133106090177e-22
3.988872857892076486e-22
4.739879075403803226e-22
4.464216462097310769e-22
2.956758815315365592e-22
4.291041439851795111e-22
4.624296968693871181e-22
2.399599040363327869e-22
1.358969860621037250e-22
1.964037335451893249e-22
4.189324212723305082e-22
3.769154086043713201e-22
3.437086666155564132e-22
1.509851812496046039e-22
4.630212140418282932e-23
2.331417038932916948e-22
3.858386308624948380e-24
1.289759414625028634e-23
-7.333782628959342237e-23
1.017911503099015670e-22
-1.034367117046909849e-22
-3.151102564496157424e-23
2.713974742587161483e-23
-3.603929579091922239e-23
3.207195060018305825e-23
-7.243129020545084282e-24
8.079903963095629996e-24
-1.070139842172523563e-22
-1.831795417306609015e-22
-2.625692071381234896e-22
-3.088164803158827488e-22
-9.614008167680018101e-23
-4.469426527310116333e-22
-2.656585729927407933e-22
-3.880582032317461510e-22
-1.840004809236170875e-22
-4.014058307799146635e-22
-4.793182553402048181e-22
-5.314010721111424069e-22
-4.994275654562200419e-22
-3.005067654385509274e-22
-6.176237298906628362e-22
-3.355566796453285359e-22
-6.548662464741115301e-22
-3.200750143477193529e-22
-3.751777373817827251e-22
-4.853633045497644391e-22
-3.753985232879631875e-22
-5.198078329585184000e-22
-3.559453564873669132e-22
-4.741681345414626591e-22
-8.662731674231228786e-22
-2.931494674485625620e-22
-5.312310581385697946e-22
-6.137524505753939222e-22
-4.528772587577576946e-22
-5.335451800987601974e-22
-5.433182417482930669e-22
-7.546989079346760959e-22
-4.715590772115227270e-22
-6.796651720476846361e-22
-7.213878702368908391e-22
-8.173585319278877281e-22
-5.958331791376360758e-22
-9.054432065772294430e-22
-7.606832019159727979e-22
-7.388075802088441406e-22
-7.850043388712721433e-22
-7.484530508689287689e-22
-7.928059452153767116e-22
-7.748874179288970031e-22
-6.107135402455127711e-22
-1.043488325209330586e-21
-8.729873131465186686e-22
-1.029482036454046364e-21
-8.095617028822123133e-22
-9.978476603930473813e-22
-7.642915875312236419e-22
-9.189249662392610893e-22
-1.360818546537800442e-21
-7.716882540488060820e-22
-8.545940532670609023e-22
-6.168746579281030636e-22
-1.154336298162703169e-21
-1.053662140905226993e-21
-9.779930363457196011e-22
-1.042838610675124189e-21
-9.467016777842529386e-22
-1.037377353106069324e-21
-1.226465503700115426e-21
-9.886102191062560317e-22
-9.009044056890532403e-22
-9.467542164675167993e-22
-1.133044622311147450e-21
-1.039009687049928786e-21
-1.142468761453179734e-21
-1.062803139717025141e-21
-1.121322168130121034e-21
-8.426292402528630420e-22
-1.111381873091477980e-21
-1.045869526122233386e-21
-1.148882925470797473e-21
-1.101244396487464736e-21
-1.125348683217114274e-21
-1.230083447078230531e-21
-8.851407635735128080e-22
-1.135181851613085004e-21
-1.001024333421244345e-21
-9.049958092645636947e-22
-1.173433778318461989e-21
-1.125165191675189238e-21
-8.020960586563453488e-22
-1.068624944160203359e-21
-8.125230400585167436e-22
-1.180485657511460492e-21
-9.539706096949587465e-22
-1.027427738084781806e-21
-8.302914436950002446e-22
-1.376021538384353207e-21
-1.181458992095971153e-21
-1.049916205140532046e-21
-1.181080021530218218e-21
-1.105138238481704341e-21
-8.312731103137718605e-22
-8.067652243151837317e-22
-8.264530875997916018e-22
-9.596359531360415774e-22
-9.586920504801278597e-22
-1.009517995988495789e-21
-7.287132855400332397e-22
-1.198103884961473628e-21
-9.679352677460236943e-22
-1.090840924539344278e-21
-9.736945022443566800e-22
-7.949852559638790213e-22
-8.971734137920045814e-22
-7.981899368083436273e-22
-7.493069764482309978e-22
-8.326379741980082489e-22
-8.758799549544193663e-22
-8.830668633702044487e-22
-9.746136011550814234e-22
-9.928237261226334225e-22
-9.163391736341396704e-22
-7.423505388431329862e-22
-8.685883391641702337e-22
-7.410412626875869970e-22
-8.121372938851162227e-22
-7.799247319864349706e-22
-7.295615265545497727e-22
-9.288141110889526602e-22
-5.951553279999624979e-22
-7.296306765980235773e-22
-6.972763243070590537e-22
-7.099871819816205920e-22
-7.365541050469624225e-22
-6.679265609242473037e-22
-9.208370911033906947e-22
-7.493878622745047376e-22
-3.198064251541683303e-22
-8.069523042816125970e-22
-6.630356774488803160e-22
-3.376197105378773302e-22
-5.979445163649947111e-22
-5.296531498765317800e-22
-3.796682590620926412e-22
-4.033690450596391922e-22
-3.451907484083646537e-22
-1.855168077791333686e-22
-5.489244568114193087e-22
-4.145043728724589970e-22
-2.358144563227596370e-22
-4.295142892663483902e-22
-3.040908041179505673e-22
-4.324388957904047128e-22
-1.525593774923820334e-22
-1.764147826092723511e-22
-2.593571873611990766e-22
-2.702193324886148909e-22
-4.777296426017614236e-22
-8.665752950538225636e-23
-2.320678245323531524e-22
-2.046292114087459250e-22
-2.572801543000832021e-22
-8.305148873172704336e-23
-1.362998400898960327e-22
-2.194205294038475646e-22
-1.203586109972380224e-22
-1.252389639800122612e-22
-3.330340622789719359e-23
-1.659946868677494388e-23
-4.951933522903405316e-24
1.239083192670838983e-22
1.168448593381602936e-22
1.666364404417684006e-22
-1.823893414910787358e-22
4.664977400825310120e-24
8.219591196095511789e-23
1.585750616959788693e-22
-3.870686024191898208e-24
1.454706128264164865e-22
1.952207521583936221e-22
2.239427953003252898e-22
1.352397015978907735e-22
1.552498467971827980e-22
1.448306327602020600e-22
3.953267029599026639e-22
1.967609111779965371e-22
3.077605549354543615e-22
2.589635736638313734e-22
3.235209011180185529e-22
4.240856944831953242e-22
1.582282251963742059e-22
3.227808466697476267e-22
5.830217091740111945e-22
3.249432515955148060e-22
5.029831010907977868e-22
6.381296189813845164e-22
6.460460792124337953e-22
6.219542720889263016e-22
7.083531705755716519e-22
7.415854725678145730e-22
8.165884318314180768e-22
4.790581300054003675e-22
7.089462778448181596e-22
5.016188885612073813e-22
5.480833554396208377e-22
9.121419764330736838e-22
7.567628184725078723e-22
8.170083673697177994e-22
8.553096054741960685e-22
5.837990673432316970e-22
8.719417034666183183e-22
5.914823319468471841e-22
9.825937583276481568e-22
6.557787404461341920e-22
6.967232170398540342e-22
8.207341611589687099e-22
7.565463480373052088e-22
7.526892545650799032e-22
9.051597975009145872e-22
6.906598935315830350e-22
5.834630758849512273e-22
7.588841825143169923e-22
7.076556224940186949e-22
7.084926179978899318e-22
9.283687756452623179e-22
1.090121184257354269e-21
1.000893642041021107e-21
8.712325523216871013e-22
9.635503634390088402e-22
7.951883022482373911e-22
9.018477119056683470e-22
1.017041029941089679e-21
6.960940550811983554e-22
9.041358513022101367e-22
1.076312956641928367e-21
1.153952587331066968e-21
1.078473901927909452e-21
1.134965771588643151e-21
7.202049208775086593e-22
1.105199812729257650e-21
1.098319661566927775e-21
9.881038592300091805e-22
1.000625480865971136e-21
9.323300394318796703e-22
1.103132382560179138e-21
8.680398030508323595e-22
1.127210926472393287e-21
1.281240352587387847e-21
1.199229956642167788e-21
1.115087758069636066e-21
1.074138867227256490e-21
1.072597754206801819e-21
1.265724954833118296e-21
1.153701690127753238e-21
1.194946712156677161e-21
1.064245770132886121e-21
1.106414150915625066e-21
1.123887214886506611e-21
8.726798878638169248e-22
1.046514710656277400e-21
8.929043310067927569e-22
1.131472359300696293e-21
9.482679529306299947e-22
1.254448293814832062e-21
9.793121000226658920e-22
1.064593843091346338e-21
1.268117216142414431e-21
9.698887214979174416e-22
1.249886627692024645e-21
1.093920735643485112e-21
9.001671151355475650e-22
1.094138581736684879e-21
9.689770808403190897e-22
8.058241588290367575e-22
1.051263618654941509e-21
8.809978309280343351e-22
1.053146348266225551e-21
1.201790115824845656e-21
1.068049511948263048e-21
8.563156749846714479e-22
8.257640909862759531e-22
8.399177421705686068e-22
1.000497091233481696e-21
7.376609507550301489e-22
9.650716684244067015e-22
7.846747895119076639e-22
6.695906354800893709e-22
9.607333849318081933e-22
5.721780178680169850e-22
8.575765738773460267e-22
8.955084470851288801e-22
7.007595138920428278e-22
8.280076764529040647e-22
9.726255567136917412e-22
5.577695201409762478e-22
7.576922452021943797e-22
1.124776210970504574e-21
4.945528449050962074e-22
6.789016044005818615e-22
7.289548646976453284e-22
6.857764155367762595e-22
5.064696876423300527e-22
7.464456141539509662e-22
7.391936001213470983e-22
5.364879397563858866e-22
6.754933379254006812e-22
4.871296027839122645e-22
6.765920238978302070e-22
1.318364563004541014e-22
7.290228514231524985e-22
6.363497148815685364e-22
7.777980655729434907e-22
7.148100543574274045e-22
5.024172189190545901e-22
5.570495969339615093e-22
2.768895841160374789e-22
2.911192256561997563e-22
4.370441362036723958e-22
6.454350757596748021e-22
3.056609102477629504e-22
4.493508708508814690e-22
2.852569592580028736e-22
4.091237724733599084e-22
2.879916639819342724e-22
3.840880298796076901e-22
2.421498855336266249e-22
2.750127469073649718e-22
2.444009633734337686e-22
5.731322952694157082e-23
3.739224517076142343e-22
3.361583736183577139e-23
1.211011804055115362e-23
2.203039849468837495e-22
8.280771870858559497e-23
-1.282382791288911758e-22
-3.446089811288379675e-23
6.108605751267563496e-23
2.519056469031586333e-22
4.247391109271176744e-23
-3.769782258535327450e-23
-1.730884164143976821e-23
-1.199713999151809686e-22
3.041711780359703467e-23
-3.330879138407447432e-22
-1.870811535667072736e-22
-5.488941994489742656e-23
1.145484301377942833e-23
-2.945234512689836691e-22
-4.400756166985613053e-22
-3.804753335183699027e-22
-3.463143024402051749e-22
-2.713649354848924768e-22
-4.418266984671032386e-22
-1.878094687529812121e-22
-3.455774881254236462e-22
-3.934621238783266606e-22
-2.933809011880541693e-22
-3.229953190068370549e-22
-4.483699336136844960e-22
-2.081660429235794260e-22
-4.548436467642734999e-22
-3.714682355641299788e-22
-7.981683698571742971e-22
-4.559053395749323933e-22
-6.802806148511048493e-22
-5.751650917106361727e-22
-6.767836894703203190e-22
-5.495270712736419828e-22
-6.335975806752217116e-22
-3.641484489052454484e-22
-5.478518226341956734e-22
-5.897197344464329424e-22
-5.960727039690967938e-22
-8.149704816871042939e-22
-6.172922553340964923e-22
-6.123253978907120827e-22
-6.682300851156556851e-22
-8.414466634453561390e-22
-7.487589352852532847e-22
-8.318174742805491289e-22
-6.937322984541794182e-22
-6.330257332128169284e-22
-9.456450135617554223e-22
-8.346154109276369786e-22
-1.035207597861426041e-21
-8.341064857914611967e-22
-7.025716174998379496e-22
-9.395899306381432325e-22
-8.000770498853097989e-22
-1.065583400203699385e-21
-6.846553834086938352e-22
-8.998669471977018883e-22
-7.611778305755917845e-22
-8.956076374734236992e-22
-8.354469205081589115e-22
-5.647494149136297871e-22
-7.523951835330774671e-22
-9.662188729107901989e-22
-1.251377786387039804e-21
-8.829774561548539905e-22
-9.046644361785210703e-22
-1.186893430297924554e-21
-1.219377737619460128e-21
-1.206618115302370523e-21
-1.007735109379311348e-21
-1.151898286904091838e-21
-1.025748024797884725e-21
-1.188135826425184741e-21
-1.012022477455906647e-21
-1.066747136688519519e-21
-9.930149223767434460e-22
-1.326084866350666343e-21
-9.130779702864767815e-22
-1.118389896187604948e-21
-9.745725622157002694e-22
-1.159969924748049106e-21
-1.048136169008925391e-21
-1.075852245379501276e-21
-9.727675858019483567e-22
-9.898712827918095932e-22
-1.211461815010416360e-21
-1.067469254865902210e-21
-1.040948125283054089e-21
-1.104406840056133704e-21
-1.137722669942657142e-21
-1.055048378142061160e-21
-1.085390933543454242e-21
-1.078362507889676143e-21
-1.028055024065380555e-21
-1.275728384167905704e-21
-1.107693415456824324e-21
-1.085959411509481088e-21
-1.090658161145688628e-21
-1.105530463606082936e-21
-1.055287198731788166e-21
-1.142320446418146685e-21
-8.873644048950504488e-22
-1.061107383345947150e-21
-8.884504652099084609e-22
-1.114228672562325343e-21
-5.663890934288570527e-22
-7.939358948620613532e-22
-1.231256031653096012e-21
-1.206149864198718465e-21
-1.049442040680521128e-21
-1.011130001880055206e-21
-1.124874851709104557e-21
-9.567733540247699625e-22
-8.395098845291628214e-22
-8.377951375024768030e-22
-9.979322601780570600e-22
-9.343963158143266838e-22
-9.282161619615336577e-22
-9.174471071299681008e-22
-1.057990663879542226e-21
-9.136001245892586777e-22
-4.957861722362378200e-22
-7.339262732355400915e-22
-3.969414567529347928e-22
-9.484655555517210804e-22
-6.705709799544476897e-22
-9.678824716823442203e-22
-5.226909194743523670e-22
-7.906109426781457998e-22
-7.080441090119987769e-22
-8.288999124457375739e-22
-7.177907652272945921e-22
-7.385334452553775405e-22
-6.148550582344825692e-22
-6.097149956028439064e-22
-5.802509170224488802e-22
-6.734849049053732938e-22
-4.411219305166292370e-22
-6.106146286351839406e-22
-6.027383074149975003e-22
-4.264671495053321647e-22
-2.602179683203857354e-22
-6.171810760084333027e-22
-7.856632693686323196e-22
-3.071855298939986038e-22
-6.857355553410713246e-22
-4.312126133717515483e-22
-4.183811931753653635e-22
-5.307052138846263570e-22
-4.278811770063003920e-22
-4.562536637153319076e-22
-3.817123524326515488e-22
-3.927800231862976319e-22
-3.129259744177946674e-22
-1.608500124097462656e-22
-3.765990476973484652e-22
-1.025130270323546134e-22
-2.909612719095771578e-22
-2.044036620497010108e-22
-3.899307399101851770e-22
-1.864207534394180090e-22
5.027674234364073441e-23
-6.186657221747496032e-23
-2.834943135502687979e-22
-1.736890861750778348e-22
-2.496881088953944579e-22
-3.194179482427554461e-23
-5.280575018603791406e-23
4.467003322590064581e-23
4.853492728303360464e-23
1.396082362607800059e-22
1.510232043221980955e-22
-6.335457722137005771e-23
9.170689332709457701e-23
3.683494526761772576e-22
3.070238447148632210e-23
2.497329887741203405e-22
7.920972774252851833e-23
5.492501403878326732e-22
1.384760768069698169e-22
3.071615766746287216e-22
2.064974470003369333e-22
1.857437114575707158e-22
1.883151914590987913e-22
1.807271890778930936e-22
2.965821786023644615e-22
6.014863259884019825e-22
5.313659093973603553e-22
4.144043654956905066e-22
6.329359950859619955e-22
7.852511417778495288e-22
4.337609322101922660e-22
7.834518396385991821e-22
4.063590960354959048e-22
6.252953517026998090e-22
6.222491641903250045e-22
7.066830433078793508e-22
7.200908673753848739e-22
5.221575362490328543e-22
3.567342172786924906e-22
7.323445689978685698e-22
4.633865224614790883e-22
6.870640705236950380e-22
6.095028400194810419e-22
7.674861801977450941e-22
5.607148726428663739e-22
8.103188807020058838e-22
6.860578548087281295e-22
6.053828999389753694e-22
8.223912466487907191e-22
7.463562484633632274e-22
8.886334443586032465e-22
6.714766059778312175e-22
6.409370587022570602e-22
6.843438829928302659e-22
1.062206156167457771e-21
9.098410189695303870e-22
1.117368276671028061e-21
8.131411512998606032e-22
9.211641195419324290e-22
1.079307066259764753e-21
9.497927759774767414e-22
6.149472809105063411e-22
8.288364195670342004e-22
1.166220598303612272e-21
1.009145688723662889e-21
7.709023640317088702e-22
1.152172046502650301e-21
1.009534357166985457e-21
8.419258614854150002e-22
1.042523601710397829e-21
8.859141907182372725e-22
1.152074075116500816e-21
7.796231671027184477e-22
1.270620598371190056e-21
9.943601125634735178e-22
9.462559820283044519e-22
1.052414055058704021e-21
9.624714604212871498e-22
1.179199809168291217e-21
1.115367735297318509e-21
1.151343780977337519e-21
1.169661002043407545e-21
8.540799946401686006e-22
1.212062736296039055e-21
1.120253886439069990e-21
1.040707342802590678e-21
1.174495878086349131e-21
1.035266756029378309e-21
1.048611243906058712e-21
1.433075075022015036e-21
1.062490526766712674e-21
1.109902800690102396e-21
1.235594837370720401e-21
1.138064372752857165e-21
1.118772793096145802e-21
1.169632236467743889e-21
1.284007823894910239e-21
1.105536913621213852e-21
1.123100774694940596e-21
1.207867379079701238e-21
1.259323020815641467e-21
1.036102006750500571e-21
1.200441309908791878e-21
1.249367739097694772e-21
9.542449926245254176e-22
1.059285269583955707e-21
8.338917412093358642e-22
1.121055981799458990e-21
9.541059249132018658e-22
1.133377069226967604e-21
9.138020523841335168e-22
5.304848389602154216e-22
8.808497027123180525e-22
9.449903934413939954e-22
9.036555917714736232e-22
1.062133253382431958e-21
6.389802040729926060e-22
1.077020453716233272e-21
7.045728778145858563e-22
1.074930853743354962e-21
8.979916605963368548e-22
5.472485921796571803e-22
9.913799567831569676e-22
7.915283287253259934e-22
1.036005165144541175e-21
8.043821979904470000e-22
8.047228707583328250e-22
9.243368375997005647e-22
1.021706612403229412e-21
5.335494604899752803e-22
9.851433502198173289e-22
5.493889882829044785e-22
7.168411197461819947e-22
3.812679570401876231e-22
8.247478089335506386e-22
4.884061095730671977e-22
5.731612604751208456e-22
7.009196098757399009e-22
3.701436072347735442e-22
6.007139120197773072e-22
7.864532841306993643e-22
5.149276574633159402e-22
7.953661842461925294e-22
4.547477361573801406e-22
8.434698237308171666e-22
3.907624428846025253e-22
3.889668794282588235e-22
2.625476430117455603e-22
5.210103493778507741e-22
5.406672106822451850e-22
5.834158517542217334e-22
5.669813323834766417e-22
1.985108872940350264e-22
4.398591227649604368e-22
9.548161353826979544e-23
3.586145639312505031e-22
5.672541140935010302e-22
3.162039731897473370e-22
6.088632740091787653e-22
3.723919099583887066e-22
3.071861837400677176e-22
1.454022029058083564e-22
3.015173651691913915e-22
1.976345722792252852e-22
-1.387767136483077662e-22
-1.078209109714991694e-22
6.081163352493864951e-23
-2.041189282283458552e-22
1.152633783990756706e-23
-1.047383743351339060e-22
1.930226595766099748e-22
7.350428203602646704e-23
-1.218976667088944072e-22
-1.976706476334073729e-22
-1.666297242306412487e-22
-2.586154491802833580e-22
-4.605464802133538479e-24
-5.687730294821328478e-23
-3.624248246452859296e-22
-1.812636983494880489e-22
-3.770891766925617563e-22
-4.111925863224708957e-22
-2.367914339670223071e-22
-4.094145731909373289e-22
-2.081148361036767289e-22
-2.840897102071553681e-22
-3.471800606741807372e-22
-4.020247057139122903e-22
-3.173370103317873760e-22
-5.121982166038176466e-22
-4.301395689470291925e-22
-6.023934359663240695e-22
-6.568517381084958413e-22
-3.719560723964128139e-22
-4.803937082363578854e-22
-6.782080678649267182e-22
-5.710510821892346364e-22
-5.568944205384104213e-22
-5.816830695878753108e-22
-5.763570672056793684e-22
-7.275594540631020836e-22
-7.215432204702370478e-22
-5.823008794072258062e-22
-8.119442574316958615e-22
-7.906618284983630522e-22
-8.210727709898133948e-22
-6.265762414469159503e-22
-7.978664336772659695e-22
-6.444370135261087463e-22
-6.619245537617257385e-22
-6.403907334513347715e-22
-8.377073420357155022e-22
-6.876309160706165794e-22
-1.029253700316180847e-21
-7.333344297131111551e-22
-5.540442140353422982e-22
-8.102620837411281006e-22
-7.570245098854619903e-22
-1.001509945712577846e-21
-1.096308225197592060e-21
-8.490309271624830612e-22
-6.504938810385933096e-22
-1.131631506964399639e-21
-1.075059566836271705e-21
-8.666069635989724913e-22
-1.048415855415670247e-21
-1.280230288657712875e-21
-1.077520840496933552e-21
-1.094472393766115719e-21
-9.903115643347663499e-22
-9.200363543790014833e-22
-1.015844021437817297e-21
-1.077632987622822948e-21
-1.077338431259905465e-21
-9.814895959530684102e-22
-9.394890195149767412e-22
-1.178279332071336528e-21
-1.200844436008970674e-21
-8.342830055437286185e-22
-1.233856306062300170e-21
-1.075155552170490580e-21
-1.181885450779627049e-21
-8.862719497889455969e-22
-1.368149556569819271e-21
-9.713202467299730026e-22
-1.039231543128994147e-21
-1.092677152812890545e-21
-1.280461341600911790e-21
-1.133584060156766318e-21
-8.068635400462929989e-22
-1.481913483196678825e-21
-8.645903405855957526e-22
-1.145186218229108927e-21
-1.034792977463797561e-21
-1.184932073065896989e-21
-1.042500108167226697e-21
-1.251872237286172535e-21
-1.375494968182921596e-21
-1.118737807274722977e-21
-1.263558295798744660e-21
-9.373330944726970078e-22
-1.055323965771954884e-21
-1.175151122272988977e-21
-1.142421492438848865e-21
-9.832488764574892209e-22
-1.112926430953640785e-21
-1.022697061917527996e-21
-1.226371693822345648e-21
-1.055488425212505874e-21
-1.168641169961919698e-21
-9.733594059344869969e-22
-1.063025927491684432e-21
-8.939522230156873581e-22
-9.160323109480843420e-22
-1.066360453956316579e-21
-1.014145108918849852e-21
-8.822775341860899936e-22
-9.553330517090767591e-22
-8.530648748242176762e-22
-7.771940943005466260e-22
-7.999932656121754813e-22
-9.413411549335151008e-22
-8.220217895345219159e-22
-6.607025451492109035e-22
-7.867877830813490581e-22
-8.896015396614806333e-22
-8.707424293925809514e-22
-7.745630806129648537e-22
-7.073132034890489306e-22
-7.554460809735259186e-22
-1.008389584213188919e-21
-6.590570355653258692e-22
-1.066728946899431476e-21
-5.727732885084183991e-22
-7.606831345774236296e-22
-6.881139009277607803e-22
-7.085501380073594898e-22
-6.854327860536178569e-22
-6.638809998174313508e-22
-8.304856013296965802e-22
-6.421098373536554551e-22
-5.511243011663578738e-22
-6.799026515969368120e-22
-6.763662639481520125e-22
-2.645809427671868518e-22
-4.863304847924383792e-22
-3.691235519113120169e-22
-5.884747851450298414e-22
-1.094222364434189860e-22
-6.153197579454466576e-22
-2.702485298935189081e-22
-4.385530097175120297e-22
-1.371565698184630800e-22
-2.927694032670183197e-22
-2.011814173606852334e-22
-3.103155070280670194e-22
-2.772487645725519751e-22
-1.127627657229138691e-22
-3.166645405998622348e-22
-2.472639035098090526e-22
-1.153199328789605460e-22
-4.134527905318427179e-22
-1.234921035477741445e-22
-3.597362207938529426e-24
-2.485837963641134567e-22
1.886357280546827468e-23
-1.368212935712824570e-22
-4.183247313131555478e-22
-1.677557545339798689e-22
5.456962969634100016e-23
1.962594761399506656e-23
-2.017885655013801231e-22
5.873784465968589037e-23
2.268128239233997169e-22
1.193523364998995999e-22
3.510097235209996058e-22
2.586389454794537515e-22
6.978827655497941325e-23
2.339043986957312107e-22
3.225093920200507130e-22
7.498024845376585044e-23
3.577632889437538071e-22
2.684397225520738926e-22
2.826068723874022587e-22
1.322926495821118940e-22
2.641292239690327013e-22
4.296490608258913719e-22
4.754935855252593723e-22
4.415186561093119684e-22
6.373843420001330643e-22
3.331239896701014263e-22
7.119650990346787105e-22
3.777690126078132711e-22
6.370848231050312666e-22
4.732674681063340470e-22
5.157677417270396211e-22
8.251146015301742515e-22
5.778587848236535731e-22
8.459270723677234270e-22
5.920538409279955149e-22
6.298718302237923093e-22
7.451760486084605947e-22
8.924557748322174003e-22
4.995770130841579760e-22
6.435057479054061746e-22
8.349251410051397008e-22
9.151310815109198692e-22
6.599975803921591706e-22
7.394749302265719581e-22
8.982952671964125960e-22
7.673570466874748029e-22
1.032265017023897810e-21
1.028084346529969471e-21
7.005804779356731142e-22
1.085391799329397398e-21
8.366989099501690413e-22
8.607270796669958437e-22
9.432023329975810639e-22
8.484556623857912225e-22
8.707793152789578387e-22
8.930361568858232221e-22
8.796444691558368387e-22
9.303358466833267959e-22
1.102230746421083195e-21
1.092517452461471788e-21
9.252812595203144984e-22
9.793707578603351991e-22
1.172914999521116127e-21
9.836325995275358382e-22
1.005297633925373111e-21
1.236130808921045413e-21
9.154221947252614394e-22
1.124044713088481079e-21
1.157518114618383176e-21
1.121948151366008009e-21
9.421289190049956833e-22
1.068027965731175333e-21
8.156976018032762354e-22
1.187012813493857802e-21
1.090817779950104655e-21
9.540256234149498898e-22
1.130802645468813124e-21
1.249472154788063445e-21
1.010315045966423491e-21
9.712022068426902730e-22
1.235462749529079229e-21
1.044391588232748562e-21
1.172905972537336219e-21
1.082394777490116478e-21
1.149223189866022929e-21
1.320878425034127654e-21
1.047823192952949312e-21
1.236468220554167020e-21
9.619537481882425175e-22
1.113734298517069317e-21
1.337786356118882942e-21
1.030747204855222680e-21
1.392902443876405689e-21
9.012006741294419820e-22
1.148289633473547734e-21
1.098416223603351561e-21
9.527729640469036896e-22
1.258508214420138229e-21
1.016549860343960879e-21
1.091060606428535770e-21
1.156733774958647556e-21
1.083608786021150581e-21
1.088578546435560455e-21
1.158189770024000071e-21
9.447951748389250338e-22
9.344426803037550815e-22
9.247429064405334499e-22
1.143487203922962436e-21
9.125992957812856832e-22
1.208524397084921476e-21
7.150679170307290599e-22
1.408178652907388340e-21
8.228654016167905492e-22
1.010475050011540228e-21
8.672721790288652103e-22
9.396896559480209213e-22
8.544097339222485965e-22
6.873861657623370607e-22
9.805753969649921166e-22
7.941895446619696686e-22
9.069696216819469693e-22
7.647950222627729094e-22
6.508244145395916158e-22
8.263299129298598320e-22
6.917225314618230753e-22
5.550768364288326100e-22
7.330120423153619428e-22
6.816111226153766312e-22
5.163368265072238635e-22
6.307011094168724141e-22
5.854577602372941002e-22
4.381691210172148473e-22
5.373127419449848219e-22
7.056249445301054472e-22
6.265770385674000658e-22
6.596418359249758749e-22
5.054406378547762760e-22
4.193608646504972334e-22
5.376168703699159112e-22
2.258108682623920099e-22
3.347359670450792764e-22
7.695057837683945981e-22
3.425661936112911123e-22
5.872658307837742146e-22
2.719053804154669030e-22
2.259748396899725987e-22
2.892751709070160415e-22
2.892856155101704381e-22
4.409398226328744560e-22
2.166147285511947002e-22
3.468216217893180763e-22
3.849016341517912699e-22
1.213210247657391035e-22
2.085401724936709708e-22
-4.109642044384964016e-24
6.870813231935378689e-23
-2.137560180386039199e-23
-2.189934435471690431e-24
-1.759931094845835184e-22
-1.444701525874674083e-22
-3.686268508927863583e-24
-5.036579833949143009e-23
-2.247911936275128625e-22
1.765853754592529184e-22
-3.226865048437999460e-23
1.018576719238662873e-22
-3.763471514590120859e-22
1.608508780081784419e-22
-2.753697734918702896e-23
-7.907881268611449514e-23
-8.584359330569165339e-23
-3.454920824644411119e-22
-1.587458397066234643e-22
-5.015477218592830511e-22
-9.171100949832613962e-23
-3.664106548360746220e-22
-3.821820681512362395e-22
-4.920357667682385193e-22
-5.958510603864629294e-22
-6.180732721626616832e-22
-3.991075493134405054e-22
-5.223208004680456365e-22
-4.283600240945547252e-22
-2.953434540496517096e-22
-5.522775819980779028e-22
-5.265546959544667777e-22
-5.175595383579490275e-22
-4.226682789273772378e-22
-7.183709346369238753e-22
-4.666827649706055808e-22
-7.042116612356653790e-22
-5.463421695703234937e-22
-6.928690620894698921e-22
-8.347554514369842520e-22
-6.810315646438976896e-22
-7.412373959326763219e-22
-6.612469338011499568e-22
-7.164110136275898996e-22
-8.455547854076803826e-22
-1.131951158493928890e-21
-7.568211862708864426e-22
-1.297524674903428465e-21
-8.588085532089263850e-22
-1.072754301845401902e-21
-9.958659235132239517e-22
-1.167497009484026528e-21
-8.556672206467062609e-22
-1.121536682775042897e-21
-1.044591591001179207e-21
-6.900586781150047290e-22
-8.919518137138876341e-22
-9.733965517146530576e-22
-9.641741665884069365e-22
-9.898265976053422589e-22
-1.056680282963763958e-21
-9.029370594165424720e-22
-1.137747758538102769e-21
-9.544542667968174234e-22
-8.977154283056515154e-22
-1.102441719421665691e-21
-1.031925010566962728e-21
-1.054064607122171098e-21
-1.161724962177949869e-21
-1.186635027626022939e-21
-9.906472301503247865e-22
-1.174868240889573477e-21
-1.013305419802147819e-21
-1.190320276331431367e-21
-1.084231992826211578e-21
-1.153346864015483656e-21
-9.789335616460152564e-22
-1.079601744183911959e-21
-1.187055579081958008e-21
-9.621182574871213934e-22
-1.182030645295334857e-21
-1.044637658507720544e-21
-1.277411484166331224e-21
-1.103317408767862584e-21
-1.183732911535195095e-21
-1.076005685703625515e-21
-9.330896254291506192e-22
-1.087271598144277923e-21
-1.342893053028799192e-21
-9.478132757645527661e-22
-9.569865645485282646e-22
-1.240285570270044921e-21
-1.100200982493912405e-21
-1.139555342452728490e-21
-9.570636331603928963e-22
-1.152408938932664205e-21
-9.899455764739844376e-22
-9.516546246324434580e-22
-1.493282845825954103e-21
-1.086551590618430482e-21
-9.163167321305967547e-22
-1.208313344645893255e-21
-1.147395451264489692e-21
-1.126685242398328076e-21
-8.331484487941782200e-22
-9.649015303995462968e-22
-1.209152046155738592e-21
-1.251803922126913022e-21
-1.094933798995767337e-21
-1.059942099327838127e-21
-1.150531722365618991e-21
-8.634277553715939828e-22
-9.075587031686785744e-22
-1.010270406138680876e-21
-7.906256470319566058e-22
-9.137733270390143351e-22
-9.320177566536598704e-22
-7.196634219643180980e-22
-8.983446964443964622e-22
-9.993677480932515958e-22
-7.183019630772636094e-22
-8.866466155898456290e-22
-7.858025493119815431e-22
-7.293748307543714448e-22
-6.036771612787964295e-22
-7.475222602746065490e-22
-7.136581090890415097e-22
-5.167054314503452286e-22
-9.369176762075669677e-22
-5.313544375977809343e-22
-8.788439789176283570e-22
-8.365646121734096544e-22
-4.984816456890847149e-22
-8.176183327462897121e-22
-3.695170309414336719e-22
-5.799570629825597532e-22
-5.498989795673996186e-22
-2.809315006669732614e-22
-6.090808998202018261e-22
-4.162871756254609565e-22
-1.501447541913830962e-22
-3.760993843081569114e-22
-3.587985380812395129e-22
-2.281239141400052245e-22
-2.823382553921192405e-22
-4.063246564001540628e-22
-2.548108131026166701e-22
-2.565315505188581768e-22
-1.739806912418712215e-22
-4.111938153143793044e-22
-2.026849774581864295e-22
7.569562551269994094e-23
-2.462896140067859917e-22
-2.358948039568788754e-22
-1.548844177516297812e-23
-1.663047964682088882e-22
1.021839637358589938e-22
4.782313124366081019e-23
-5.551643155404435747e-23
-4.258193188349934384e-23
-3.472941984368923029e-23
5.673575403253087131e-23
2.084321442978329982e-23
-5.375657644446104823e-23
1.598962858660116880e-22
2.355686560209372116e-22
1.974544080769280675e-22
-4.805825638531663203e-23
3.061474468997531793e-22
2.226730263899513301e-22
2.523055633263091341e-22
2.859200995163163021e-22
4.369334144098976810e-22
3.411714068113745302e-22
3.865111258525843847e-22
2.590236853989726084e-22
2.767443809815459406e-22
4.224023753610937966e-22
3.404825349295800108e-22
4.869244068735440523e-22
6.558293568052382939e-22
4.963567095581568120e-22
3.489790314944675416e-22
6.749206792875676275e-22
5.123546537407439457e-22
4.304241643476435668e-22
4.140504427853388954e-22
8.860890680186152908e-22
7.050025861964319407e-22
6.374696450025150367e-22
6.274618328187979503e-22
6.886649164965281979e-22
7.887342210285508547e-22
8.376529118024652223e-22
8.409585796860601874e-22
7.666245372247444895e-22
6.623141704236447373e-22
7.505984771352690071e-22
9.074808512607604804e-22
1.090655756488915760e-21
8.674107871453138142e-22
9.694735414599499004e-22
8.551809242891562168e-22
9.244027642210459143e-22
1.001526897721178481e-21
9.725401384918242023e-22
9.686641909165066532e-22
8.978392572547664900e-22
9.395533641057483905e-22
1.137336839442360685e-21
1.014086782005000345e-21
1.138272284085769663e-21
7.075048430745691739e-22
1.111458335814400080e-21
9.141073916423067051e-22
9.981171902858465032e-22
1.052460145889928632e-21
1.055653268373104791e-21
1.193099851988377651e-21
1.027408812564163618e-21
1.265737445091253768e-21
8.888353085456212935e-22
1.171874770231673568e-21
1.203086142765800001e-21
1.086651202678022496e-21
1.306780394124300569e-21
1.364861832252891863e-21
9.618365860339931349e-22
1.321098017356195689e-21
1.334272043309687586e-21
1.040025963576012114e-21
1.286971375014363311e-21
1.340056516600588426e-21
1.213674281354101741e-21
1.215213032158114457e-21
1.239883023087335468e-21
9.645953121518359825e-22
1.248010202003664152e-21
1.114108367876063773e-21
1.321198441688514935e-21
1.009593012075495122e-21
1.140720584937489077e-21
1.204083764961751193e-21
1.044024403969536598e-21
1.059373659619061664e-21
8.758852921080739662e-22
9.870397312658810257e-22
1.130846606747574970e-21
1.212457503448785030e-21
1.025116438560929749e-21
9.812469321838532356e-22
9.282206211157754776e-22
9.355324914678039848e-22
9.278229465938099220e-22
9.999226242438016516e-22
9.300072649237592125e-22
9.799285292706920404e-22
9.965603079949864026e-22
9.991081407724059495e-22
9.291417878774826831e-22
8.982855709452727461e-22
8.938458054669686214e-22
8.239289119325990752e-22
1.112347741325647337e-21
1.008109757565466713e-21
1.150205295064787292e-21
7.279551645684822389e-22
9.270604856581250079e-22
7.873750952990855529e-22
1.029498978857928290e-21
8.628349684985500832e-22
1.046278851611198666e-21
8.075183822047399244e-22
1.025849225204092929e-21
9.345669691017130975e-22
7.984995985075029327e-22
1.042514558721788940e-21
7.617438971977105207e-22
6.230333260419137148e-22
8.722866963741388296e-22
6.574624315133560301e-22
7.150412207329601466e-22
6.193182006113250075e-22
4.639391003014993196e-22
5.369474845521769548e-22
5.311728168220987926e-22
6.869786480377781652e-22
5.779162241053007859e-22
5.499398312408614463e-22
5.162777755011150319e-22
4.573772360168440084e-22
3.584006885589005825e-22
3.784291085931713494e-22
3.215856074590425905e-22
4.322422949623190202e-22
3.752915298341862686e-22
1.963315239565189693e-22
1.447902258693681231e-22
2.450576197377382177e-22
2.725743141918627600e-22
3.697124582823446595e-23
6.446333119610475148e-23
-3.553247749391606961e-23
-6.956752112859199405e-24
-7.121162279239505912e-23
2.287310170532423317e-23
8.085373692254737571e-23
2.679725532887313018e-22
5.592677520563138901e-23
2.665101111778907395e-23
-2.535921555758679717e-22
1.390622024862360012e-24
-2.817904700056942167e-22
-2.715943042994196376e-22
-4.030222133397005418e-22
-1.408626527532908626e-22
-3.635461169139939438e-22
-4.064831658021550781e-23
-5.172516042097590869e-23
-1.695345008905386923e-22
-1.469641721014073388e-22
-1.831020340498168457e-22
-3.308645578228334950e-22
-2.452724139787715004e-22
-4.067303716206090930e-22
-6.031816228662534075e-22
-2.315857602519797861e-22
-5.783857877762482271e-22
-4.432608238145217845e-22
-3.973319549511638459e-22
-6.635743382202251308e-22
-5.003387953809157380e-22
-4.826466686852599307e-22
-4.112499544689561105e-22
-6.552687630564620683e-22
-5.192876057141304533e-22
-4.672099446544246711e-22
-6.636828337463887707e-22
-9.751574305702284386e-22
-6.597679177475536760e-22
-5.944732694809801946e-22
-7.912692633100120988e-22
-8.139617623409675048e-22
-7.822650210683125833e-22
-7.189370452903373259e-22
-7.556215972655014608e-22
-7.235897356899941992e-22
-6.963204425134126686e-22
-1.263188690508758166e-21
-5.258130556098654742e-22
-9.799030115363627459e-22
-6.972763990626465564e-22
-9.065071342410834203e-22
-1.016297936403400922e-21
-9.793064762111907690e-22
-9.803533639283600355e-22
-8.458671694020718450e-22
-1.134049027607592569e-21
-1.125070023291154939e-21
-1.207055335448849471e-21
-1.127906955553884439e-21
-9.201864665342205168e-22
-1.004111182742048097e-21
-1.190735157930038047e-21
-1.120776926980640857e-21
-1.400222681981855559e-21
-1.438189244129456651e-21
-1.285139236072892495e-21
-1.186122686275682131e-21
-1.110133879817246699e-21
-1.143271700519889287e-21
-1.156899461888902851e-21
-1.184042824700453471e-21
-1.213403418525129992e-21
-1.123005031284002580e-21
-1.123773976863574084e-21
-1.063788170895074159e-21
-1.064479891146239240e-21
-9.566083836657900780e-22
-1.071538146634458071e-21
-1.173522555572078527e-21
-1.134251494529727384e-21
-1.305218437313713500e-21
-1.000880117997011347e-21
-1.205447749556803592e-21
-1.426839743520878514e-21
-1.058376200239042115e-21
-1.092779799566874372e-21
-1.122444887312887915e-21
-8.929020320832302152e-22
-1.302815025374603292e-21
-1.322107357929274917e-21
-1.100535745676174255e-21
-9.861140779257552484e-22
-1.183565934029028490e-21
-1.102970860406989784e-21
-9.984722681476410434e-22
-1.075100884978591465e-21
-1.096760759648900241e-21
-1.137610902311498973e-21
-1.239004258302114598e-21
-1.268648354300283165e-21
-1.005873494156324686e-21
-9.403721299748591954e-22
-7.512903980136522715e-22
-1.199332654794132223e-21
-9.822848594560888496e-22
-1.313797109544658699e-21
-9.475058485679673560e-22
-9.184953235137883109e-22
-1.074965663002778081e-21
-1.022698125260549834e-21
-1.080723381743408747e-21
-8.692072742837491273e-22
-1.154889557432629423e-21
-7.225218052747406336e-22
-7.095433984489023827e-22
-9.021250922112355118e-22
-8.562509723264012135e-22
-9.499363349623958924e-22
-7.797082573456726568e-22
-7.541324536054836792e-22
-1.022435086860837197e-21
-5.848011264130997056e-22
-7.487990048967125466e-22
-9.994912183912278930e-22
-5.495164209700267325e-22
-5.263533843283296173e-22
-5.821256467469939872e-22
-6.251364001125279240e-22
-6.078564824664109248e-22
-2.950517068653737010e-22
-5.040489215926228297e-22
-4.929816107819161480e-22
-4.869936684832528972e-22
-6.396664416897451867e-22
-4.959085629716822940e-22
-3.283564845843369375e-22
-3.203475275521703884e-22
-3.639926347324309784e-22
-4.733747344009391761e-22
-6.116233339013937462e-22
-1.034342731881239341e-22
-2.439988596954581216e-22
-3.330620908407802179e-22
-3.812582331720195121e-22
-3.480949869332833826e-22
-2.431623328069393019e-22
-4.268362643753634725e-22
-6.269674501468290597e-23
-1.464664140666468202e-22
-1.090551761530102140e-22
-4.689158502179069644e-23
3.902927136980386693e-23
-2.610812274167049596e-22
4.172833481727309211e-23
-6.779790999874961766e-23
1.353470066978240995e-22
3.452291088630004029e-22
2.705109749320187294e-22
-1.896691511349333435e-23
2.377008788933451516e-22
2.439457562487288750e-22
1.745513056083897007e-22
3.472548215162965166e-22
2.139028213649820701e-22
1.721175439211010939e-22
2.493973109802833087e-22
1.662219829747925239e-22
6.086693178589710572e-22
3.123445021870809435e-22
3.991222901257616488e-22
3.410984266846355096e-22
4.047860622333714989e-22
3.959593137667428526e-22
6.233280242080534234e-22
3.418578062624836374e-22
5.451011229671799842e-22
3.935024572073485221e-22
7.134523577475675419e-22
6.972653630401394938e-22
5.141496914681459490e-22
6.478106735206905718e-22
7.517185504764792460e-22
8.798471144338302807e-22
7.848503469593939976e-22
1.009780745784196010e-21
8.620542136347323654e-22
6.673217991412265414e-22
1.170750733615253428e-21
7.690695685894017476e-22
9.341153540879653843e-22
8.804266536096124312e-22
8.948222817653041438e-22
7.489713601128668608e-22
1.110148922743630591e-21
9.964766399776177362e-22
1.012889336432467390e-21
9.138615137357119402e-22
8.197453412242796767e-22
1.061791485616544669e-21
9.841837345163305223e-22
8.985324452590897481e-22
1.152430097547047468e-21
8.880409393063171010e-22
8.411554346694919315e-22
1.061061629103271998e-21
1.107370437554476210e-21
7.325827553934602032e-22
9.257013970933699977e-22
1.114285005946824052e-21
1.087418679331687239e-21
1.164351566120598614e-21
1.046681352928622070e-21
1.211444635858142512e-21
1.120275847330631722e-21
1.352470049341811779e-21
8.944904831944016659e-22
1.144091539013807515e-21
1.334472881468942657e-21
1.143330097550859443e-21
1.384348710055715253e-21
1.260544097554499241e-21
1.254888023641011617e-21
1.176642377210221164e-21
1.089790078996170419e-21
1.406199140970667131e-21
1.160491082249098943e-21
1.433374587334483980e-21
8.513137569614559008e-22
1.418061775239189349e-21
1.077823389020051683e-21
1.234130107056935097e-21
1.155687457289167364e-21
1.083688854636566255e-21
1.367722933482006832e-21
1.133622082904392398e-21
1.519361791673605109e-21
1.243662191198398816e-21
1.216748349941101080e-21
1.189891111131377112e-21
1.192799908598858481e-21
1.117208327587367320e-21
9.220700048379312213e-22
8.907061563526500958e-22
1.148613014309571785e-21
9.351879794441004538e-22
1.113351983128580102e-21
1.054421492262208436e-21
1.150763394833844359e-21
1.087657606283619185e-21
1.148478667542418571e-21
1.105374033361354894e-21
8.268887816191993798e-22
1.212340670027031040e-21
8.181361205245609297e-22
9.875319795734269231e-22
8.752857572882271531e-22
9.811817347483611208e-22
1.039684155500202509e-21
7.764859481169937323e-22
8.612503876297355219e-22
8.765326577053578411e-22
7.180197558118110103e-22
8.320834708985449303e-22
6.265767989684287946e-22
8.460464272200951350e-22
7.543022528698784769e-22
6.284726923619011523e-22
8.916033433703575311e-22
8.635165197433544327e-22
6.574582152837193374e-22
7.676108479220831948e-22
6.434164453702062934e-22
4.361266119776807362e-22
5.124390172685704167e-22
4.627429931033696026e-22
7.047976983036810396e-22
6.244563760998240399e-22
4.485210805387858308e-22
5.074353168435654376e-22
4.007294774581008372e-22
4.369686863686705922e-22
3.999102379474165991e-22
4.216271723220631649e-22
2.265191085944941155e-22
1.997131123157538913e-22
1.226436007857786869e-22
1.563594081665813705e-22
2.130096355316611662e-22
3.699870658557974411e-22
6.954401620153263122e-23
3.999929816917811546e-22
1.201838331096778062e-22
-6.447892247703654502e-23
7.270755369360720038e-23
-9.407082103807857800e-23
1.117842063308107855e-22
-1.648113220615921611e-22
1.729134443687389614e-22
1.198379878512159740e-23
-1.016026215404890121e-22
3.886718499400978766e-23
4.870796063683442701e-23
-8.925233303619955891e-23
3.679185525505534234e-23
-6.719304056314803121e-24
-2.045494319402784699e-22
-6.943134194183932128e-23
-4.156511709629516367e-22
-2.584001100095067040e-22
-5.670978044095201906e-22
-3.112046830000063342e-22
-2.443737857653355485e-22
-4.543689939776596147e-22
-4.317977943654278304e-22
-6.072781095220373745e-22
-6.342039575754677978e-22
-5.662705039852988449e-22
-5.756998058785682281e-22
-7.780143264144539823e-22
-4.520705435337639573e-22
-5.384142148794254717e-22
-7.877889585818126084e-22
-8.111288661942566730e-22
-8.416138473659198566e-22
-7.754518278241778805e-22
-6.956980745380834110e-22
-4.977335626080562095e-22
-9.745806824684811900e-22
-6.768466670742801595e-22
-9.395429011065335437e-22
-8.161890498012782672e-22
-9.646977478407768753e-22
-8.905265230240472003e-22
-9.905899619686833449e-22
-8.966052680525625654e-22
-9.130402531065494244e-22
-1.128334337087218599e-21
-1.007115389812498190e-21
-1.151146713254854689e-21
-7.373497987699295628e-22
-8.906164008207157120e-22
-1.039767264995518635e-21
-8.640688660608375403e-22
-1.161754983528602309e-21
-8.131801783752682853e-22
-8.956688261540506612e-22
-1.330729535244761953e-21
-9.898889555299583473e-22
-1.009548082519843547e-21
-1.150908492435885242e-21
-8.822835187027972291e-22
-1.195470980972850975e-21
-1.012312103998323035e-21
-1.140368785721084808e-21
-1.242488746472111326e-21
-1.075570866862658768e-21
-1.406120033648849170e-21
-1.304028650083559001e-21
-1.322622241007275286e-21
-1.287716952269252743e-21
-1.191943074704419847e-21
-1.210244580851032872e-21
-1.063949157654160314e-21
-9.963566914707493937e-22
-1.253657929147047300e-21
-1.395205054018947598e-21
-1.126650244717705362e-21
-1.068833474251107795e-21
-1.301521865442553615e-21
-1.316300115905078154e-21
-1.171805953929262833e-21
-1.307680038224011887e-21
-1.168820043218287654e-21
-1.199735184354358682e-21
-1.295759151601487730e-21
-1.294068227766610917e-21
-1.334794118621967979e-21
-1.047406555267250423e-21
-1.435559144397819120e-21
-1.355417479660462467e-21
-1.036460134528813463e-21
-9.668575470625236226e-22
-1.179172151396186033e-21
-1.105066221886034669e-21
-9.832231794556023625e-22
-1.125187167062670263e-21
-8.474792394955303307e-22
-1.032488984963116886e-21
-1.238614241270982087e-21
-8.059287693005852367e-22
-1.154630103274970149e-21
-1.118410377895162705e-21
-9.727284615847915470e-22
-1.135666319734851228e-21
-1.043111910414663780e-21
-9.664935646472273254e-22
-1.041962541710201727e-21
-9.450485978267192265e-22
-8.578567967106129025e-22
-9.764854335692134844e-22
-9.465019080391879112e-22
-9.335953223339247099e-22
-7.412682613907569525e-22
-8.554892674589827570e-22
-7.167378321263146800e-22
-7.805676693985741298e-22
-9.758746583259269910e-22
-7.447222646901763633e-22
-7.388766470402681871e-22
-8.146633052100938415e-22
-4.357977589547537867e-22
-6.232125505180280994e-22
-6.734511497603645701e-22
-8.068803039750062531e-22
-3.813248826656194123e-22
-5.419614164071788014e-22
-6.837413626983794277e-22
-2.942960800372313276e-22
-6.042215113830180013e-22
-3.505205799000932177e-22
-4.286594618015342878e-22
-4.563071776779985388e-22
-4.093868121754484399e-22
-4.273317461687799311e-22
-1.812867218963053904e-22
-2.896575789557745179e-22
-7.647637428043550567e-23
-1.056831613663564798e-22
-3.008066042700440729e-22
-6.856907493970540185e-23
-1.697459282710944758e-22
6.760365683141961036e-23
-1.872006336715254415e-22
-2.766412919929767081e-22
2.447461039848113759e-22
5.724591463870177549e-23
-1.032760667714450350e-22
2.069983498580316611e-23
-5.798642613624561965e-23
2.736360272052169567e-22
1.185767166645474563e-22
2.792809356059541807e-22
-6.103738163695690167e-24
1.437471080119818587e-22
2.135628128919468464e-22
3.701200929776567331e-22
-5.797789219197576947e-23
3.459010912052645965e-22
2.993108386846274606e-22
2.781929642096626747e-22
1.987447720906079011e-22
5.138318426550209550e-22
4.044258879441939820e-22
3.521437096024445097e-22
3.201781642191150317e-22
6.249192169631616601e-22
5.550008796539373030e-22
7.841574682368201298e-22
5.206375307188179844e-22
5.922222599129999876e-22
5.539879616012985459e-22
4.731791213685694281e-22
8.975002983770252445e-22
7.159165605576128819e-22
8.206368356727002818e-22
8.656934522441114162e-22
8.442833491371264702e-22
7.356389626988196268e-22
8.981379503940926753e-22
9.010742223421846379e-22
9.743384300276594390e-22
7.234436627766376610e-22
9.268232272717394035e-22
9.824777197128850292e-22
9.190755389381667146e-22
1.015500984407432232e-21
1.038577552842007923e-21
9.489767893788007038e-22
1.348169532938068938e-21
9.243983069436711615e-22
8.905754715082982633e-22
1.174572100460996508e-21
1.056947865865050746e-21
1.245307484229821415e-21
1.123889586441282764e-21
1.116086241937950000e-21
1.048708088588842033e-21
1.217356646701141135e-21
9.465438510792800124e-22
1.405787436717693887e-21
1.304841439907833112e-21
1.108287050373702935e-21
1.228543789057947865e-21
1.174963263938174643e-21
1.326315241286914338e-21
1.616631375593584585e-21
1.144710453410797555e-21
1.235972227096736163e-21
1.151129163759801002e-21
9.548344432562511892e-22
1.317682990272638258e-21
1.036050527737688632e-21
1.274420340224196825e-21
1.155037879653570781e-21
1.298508523356310705e-21
1.036139382544273191e-21
1.260599614642463465e-21
1.065959067706069535e-21
1.214563028334954268e-21
9.827274203972792862e-22
1.281277673077430044e-21
9.777821794309814752e-22
1.034986516867449180e-21
1.088328584597647689e-21
1.179596897075796182e-21
1.238551703595054330e-21
1.265217485655239087e-21
1.199991410771429731e-21
1.229052676400153456e-21
1.247664968827212717e-21
1.193968387218989291e-21
1.343006259181488139e-21
9.261917909744463078e-22
1.237653308750515951e-21
9.397408118415069345e-22
1.339858036984752499e-21
9.780868239514280068e-22
1.233997068218194851e-21
1.170552295039821346e-21
9.569839154615135341e-22
1.063841391122499459e-21
1.082891103343992228e-21
1.262916615687775371e-21
1.069966689874907925e-21
1.161636947871892151e-21
8.263471824742575332e-22
9.933692501338795591e-22
8.227096744313646642e-22
6.000515270527173797e-22
1.105881843345666435e-21
8.490526937841408943e-22
8.244630978824336888e-22
5.898793506794758596e-22
7.635732501197840863e-22
8.978925912071238411e-22
6.647750116559276134e-22
6.944842268564739767e-22
7.908869268026693363e-22
8.605418716623482833e-22
4.354490539285129379e-22
6.716533658608033696e-22
4.974010138237634877e-22
4.974473766269916946e-22
4.776103732896236788e-22
4.590208371208264832e-22
2.639675481422111536e-22
4.362359821654661496e-22
4.790916072942943606e-22
5.000373509052954051e-22
5.490257628196316044e-22
1.347529075348498088e-22
2.249765255738542274e-22
1.115307253571547377e-22
8.299386621085406575e-23
1.577254319424951896e-22
1.027477613095072654e-22
1.379561306246360031e-22
2.111471132378049292e-22
3.199100725753375928e-23
8.091648863921844626e-24
2.852934635028445643e-22
-6.173194323045838659e-23
1.993266796601281710e-22
-1.205568283928096224e-22
-9.504092126798034548e-23
-1.720450805971581255e-22
-1.560198578001471868e-22
-2.438250457588333361e-22
-1.353754871369523594e-22
-2.501448575865150156e-22
-3.467078906115459887e-22
-1.876797350241624252e-22
-2.773192440223914792e-22
-1.262524278867111999e-22
-2.245962445700987739e-22
-4.814668252888936646e-22
-3.591944486797273073e-22
-3.281882346844417069e-22
-6.730696534253059577e-22
-3.300352703378795281e-22
-4.753068462419180292e-22
-5.618028789959573510e-22
-6.793320628016928209e-22
-7.817933303701882089e-22
-5.010353632430377495e-22
-5.653022392828257235e-22
-7.633873415673966327e-22
-5.372294225944250812e-22
-6.967424194243864016e-22
-9.174101078797900238e-22
-1.104879223497639139e-21
-5.786070374203050299e-22
-8.835637144541580813e-22
-7.245935035697194729e-22
-9.306004752149529966e-22
-8.539092593520796395e-22
-9.211475284871076114e-22
-8.988156109301714340e-22
-9.235727203819824093e-22
-1.131106281872447492e-21
-9.743037193684722579e-22
-1.166704550039022899e-21
-1.063591259222977837e-21
-8.704218748430520787e-22
-9.627114018162490173e-22
-8.686287678184042403e-22
-8.671857094661259913e-22
-1.000484708910340224e-21
-1.243645866833204464e-21
-1.309675566309497649e-21
-1.143261767852684627e-21
-1.183465822991523279e-21
-1.366065299242216467e-21
-1.009697505327518250e-21
-1.172734566382540359e-21
-1.314554454908157492e-21
-1.176024573900669610e-21
-1.278352050631315461e-21
-1.148914617193636657e-21
-8.190529284720380913e-22
-1.501098714322591658e-21
-1.203570647922563160e-21
-1.324275151220570639e-21
-1.152019540299289346e-21
-1.416690554503267588e-21
-1.218998495303878987e-21
-1.508447952051975673e-21
-1.507572518185135087e-21
-1.252288006313643181e-21
-1.314852295689038142e-21
-1.362514808926770497e-21
-1.216359825947228764e-21
-1.304661539854233170e-21
-1.189739928373932755e-21
-1.222828426922730293e-21
-1.444830704080230192e-21
-1.294428718398061841e-21
-1.142672659163434631e-21
-1.265584544846747568e-21
-9.727882984239445872e-22
-1.213559020050090438e-21
-1.056479917296605797e-21
-1.289022796098553843e-21
-1.194419999077053770e-21
-1.229213138204238692e-21
-9.675467418743583974e-22
-1.130778676315647880e-21
-1.114747748496655044e-21
-1.079845065730717602e-21
-1.149982335439872083e-21
-1.279612106816191376e-21
-7.825763262395259135e-22
-1.007958508341705230e-21
-8.295697481263880445e-22
-9.919134144404236810e-22
-9.105689995052496159e-22
-8.252393207806077378e-22
-1.264670537710357222e-21
-9.128406443562354318e-22
-8.846378462176456513e-22
-9.061546882098031662e-22
-9.163499220991872813e-22
-6.243346604810580784e-22
-7.860542290487891873e-22
-1.038543690937725715e-21
-7.399391176468677720e-22
-9.333098547035964140e-22
-9.144682212418187355e-22
-6.852965743002785923e-22
-8.500842926662749421e-22
-6.657361854413468029e-22
-8.326002987874746121e-22
-5.986611684479442681e-22
-7.877187388759146308e-22
-5.558162279441924448e-22
-7.335772477930285009e-22
-5.604380818881683866e-22
-6.418108622137548283e-22
-5.864903822273707376e-22
-3.718226074776028423e-22
-3.599723839290514921e-22
1.210255289225364542e-24
-4.697168920047937342e-22
-3.577376060076827337e-22
-3.677708090566381574e-22
-1.278217767908209774e-22
-2.143750843433414096e-22
-3.721074158737203566e-22
-7.100091087371623082e-23
4.048832289706452236e-23
-1.003573936463131096e-22
-1.719189443221616473e-23
-4.845930967064865715e-23
-1.690985861481645861e-22
-1.966854819257038506e-22
1.426391884844215434e-22
2.278009854214393540e-23
2.037766878275681268e-22
4.290365875143777516e-22
9.129729320736351961e-23
7.400323017601494786e-23
2.607277143041556829e-22
2.827944327646838144e-22
3.641877063469699670e-22
4.094217086886252363e-22
3.427505214246059799e-22
3.030425057590631787e-22
6.273063814916915469e-22
5.233533355301521541e-22
5.308343236725389337e-22
4.285862369932313491e-22
5.464354027969761906e-22
5.684870557972307161e-22
7.010397620828060149e-22
4.445777016953152798e-22
5.074621381056259561e-22
8.997652844112908910e-22
6.635974963420212888e-22
6.602169858245113046e-22
5.842540983509384215e-22
7.476277523021657095e-22
8.515488202150224909e-22
8.643328989770794649e-22
8.231839398653899546e-22
7.722423613740809663e-22
6.105458242017478472e-22
1.015028217737498818e-21
8.506833016213324064e-22
9.729996143955961508e-22
7.309756014142482740e-22
8.524889363242282995e-22
1.178565331374320862e-21
9.243199184344700206e-22
1.012951590868917464e-21
1.294643435084874449e-21
9.493714414406049929e-22
9.986353775748405306e-22
1.123226520357488728e-21
1.146198017973123551e-21
1.003945194453631697e-21
1.308501796028847497e-21
1.100845647607732470e-21
1.322031091180514944e-21
1.032364562947597201e-21
1.385251946394716325e-21
1.080325804112392230e-21
1.123880788885491672e-21
1.477960566814416621e-21
1.056221142174189809e-21
1.476249736223558961e-21
1.288409557304708014e-21
1.427713066719283062e-21
1.527320130161125546e-21
1.317239436336908559e-21
1.368633569660934494e-21
1.336669702132288061e-21
1.234159611097992284e-21
1.272087899170816453e-21
1.404162480725094931e-21
1.314672001667901095e-21
1.185189885326846540e-21
1.454013421794297438e-21
1.289824010970180598e-21
1.437776684542277872e-21
1.277959503112343832e-21
1.394110759788616125e-21
1.213389048395684689e-21
1.331114195321411613e-21
1.126555352168630275e-21
1.165292576367106879e-21
1.190964387738928789e-21
9.094521665965841765e-22
9.923210475497019296e-22
1.186218095818195462e-21
1.171913632011080340e-21
1.096315398774350891e-21
8.888951541955855994e-22
1.116961147738462254e-21
1.369273764634797876e-21
9.698159681663498614e-22
1.092966556001195793e-21
9.498233456945120085e-22
1.083549585909926221e-21
1.254337423315430094e-21
9.453130822975051446e-22
1.153740550717051350e-21
1.002655962708104993e-21
9.694483645503487088e-22
1.010314554979189683e-21
1.044908480140788224e-21
1.098559061657427366e-21
8.174030863777573523e-22
1.090543160356044385e-21
8.071153462805404414e-22
8.865457122155125076e-22
6.250337852008444841e-22
1.028183192466659711e-21
6.015342003158099172e-22
7.296463040162930509e-22
8.404543493931961166e-22
4.821756292177734679e-22
6.122419562213799864e-22
7.058607151179096410e-22
4.657207557733680116e-22
8.231295665702499839e-22
6.529726196405519027e-22
4.131866211837318774e-22
4.236549536199697459e-22
4.209767518190750003e-22
5.321899900436860378e-22
3.030435743318641798e-22
1.658283143154152602e-22
4.204824392244224037e-22
1.557583810806846566e-22
2.342967495188481659e-22
9.703762384698822682e-23
2.774890849089713821e-22
2.998906662417799652e-22
2.744982079386448669e-22
3.060255549571871486e-22
-8.013102418629759295e-23
9.791269762201117027e-23
-5.431217062774540904e-23
-1.249045853574170196e-22
1.246478301495848269e-22
-2.388399410985718832e-22
-7.746144313012882244e-23
-3.299794869424455757e-22
-1.629956701380864208e-22
-4.007038639621171061e-22
-3.285982030470460635e-22
-3.656202078889754973e-22
-8.314939346814020137e-23
-4.983673638122269954e-22
-4.963416012236717327e-22
-4.407656983861011798e-22
-3.085139144701186357e-22
-4.930883162210009193e-22
-5.049395807899184242e-22
-4.526932050776950555e-22
-4.482994859025810826e-22
-6.666914181725405005e-22
-6.647324444597374757e-22
-4.596578638857558229e-22
-6.338154677685740465e-22
-9.009017071248408744e-22
-8.521411263569859992e-22
-7.651856919802152562e-22
-9.800492106541181209e-22
-7.317976970801651276e-22
-6.723767178675557774e-22
-8.019892513117283403e-22
-1.010757405847679441e-21
-8.782613016474275083e-22
-1.124637308608542980e-21
-1.085292763679557647e-21
-9.406811076559267902e-22
-1.045684050370887457e-21
-1.132118086348221844e-21
-9.650614997582257591e-22
-8.819703393983424425e-22
-1.007415050704659539e-21
-1.251405180250558303e-21
-1.067037541906246337e-21
-1.249352130821035846e-21
-1.132247836948056417e-21
-1.274654329291489670e-21
-1.427144000467154261e-21
-1.245312706163513386e-21
-1.206183763331319785e-21
-9.485657080047896293e-22
-1.292035699913182818e-21
-1.325034496014990184e-21
-1.138065837534260486e-21
-1.048334678841942740e-21
-1.218879956768225473e-21
-1.095867095796428266e-21
-1.312852055026218872e-21
-1.325040406618653674e-21
-1.230135502843545752e-21
-1.296586193428917299e-21
-1.260141685195884352e-21
-1.335779504547306397e-21
-1.201681241676016475e-21
-1.224066533410463378e-21
-1.445141641088886250e-21
-1.223702105539525064e-21
-1.326461993525825437e-21
-1.374349257305597301e-21
-1.496935345579083246e-21
-1.197000569114970945e-21
-1.468326370492448758e-21
-1.385656967374986412e-21
-1.313317140998819228e-21
-1.196337790269062892e-21
-1.245953149213236249e-21
-1.426633596810010494e-21
-1.327047360626052502e-21
-1.420119486730565680e-21
-1.015876156514482062e-21
-1.261767812083031261e-21
-1.088804844125367519e-21
-1.344867924462751079e-21
-1.185329751747152574e-21
-1.321444635880185950e-21
-1.189086909838369798e-21
-1.114249108441860035e-21
-1.062589948615810475e-21
-1.239959203497009999e-21
-1.090386508723659986e-21
-9.695462305910345532e-22
-7.996104255283613590e-22
-8.988652908941517708e-22
-1.142917468802540107e-21
-8.077756862725540490e-22
-9.237607157029848378e-22
-1.036986064180378384e-21
-9.449701723178709927e-22
-9.797903954170837837e-22
-7.328228725526888036e-22
-8.088423706446306712e-22
-6.762773613011215692e-22
-8.165195005883327664e-22
-8.062958338693560443e-22
-8.237758356859106935e-22
-5.703415849974253002e-22
-6.681168003661675388e-22
-7.770579554660663211e-22
-6.347829315041897129e-22
-7.011699285492014810e-22
-5.869456292778456408e-22
-5.004345380137564269e-22
-4.851993079682085402e-22
-5.742656639978510722e-22
-4.421119546617543849e-22
-3.610792930255715416e-22
-2.461304261380264164e-22
-4.654962851725774305e-22
-1.017317985913435953e-22
-4.215101773110409635e-22
-2.204079119763261203e-22
-3.882911296592287232e-23
-2.931487123360358770e-23
-1.153759012775506291e-22
3.940059549029446953e-23
-1.062898050763227802e-22
8.974387525397923623e-23
-1.159831886491407447e-22
1.712678601309503063e-22
3.963518156704718807e-22
1.575624331410361915e-22
3.445190520524923398e-22
1.563821214529766651e-22
2.663280726158125103e-22
3.375051206386902599e-22
2.717856394462819470e-22
2.536892240691525807e-22
3.712166501747624165e-22
3.295706977247804491e-22
4.687804679751035824e-22
5.429473534414451632e-22
6.519347585515158819e-22
4.170144191942987652e-22
6.965200942259633361e-22
7.321615277495580586e-22
4.051180541862824642e-22
7.041485486351904981e-22
6.363069213382060520e-22
7.290924613024072513e-22
5.601277040342226988e-22
5.884324638861915250e-22
7.121458188015121650e-22
9.014721698077818734e-22
7.933052381086914300e-22
7.634637833636650935e-22
7.799898401722191713e-22
7.720120368249570859e-22
1.038533508373721895e-21
9.026081189254914545e-22
1.103265382883429444e-21
9.032016706237763765e-22
1.073720941828865965e-21
1.031814074912035128e-21
9.276971971955366052e-22
1.081343195070151462e-21
1.196245012110949448e-21
1.225446117484120466e-21
9.296478515089295461e-22
1.102432098712757925e-21
1.226145356460227350e-21
1.395371175543137929e-21
1.017771712476931640e-21
1.383550667670751525e-21
1.236608203363733392e-21
1.148072125386102002e-21
1.332261333899980742e-21
1.327231372317276186e-21
1.516317353546825457e-21
1.404143907202733990e-21
1.309752109020637223e-21
1.518058063263605225e-21
1.387818130726111077e-21
1.138848755964215556e-21
1.530710075622627001e-21
1.225708327322646465e-21
1.389623647681509365e-21
1.538211085215493978e-21
1.190699083431531353e-21
1.468714238114273151e-21
1.581273114900677466e-21
1.322402009163685401e-21
1.448979048410548708e-21
1.556890060725243399e-21
1.296442456056859145e-21
1.585688022135550231e-21
1.502755057469963949e-21
1.123414259836169464e-21
1.500389924372578109e-21
1.382248467416562903e-21
1.231404900696823081e-21
1.395339571232101587e-21
1.185597531896010194e-21
1.098357470187821155e-21
1.271262462249751153e-21
9.215985838943665515e-22
1.107138434892453660e-21
1.080026531744709667e-21
8.400726261338062710e-22
9.998425240281607840e-22
1.004402979025941038e-21
1.154640607832122893e-21
8.914716432511829974e-22
1.348561163161797301e-21
9.821109352655439581e-22
8.443738821947633876e-22
9.811561174419477523e-22
1.138511590877122010e-21
6.657420357702163870e-22
9.193603924960799784e-22
1.039668547477681889e-21
8.340056090219303457e-22
8.361716974146776733e-22
6.779899398186875266e-22
1.220984969801507240e-21
5.696777136503534295e-22
6.827317526907782366e-22
7.463926735775773878e-22
5.679630009880698272e-22
7.530879342954352061e-22
4.955371745858461671e-22
6.708454736124938555e-22
4.738791770458700256e-22
5.365279831504449090e-22
5.219691493822250595e-22
5.436603313513402390e-22
2.075547870671888925e-22
3.351671010045402500e-22
1.028352200844022650e-22
5.400327797097361009e-22
1.995370813872865656e-22
3.354477110899231151e-22
2.656842898628287025e-22
-7.828001787581044566e-23
3.011906474613508122e-22
-6.016778162136796605e-23
7.093021054146888379e-23
1.598372148524311158e-22
7.695087797115211277e-23
-8.275910921233333944e-23
-1.007800999473050144e-22
-4.039777952685239938e-23
-8.557461509688983843e-23
-1.416905591638711309e-22
-2.432419600419954852e-22
-1.155359692292050480e-22
-3.251473068180921102e-22
-3.786583472747047829e-22
-1.612908281543521669e-22
-3.121740197017480770e-22
-4.401718046362179302e-22
-3.288452762123689025e-22
-4.467660458482389540e-22
-7.122479794404239925e-22
-5.398630436871306286e-22
-5.466729366785869641e-22
-7.430961607938238077e-22
-6.560823633097739670e-22
-7.197156644049717754e-22
-9.316981034564332734e-22
-9.064890034756203676e-22
-9.776027635786495179e-22
-8.531180959827349371e-22
-8.881725100027037115e-22
-1.121282334111297210e-21
-7.607870319714765582e-22
-1.116688366867234899e-21
-1.123480737012606808e-21
-7.976822215275441237e-22
-1.113737931425240122e-21
-8.207436479986006149e-22
-9.613188497268445102e-22
-1.415946380713622956e-21
-9.611364186700783179e-22
-1.433047855786264674e-21
-1.291974285560970205e-21
-1.240322564255203549e-21
-1.412422249891576619e-21
-1.221826504582104617e-21
-1.189725046606674445e-21
-1.533444102807052964e-21
-1.095264101414799665e-21
-1.419368695227887509e-21
-1.226668422040756623e-21
-1.273518941567324399e-21
-1.410923784210795625e-21
-1.243854832480982202e-21
-1.639946157432332728e-21
-1.429403679660216503e-21
-1.462182343074872471e-21
-1.172230654904244476e-21
-1.270755157449599612e-21
-1.325186430412584251e-21
-1.410444336489700815e-21
-1.232889452730311890e-21
-1.389997899760157651e-21
-1.245722453142550743e-21
-1.390020523374967609e-21
-1.269142826988608264e-21
-1.230295505298348219e-21
-1.156367698485855798e-21
-1.391108833510214209e-21
-1.363151307598103327e-21
-1.226482958766472232e-21
-1.234136438082623080e-21
-1.221743321487676593e-21
-1.403124318868750918e-21
-1.208122995318371687e-21
-1.245952113347812961e-21
-1.177895884907176194e-21
-1.201504772929785896e-21
-1.099492386677272377e-21
-1.335829017888977053e-21
-1.128040160576144894e-21
-1.350578689246210428e-21
-1.297135142392701816e-21
-1.186271672216401660e-21
-1.436210415044844807e-21
-1.191015559135558030e-21
-1.228214386806913273e-21
-1.092082609344519204e-21
-1.005586619433944890e-21
-1.416051722739410312e-21
-9.860876900112968355e-22
-1.203400104889189199e-21
-8.326081570776613771e-22
-6.786878387235277441e-22
-9.121282818328738129e-22
-8.096351284047572565e-22
-9.760794513317152904e-22
-1.029972662439340106e-21
-7.688693590970496832e-22
-6.824632496509463658e-22
-6.314889376406937880e-22
-7.778922583547788158e-22
-6.942145883962240807e-22
-7.126076406543553137e-22
-5.698150792270123115e-22
-5.578786673879071279e-22
-7.114792782383318644e-22
-4.798444145785907876e-22
-5.335179916302814250e-22
-4.757233543833538791e-22
-1.093542405381703786e-22
-4.540287626437422178e-22
-4.592479166049503762e-22
3.983486913432614615e-23
-4.140659768710211316e-22
-1.090955291873219989e-22
-2.506242910016323636e-22
-1.739075511193218607e-22
-2.424517279207168032e-22
-1.528817262954558447e-22
5.026336332558495085e-24
1.718572367182312952e-23
1.201766077036401574e-22
2.728669427149678660e-22
1.040285898214347032e-22
2.146656953624316823e-22
3.991216128152558195e-22
2.007510875065259477e-22
5.306135963653325070e-22
3.303317465929911774e-22
3.068726756053391660e-22
2.743832539895692734e-22
4.584196876628755932e-22
5.759381336052153469e-22
7.317310769706595090e-22
7.655866515104204416e-22
7.904007452952723389e-22
6.522359153232758066e-22
7.520229534328800358e-22
7.129448657773215635e-22
9.340230843895352245e-22
8.618393674381984790e-22
9.010837260562265923e-22
9.064334608840295218e-22
1.058654321245177295e-21
8.291708289415545525e-22
1.089558603857491850e-21
9.248020883692809686e-22
1.042933354706724000e-21
9.401064794754414964e-22
9.272877695636231773e-22
8.136836857566809933e-22
1.163060519232914469e-21
8.547143877133009152e-22
1.060776412987431292e-21
1.102749705424429654e-21
1.377749008769274141e-21
1.283797115810418036e-21
1.300278688807565415e-21
1.238003010217861298e-21
1.022092890885608617e-21
1.286242801155594537e-21
1.530087649194830129e-21
1.047172330176391084e-21
1.255017856497705319e-21
1.147275875472502710e-21
1.288590041264465110e-21
1.534347590381592491e-21
1.222262174512055036e-21
1.681637706255350965e-21
1.531852733440156724e-21
1.445507097308894728e-21
1.324851002716613841e-21
1.438012518398344935e-21
1.392815017308466246e-21
1.303556403126548759e-21
1.269948957875696979e-21
1.526628995425696642e-21
1.261241013390399146e-21
1.557911074991941746e-21
1.333250581380061858e-21
1.349151897478699853e-21
1.166480445067523750e-21
1.354508287049073884e-21
1.404240889237630213e-21
1.447319369293779848e-21
1.614742610460933111e-21
1.269281935729626249e-21
1.600709306550095913e-21
1.146011122386372986e-21
1.456211848029685236e-21
1.298107383442006057e-21
1.312619625707841243e-21
1.118146079286277479e-21
1.396284952051952177e-21
1.303581191533164656e-21
9.146627805435497657e-22
1.574144637947103189e-21
1.133865439829981175e-21
1.373188558926462050e-21
1.108697146785943604e-21
1.241368611175088569e-21
1.068312073600179024e-21
1.194941753166104699e-21
9.914266216488304611e-22
1.152478076823238036e-21
8.060390682785487949e-22
6.273548461072584642e-22
1.172652040947995381e-21
7.573899390816752734e-22
8.935964356593213519e-22
8.384877767805421784e-22
9.055912564033388783e-22
7.199588021124827110e-22
4.241480974811572305e-22
5.420808392307917385e-22
6.877598235955219990e-22
5.317921575285863728e-22
5.209004260499368751e-22
4.149731269384939157e-22
2.980088066333445546e-22
3.791753971918150596e-22
5.033804082091808317e-22
3.657017810043146453e-23
4.434725471415440724e-22
2.294870936353966594e-22
1.325005530886455169e-22
-1.477324678801389550e-23
1.602968066735387668e-22
6.398976902898351316e-23
4.817400207367758384e-23
-1.803253752420547881e-24
-2.925604457199752533e-23
-7.547362868899086109e-23
-2.548156787233479867e-22
-1.539195034001670749e-22
-2.253978762685363783e-22
-3.051343366005949215e-22
-2.096477213121509261e-22
-4.261397003630606916e-22
-4.720480304187418639e-23
-5.260276852612760539e-22
-4.373814260557551123e-22
-6.211353460501328500e-22
-6.160179456966592375e-22
-6.439908500102217113e-22
-5.916556701184152936e-22
-6.995110346052567608e-22
-5.988440040446207167e-22
-9.019492026208161936e-22
-9.508251525772734311e-22
-8.540594196987052286e-22
-7.194052686186955727e-22
-9.444690056161934327e-22
-8.024174146309069307e-22
-9.078453355421076848e-22
-8.798640444788572524e-22
-1.182492988963458435e-21
-9.607992516458182305e-22
-1.176337942575132626e-21
-1.092588450945065660e-21
-1.005102424800854163e-21
-1.256324834486633496e-21
-8.716623714189277355e-22
-1.271248321688372591e-21
-9.223658155100261267e-22
-1.312208247577575973e-21
-1.146441244946800356e-21
-9.010013491584069741e-22
-1.298112300676706181e-21
-1.141189013589385491e-21
-1.358762577936808301e-21
-1.210601420444721734e-21
-1.397015796007373910e-21
-1.202232913704780611e-21
-1.654912281400784131e-21
-1.377638126475089375e-21
-1.501379511497846079e-21
-1.591571066361246106e-21
-1.445997401955942432e-21
-1.667725342413158705e-21
-1.703630766100817919e-21
-1.370926630742587487e-21
-1.612602817470317199e-21
-1.514437885029069573e-21
-1.531211927113013786e-21
-1.461459370351583547e-21
-1.455995338322705427e-21
-1.426280163340901356e-21
-1.327670302166487252e-21
-1.708958910584213602e-21
-1.381688685222357297e-21
-1.610735452632845110e-21
-1.557910745455537240e-21
-1.114866669822244042e-21
-1.671023769124057923e-21
-1.269196367495686942e-21
-1.422467217384611210e-21
-1.360600703627806087e-21
-1.323257847088008526e-21
-1.134615299329295041e-21
-1.589887427923358153e-21
-1.334660478544413147e-21
-1.262647342350357705e-21
-1.280583693431093461e-21
-1.180407851404638179e-21
-1.205232365938638680e-21
-1.122593013299003250e-21
-1.112199169172156932e-21
-1.099008302183841824e-21
-1.150950777422030196e-21
-9.137850752209643238e-22
-1.187231025595546551e-21
-8.321934063110377547e-22
-7.892538286656868013e-22
-7.729887201103339567e-22
-9.781385564506076485e-22
-7.330389817112277588e-22
-9.548683324340164754e-22
-8.150790765268424625e-22
-8.741411559753304259e-22
-6.410908623515841849e-22
-7.460361131836075932e-22
-9.131991982278846784e-22
-3.810427551501844634e-22
-5.625569105571921854e-22
-3.356367547948761669e-22
-3.367636172176429495e-22
-3.828983931194343646e-22
-2.621591963286178648e-22
-1.743193839751530538e-22
-2.639843116597629089e-22
-2.433338481810273170e-22
-2.570800954311058127e-22
5.084491253086292570e-23
-8.743862795192134149e-23
-3.694727620753590335e-23
6.250844273398340834e-23
-2.337480958447761227e-24
-1.208427293318332062e-23
2.211476194712723818e-22
7.821640424819713653e-23
1.579036445757499294e-22
2.416716938653828262e-22
2.813789335647844099e-22
5.364570389806459463e-22
3.175779885787505050e-22
4.875395877561778361e-22
4.577220518831853568e-22
4.001987453263039272e-22
6.121849568336382806e-22
7.194984908673405114e-22
8.189531863539596492e-22
6.513612886575622307e-22
5.891024661020052272e-22
8.661442713905232737e-22
8.562482135158131289e-22
9.093769093503762531e-22
6.144198419000513441e-22
9.335126137822598537e-22
8.493949067725965667e-22
1.041295758184974453e-21
1.380909822313319892e-21
1.025378682983345717e-21
8.363407776317787367e-22
1.153571824328776204e-21
1.195922572986712780e-21
1.160115463398399316e-21
1.226893849516295015e-21
1.248180224212826092e-21
1.400226817397157284e-21
1.343857888026103914e-21
1.457799885080729872e-21
1.351504103068069769e-21
1.173382381475738136e-21
1.428810239072172050e-21
1.410915571255442880e-21
1.523080868250623100e-21
1.253900154280931403e-21
1.296734884905790903e-21
1.586871677247204670e-21
1.291671213277330021e-21
1.605121148513234129e-21
1.579741047022196277e-21
1.190783525151395762e-21
1.586123153069323905e-21
1.630358714978632064e-21
1.551019277031486875e-21
1.339637449193883253e-21
1.465295012546608820e-21
1.511566832514551388e-21
1.614049651647956232e-21
1.589157160082581860e-21
1.647752444908698828e-21
1.547984004467488314e-21
1.611335524866983914e-21
1.587842458995552716e-21
1.392404426683095599e-21
1.580146716519481679e-21
1.537882154800085584e-21
1.428948519963305750e-21
1.628559405566058946e-21
1.280141733191066619e-21
1.305647961970757274e-21
1.425274226553056563e-21
1.129767853168985716e-21
1.350632212595659210e-21
1.424540067241335930e-21
1.035853202222674658e-21
1.331712529280534712e-21
1.208858541311421516e-21
1.171925876898031724e-21
1.274607856845406391e-21
1.004724108878028746e-21
8.199810912581614345e-22
1.080066615244084834e-21
8.837584990760179380e-22
1.263031751426554803e-21
5.848031459517771466e-22
7.913423932820093776e-22
8.115036332123161590e-22
8.249507990478480883e-22
7.219629713824175845e-22
6.027907362536135933e-22
5.381195042796295902e-22
7.591644356470050379e-22
8.451003053750395967e-22
2.934703846095987558e-22
5.944975391689361351e-22
2.475036817077421745e-22
6.892603804867117336e-22
2.804794194918661239e-22
1.630299775536303135e-22
3.257491608303819433e-22
3.624625026359646852e-23
-7.917429434402718071e-23
-3.971492140742844518e-25
1.814231031362668677e-22
-1.022649066961881944e-22
1.027990933629789588e-22
-7.493478381409873979e-23
-1.863077000139042909e-22
2.932887391262323574e-23
-2.497801468479903051e-22
-2.659536883190078998e-22
-4.321653875279924439e-22
-3.799865003587804847e-22
-3.730006059299596709e-22
-6.354561296469332541e-22
-4.481278242794664302e-22
-7.948481385009610067e-22
-5.719408252786066004e-22
-9.507462654717783499e-22
-7.488700406779666255e-22
-1.105763623146038675e-21
-6.064953252881524605e-22
-7.904869047937836324e-22
-8.170369901810521021e-22
-9.274858644890372047e-22
-1.006048410902290230e-21
-1.062376545933337069e-21
-1.052914304075565757e-21
-1.198785920676292371e-21
-1.105224888725720031e-21
-1.349080330057319426e-21
-1.242571161217859711e-21
-1.206386166313187189e-21
-1.380968110155789497e-21
-1.230024980190885627e-21
-1.190673914045740246e-21
-1.233625828268677870e-21
-1.394318730998119774e-21
-1.266487146832322122e-21
-1.140630276719557762e-21
-1.375091278091008216e-21
-1.379110802804584732e-21
-1.300462860896257537e-21
-1.407472881402706008e-21
-1.484425852947538797e-21
-1.672545100512418904e-21
-1.502069182163270874e-21
-1.638276147645128064e-21
-1.938800456251535123e-21
-1.636206297863032674e-21
-1.603630414629274178e-21
-1.415838199972449891e-21
-1.678231871549311347e-21
-1.571393371294539768e-21
-1.615262612172105198e-21
-1.558679259300833420e-21
-1.804508834590460437e-21
-1.684560703148561293e-21
-1.614702305209427996e-21
-1.896529840307526118e-21
-1.346456462762917659e-21
-1.404026186608075133e-21
-1.523921371242320567e-21
-1.545748201034902746e-21
-1.469903540639636189e-21
-1.488371607018339055e-21
-1.295704692522859346e-21
-1.481328903612008210e-21
-1.254498712487397467e-21
-1.311176182168582939e-21
-1.427493763981104300e-21
-1.415804232324032782e-21
-1.323495747057479917e-21
-1.131686423175798455e-21
-1.069476265033100175e-21
-1.215236961521682343e-21
-1.209676557350264933e-21
-1.025771963025407883e-21
-1.020134332101624989e-21
-1.090999781376681699e-21
-9.056550697190354544e-22
-9.812813861359259622e-22
-7.291286413036408634e-22
-6.989018315243907678e-22
-9.755966508720939580e-22
-7.702519201643039362e-22
-6.453701295291232122e-22
-7.353762899952911971e-22
-6.480125137711695330e-22
-3.721999701079962381e-22
-6.329634355638377165e-22
-3.467112798674027988e-22
-7.867098215763601741e-22
-2.824840397335447659e-23
-9.194565685844240324e-23
-1.792339699609239672e-22
-1.608054120446415343e-22
-4.963844532225880443e-23
-9.565364690489391212e-23
-8.168133640388369569e-23
2.410745388481858170e-22
2.263752392934033348e-22
2.458761095527657683e-22
3.035485467836526908e-23
3.192926508155104010e-22
2.669791191291290488e-22
3.159354219096350999e-22
6.141678522107801786e-22
4.980716984223187145e-22
4.439761666433854973e-22
7.134893191524194901e-22
5.126293932755823445e-22
9.322409414838962880e-22
6.381564547432580362e-22
7.787839368157733741e-22
7.108374616673920513e-22
9.404973459082145308e-22
1.284741738962987171e-21
1.048069082716949127e-21
1.182325683581330270e-21
1.046996059048409844e-21
1.148557013382645931e-21
1.366705173792726894e-21
1.060905506239751164e-21
1.373671603895278029e-21
1.464533106673569547e-21
1.388665718638340321e-21
1.221917092947638286e-21
1.364174431400540195e-21
1.463367276409416728e-21
1.267809766279550854e-21
1.216064318255249028e-21
1.428434719023818533e-21
1.371752314010391111e-21
1.343758018644967865e-21
1.529355421945614683e-21
1.629934071057142741e-21
1.655802213105883547e-21
1.797839917897040614e-21
1.306054217415386714e-21
1.680203705261736676e-21
1.422939708371392326e-21
1.678141383237764595e-21
1.609776853914170756e-21
1.496649283796757697e-21
1.746089406606934809e-21
1.629043930333300392e-21
1.816011365816370241e-21
1.753055743051623526e-21
1.808145733327974870e-21
1.622215837978723349e-21
1.607032101099729317e-21
1.598453168688733294e-21
1.748140254831998152e-21
1.676777200652812921e-21
1.584210646184684568e-21
1.654785578703593497e-21
1.429575780573967695e-21
1.719723641285832320e-21
1.484576023362883254e-21
1.630108254234636705e-21
1.243086552883721339e-21
1.469556983007272690e-21
1.431784283533698475e-21
1.392454746695352792e-21
1.264002402471852995e-21
1.109649437352586599e-21
1.036736180622546109e-21
1.292766150124855239e-21
1.001957211001027992e-21
8.665776097398749708e-22
1.220821027234215337e-21
9.303860974639782802e-22
7.406758421897487570e-22
8.054239916169593423e-22
6.402702543000833837e-22
9.363503993317419627e-22
5.742428932762705906e-22
8.031091440608131979e-22
4.112958648331949420e-22
3.415478187621182950e-22
1.990490537198407228e-22
3.976109273438174328e-22
2.934260521341702626e-22
2.293083171535828299e-22
1.641288247670517852e-22
-1.612474911625416148e-22
6.779349740564909751e-23
6.482165262055728987e-23
-1.660242589602913072e-22
-2.940230081617191725e-22
-3.371082426398011027e-22
-3.880754940847246806e-22
-1.691086131582773044e-22
-5.381101953551407231e-22
-3.906613196382759034e-22
-4.571800913975768615e-22
-3.964318042428577663e-22
-5.540609820802774438e-22
-5.325788319411209596e-22
-6.999452596266348051e-22
-6.385594991438566288e-22
-7.883873984888067242e-22
-8.550547599918828799e-22
-1.044400975299631420e-21
-8.717413800850222867e-22
-1.261336884959826556e-21
-1.279124507379789929e-21
-1.227806626210669254e-21
-1.117945403242384997e-21
-1.236187261520754569e-21
-1.223749610591354387e-21
-1.236236166832560098e-21
-1.514325062188631697e-21
-1.500411935713330056e-21
-1.798069866692393445e-21
-1.468258843407766234e-21
-1.405642639047575154e-21
-1.694183883068048216e-21
-1.672822310053860223e-21
-1.728468137472083879e-21
-1.855858016597682014e-21
-1.518771756686489996e-21
-1.673988520650593384e-21
-1.757009669736330840e-21
-1.963519231191972517e-21
-1.924183942296405276e-21
-1.759218261125039849e-21
-1.773894517547284306e-21
-1.647844613698118889e-21
-1.813278983479279297e-21
-1.525361913650185702e-21
-1.608983649423847106e-21
-1.722980519833907983e-21
-1.832637729495863542e-21
-1.735356116901734709e-21
-1.674175156422702785e-21
-1.426717601779166153e-21
-1.881198899356142904e-21
-1.572415006724939616e-21
-1.600367082217285812e-21
-1.574351869579129070e-21
-1.506952461005556344e-21
-1.620581557588324840e-21
-1.344223998006148108e-21
-1.774041886872149698e-21
-1.299576722631334478e-21
-1.540724946768772376e-21
-1.255803557237273170e-21
-1.222144099217234134e-21
-1.249691584062507831e-21
-1.241501698192025448e-21
-1.016775515737160470e-21
-1.158467943436191978e-21
-1.294317686961088457e-21
-9.838039836527435893e-22
-1.051886497598580401e-21
-7.478633034086127357e-22
-7.938304359343727676e-22
-7.953719714726820922e-22
-7.083602057989865995e-22
-7.482419763352927434e-22
-5.662411065979866889e-22
-3.473120845934320278e-22
-3.670890963211260488e-22
-3.672921649837645890e-22
-4.099088243162523126e-22
-3.247307171099123260e-22
-1.409056058775221747e-22
-1.581294185073886323e-22
4.138335945792410097e-23
5.101429966851358747e-23
1.766156186766507540e-22
3.071292793819073462e-22
1.481308733876780117e-22
3.181161178078062595e-22
6.124846930967232544e-22
4.840254013568053497e-22
6.885714144373491150e-22
6.772987844653024016e-22
7.561344468773494314e-22
6.254441309078117175e-22
9.123075120418558088e-22
7.644633636544344837e-22
1.031092750180122360e-21
1.213947261938710165e-21
1.238357710662008271e-21
1.052547207908693640e-21
1.329142276649678244e-21
1.582573950348942460e-21
1.419555440438173590e-21
1.292196274895727827e-21
1.803095661613239717e-21
1.375888569952189596e-21
1.705685857181398438e-21
1.729797274705891341e-21
1.898749394025288312e-21
1.705626749938883879e-21
1.681913998601291312e-21
1.668516256327737520e-21
1.841071807730496238e-21
1.880967531448511757e-21
1.826925148899516258e-21
2.100149456663736875e-21
2.034416336357887441e-21
1.960283301395953537e-21
1.735191367915882822e-21
1.869477099247145521e-21
1.781820821232224390e-21
1.871938470231278331e-21
1.705622548144292047e-21
2.028908928615585378e-21
1.952969196850884846e-21
1.785254867391161226e-21
1.720670055217982195e-21
1.651200381272861780e-21
1.729245587796959309e-21
1.799464912635111877e-21
1.700352858310405245e-21
1.431912093484566558e-21
1.631140927485438715e-21
1.639675209144386401e-21
1.686734528636473343e-21
1.557269999829037650e-21
1.225978087987062625e-21
1.587780271063660386e-21
1.289394768057696212e-21
1.332972593826154070e-21
9.818479517051831713e-22
1.216770993227828183e-21
1.111051192614854259e-21
1.102661953615673833e-21
1.062819504818797922e-21
8.796103000892487323e-22
8.348144272839009120e-22
9.252837748327337013e-22
7.834014908529538869e-22
7.698041252339737985e-22
6.213010324466000152e-22
4.616036560556040752e-22
2.992833968441496271e-22
2.060067097540340755e-22
3.132973533574913041e-22
-9.047721851541837875e-23
7.418661464428548466e-23
-4.314296798923316923e-22
-3.990338707221648277e-22
-4.472764126783961875e-22
-5.149036785837615500e-22
-5.068661339535851041e-22
-3.895258084545743298e-22
-3.608363678239342848e-22
-9.402460192047371264e-22
-7.755160145767669229e-22
-8.410655343890210023e-22
-1.081575314022709188e-21
-1.229112857369883568e-21
-1.126296458275897230e-21
-1.256329199568267647e-21
-1.404249394479440572e-21
-1.349888549356122537e-21
-1.473776870512212911e-21
-1.463266829039997491e-21
-1.575402477691180315e-21
-1.498344900732969858e-21
-2.045327626621330587e-21
-1.582537352625303428e-21
-1.775605096205582005e-21
-1.581967139158429613e-21
-1.773441695217286981e-21
-2.071399245950315584e-21
-1.926457778134014332e-21
-1.928396104336888638e-21
-2.086931519616919312e-21
-2.092810687247752161e-21
-2.205474707971413809e-21
-1.868088072321801363e-21
-2.104569871080764593e-21
-2.242848956796536062e-21
-1.968499178557802455e-21
-1.920334658185723696e-21
-2.104432092149157487e-21
-2.169203059330323228e-21
-1.797133479277976241e-21
-1.748050092648358821e-21
-2.029727463304130302e-21
-2.002899948240474004e-21
-1.906312868778887531e-21
-1.778845180057044828e-21
-2.040851053520226313e-21
-1.655778713800377042e-21
-1.852320403845339801e-21
-1.554786559854248782e-21
-1.814041882631092744e-21
-1.513839537998600885e-21
-1.352750102393026053e-21
-1.341926027789771280e-21
-9.221615990647655773e-22
-1.080050414104123113e-21
-1.087346391688807914e-21
-1.003128907984274321e-21
-7.367214983761944669e-22
-8.173645421810888033e-22
-5.639562752605883033e-22
-4.492819028171008978e-22
-2.825501803432941190e-22
-2.916904091911455757e-22
-2.703322233560606711e-22
-2.110084569275776221e-22
1.048122581972144980e-22
2.763995687790671992e-22
1.011675627093911186e-22
4.942006176379502268e-22
7.547064390037385472e-22
5.680418822028311330e-22
6.998906760309607940e-22
9.534713691738234779e-22
8.452939151863332247e-22
1.198975161722949090e-21
1.204522430788561013e-21
1.252558590946964580e-21
1.707695263971537013e-21
1.487962205880441975e-21
1.744513530351227774e-21
1.800942031288331400e-21
1.919300073269947875e-21
2.018651634703966485e-21
1.917353510119365411e-21
1.959299507943383871e-21
1.806671141189854449e-21
2.226346762827946674e-21
2.138850967054156820e-21
2.222930991152193331e-21
2.313079404217269559e-21
2.103514473543333776e-21
2.209606921864966780e-21
2.114463044110705699e-21
2.147842096618936803e-21
2.368149716074215469e-21
2.279726239817867881e-21
2.241278512093914649e-21
2.349441858468753355e-21
2.069558651230044673e-21
2.451629230458811020e-21
2.001193400588051514e-21
2.141922517446331333e-21
2.287271878888695085e-21
1.923662584881697592e-21
1.612408133899337195e-21
1.901717178570330969e-21
1.442548519066610367e-21
1.717936173079002620e-21
1.482085742947619664e-21
1.067239597982600945e-21
1.325320629318677607e-21
1.119562197876373052e-21
1.025703376643205321e-21
9.015363054461030170e-22
9.687572871705183115e-22
6.116528010602056329e-22
2.545327580867459258e-22
4.122021688829893699e-22
-4.421312431538050734e-23
-1.559421347986997657e-22
-1.652616889441335380e-22
-4.348478220401960028e-22
-6.645036223038234756e-22
-6.383688584569431975e-22
-8.954392560936993466e-22
-9.786604482974264922e-22
-1.116666717462054408e-21
-1.266447432277220100e-21
-1.196322433650955819e-21
-1.709350416574256116e-21
-1.726964618574099140e-21
-1.982615806858263532e-21
-2.072507080419629814e-21
-2.274832540548751255e-21
-2.413981800127181243e-21
-2.056884493413825303e-21
-2.599865515608288696e-21
-2.470529143365365970e-21
-2.582008002183577946e-21
-2.741769742921205108e-21
-2.643050040932572346e-21
-2.783585702558827689e-21
-2.713446318594845660e-21
-2.665881272260175708e-21
-2.533466568850242563e-21
-2.522967563259694747e-21
-2.626933123082969671e-21
-2.453354381830339575e-21
-2.378621956297632274e-21
-2.518243050310104293e-21
-2.182398218888718182e-21
-2.174275236132871137e-21
-1.770779620740737535e-21
-1.494268116878939182e-21
-1.600591988381753269e-21
-1.666656362740779069e-21
-9.843585217329724324e-22
-7.925687636955218672e-22
-6.726370661233944220e-22
-5.696533244369271568e-22
5.381789217497586423e-24
3.342976843431145187e-23
4.050786154587057335e-22
6.730457329290119985e-22
1.010953478166015694e-21
1.116621850480201883e-21
1.604887376743553632e-21
1.681956471286887219e-21
1.831151368791033268e-21
2.166777012422866801e-21
2.252936748836031087e-21
2.512534319993469541e-21
2.956179341595855729e-21
2.899339361928314272e-21
3.006972974578055500e-21
2.995967001932863252e-21
2.896938008926998919e-21
3.433159853250857342e-21
3.365060001286350045e-21
3.259181021065572038e-21
3.016979632057537878e-21
2.991252842177095559e-21
2.928102113068909728e-21
2.622641963074626783e-21
2.291520046651649887e-21
2.123848585402188308e-21
1.518596748251415896e-21
1.396884976768622044e-21
1.204105102069966028e-21
7.076268821032993126e-22
2.317993775092205320e-22
-1.747051749398958059e-22
-8.127720501295203437e-22
-9.965161545500696084e-22
-1.553597274460918452e-21
-1.966581991766430618e-21
-2.156346595292412067e-21
-2.766222310348443422e-21
-3.073529901548674194e-21
-3.065227340404448378e-21
-3.359910147128934938e-21
-3.414515310643628698e-21
-3.387545230946550278e-21
-3.189388363716554095e-21
-3.300035388388617893e-21
-3.197515540245330372e-21
-2.457094007959162350e-21
-2.499627881765964009e-21
-1.924814122783447954e-21
-1.537628807238903167e-21
-9.891159261984748594e-22
-4.923965633832941478e-22
7.836674005410051377e-23
2.409209072798058006e-22
1.050632702884710508e-21
1.417953875044970932e-21
1.824075673772778951e-21
2.024580073012818215e-21
2.444472125517593036e-21
2.422168824592609293e-21
2.635421994058785562e-21
2.630150528073415729e-21
2.651301240931614273e-21
2.394469769212787059e-21
2.195946004480744573e-21
2.054419923295132821e-21
1.452041934483543199e-21
1.159959436129947501e-21
9.481457641837293232e-22
2.194830719712960646e-22
2.418086840816732244e-23
-4.835855869046735635e-22
-8.636695493739802792e-22
-9.723565880372310620e-22
-1.269160090616047663e-21
-1.490815082641983536e-21
-1.321777867678116102e-21
-1.846318857786355923e-21
-1.427637146772368756e-21
-1.341448409807608551e-21
-1.352502194151503753e-21
-1.281374590879308854e-21
-9.934897437806031768e-22
-7.886899163756917344e-22
-6.478359311243663241e-22
-5.089556080791869077e-22
-2.422073131266852929e-22
2.245439629873966838e-22
3.940851220383253984e-22
4.715643882432840286e-22
5.343954033729244211e-22
8.755828989177850445e-22
9.254247980212893326e-22
7.781773671694320451e-22
1.028583067290860680e-21
7.848485143377037385e-22
8.953056907581895702e-22
6.753837674300788862e-22
5.591585027741669447e-22
4.528897308930449223e-22
3.068607232965502920e-22
3.085788118509921938e-23
3.347577336004622208e-22
-2.648731216527449981e-22
-2.092841534987148563e-22
-2.040402354006730843e-22
-3.111884419374386577e-22
-5.953276822548626074e-22
-3.213303767231668085e-22
-6.875954277978263124e-22
-4.284246294484260640e-22
-5.825623016913220387e-22
-2.567601417488613018e-22
-3.732451300704275326e-22
-3.019279905891676452e-22
-3.942618512518912264e-22
-1.734631443240865629e-22
-9.212468611441861528e-23
-5.792271826431272916e-23
2.507136907581555221e-22
9.489151171802717806e-23
2.581418584586693085e-22
4.129930680378393704e-22
2.614395787803202357e-22
2.966262593036483487e-22
3.008758881606502462e-22
2.789385809588999856e-22
2.648094253467279075e-22
2.018869675789555028e-22
1.529829851731822174e-22
5.084663872678757223e-23
1.801075872005923557e-22
-3.603456186761485596e-23
-1.227848320885287996e-22
1.042459556870077063e-22
-3.956814072018112535e-25
-3.563371650717950595e-22
-4.892576501072905185e-23
-2.418501074331962229e-22
-1.163584977009417876e-22
-2.070818410543708735e-22
-1.528575116177377176e-22
2.740701418616366170e-22
-2.945004504984051264e-22
-9.592354680128470777e-23
-4.093644491297614089e-23
-1.788670478304849914e-22
-6.308600924128302195e-23
-1.118615978593420734e-22
-3.596983172388568158e-24
4.505103872080062363e-23
-1.607899993939516249e-23
4.580973669990669887e-23
-2.456728245438238385e-22
1.337208830595063613e-22
1.018822168995271995e-22
1.549054344992395497e-22
1.677893280282621347e-24
2.904617557363197744e-22
3.244293961601988814e-23
1.758952145116338218e-22
1.919960673535877458e-22
-5.296593626563685066e-24
8.202829420942384293e-23
1.217646494213913243e-22
3.857980410026658417e-23
-1.908064506508250872e-25
-2.159498687055328272e-22
1.387410972516547833e-22
-8.764475257800232948e-23
-3.646765237189407652e-23
-2.419885322170718801e-22
5.079582781805978268e-23
-1.998496625198156253e-22
1.330516140037735927e-23
-1.127000979423880959e-22
3.427324449737122985e-23
-1.675405481622822412e-22
-1.156395994084613277e-22
4.226739703556018039e-23
1.843870208370450215e-22
-2.112219308346985208e-22
3.120307982948592642e-22
-8.311517970421565164e-23
-1.549429581525863441e-23
7.253006665488477255e-23
2.445585433192487174e-22
-1.438869109320161049e-22
2.155982555789924941e-22
1.228241772671854612e-22
3.752659072558172820e-22
-1.306554957329331856e-22
1.661308275684392853e-22
1.036123373569466636e-22
-1.903103757569291586e-22
-1.538760727327407087e-22
-7.185696385940446327e-23
5.498388813552593714e-23
-1.107197330685032887e-23
-1.172252713346418272e-22
-1.010977567022793396e-22
1.690459691216314422e-22
-1.713308485738840301e-22
-5.078682944661487197e-23
-2.682008092279187892e-22
-1.124642963257395940e-22
-9.092020230624759612e-24
-1.784020304875871592e-22
1.146100836309928258e-22
-1.902037815009269029e-22
-1.302098539410655008e-22
-1.723042328807973685e-23
-5.425836719875014235e-23
4.914834182266011869e-23
1.277849855801517371e-22
1.741267166898254877e-22
4.085011378721011648e-23
2.125002877201827130e-22
-5.761955014692902430e-23
1.665958818813919394e-22
-6.867714338824342456e-23
-1.535462824633527867e-22
-1.608820089438086071e-22
2.017934916484553298e-22
-1.466480598581217138e-23
1.532398030718744539e-22
-2.391520093998318677e-22
2.709619906950899966e-22
-8.425151205630744304e-24
1.583024701221479764e-22
-1.809652042152484354e-22
2.624957315914912390e-24
2.175599186261632107e-22
-8.215967585232896365e-23
2.425926243460168291e-22
-2.987522368593279795e-23
-1.764660726536129180e-22
3.723425906532958181e-24
1.323761642172918556e-22
-3.361169969207189811e-23
2.077102325779359650e-22
-9.933796807058045530e-23
8.460492463198687971e-23
-4.333411431047680958e-24
7.312985536925848036e-23
-2.196604543976248674e-22
-8.913082723151136466e-23
1.842781404504081428e-22
-2.127538410069935524e-22
1.952097074455955087e-22
-4.941055311302846395e-24
8.617213106503755185e-23
1.905315270029978229e-23
-1.277697359845231465e-23
3.271808802518667184e-23
-1.814975182366677280e-22
-1.224344349329127787e-22
-7.908670814580071575e-23
-9.660502010477718737e-23
-2.073570844299620665e-22
5.974779524381595858e-23
-1.784704214749980323e-22
8.353458033859052202e-23
-1.895186131814116150e-22
3.883018839719464617e-23
-1.380480034014520161e-22
-1.900134175939732098e-22
2.220801093450654958e-22
8.405893892145933283e-23
9.643135796002423872e-23
-3.668962668310588735e-23
1.486619701647422353e-22
2.237574478852041594e-22
-1.240050365282802818e-22
9.989668535586990741e-23
7.390126674352881676e-23
-3.699162410791645469e-23
3.180229311311093989e-22
-1.326161990568212559e-22
1.150763649493388243e-22
-2.711712122775413417e-22
-3.039473604051873935e-23
6.889752124157363668e-23
-2.669316815824345459e-22
-8.961432639670587557e-24
2.058803526164589275e-23
2.863751120617883100e-23
-3.797311322396308204e-23
3.838410387910714819e-23
-3.374194659423968255e-22
2.060116906038595670e-22
6.249431880592558847e-23
2.134858378539170511e-22
8.325325854061289794e-23
-7.314024293087161930e-23
9.348002331888654777e-23
6.037878026682155159e-24
-1.271453850623385299e-22
2.222040340016361070e-22
-1.246564109238117043e-22
4.704085297674555707e-23
-1.189022533259704604e-22
1.616840674614892837e-22
-2.974614168196138023e-23
6.305161383496874956e-23
2.589727888438729316e-22
-1.959080673944425008e-22
-1.322087719673542434e-23
-9.038573139645120314e-23
-1.397214685561198826e-22
6.609578776395160828e-23
-3.262157072380311586e-23
5.558699490680887743e-23
-5.886078979118741255e-23
3.288674584871537307e-22
2.818428649181976272e-23
-2.665146443029831202e-22
9.793579803914853653e-23
4.589473733642443028e-23
-1.499024405266172058e-22
6.153238240657291743e-23
-2.449594012985686874e-22
1.636250112338970911e-22
-1.301564549994643282e-22
-2.105909927509122783e-22
8.860294022735730117e-23
3.565538785308359439e-23
-1.745005293286677296e-22
1.957189589204240537e-23
1.412117336011678814e-22
2.364755965141125988e-23
-2.700980037449485685e-24
-1.229837974548826034e-23
1.201199399245246317e-22
2.756792156477600333e-24
-1.817988858896240229e-22
8.300987055755047077e-23
1.013698020459084684e-22
-1.780994472956099543e-22
2.729967559109738736e-22
-2.252492178655163207e-22
-7.284467897427791270e-23
-1.452463740563012409e-22
3.950152027325925733e-23
-3.003947699142278744e-22
-2.061507661757067898e-22
-7.025417983484090260e-23
1.322984432285657347e-22
1.911631260262169343e-22
-4.671013521214352274e-23
-1.277876529510411222e-23
7.923328391887128601e-23
-5.248297092811888288e-23
1.429673443838759295e-22
1.854995474364992390e-22
8.891402149697808808e-23
1.221455743078947161e-22
5.475412281405547259e-23
7.899042555259795879e-23
1.341776485048533915e-22
1.843784414444876213e-22
1.380085780752569005e-22
2.460829803519819602e-22
3.177939764208217703e-23
-6.031179067143185483e-23
-4.123779231590084485e-23
-6.724393111153875486e-24
-2.645025713878809469e-22
5.965968316708779159e-23
-1.499094818249945992e-22
-5.840123955543105686e-23
7.379046785320703899e-23
-1.436487571664996778e-22
-1.852359586853725850e-22
-1.696345007722415787e-22
1.894960405835537994e-24
-3.600395705160047910e-23
1.500911014567714968e-22
-2.962276376620996650e-22
-2.685067488620421996e-23
-3.434031082425762525e-23
2.017968790243595882e-22
-1.811405811467059316e-22
1.825260147674095002e-22
-2.933208870998528702e-23
-1.806273801517624397e-22
2.685107793847589957e-23
1.545953298989167262e-23
4.037659708208428504e-23
1.213029721424143008e-23
1.215786399706292218e-22
1.727769915885911727e-23
-1.345400232376953372e-22
-1.868555415392288200e-22
1.591803212324977415e-22
-2.007547985114033923e-23
-1.133785828693009561e-22
2.026465062253441071e-22
2.581788409734464550e-22
-9.130367305216301344e-23
-1.082562023821966588e-22
9.362410956970016010e-23
-1.245948913047602010e-22
1.539168783306518404e-22
6.819673158489452492e-23
-9.706290895507026587e-23
-5.130394850394984175e-23
4.629162191716424365e-24
2.019327818409933536e-23
-2.447111114978012965e-22
4.115197970580181943e-23
1.714813890741944384e-22
-3.158496765803247888e-22
-4.550229283077454668e-23
1.829769850808454544e-22
-1.294095719395072140e-22
1.843011394832298533e-23
6.057757155811342962e-24
3.310141884708988472e-23
-1.241413197752910526e-22
-5.967431186349971166e-23
1.964305754126466598e-22
2.417172703658704561e-22
9.515245009417351005e-23
2.834019943628110625e-22
-6.273413242977918072e-23
1.246451667612121859e-22
6.650671486964232580e-23
-1.260453984551827420e-22
3.369820359859403398e-23
-1.505348575315462442e-22
3.017785181391223640e-23
-2.446683616335371754e-22
1.653539745913823484e-22
-3.761430984885879536e-23
-5.315566856250588157e-24
5.523110572279495188e-23
-1.570017581204950071e-22
1.538947649580662420e-23
1.487607353530065821e-22
-2.434453389892574556e-22
2.605157358186844585e-22
-2.545119116882517947e-22
3.162294408841821695e-22
-7.532348077697683973e-23
2.651833053524776721e-22
5.126640365959456443e-24
6.542708629346652562e-24
6.016462322973093565e-24
-5.105208673356427082e-23
-3.439653147116571053e-22
-4.427089178400721754e-23
-2.799596393131558276e-22
-2.297335107615864338e-23
-3.163255370750849368e-22
-2.428269610209980485e-22
1.679926623438274073e-22
-2.008064049863298586e-22
1.469110897491485255e-22
2.274353744445561300e-23
8.141155339238239901e-23
-1.580041936266793816e-22
1.357995184144742433e-22
-2.832938633367920828e-23
1.681599444277407639e-22
1.720154850545342555e-22
2.360712828629274415e-22
-2.538194231234593287e-22
-9.526289888806833520e-24
1.286668319998612136e-22
9.513188774587627463e-25
