1.209823101578832245e-22
1.962875415221260014e-22
3.793737873827154099e-23
2.287868680086834394e-22
-6.547458772261053865e-23
1.876057865737890372e-22
-1.592445312491224893e-23
-1.456952662024968564e-22
3.459741240003287207e-23
-2.118425437031839296e-22
-3.373684453954362192e-23
-5.769539003798712317e-23
1.692919645287499803e-22
-3.347060822194087922e-23
-1.522642200002032641e-22
-1.062767757082694714e-22
4.895723905465012398e-23
-6.580586427265622242e-23
-9.273975624657117666e-23
-1.542877291298322517e-22
6.138597629837172729e-24
-1.282893044800415813e-22
-4.965002061063842229e-22
4.067524099339821229e-23
-3.428784997701611175e-22
5.265900591352998882e-23
-4.759332339872316827e-22
5.918552081676390307e-23
-2.235256962461375526e-22
-1.693522957646878856e-22
-3.164624711646473096e-22
1.952516359913310652e-22
-3.261170981533390088e-22
-1.283887889977155793e-23
-9.048261463065567115e-23
-2.642545927940353552e-22
-1.227902591100272750e-22
-4.145856351771656312e-22
-2.312423801243815196e-23
-3.296085777713616545e-22
-1.099107463348734038e-22
-2.708194783296177909e-22
-3.002592032353702123e-23
-3.172530009276775418e-23
-1.773265719639913967e-23
-1.256672514755165494e-22
1.065338759166048352e-22
-2.083657517382113323e-22
-1.127334568936798783e-22
-3.264043374032534235e-23
-7.970937631377433603e-23
-2.231034965192594456e-22
-3.228409768358289564e-22
2.589063478855270032e-23
-1.201509442792068220e-22
-1.406479531978634770e-22
-1.661767725858641361e-22
9.628499279111260994e-23
-6.549837227268846979e-23
2.492424699976979196e-23
-1.001492241297154006e-23
-2.104807425082092570e-22
2.302186739062251853e-23
-1.287422852192332225e-22
1.198717863952220352e-22
-2.001912863384852342e-22
-1.876580872348322907e-23
2.353206037086913543e-22
-4.078864591244891928e-23
-1.759022927877892467e-22
6.051739424987036774e-24
1.235497106965030309e-23
-2.853133345295038418e-22
-1.267074378271798160e-22
-1.520508818145451079e-22
7.041914902680445421e-23
1.378611385090757684e-22
-5.562603308743796780e-24
-1.724568358974144624e-23
-8.810332666305935382e-23
1.257224190547688991e-22
1.988254466279834397e-22
4.418857265111550271e-23
1.568918328559337351e-22
-1.820897892873884780e-22
1.660459396904664153e-22
-5.475974140729057905e-24
2.295082353721465495e-23
2.484261188727666006e-23
2.185444152445710749e-22
2.093021011302547385e-22
3.086398019003326875e-22
-6.247768104134946687e-23
2.918829448067699673e-22
-1.253933564535186610e-22
8.872541126469540323e-23
1.084896258976611519e-22
-6.102636968736239735e-23
1.671571291248155784e-22
-4.874674517124150772e-23
7.629003773294288742e-23
2.137145301909754470e-22
1.933308228708730239e-22
1.884097209213043532e-22
3.623808027293926255e-23
4.821305770269956546e-23
1.078378984888634854e-22
2.268715955217792667e-22
2.513567266799642340e-22
1.874579639856682514e-22
1.734063629642432266e-22
-4.553604189371946340e-23
8.520486707062252130e-23
3.862146157309419237e-22
6.265374103314456207e-23
1.307401341283705009e-22
4.555262561392935348e-23
2.724335747893945296e-22
1.573479609224872577e-22
5.645282849912520846e-23
1.295244115801579545e-22
-1.587322747339082943e-22
8.414989645418783664e-23
2.765658197974766252e-22
1.505285852726169065e-24
3.142674267616851321e-22
1.621651378366941740e-22
1.615460242064302230e-22
2.954943579602647291e-22
2.512886250243435529e-22
5.485398899999109462e-23
4.169598480257040361e-23
2.108783915445171029e-22
1.906680641763804062e-22
-1.011430063018891763e-22
2.268831897515423290e-22
4.480949435451104487e-23
1.105074454823590446e-22
-1.214334211169842041e-22
8.092364751183578053e-23
-2.130743342693341976e-22
3.787664028462627151e-23
-1.643749893792695853e-22
-1.042614452987621955e-22
-2.982262351603696714e-22
-1.218269885300973615e-22
-4.732909893361760730e-23
4.327376698069186908e-23
-1.339782427750396063e-22
1.315501907533291145e-22
6.896756423085384733e-24
-1.295140598755514257e-22
2.399050240377690209e-23
9.063364331357212847e-23
4.848143625280490906e-23
-2.062875520274105147e-22
1.442336918621094971e-23
-2.410430628146226423e-23
-1.317135417691615945e-22
-1.064873541945678480e-22
-2.902463766090558918e-22
-1.450899344749697981e-22
-1.325838635226088338e-22
-1.006081516603104946e-23
-8.933418823084023683e-23
7.303181670273567729e-23
-2.780820980120288335e-22
-9.556378367457754158e-23
-1.623720540668784289e-22
1.365936608889037636e-22
-1.944696575472257660e-22
-2.966076160147324174e-22
-1.039322897672994338e-22
-3.083114900793088116e-22
2.513361863551448526e-22
-3.324776288708882532e-22
-1.081987663876914572e-22
1.763889679912952493e-23
-2.197921539726539912e-22
-2.788841404438876748e-22
9.040519940615033390e-23
-1.699144218541287368e-22
-1.214215032449872509e-22
-1.250879825469357691e-22
-1.768044981486231030e-22
-7.741280945017664010e-23
-7.144762424235174946e-23
-1.288797744668195781e-22
-3.282263595231351154e-22
-2.431370033521311231e-22
7.415824868180353608e-23
-1.754850589768818388e-22
-1.915815459657052033e-22
7.587114327528001816e-23
-8.624153885482026336e-23
-1.601666456804939914e-22
-2.681211518078234781e-22
-4.241971924808871505e-24
-1.496292376667555432e-22
-9.418133166699548906e-24
-2.143414027646639023e-22
-2.032553989383576380e-23
-1.188444891889249963e-22
8.842073746124548195e-23
-1.174009674889557733e-22
1.029388189402636934e-22
-2.327706909976439669e-22
6.552372351966708360e-24
-3.066664379802385934e-22
-7.162562790087917837e-23
4.143205174524492970e-23
1.135663925028062753e-23
-1.020970839502016052e-22
2.131876710292926370e-22
-1.744869318028171026e-22
1.159413081327198184e-22
1.819317925995908424e-22
2.420030300979407828e-24
1.199359851055932360e-22
2.819358037283350796e-22
-2.290485492055792190e-22
1.397696177204224771e-22
1.158428929748160742e-22
1.265532958928251314e-22
6.405635098422877003e-23
9.127228468681020745e-23
1.114922646054733414e-22
-5.731763392744627349e-23
1.235238653829567919e-22
3.175468690739343758e-22
2.231358863962000888e-23
6.482042588358302583e-23
1.038317827617649206e-22
2.164466026121181912e-22
-2.041291882567315493e-22
3.224571056343995933e-22
3.953608057374811689e-23
1.892182045598377126e-22
5.807021796933885986e-24
8.088118420869956715e-24
-4.196492968186591879e-23
9.087073058716019683e-23
1.289192944578676847e-23
2.809978292949507082e-22
2.584324569278657308e-22
3.042467893223377121e-22
-1.320114663881506307e-22
5.109205153052805495e-22
8.173315597140269363e-23
7.466528987487348865e-23
2.611133670846827041e-22
2.692061227185637207e-22
2.130401254533142931e-22
-3.044560756032175042e-23
4.131943061954088756e-23
2.161446255937863222e-22
-3.604004796089914811e-23
2.032441020697311859e-22
6.078902816619866163e-23
1.037532877664579498e-22
1.614588553610471894e-22
1.897042250407698484e-22
1.809747940176969361e-22
1.560287049785726369e-22
4.085229104825632326e-23
1.156650910560415486e-22
3.703869868671279235e-23
1.410528611271714351e-22
1.460876978740591100e-22
-5.894401827740232174e-23
1.810189934571787429e-22
-4.800841682764452852e-23
2.734131084711151444e-22
1.765029614911722867e-22
7.973760942103913930e-24
-5.853443645468468981e-23
8.355829785103066307e-24
-8.466094736853036109e-23
-1.178881778967074144e-23
-2.176496333137254345e-23
-1.163467071656103457e-22
4.056203760657004310e-23
1.246763618474921703e-22
-1.386517018065849783e-22
-2.161468808486054775e-22
2.622866290565634390e-24
-6.192795396009897626e-23
-1.966508175729577542e-22
8.446298100391705885e-23
1.846919699841708546e-23
-2.623168244612721035e-24
8.117692547835184319e-23
-2.072196553274393802e-22
-2.010648739045929402e-23
-2.415280903550594085e-22
8.999217880993543204e-23
-2.600468603372933525e-22
-1.178418452656529845e-22
-1.107593385177724577e-23
-1.914716495910283439e-22
-3.029319359597834475e-22
-2.894978336856246905e-23
7.049670510763015183e-23
-3.688242939454995603e-22
2.628152419225223529e-23
-1.239004761451060261e-22
-1.284585059425086662e-22
-1.957961111572744097e-22
-4.363252832084797016e-23
-1.193485196831344639e-22
-9.831965596168983705e-23
-1.224462472591481546e-22
-4.813951022232775184e-24
-5.261494511763624357e-23
1.028703949579983599e-22
5.878897102070540840e-23
-3.035198974780427734e-22
5.048204231154532857e-23
-2.025705177103981776e-22
-4.172832651921968091e-22
-2.147543430504035971e-22
-5.959808647611617293e-23
-2.157293718239094523e-22
-5.937353310349489475e-23
-1.097204118959164768e-22
1.738549014346583396e-23
-2.535500511908127659e-23
-2.473677470807497768e-22
-3.190137778304404220e-22
-4.293695555637592259e-22
-1.228408570107377997e-22
-1.359424165012208709e-22
-1.040600810730232575e-22
-1.437472649643426268e-23
-1.053797386080895577e-22
5.873166191413924023e-23
-2.099628034846290048e-22
1.003231618336291264e-22
-1.062772528767505926e-22
6.727924154839553063e-23
-2.239562970252929766e-22
-5.050268728269468061e-23
-1.042846241677078455e-22
-1.512062650741733898e-22
5.290703349529331728e-23
-2.663262360131424660e-23
7.912737800374017055e-23
3.803838543543176658e-23
-3.164893984968485956e-22
2.716434145538615985e-22
-1.039890498067761650e-22
-1.718707499763418702e-23
1.122380550890375848e-22
6.042946702030293129e-23
2.140332311898094800e-24
5.106712100565719015e-23
-1.974368923576831946e-22
1.716385629486445547e-23
-2.230641428461034829e-22
7.240411258398696983e-23
-7.141848452951020857e-24
1.862418657372484542e-22
8.969536734833886224e-23
2.814188326253941607e-22
1.454743322205024165e-22
1.979556271269240467e-22
2.517858433356425772e-22
1.210494339628746565e-22
3.015712304559383204e-22
2.851090009106900202e-23
3.593142672285542732e-22
2.092630690717412689e-22
-3.552067656160306205e-23
8.679658498170401928e-23
-1.582955828001346070e-24
1.949735482327554760e-22
1.916664508819739229e-22
1.897652783564795366e-22
7.171966983893453197e-23
2.340319814018274066e-22
3.404263326030728032e-22
2.719830767836221380e-22
4.589460562334346886e-23
-2.238999575553761523e-22
8.158180746648695744e-23
3.317312767419081708e-22
-4.652774861560810554e-23
2.189094458579453491e-22
3.886318533499796405e-23
2.592919141464245931e-22
2.584498155732919054e-22
2.686218555299285333e-22
1.287396999992298469e-22
2.151674286371303028e-22
-7.733205636930456405e-23
1.624476914496901572e-22
1.688538856307733855e-22
1.300040693927033882e-23
4.650669171973463587e-23
-1.736861728953990252e-22
-6.355007053670811636e-23
1.688329289841106777e-22
9.464662763679601361e-23
2.281717102369113531e-23
1.225736319471536639e-22
6.198424953155696724e-23
5.537258063295676237e-23
1.437798083686353474e-22
-1.893840398599115222e-22
1.643701021290502803e-22
-3.289135000288838554e-23
2.827816371508257163e-22
-7.617909972950171901e-23
-3.945730601105327106e-23
-1.035820537779011756e-22
1.431162096330334138e-22
-1.231967786173534834e-22
9.275422265983659201e-23
1.217880381306531508e-23
-3.384914861207561572e-22
-1.190360113720621497e-22
5.194960526818299584e-23
-2.803723941202037785e-22
1.885265946125409732e-22
7.918752107569668778e-23
1.823278699937850895e-22
-1.353404377920605065e-23
-1.682521287002514351e-22
1.147956017028331434e-22
-8.456871945304383316e-23
-5.715160499955391960e-23
-1.021949746482971294e-22
-9.087894806567847012e-23
-1.076141374235143576e-22
-1.525317871480244096e-22
-1.856632569603241486e-22
-2.264089247163231513e-22
-7.914968782668135118e-23
1.766518948922698256e-22
1.314646694857712177e-22
4.535624001792705888e-23
-1.481499287569462129e-22
-1.622852415708182509e-22
-1.447622120146713183e-22
1.891388133089891349e-23
1.186350257451212670e-22
-3.152580917961055712e-22
5.096305015223388596e-24
-3.627273725632119851e-22
-3.466125710032135354e-22
-3.070879817544491446e-22
-1.355866258494908582e-22
-2.904924351633038990e-22
-2.091744232258792161e-22
-9.957423858644221874e-23
-4.704485712990322620e-22
-5.793941394248313517e-23
-8.066909995832003541e-23
-1.424873483631729078e-22
4.901389793193851294e-23
-1.925674739394371510e-22
-3.437246791394616850e-22
-2.767777589255292646e-24
-1.728443870581330675e-22
3.044988923166586246e-23
-1.729247608485730831e-22
3.315957457362201467e-23
-2.993482327448707421e-22
-3.008643272879201408e-23
-1.151075267418348537e-22
-1.754210315802277945e-22
-3.114887852653249646e-22
-4.871865588986387235e-23
-1.311067320355087682e-22
3.718039691979926574e-23
-1.681759440429452536e-22
1.124580144422453233e-22
-1.575589723927262750e-22
7.359648859113005838e-23
6.172282499152169523e-23
-3.144147581023121715e-23
-9.881380604447062441e-24
1.614890432441869428e-22
-1.203120361186121361e-22
3.961972904336161108e-23
9.228480666923035308e-23
3.245149243822835185e-24
-1.110998283114443574e-22
1.981864195990928994e-22
-2.150626349158255572e-22
1.617275465901961718e-22
1.631156991864389665e-22
4.218603348428101368e-23
7.223541165127035406e-23
-2.119301823926104460e-23
-1.432382009188635985e-22
1.104856185011814578e-22
1.494360322692978162e-24
1.924066148356293602e-22
3.680361732473137092e-22
1.487745020290218351e-22
1.668417514557132172e-22
1.837637627914382688e-22
1.880458697143142754e-23
1.640075210478282074e-22
1.804819452662244233e-22
3.138094538254124276e-22
5.870447332532109095e-23
4.386028692449796929e-22
-1.456044543318189387e-23
1.761310496806209163e-22
7.512182014762317240e-23
-5.469540424911789420e-23
2.710262773094967508e-22
2.471807202260347024e-22
2.000652906904419567e-22
2.725171214089672955e-22
5.642398679837270291e-23
2.866480311059487657e-23
3.423151351562123599e-22
1.786392389658219720e-22
2.370357435741098219e-23
2.301081279880483204e-22
2.387550921256998322e-22
1.143231168858547915e-22
-2.254220170819680793e-22
6.561436601489154622e-24
1.034895151427428859e-22
-1.565072291625782597e-22
-2.849377244294876270e-23
7.058127422280959974e-23
1.748520045612300450e-22
-1.058393911242212115e-22
2.766571248819089394e-22
-6.224449145907334404e-23
1.591867787133139324e-22
-2.236186838170986296e-22
1.039764001936009866e-22
3.807000298059230008e-23
1.890705952987599025e-22
1.249231144773169554e-22
1.989261053359429099e-23
2.460531677446916005e-22
-1.864205209375126182e-23
1.145902451746065139e-22
-2.358895775695324949e-22
1.767596466419933457e-22
1.213805308818208476e-22
3.031438069577709008e-22
-1.399534724996931051e-23
2.746106023260199085e-22
-2.542645600631330827e-22
2.625589590235401023e-23
-5.964026083612310908e-23
-5.680107250047136315e-23
4.918867855046987053e-23
-9.670528512420606394e-23
-6.665811526571824104e-23
-1.178144011675707533e-22
-1.291705308878007559e-22
-3.481871475061118018e-23
-6.644187534207111224e-23
-1.159410189521208870e-23
1.002199285624954570e-22
-1.144653307467801790e-22
4.003857136174155910e-23
-5.456306400594228757e-23
-2.155538871595458178e-22
-9.525888562466963757e-23
1.778675286033977309e-22
-6.230998015537930819e-23
-1.773494562453739148e-22
-2.966577259104946088e-23
-3.515026643176329990e-22
4.320144829973576880e-24
-2.290119286340536915e-22
-1.881415449985781474e-22
2.799881346667356764e-23
-1.184545590215089089e-22
-4.610569485789510533e-23
-3.779739066042850167e-22
-1.372127224925458470e-22
-8.577680646602810929e-23
-6.458147124085523464e-23
-2.954835939006747386e-22
-2.998408947995750889e-22
-8.531761131541753218e-23
-2.423739131709769199e-22
-4.439899629921940936e-23
-2.737292966970706501e-22
-1.169162074883305811e-22
-2.170376380645965389e-22
-1.270797897711874898e-22
-3.132017094110031284e-22
-2.079430140872480007e-23
1.809295783249800495e-22
-3.830219861892650428e-22
-1.183823862280897716e-22
-2.899535301372784785e-22
-2.487357049173702116e-22
-8.702759797598078779e-23
-1.976618789826825786e-22
-2.171142151673729937e-24
-2.467693655495711690e-22
-4.180228842034823730e-23
-6.198166559434620871e-23
-3.408968282264782384e-23
3.551368658946482123e-24
-8.398180420107679127e-23
-9.641388376440662820e-23
-1.968170660195492635e-22
1.674741962350737007e-23
-1.511561933054942247e-22
1.343024878100631792e-22
7.299815352972941493e-23
1.119987514209680614e-22
-4.497961242251537315e-23
1.476367009402561503e-22
-9.956561071990819368e-23
1.370415936608053010e-22
1.876180866182395346e-23
-2.182314135359208633e-22
2.914595771768211134e-22
1.320389631434947768e-22
2.661103396827644741e-22
-1.416140169438486061e-22
4.453404186975710610e-23
1.067920348946600761e-22
2.026585300366359059e-22
-1.609263732853146820e-23
4.888850997593998374e-23
2.876816374752692381e-22
3.561409087619728455e-22
3.428380625120324733e-22
2.586699876779081611e-22
1.455888989918752565e-22
-1.501678101172851481e-23
-4.554238595878459671e-23
2.459976431598338084e-22
3.238555577216133976e-22
2.193097805082134985e-22
1.797934122071456480e-22
7.451287244806348190e-23
1.478665172404783997e-22
-1.128186397587770365e-22
-2.872946465740796854e-23
-1.328927059656640437e-23
7.570180937052930917e-23
1.742876866597155541e-22
2.886993394834723169e-22
8.158099513009376365e-23
1.246026077650375861e-22
6.648574599982088768e-23
5.878546503206786848e-23
3.033076490395734457e-22
-1.787413823741034937e-22
4.074230978049778763e-23
1.044367512590100151e-22
1.058519704252616282e-22
1.351356192111427675e-22
-1.041212604940550059e-22
2.663669677130748939e-22
-2.037204738908492831e-23
9.938028347309365552e-23
-6.020481108450257392e-23
2.134557663363750519e-22
2.522668469929874108e-22
5.229790400209752464e-23
-1.255462595186765002e-22
2.135934493885115896e-22
-1.702822172056638296e-23
1.419121401764108684e-22
9.504314038864467143e-23
8.252680690730304036e-23
-5.454310498123536824e-24
3.863475487660349525e-22
-2.687904599902945508e-23
1.162488335459818034e-23
1.352551420041779577e-22
1.205294774328648234e-22
-1.604278447173666918e-22
4.079584564450268515e-23
-2.204768886268551247e-23
-1.968680143538331027e-22
2.282990296349102570e-22
2.782779941540443846e-23
-1.209651501754660201e-22
2.846722965283259275e-23
1.245807721336180410e-23
7.271263146110098725e-23
-1.289053229988507189e-22
1.409112116127318725e-22
-1.216466493340624817e-22
6.824581413542155985e-23
-2.703048232291186180e-22
2.298640011763844382e-23
-6.399519760820210427e-23
-1.054889829558240997e-23
-5.764341460547109962e-23
-1.599915512920009572e-22
-1.354815358710818959e-22
1.744456836344050228e-23
-1.639971414547498842e-22
-1.709443576925359861e-22
3.223561820565297028e-23
-1.679088722965652741e-22
-1.393664113297450603e-22
-1.282285657937586271e-22
-6.281966892178517011e-23
-5.102980071614655970e-23
-4.133726403641058137e-22
6.027174401556575716e-23
-2.982071424110903604e-22
-1.517427141593730954e-22
-6.231840927989042345e-22
-1.910651372223961970e-23
-1.794523201571971673e-22
-1.190489454447088425e-22
-3.871619901679131726e-23
-3.940352886387028904e-22
5.482437610243183542e-23
-3.367582550904164866e-22
-2.196703988507117187e-22
-1.165798449782398442e-22
-1.636896920681533832e-22
-3.363086598684730772e-22
-6.352833467395907632e-24
-1.059586555728766931e-22
-5.300137451195641327e-23
-1.511369282106073212e-22
-4.012352862782562878e-22
-1.926411168791616132e-22
-2.936204958605957492e-22
2.042947913972535524e-22
-8.386838120462627170e-23
-1.183252132739446860e-22
1.784519876090970307e-22
-8.296032207707804776e-23
3.462497860742649651e-23
-3.576585638533290078e-23
-7.559195594147675653e-23
-4.885539908431086269e-23
-4.559293853626676394e-23
8.486890120472310495e-23
-2.058922598818126548e-22
-2.895287553636882638e-23
-1.062072402268812113e-22
6.298642029045849199e-23
1.609615308798503390e-22
-6.203925921273909312e-23
1.646526382345493282e-22
-1.049058658232668840e-23
2.574909710465307531e-22
3.946219771942516312e-22
-8.621881543345251277e-24
-2.345828854670587247e-23
1.592634215541864114e-22
8.318083397013358775e-23
1.384715770477322901e-22
3.953969839158495482e-23
1.204220519156595865e-22
8.632287853459610916e-23
1.483027730056505840e-22
2.459356315290562467e-22
-7.235365613259434988e-23
1.381005843129701881e-22
2.677185089026223585e-22
1.910124037987599109e-23
2.421528355638274235e-22
-1.343094759213222516e-22
2.434922508619888361e-22
-1.639744775396697359e-22
1.342782858229453647e-22
-4.309195554922234398e-23
3.007616734684098164e-22
-1.300231285596069112e-22
2.319806854828559172e-22
1.125279357343270611e-22
1.118670898568576373e-22
3.276548601487988612e-22
2.511894565685109637e-22
2.138211879325994922e-22
1.457009183843503313e-22
1.049331167936843623e-22
-3.277250680286249667e-23
3.340608705521978626e-23
7.166791024920451169e-23
2.976567853634118009e-23
4.540598401359845150e-22
7.230752788829829745e-23
1.354710982124897032e-22
8.698657470282124920e-23
-9.786977225144732397e-24
1.066865392646411729e-22
9.045727466852722088e-23
4.184805964471033992e-22
-5.797520506264051229e-23
4.239770032213326920e-23
1.100797061678297504e-22
1.041262990189884308e-22
-1.332658571744620180e-22
1.545117947204451764e-22
-4.104117395630532414e-23
1.267487168427562405e-22
-7.783159533082566549e-23
-2.635613652252196380e-23
-2.155987127490301180e-23
1.446935203426795372e-22
-8.828539056210995097e-23
1.389714095278737413e-22
1.233184228557252983e-22
-1.414888183952340833e-22
-3.663929173687314424e-23
8.528679357597790821e-23
-1.436214918889839385e-23
3.624799858496615684e-22
7.864808580019865240e-23
9.739829706997572114e-23
-1.427376640277215982e-22
1.342435058287635628e-22
-1.680016746497558674e-22
3.070536505079652200e-22
-2.223137887969838112e-22
-1.992296680543360264e-22
4.488073490562405740e-23
-1.580546746179689453e-22
-6.054106325287902292e-23
7.479346039049705418e-23
-5.274745224448089790e-23
-2.929430614374727461e-22
-3.896058286000149854e-22
-2.033222963341250214e-22
-4.093009253996788616e-22
-3.756760700906177937e-23
-2.906804086118017386e-23
-2.810789826341862970e-22
-1.384497998659737015e-22
-2.552245683499334026e-22
7.019635598964990085e-23
-2.920808851475881604e-23
-1.954610222288284739e-23
-4.072994243302541689e-22
2.433337634115392797e-23
-3.485922946347673503e-22
-8.929801323353434336e-23
-2.883565823061803566e-22
1.232453609691058003e-22
-9.293243930850293352e-23
-2.854864567757135589e-25
-3.006489462765190406e-22
-1.934004619889758134e-22
-1.864844297534038064e-22
-2.614961532181119678e-22
-3.830054163968500334e-22
1.993270505456033309e-22
-2.394282549927858875e-22
-1.811620213724327707e-22
-1.050752788750396020e-23
-3.023796089263386736e-22
-2.076573150218985117e-22
-1.721427685446104581e-22
1.364737553506805858e-22
-1.314039630175417206e-22
6.213113568893907175e-23
-1.663694324461415979e-23
-5.533190380160241842e-23
-6.092117890794468939e-23
-1.676954370636594606e-22
-8.410032795815865813e-23
-3.351461959640872406e-23
-3.454534871926619797e-23
-6.982860510273174635e-23
-3.025734180473166256e-23
-3.604381992331774213e-24
9.306318206891601342e-23
8.787102553556471322e-24
-1.461599814931999774e-23
-1.034542725621555987e-22
-9.177151313075349813e-23
-7.747072847143935269e-23
2.673709711559346001e-22
8.824262364177286158e-23
8.141846428713819570e-23
-3.654299161531307047e-24
1.179554266281269910e-22
-4.680967305153341865e-23
1.915569206299613652e-22
-8.090085719056971905e-23
-1.852106282293978426e-23
1.235734425107512733e-22
2.066528597458249273e-22
7.489355220481169191e-23
2.998969057651305869e-22
1.906250268791089828e-22
2.932915959329580784e-22
1.035706113903560206e-22
1.045058195298029612e-22
-1.216951650160274298e-24
2.032763777157957725e-22
7.889513298275461461e-23
-3.140726225132151620e-23
9.756694451333323583e-23
2.708503986925298680e-22
2.567594450154977447e-22
6.532392571126757779e-23
8.014200641253390061e-23
2.672319931728589510e-22
3.092539420310545443e-22
-5.071537235077254316e-24
2.866546976801293993e-23
1.522475201204474838e-22
-1.407056663163902530e-22
3.209669157043198584e-22
-4.157801603160762613e-23
3.001062712909244543e-22
7.770613107985443783e-23
2.126285610234573358e-22
1.202838990636042151e-22
3.258779572402472798e-23
2.896804840728909358e-22
-1.586270783375717513e-22
5.289962095498153072e-22
-8.311415910714521722e-23
3.417682947563355304e-22
2.254176227420065396e-22
1.116288072549966041e-22
1.221842127011183732e-22
1.310045438807334161e-22
1.668783989162195955e-22
2.746522608612004564e-23
-1.569011334644407616e-22
-5.518827641451707056e-23
1.298492066046975328e-22
-1.364051722239925365e-22
-2.171622601571006410e-22
-4.457045741465502633e-23
1.615052284606862498e-22
4.179864120912002707e-24
-1.085052998256246047e-22
-1.883067247033886390e-22
1.115382295405124410e-22
-2.019670740418396678e-22
1.118444831369110956e-22
-2.167450612851432222e-22
1.535767308299140764e-22
-4.347608170440187934e-23
1.177945189933262915e-22
2.408878786009553466e-22
-6.033026735308163540e-23
1.293183167337205246e-22
-9.201774868874303028e-23
-6.865797137219892652e-23
-7.369257482964890801e-23
5.422096039925757435e-23
-1.736051356214035527e-22
1.244436351450816874e-23
-1.114557548217006238e-22
-2.184799693472406640e-22
-1.875464041591194259e-22
-2.509963064261178648e-22
2.388368458622962618e-23
-3.032811699577702400e-22
-1.234663159824174981e-23
-3.963622116346765317e-22
8.240988544577583760e-25
-6.788170385435091266e-23
-1.073942421756295171e-22
-1.414632321105451476e-22
-1.400819218883237520e-22
-2.008038360221431392e-22
-3.016270572230842235e-22
-2.816685617080765554e-22
-1.328657831288630626e-22
-1.364766686441553968e-22
-8.684432641857153264e-23
4.411382332513163297e-23
-1.378995316321423991e-22
-2.513788218997291620e-22
5.918440971408268819e-23
-6.085224116556363230e-24
-2.516048509518994210e-22
6.400571905983336038e-23
-5.431830454497603932e-23
-1.238941573409266618e-22
-1.998152901839814693e-22
9.475408375689370779e-24
-3.175961512589130183e-22
9.739631391325098615e-23
-3.134177606647278604e-23
-2.509727200479411526e-23
-4.090035137907533312e-22
-2.334439821305627862e-22
-1.301803713548098253e-22
-3.474749900558160471e-23
-2.323618234252623580e-22
-2.987143787131423174e-22
-7.705877330246062683e-23
-2.935202894254915450e-22
1.999209452905095641e-23
2.037156658071999175e-23
5.155079324065261637e-23
-1.433558268907774817e-22
2.283277376517131779e-23
-2.233725333673028309e-22
-1.821599163468262899e-24
7.061367898192299209e-23
-1.787719225716394493e-22
1.728099234266482990e-22
2.372528465508010134e-23
1.974286670163402436e-22
1.510073972597264931e-22
1.359243971982036662e-22
2.498987574633690841e-22
2.583450312358920294e-22
3.942227896303890571e-22
-2.523922603451456534e-23
1.975809637777446593e-22
3.333342229835198832e-22
1.121827526099116291e-22
4.424056689174183156e-23
2.308468475815399582e-22
-2.681917081600960197e-23
-1.094815545213581635e-22
2.546298738637587680e-22
6.036783555879910121e-23
1.416289669307255164e-22
1.130476399833693414e-23
1.744782130986658019e-22
1.471969555102208205e-22
1.838774859222769088e-22
3.028146747243685462e-22
1.038355617053354723e-22
-1.203688534322293888e-22
5.880638218159904516e-23
1.202172258350505673e-24
1.062423830863412034e-22
2.727172809632058756e-22
1.083003577682376962e-22
1.310817634767898439e-22
8.001452025384945943e-23
1.373809170086190049e-22
1.987131667030661753e-22
2.017241649385926084e-23
6.980360609403163213e-23
6.520253191839234020e-23
1.344124746586310914e-22
2.350081982000710758e-22
2.540767553851308983e-22
1.868161354885439912e-23
4.542909447609153963e-23
4.528976597344136873e-22
8.851198707358825237e-23
2.567288970253887210e-22
2.944101613115796145e-22
9.598117072714705442e-23
2.260011994310991556e-22
-1.841790962982401094e-22
1.805799581587995271e-22
-6.184192808215711588e-23
-1.594318999826595746e-22
1.471756493020135627e-23
-1.363222556547240398e-22
6.303362965771682085e-23
1.001010740711535979e-22
9.001458276814748742e-23
2.297832532512595608e-22
-1.902211324756082439e-22
-1.178544417516958299e-23
-7.611624161453336493e-23
-2.866519133072453464e-22
1.134062790075328078e-22
-3.583982256999232476e-23
-7.562726305127051035e-23
-6.994548154403685938e-23
-2.992707339162945345e-23
-2.301686168596425113e-22
-7.616180775446442556e-23
-1.649414917358194813e-22
8.735229696065820189e-23
-8.660415164419972810e-23
-1.998729164961801852e-23
-2.343546333949798269e-22
-6.788533783850026857e-23
-1.394852762711330272e-22
-8.031554629692580720e-23
-7.186986692546778396e-23
-1.165023283493278072e-22
2.606384556220863386e-23
-1.267160716146306791e-22
-8.761325325446138801e-23
-1.518616428608537768e-22
-1.229319332692200402e-22
-2.142011722527831652e-22
-2.405192937485050024e-22
-2.503585881473271598e-22
-1.033296374105124286e-23
-1.044300429899805289e-22
-1.669540382126694998e-22
-3.602066921087795024e-22
-1.287444341178880444e-22
-1.873596095246074112e-22
-1.194397206298886002e-22
-2.293615177493015441e-22
-3.679096322957802302e-23
-1.778556568499824662e-22
-9.962728536697673277e-23
-2.256140780824531754e-22
1.559627147215267251e-22
-2.256728287567029666e-22
-6.398966301142260798e-23
-1.423157270220199099e-22
-7.137194601247774827e-23
-7.492745256814013971e-23
-9.685478444576802911e-23
1.066199472404625446e-22
-1.651850274809036522e-23
-3.531519900564449141e-24
-2.746842387215892323e-22
-1.996984880275535797e-22
-3.731829408095991548e-23
5.849912862205837129e-24
3.786144015096751585e-23
-3.760284369297422984e-22
2.659991597715788967e-22
2.392762270852326185e-23
1.775801126032665000e-24
-1.613780546493575700e-22
-3.640286463951168064e-23
3.001470741659110678e-23
6.775475552443226974e-23
-2.336889564851325252e-22
1.359869282584667324e-22
-1.798970910769101487e-22
-3.915517675770412293e-23
-3.487968567532322809e-23
4.651458006207195617e-23
1.170624022353554552e-22
8.042679992346775459e-24
1.116771788841809525e-22
-4.430597549874657625e-23
1.285069196240190563e-22
6.621648014457560378e-23
2.359765864839662865e-22
2.307385330666396327e-23
1.798892451258286214e-22
3.389336175286413609e-23
-1.102491394894216731e-22
6.114757655666118415e-23
1.860506961583293733e-22
1.596144645093181593e-22
1.477297026936342232e-22
2.040965902655238496e-22
3.521882149469170861e-22
1.378601368080124888e-22
1.331688831719382760e-22
8.491302163779619519e-23
4.025360577144502090e-22
1.348568418551234691e-22
2.130439081582697311e-22
1.145451910548866460e-22
-1.309045195485672417e-23
1.872716053455489360e-22
1.058839614123079515e-22
1.537047106004802494e-23
3.459907524855559986e-22
1.343983099368123324e-22
2.812059926070612347e-22
-2.276237262814835232e-23
4.423907263876169128e-22
1.527559363013803623e-22
1.248209489896343410e-22
2.094346857181618349e-22
5.386594445591219346e-23
1.059994102419615420e-22
1.467143604342638852e-22
2.973507785427438309e-22
-7.961990849953722199e-23
6.633040869613976804e-24
4.456449726101014699e-23
-1.390800447762000493e-22
2.125435356157646644e-22
3.288984538648599947e-23
-1.276189911010759882e-23
1.406385070257641897e-22
1.804119801693990931e-22
2.284896635011292016e-22
1.905974616554076344e-23
2.025049167918299742e-23
-2.017220923301925503e-22
5.842812857043910718e-23
1.119995359467432393e-23
-7.402164412323465741e-23
-1.104345731237377194e-22
-1.935930568992795226e-22
-1.723167219777971299e-22
-3.249573919307461227e-23
7.011987489994494205e-23
9.872986339222671124e-23
-9.758067772153332387e-23
4.083180604018175683e-23
-2.363015988746572211e-22
-1.276645812730079133e-22
-1.612695921518826562e-22
1.711328751581455529e-22
-1.465823886192130692e-22
-4.311166303031319375e-23
1.186000728473317102e-23
-1.595618080317762269e-22
-3.019570158216335719e-22
-2.321531724862882552e-22
-2.777154583959659445e-22
3.085924929290033905e-23
-1.239212172424646201e-22
-1.320182179412990482e-22
-3.084033648736613963e-22
-1.552076373954676126e-22
-2.089454618054530850e-22
-2.825360138854999424e-22
-1.487182987331583984e-22
-2.431734470804238715e-22
-3.464221945123635248e-24
-1.961522753804393170e-22
-1.700563639417705515e-22
1.627229136715537528e-22
-2.492544951498692595e-22
-2.630791444993526138e-22
-1.231943374795635579e-22
-5.140504600290690326e-23
-2.127736108268294037e-22
3.719983987520713496e-23
4.576116919639608699e-25
-2.355365195249630762e-22
3.065918265060809951e-23
-1.972030628818626772e-22
3.300931365930253053e-22
-1.301574763215218439e-22
-2.835189870856661778e-22
5.922310455401207916e-23
-3.214793356402286759e-22
1.773670008806461477e-22
-1.110878904219051095e-22
-2.140951358507644635e-24
-1.500783565125318688e-22
-2.652940289549121467e-22
-2.481937859395261056e-23
-1.467532530246529808e-22
1.666014830860868005e-22
5.909987750685810624e-23
-1.457240875739132797e-22
7.868580113167768209e-23
-9.445775884688228806e-23
-8.668059410290876741e-23
-1.581721691502140243e-22
2.497374482668988440e-22
-4.072526232671002496e-22
1.544661412874031245e-22
1.393955200656885991e-22
-3.986008066533928637e-23
3.217633734648311845e-23
3.784548684648629572e-25
2.556578786152556906e-22
1.706680089019343251e-22
3.493719114197718042e-24
-1.236955323627558722e-22
1.113928715754659941e-22
6.780908963765331636e-23
-2.970684050291560496e-23
3.033981883469473543e-22
-2.730932372361661953e-23
1.546078830799672226e-22
1.161869729562878955e-22
1.471497256777366998e-23
3.020742063427324487e-23
1.858356661716860965e-22
3.575238436857536507e-22
1.657828361947471635e-22
-3.093537294624619006e-22
2.181813425899379858e-22
-1.320860906585469510e-22
2.548656897321618814e-22
1.054818428055067002e-22
-3.278936727491183156e-23
2.303078411966395067e-22
5.432865026443499074e-22
2.565778971657591261e-22
1.031871874981242081e-22
1.163154081534270593e-22
2.389824304790990424e-22
1.037011657928624362e-22
1.297341730518078566e-22
7.704118215861812857e-23
3.705190513880763664e-22
7.077506349452184594e-24
4.608187054083718035e-22
1.262785306585181908e-22
1.943157418045507986e-22
1.466730589417476969e-22
2.135378620816239223e-22
2.903644450601188253e-22
-6.483482755981282183e-23
8.965733826453731858e-23
4.303594219389989055e-23
1.616498452199381966e-23
1.065841196460103390e-22
6.575168651046212267e-23
7.148515255635799078e-23
9.674653644175999818e-23
1.022407414279304167e-22
-2.117287180332122169e-22
-1.270579908739363212e-23
1.994182092154401819e-22
1.459684840168384647e-22
1.178647962860521065e-22
1.363819526731341173e-22
-6.422013262130102193e-23
-3.946131971608359763e-23
-5.674584940572697393e-23
-1.974400928358778494e-23
-1.269889713162392314e-22
-9.133181607356603851e-23
-3.518013440781477661e-22
-5.632914838553078780e-23
-7.584556763582514729e-23
-8.623928271031496087e-23
-2.351232340931357991e-22
-1.730976776069248406e-22
-1.465074204935926456e-22
-1.842918119512375962e-22
-1.648600251606834947e-22
-2.660557357609920918e-22
-1.782626401877753197e-22
-2.365489036897172864e-22
-1.042089718512626822e-22
-4.768356513205630760e-23
-6.199517574768564441e-22
4.303825551567286062e-23
-5.099601669346819677e-23
-1.727062643436605889e-22
-3.416092494074969925e-22
7.185177420415035397e-23
1.036153717297648588e-23
-1.615416303908683270e-23
-2.078586425487887348e-22
1.265701676341099624e-22
-2.388298237597337885e-22
-1.350024235922205250e-22
-1.748330044118414339e-22
-2.062447181962746613e-22
-4.054212293852603457e-23
-2.142193625468486293e-22
4.043696927124798366e-23
-4.428408526083723822e-23
-3.034078700837165048e-22
6.241940260244238244e-24
-4.802190044745932203e-23
-9.171431237504386602e-23
2.809237757540348406e-23
-1.367125099981524376e-22
-1.129129342799022145e-22
-9.483706145537410053e-23
-1.474531035725200916e-22
-2.442863169942436059e-22
-3.851472816585125490e-23
-2.748383543844656711e-22
8.793693498199374286e-23
-9.625632313416263737e-23
2.636118208964063530e-23
4.859891355586301297e-23
5.477599302124020483e-23
4.635210085617368565e-24
5.736874481766867783e-23
-2.224310717180952438e-22
1.455528993977160264e-22
7.880052817454071265e-23
2.298653019325999927e-22
-1.343751267733427280e-22
6.030136812406143519e-23
2.528883851165897888e-23
1.063279346896800735e-22
-1.468910806247390495e-22
1.721012716887620303e-23
-3.693633723164803181e-23
-1.233865299014374396e-23
8.204832899696617827e-24
5.150371746261764730e-23
1.393425227994214169e-22
1.108705102183196959e-22
1.059186374009460744e-22
7.748602870331999451e-23
1.397666968267480337e-23
2.539864605637543359e-23
-7.853007713449009999e-24
1.410535807615601100e-22
-4.120568720954047244e-23
1.575238431597621897e-22
-3.492101982556270829e-23
5.404105438043985628e-23
5.127187639963553365e-23
1.610567997130905524e-22
1.618194255398040899e-22
1.520749086123787894e-22
7.469770108395754466e-23
1.224097620842791419e-22
4.132892895396370105e-22
4.057376553411716525e-23
2.059968135609602146e-22
3.364719344895181717e-22
1.383158481451794047e-22
3.141912332593290374e-22
1.346611726354207922e-22
5.056159977747622805e-22
1.790824669457101990e-22
1.181591763650661042e-22
2.810557623494715976e-22
2.320481559590173762e-22
1.026706707106467406e-22
1.018025572048423144e-22
1.916819202633394728e-22
2.618932644551471922e-22
2.570590454896791614e-22
6.288739100294190019e-24
1.167668456948915670e-22
3.099836994469561439e-22
-1.532493621206415143e-22
1.674419252252419647e-22
-1.851753923645544967e-22
1.288777769888781074e-23
1.369695215810462163e-22
-1.267759244627462562e-23
-1.183418360249163760e-22
-9.707759983240496328e-23
2.197999446116697118e-22
-3.732097831701380486e-23
-6.602495452595164696e-24
1.375613084805292201e-22
-1.150588744475995825e-22
-2.321581831735551748e-22
9.185621636031906880e-23
-1.650281898038359603e-22
-1.341247311954774881e-22
-2.125165717413532824e-22
-1.398285984518445055e-22
-2.507132143247458131e-22
-2.459314967147683736e-22
-1.024790414259804607e-22
-4.170754813604299291e-22
1.179014830272326876e-22
-2.590188773751506390e-22
-9.866301070271041469e-23
-1.934598987330302803e-22
-1.171737792363759214e-22
-1.327668378759189900e-22
9.772938549168141699e-23
-7.848145310844787991e-23
-4.498744125970285210e-23
-2.440939880039160470e-22
-8.274838614558937329e-23
-8.385357060614168155e-23
5.710210906541476033e-23
-1.768989589034109179e-22
-2.010168188771508650e-22
1.727836510967223081e-22
-2.639083795696120393e-22
1.162327198821285307e-22
-3.994520814989979170e-22
1.785549562343932009e-22
-2.659247266652540756e-22
-1.656623357099789740e-22
2.416796119626972075e-23
-9.504162793366035666e-23
-2.606582166418260724e-22
-6.796141665242710042e-23
-2.236501589370597425e-22
-1.489475006363912423e-23
-2.207236604728441887e-22
-1.160605208062492263e-22
-5.543138944548158389e-23
4.524741526402123027e-23
-1.504314540170130117e-22
-2.077636943841243144e-22
-2.292869750853558056e-22
-3.410596287206682628e-23
-4.511738070457259233e-23
-2.607689665975894049e-22
-2.070993355205190273e-23
-1.979777484813144755e-22
1.373072116442565099e-22
-4.731601906374278033e-24
-2.825426978746632376e-22
7.391693932646985143e-23
-1.769988211941585524e-23
-1.061656117898406190e-22
-1.340008506102534345e-22
-2.975429174751201382e-22
-5.387590385975843333e-23
-1.026117548899691150e-22
5.277252217480489281e-24
1.537772151716089095e-22
6.961409795633218206e-24
5.396413586149503744e-23
1.405455180093358896e-22
1.145579029038758151e-22
-1.627859649064306306e-23
2.417229991410275565e-22
8.594352058247822989e-23
2.695840792283325910e-22
6.576483355583221505e-23
6.877158802736468393e-23
1.749622781932224732e-22
9.018381708414292049e-23
1.079279149097625349e-22
4.237215111594304672e-23
3.623232937896751739e-22
7.684013225467935846e-23
2.442459562820528182e-22
1.387686997351611893e-22
4.326917965680653158e-22
1.034509729685272493e-22
3.378032714085252548e-22
1.501181601435639608e-22
1.866628744751788495e-22
3.541008190930402775e-22
3.622279185519947668e-22
1.377952099082611031e-22
1.211405191593370678e-22
2.701520953302368434e-25
1.304719713409040514e-22
1.642804650240590162e-22
2.005345058230834222e-22
2.213331416948131264e-22
-1.774331965374432850e-22
1.743911505734340690e-22
2.510740280977194285e-22
4.210416256455866192e-23
1.144651925470669422e-22
-2.617344299348805405e-23
-1.440489613442157942e-22
3.632960071093051628e-22
-1.142981380593913478e-22
2.530953261650012484e-22
4.978109474696522797e-23
-1.329466187284703235e-22
1.156697171333100594e-22
1.248764604101967024e-23
1.930842726420113190e-22
-1.688361028805836939e-22
-2.950841309171334311e-22
-7.148370273442964318e-24
1.335225747021674265e-22
-3.232115381680318006e-22
3.129643148613145142e-23
-1.702054309740416696e-22
1.276469671793652633e-22
-3.298498354533069144e-22
2.800308882357042506e-22
2.197516522743748379e-23
2.828927923411499569e-23
3.669184117318890444e-23
1.720752636332368722e-22
-1.698416622520913603e-22
1.235674958293237571e-23
4.556127414071536754e-23
1.501305275143511335e-22
-8.191320634212181778e-23
1.571927317723803976e-22
-9.632246063190372054e-23
8.303848138987515016e-23
-4.287230604544052202e-23
-1.973979180744373943e-22
3.364038841518498312e-23
-2.630225405321933187e-22
-2.195038337554602657e-22
-1.052866746765179116e-22
3.223027013304314613e-23
-2.220697419336607560e-22
-3.267453577040973094e-22
-1.977206845433650963e-22
-2.066439051668749226e-22
-1.267185367564472661e-22
-2.396000391915798659e-22
-4.519482030942796380e-23
-6.959058216763461727e-23
-5.020456117634388075e-22
-1.793004660766983390e-22
-3.233823390334333269e-22
-3.346911222862304187e-22
-2.889068404078193412e-22
-2.632592781818510009e-22
-3.494289983824474617e-23
-4.420679107920030904e-22
1.127638252272203375e-22
-3.213128074916543773e-25
-4.362142978808959932e-23
-1.622896597620467765e-22
-1.672872429359369140e-22
1.245676101722329052e-22
-8.977970272524274891e-23
1.713349832122670965e-22
-1.889569409913749956e-22
5.911528849832125901e-23
-8.419909054826819596e-23
-9.659312909768959379e-23
-1.930736724356296170e-22
1.410269505160208769e-22
-3.681770580995749684e-22
1.134854976637771237e-22
-4.350567903471480152e-23
-2.310159953173121767e-22
3.285664719710577602e-23
-1.693929828624983366e-23
-1.330865561019826679e-22
7.585727442429579865e-23
8.057709273966435282e-23
-3.727450388237349821e-23
8.953937351456145375e-23
1.099057491465378146e-23
-4.423705332191971442e-23
2.493232818813147428e-22
8.124822395505163930e-23
1.026814511997005043e-22
2.944514356439914353e-22
5.863773437741124382e-23
2.138170320221218371e-22
2.241460077818766548e-22
-1.112643071077368140e-22
2.265160274906559386e-22
1.073574759400934313e-22
-4.210792331068104131e-23
2.810830738807176445e-22
4.452629856107807543e-23
1.002650001208401403e-22
6.880964778685268897e-23
-8.145452633671600154e-23
2.302013335371609401e-22
1.327360270897613283e-22
3.923182191772933601e-22
1.337438801138439144e-23
1.055317619858881705e-22
3.639631266868849894e-22
1.187230246651042743e-22
2.337573399873156944e-22
3.279775371309740773e-22
2.834115199573589138e-22
2.405756183327373353e-22
3.018517361631667681e-22
-3.127523815749693426e-22
1.845474601712876817e-22
1.368328444588144731e-22
1.008164705133100507e-22
1.229770118674594253e-22
-1.324571386607232602e-22
1.377669756177997809e-22
-3.260165505811368987e-23
1.211624213623486380e-22
1.345915045221037714e-22
2.984125969258307835e-22
4.957949995238912702e-23
8.366441533594495430e-23
1.571206193942815426e-22
8.143794487793994055e-24
9.417904695489102485e-23
-1.545214454942728869e-23
-5.070318193709736206e-23
2.234709873685542443e-23
-2.032929355265951699e-22
7.139405816260267150e-23
-8.659532966720726913e-23
2.287060772110698227e-22
1.339161706282647382e-22
6.152849644684239977e-23
9.090462220280759687e-23
3.789782723810506600e-23
4.233805430766388088e-23
-2.565375167605718055e-22
-7.425511963917256945e-23
1.591236780871193202e-22
8.920881309820878799e-23
-3.594619088657553944e-22
-1.042615514163304220e-22
-9.164822042213630519e-23
-1.376816363405947559e-22
-9.352909599953066637e-23
-2.949915774652931322e-23
-4.360243670356402465e-22
-1.369177029100873157e-22
3.663468520446663786e-23
4.640101881185339187e-23
-1.910348908725809586e-22
-7.631381333483135005e-23
-3.237850040692469379e-22
-3.943013576046629275e-22
-1.068095077262787578e-24
-1.392587177251847675e-23
-5.189618396671233936e-23
-3.081096107302832393e-22
-2.211238442534997145e-23
-3.392543125961815566e-22
-2.229922584684129654e-22
-1.697638585921882679e-22
-7.758218691224358065e-23
-3.703560782932121329e-22
-3.412404334906811113e-22
-1.604462899537306975e-22
-2.099817279633152841e-22
-9.957719689206242706e-23
-1.574960618531695609e-22
-1.131369791281768985e-22
-3.981079264115307637e-23
-2.046263451514537080e-22
-1.523831883829288898e-22
-6.951304832045054045e-23
-6.135937066338323116e-24
-2.389453916461635928e-22
-2.660023414798170657e-23
-5.711625208962113118e-23
8.025961171538033948e-23
-2.772373212833115405e-23
-3.528924828262647589e-24
-7.168710454712510165e-23
-2.233862851465866727e-22
3.870345924429908223e-23
9.212750969715756818e-23
-9.746882873807585617e-23
5.147687664141668840e-23
2.597124387913297443e-22
5.509343705375170317e-23
9.629040576621742917e-23
1.290837129310233013e-22
3.074472176900781974e-22
-1.456111206272478730e-22
6.650978219483394382e-23
-4.692732982524775608e-23
1.358370801485023885e-22
-3.360934918985100039e-23
1.824390464601596924e-22
-6.072871273685042088e-23
-1.002220542271497177e-22
8.222097981662650478e-23
6.347278823748612330e-23
1.234497571215326814e-22
2.503017941685663085e-22
1.565961356796103722e-22
3.577805352680642393e-23
1.306727546360284862e-22
1.383784965848250861e-23
1.024304630436248899e-22
1.478058257092578755e-22
-2.941428873697506302e-23
2.261318794339697709e-22
1.875418109349605169e-22
-5.943184557190643096e-23
1.408040500022894473e-22
3.101072816188660583e-22
-4.382590581323736782e-23
3.597527275993756427e-22
-6.836348119778819414e-23
1.549158711259935688e-22
1.946807162525838565e-22
2.087334287976618712e-22
1.809464324945497014e-22
2.545951559659113228e-22
-1.743002630022407438e-23
2.698387141751890052e-22
-3.400880839462839592e-23
1.828949729055101982e-22
-5.298266768768433751e-23
2.911972435528390383e-22
1.173753069473222987e-22
2.681398645070580624e-22
-1.175718932351702330e-22
3.566229343060636849e-22
1.829683296534413412e-22
5.388095751101336171e-23
1.597245798366014972e-22
2.272442456073120451e-22
-1.661135308550985805e-22
1.248910530424568680e-22
8.071560151708688296e-23
9.924768928189465901e-24
1.271503973501019692e-22
5.598427437501982215e-23
-5.718120089710976297e-25
1.084209720917993281e-22
-9.520315499828440925e-23
-2.194306910218579959e-22
-2.324020524301683589e-22
8.410789747854311713e-23
-2.170458316136676484e-23
-6.003216867077724159e-23
2.960707100194106892e-23
8.772955926415793903e-23
-1.416417315428997146e-22
-1.174265512911460957e-22
-2.127332275712440423e-22
-1.173769453185574722e-22
-6.058939415179658310e-23
-2.223482269718030746e-22
-1.922969837521725215e-22
-1.680197455893199757e-22
-9.615196287328649599e-23
-9.695211186717116886e-23
-1.206366433552292481e-22
-1.407162567534527450e-22
-1.227782708815914600e-23
-6.339128897659916862e-23
-3.008386973303894576e-22
-1.356943266356341819e-22
-2.770828058348723558e-22
-1.868926258865212671e-22
-8.392466230264319501e-23
-1.251329995631925036e-22
-1.679177773418688294e-22
-2.042366021782603963e-22
-2.324215765417363485e-22
-1.906151628249506553e-22
1.621592671690573988e-23
-1.211205793058920479e-22
-4.499630887809580247e-22
-1.401914863524941048e-22
-2.316423927339895208e-22
-1.824903078963424165e-22
-1.924041025522624156e-22
-1.268192351606014883e-22
-2.157852012645242637e-23
-2.238413760107992053e-22
-1.277809093415092738e-22
-1.177563933542983066e-22
-1.042595328788200385e-22
-1.420357079913226574e-22
9.671200652194029154e-24
4.681080121351954117e-23
-3.120533439079193688e-22
1.082369725157589413e-22
-1.856648515431394905e-22
8.611922268038019752e-23
1.301814962352722471e-22
3.053587622653521419e-22
-7.476996881724258319e-23
6.407749336939574387e-23
9.332801213002604993e-23
1.661432436284518384e-22
-3.415873962261116645e-23
-1.743697666747214136e-23
6.271372424412512506e-23
1.636621878612981673e-22
-1.842676197279653023e-22
1.780210821509756463e-22
1.777633222166107755e-23
2.009042416169703617e-22
3.705090737346925081e-23
1.419667947544547818e-22
1.253020708616207265e-22
1.487703178075171727e-22
6.574885610585056730e-23
2.826596353713311542e-22
-1.728644326264761396e-23
2.778749611756684806e-22
1.119954477399166445e-22
1.421908232461164964e-22
6.665471886288993779e-23
2.014687440169944876e-22
3.210560018086228394e-23
2.083756100227336667e-22
2.958269333541905329e-22
9.063052178511955722e-23
2.765971120502754487e-22
8.120018195048356165e-23
9.264570124711503342e-23
9.767800218762906671e-23
2.035215370864903777e-22
4.773938520953691717e-23
6.585207217803916948e-23
1.318440653624128646e-22
1.799941065716242729e-22
1.416103205588393757e-22
1.205796721947229142e-22
2.805964942571456545e-22
5.396619087795893336e-23
3.269780352144675715e-22
1.105514220592558100e-22
4.960608578894829824e-23
8.646732602594076717e-23
1.284165316715322140e-23
2.003175982218260081e-22
-1.044214248834010441e-22
2.363988436288008065e-22
4.547578382844735338e-23
-1.363358398487718789e-22
4.515102785034151840e-23
8.610985695433581371e-23
-1.053609321718543153e-23
3.510305541429941769e-24
1.342341551102830390e-24
-2.964312273291654055e-22
1.220519214426895898e-22
4.485682662180237402e-23
-2.814277693181067589e-22
2.922742494854411638e-24
3.455572910129035584e-23
-3.294326633491662192e-22
6.366416770183474985e-23
-3.935467015630098956e-24
-8.751997069871195342e-23
7.730144796343618725e-23
-1.551223954952961490e-22
-1.062579601055243324e-22
4.427365023599662105e-23
-1.385242892009787599e-22
1.828909613091721571e-23
-2.046686449875840718e-22
-6.170310306573558699e-23
-1.069547064108943483e-22
-1.658809593284608236e-22
-1.624925946066753268e-22
-7.671371340760790010e-23
7.204310612835547446e-23
-1.517807302611683366e-22
-2.500214199643616022e-22
1.372598765131008764e-22
-3.033355978256904110e-22
-1.199728880149683009e-22
-2.714704395930643038e-22
-3.911699308016004713e-23
-2.940171100958349349e-22
-1.261205199625889816e-22
-1.630374478140601600e-22
-1.554573993263439503e-22
-4.184942048528738337e-25
-1.115552961441022688e-22
-2.160728792151986348e-22
-2.052248916208572960e-22
4.595359394099905784e-23
-1.777551040174496249e-22
-2.968480341258813851e-22
-4.225977300783350490e-23
-1.943770940475491395e-22
4.294186813534850625e-23
-2.475635235122109062e-22
-1.674304686218154058e-22
5.981410438781308642e-23
-1.285393422352302548e-22
2.010692528904809343e-24
-2.431748177955192334e-22
-9.819721079482427125e-23
-2.751952458478915864e-22
2.286222135952097203e-22
-3.909771093488045210e-23
-2.074963985485980591e-22
-1.070690025249987751e-22
-3.974565805756138048e-23
-2.766173771962283866e-22
3.929470355608141059e-27
-7.450220656966900353e-23
3.422252454593978234e-23
1.062824209596717291e-22
2.061507068689139089e-22
1.529099430196437979e-22
-5.334835752378414341e-23
1.039738486486338219e-22
3.153568494011340795e-23
2.534738358955034274e-22
-9.862715701942044672e-24
1.087568702575658446e-23
9.703260901952734790e-23
2.885156492786623015e-22
1.974635692326667670e-22
2.628209764516917159e-22
2.461483559187687537e-22
4.034069845668726527e-23
2.504777133441485462e-22
2.922255801227721781e-22
1.522986603669715454e-22
2.594472246224847267e-22
2.875046943771541442e-22
2.586508048238043262e-22
1.477455819646868764e-22
2.912770386023673869e-22
3.070558761198070700e-22
2.392871633661480285e-22
1.873460627638500340e-22
5.164723478778189450e-23
8.210653842318796697e-23
1.383585525781410818e-22
1.377223459973226890e-22
2.196598217884658450e-22
2.001084717394027862e-22
1.040718453223659397e-22
1.559846499171863645e-22
1.897275726705128786e-23
2.111641086512709455e-22
3.761280015656326316e-23
-8.119437167686822804e-23
1.686472735294353485e-22
6.536268418905643220e-23
1.731219856437160912e-22
-5.061311820766042483e-23
-8.437160906875256646e-24
3.900515396243449607e-23
1.158395058138147761e-22
-1.411503993001763957e-24
4.152224681410027171e-22
-3.417747478931412650e-22
1.197237798286712458e-22
-2.910105063042278702e-22
-1.342011658315913336e-22
-4.716222909671088041e-23
-5.185837545648875437e-23
-2.968374493992237478e-23
-4.027592387667858331e-23
5.245881384099642879e-23
-2.721563849621345498e-22
-2.358103508403070461e-22
1.097267942558580855e-22
-7.585416772061617596e-24
-3.294699888975966938e-23
-4.324321647985063164e-22
-1.258545743904366812e-22
-2.469042469004351940e-22
-3.729141836545633772e-22
-5.792996829473644841e-23
-1.186714005076123127e-22
-2.477129791022471662e-22
-3.005004783940441720e-23
4.629303601208627586e-24
-2.763101900422343429e-22
-1.617775115828973255e-22
-1.455074903770368265e-22
1.040267940835731820e-23
-1.799539470727041568e-22
-2.083295247634957833e-22
-1.266188821957423947e-22
-1.296614112194474961e-23
-8.605221889795109086e-23
-1.740950434494912210e-22
2.020401060429603548e-22
-8.241435838197477275e-23
7.958827932839059996e-23
-2.259655359209186601e-22
-2.153931367720623865e-22
-3.147581045739082313e-23
-1.997620207736166955e-22
-1.784932234369340816e-22
-2.880458540997249023e-22
-1.200937281794222934e-22
5.787439356065875280e-23
-3.723897338658533093e-23
-4.038311382092357148e-23
-7.750120795796223136e-23
-5.132129732387144416e-23
-1.791727759540372392e-24
-1.036929256500487492e-22
1.143489602335543778e-22
-1.906363367744710724e-23
-6.384132881959624300e-23
-2.088514790209180567e-22
-4.277202363586974787e-23
-2.512633755943134031e-22
-1.368226953016567812e-22
1.784788305716082743e-22
-1.752012903902305206e-22
9.368593904746963951e-24
8.080433102813468607e-24
-2.193592958670498580e-23
-1.546251368929924392e-22
3.077621309872423303e-23
2.100053877309194474e-23
-5.654639902934351339e-23
1.622821202627373101e-22
1.237610460650562551e-23
3.590875183966899200e-22
6.288224191263900156e-24
5.984316640413134509e-23
1.521956453220320216e-22
1.858429645015700221e-22
1.991631008009970871e-22
1.847439675145190874e-23
3.245722817485804997e-22
1.219050218781291784e-22
2.068427966281556203e-22
3.806171025624264949e-22
9.563640757361064592e-23
1.893586542167297965e-22
2.755034396451659726e-22
2.657725702399010871e-22
1.655619487590139811e-22
8.621262750340480263e-23
1.996812534085064088e-22
9.049764106741997171e-23
2.612439583200562748e-22
2.127728605050341303e-23
3.136041005562407589e-22
-1.414783657386025206e-22
1.697173938939431144e-22
9.368991686167377807e-23
1.352741710102409621e-22
2.215971318506754414e-22
-1.069277391976797180e-22
1.430064171915727713e-22
2.389643535411165192e-22
-3.023626194309808985e-23
2.650071844486055171e-22
-3.379517783975534262e-23
1.780091057607234095e-22
-6.657813879765550694e-23
2.747420452973961835e-22
1.022206058906782618e-22
-4.850094861336103120e-24
3.478059159536778176e-23
1.176099522648501900e-23
1.128653846547428029e-22
-1.281937459975664403e-23
2.128403828541890909e-22
-3.336675923352541877e-23
-2.193960147163505596e-22
2.087437989666660732e-22
-1.093263040598063595e-22
-5.331054383506561628e-23
8.062951950995839200e-23
-1.246696387531596464e-22
-1.967247889417621104e-22
1.442869055492954898e-22
-2.742107113502322152e-22
-1.798933015328376414e-22
-1.624351255130689819e-22
-2.356165440324585905e-22
8.909245374017122164e-23
6.701609236821356434e-23
-1.315871409300067833e-22
-6.694079783479303920e-23
-1.654128776852609711e-22
-2.640064587078509545e-22
-2.530620148473285298e-22
-4.473290655519321789e-23
-2.814252319037126460e-22
-2.345823691817586380e-22
-2.680694507751330373e-22
-4.913171570626870635e-22
-2.045830047380464786e-22
-1.738493172536009136e-22
-3.500614893153666091e-22
-1.162888955990950503e-22
-1.241307316615839997e-22
-2.820121865252546242e-22
-1.737873771944583690e-22
-2.828489697566963326e-22
-1.615182727752276474e-23
-2.904510228012918934e-22
5.079767642284702443e-23
1.570571384436675048e-22
-3.213584978894195379e-22
-2.295204395397805335e-22
1.179068437867455419e-23
-1.190107237265718993e-22
3.721196695066930484e-23
-1.842058801060648315e-22
-3.099175101231504792e-22
5.357014455973978205e-23
6.580401371634603222e-23
-9.928473512980778024e-23
1.306425029435723803e-22
2.230646046262485014e-23
-3.599915174837132319e-23
5.158298037237161245e-23
5.221523462213226194e-23
-4.821407772983968067e-23
8.732257937357123562e-23
6.241251725785841120e-23
1.949420856481889137e-22
1.157354991228500841e-22
-3.285757174402275775e-23
1.038094094955625938e-22
1.715957754497349246e-22
2.466566297867699861e-22
7.674928300265144283e-23
1.047053284224892327e-22
2.646387658525346847e-22
1.032050992838571907e-22
-5.585100688099199222e-23
-6.780480758352428021e-23
2.800647649194185799e-22
-1.237278572821203942e-25
2.071729607518146029e-23
1.258083612754715391e-22
1.540651221655328655e-22
-5.610737122771199890e-23
2.236311278124716130e-22
3.224998819621709996e-22
3.269764495484779454e-22
2.631343347913496935e-22
-3.229510241672027754e-23
3.062642676019742498e-22
2.554811195258276132e-22
7.486845387711129622e-23
1.833834817976224664e-22
-5.341380272608874064e-23
-1.049962788947311135e-22
-1.494981893985335907e-23
3.057572451218249508e-22
-1.593939753667967068e-22
2.823641142594144843e-22
2.181726368530189280e-22
-1.314716227594329286e-23
2.189882453586196289e-22
5.417512501541734199e-23
2.560056526650895674e-22
-1.785784258214470594e-23
3.609232910264371999e-23
1.139374643793141565e-22
1.081155027509136428e-22
3.094588464897395400e-22
2.949306174287385505e-23
-4.691308190228582822e-23
9.471281604096442871e-23
1.543686802401670876e-22
1.033567575903376271e-22
-1.998604161431909623e-23
4.338406213087552260e-23
3.235509764247824729e-23
3.939273842624845274e-23
6.835583234840927604e-23
-2.588422809004117350e-22
1.984209917471541171e-22
-2.517176098220923831e-22
-3.537387050682732719e-23
4.128949773459914581e-23
-2.125821922693838637e-22
-4.619258038685994089e-23
-2.997182453454325507e-22
-8.567555921367358231e-23
-1.817391557117569977e-22
-2.080560768477096702e-22
-1.258286150963004546e-22
-1.728110800455236445e-22
-7.804155263722869621e-23
-6.019154987030035682e-23
-1.947120640540018195e-22
-2.168906085014813382e-22
-1.953682054529917811e-22
-2.235594401942115821e-22
-6.181240346683564592e-23
-2.882764482207995777e-23
-3.367560082492257950e-22
-1.003502477312278505e-22
-1.551164537869090383e-22
-3.601482632709028119e-22
6.099907996293076505e-23
-5.306573253268953061e-22
1.306721705491749521e-22
-2.156500049983113135e-22
-6.988544096760399678e-23
-1.110441405962524540e-22
-2.186294118934342820e-22
-2.060369732660367432e-22
-9.697178777593362204e-23
-2.144094413729010998e-22
-1.334151925717032588e-22
2.294584247798414299e-23
-1.729299489513610309e-22
-1.329163586498455371e-22
-5.840218805042875091e-23
-5.292292869539205968e-23
3.207255359610715700e-22
-1.846433941865559154e-22
-3.406298161662075092e-23
-1.037720774341057757e-22
-6.445143348338283236e-23
-3.556688388572566997e-23
2.306119118283220479e-22
6.576248731224593631e-23
-2.708713744864603315e-22
-6.939443947235047596e-24
1.182110133700585912e-23
3.659380803114101616e-23
1.431022317515628964e-22
-2.223047883986398571e-22
2.344577314670765191e-22
-4.542088938303236061e-23
8.692506185568961013e-23
2.002873841519036699e-22
1.909047281099513603e-22
4.192955280983020455e-23
8.135480624589489818e-23
3.189416355360562770e-22
4.657953555218819567e-22
7.052888440744544948e-23
1.348069210643686698e-22
3.644446848273344612e-23
2.100857222488348214e-22
6.851025883734029137e-23
6.751185332629219327e-23
2.828467660734398851e-22
-7.665191395400108433e-24
2.367344099493228052e-22
2.520032411952302291e-22
7.672400603036569863e-23
-9.244577657645549745e-23
3.660794750665541650e-22
1.318142511684055061e-22
-6.529438835675253978e-24
3.516115126499562008e-22
3.038454106255427718e-22
6.071001915449513550e-23
9.630186004208271252e-23
3.505479855141708896e-23
1.838206370988714029e-22
1.267025276816173567e-23
2.115977361495242043e-22
1.072197118389277549e-22
1.920370320927904408e-22
2.360675346695894766e-22
-1.121838742386363072e-22
1.849649612889526363e-23
-5.952101142671449273e-23
2.476468404148698652e-23
3.874562020934820718e-22
-2.785565369485714546e-22
3.526335653441492592e-22
4.611209640373352991e-24
-1.198534008689950192e-22
-2.779169987050324737e-22
1.580574021178524278e-22
1.531481979520177366e-22
1.121609044426856636e-22
8.069961973513372185e-24
-1.250133221172043432e-25
3.412402620363449965e-22
6.887596711278170870e-23
-2.807314620547121936e-22
-2.508594408077904220e-22
-1.812823750908342751e-22
-1.585186135710083301e-22
-2.181993814601001479e-22
3.274388973425404154e-23
-2.369887687735676066e-22
-6.231730785163656191e-23
-1.077820871984949647e-22
-2.568874077372487337e-24
-3.534306195532788446e-22
6.667406161786218490e-23
-1.504808818619089297e-22
-3.534961875509500489e-22
-1.852956065331643922e-22
-3.617977907869639371e-22
-3.758258525767791235e-22
-2.397357841452614777e-22
-2.162863173736627751e-22
-2.240326503304004041e-22
-8.821399061223149903e-23
-3.865632923666963439e-22
-1.129924157855563348e-23
-3.243793208030718310e-22
-2.395576564818817203e-22
-3.084461788753277505e-22
-3.142458417261521609e-22
-4.755763125217499678e-22
1.419856330806016825e-22
-2.219887354277157080e-22
-3.078913257005294820e-22
2.159218181629186761e-22
-2.663954398221277237e-22
-1.029945960618218899e-23
1.553177816890317519e-22
3.852210862070189226e-23
3.649920263177575417e-24
1.246516992842516664e-22
1.568358770922770425e-22
-4.860142924195188660e-23
-7.883075139000553717e-23
4.993026657303217711e-23
1.978584957580501510e-22
1.809019168417422919e-22
1.962272280925299258e-22
1.924760649730452752e-22
2.899118067510091491e-23
3.723648723920621693e-22
-5.185709083064521319e-23
-9.299373079812880003e-24
2.857318582917773102e-22
-1.888365363078546433e-22
1.489218243865515496e-22
5.581450446180768598e-23
-1.925972540944874609e-24
-4.702910919639507984e-23
2.307921270420463843e-22
-1.681695184976662530e-22
2.235290260892921679e-22
6.684733075112985999e-23
3.983748262503427510e-23
1.634122388583098304e-22
1.743025900735520116e-22
1.930429114330066865e-22
3.337259362341088373e-22
1.541575615484047391e-22
1.193822821381751193e-22
1.736446827789481535e-25
2.602829155903484568e-22
-1.324105650031777718e-22
8.292818135063852262e-23
1.681913666491041773e-22
2.453147553126078305e-22
-1.842814997617344613e-23
2.078609705865555347e-22
2.300108429489454053e-22
2.673639460192377361e-22
1.059952183028329788e-22
-8.113630722646941362e-23
2.834981235624412747e-22
-6.662556371528848405e-23
1.606940586398439129e-22
2.436581165735963541e-22
2.270785388387850088e-22
2.634209440224432452e-22
8.616640132764294568e-23
-3.325220083041477753e-23
-1.214296333642454926e-22
-1.242294039844217246e-22
2.060552658900983780e-22
-4.312183412877177519e-23
2.674370189080851599e-22
8.057606906228957737e-23
-7.894496300545336831e-23
2.236914117155192197e-22
-1.881489999626486113e-22
-7.284118680088643016e-23
-2.730101038236100147e-22
-1.846586949674100514e-23
-7.095924771162047064e-24
-4.404444401260976717e-23
-4.153017324846499410e-23
-1.731486648943957989e-22
-1.661011068972602061e-22
-1.540935920996682034e-23
8.709454300937688139e-23
-1.057272122252495318e-22
1.117561839251356084e-22
-1.453925431827408144e-22
-3.065867128777684111e-23
-2.557810888010313561e-22
-3.393809835219367627e-22
-2.078945634142611675e-22
-1.967329394564431030e-22
-2.709659293765764323e-22
-2.935990118265759595e-22
-3.727370152150414575e-22
-1.437404318557989207e-22
-2.382670064453780047e-22
-1.412729010145636510e-22
-1.278700444320210638e-22
-4.501139960891244657e-22
-4.050143370400888736e-23
-3.413646158046157327e-22
1.126417406195741112e-22
-6.253379805351064271e-23
-3.509680848179095335e-22
-2.738435957831146022e-22
7.972071301730874014e-23
-2.878114409278221541e-22
-1.963481690791142873e-22
1.706441833254184203e-23
3.584571878971032785e-23
1.670457175420786088e-23
-5.658636253393955253e-23
-2.123273959088758842e-22
7.527950336201597306e-23
-6.563761093442695600e-23
1.071653418177316034e-22
1.106208369715633644e-22
-1.756443313823814524e-22
2.494245597557348276e-23
-8.179271528692753494e-23
2.644186340823700204e-24
1.570849111001232880e-22
-4.799634044818830246e-23
-1.342084342195267644e-22
5.143752443162437423e-23
9.051768919153431065e-23
1.775149549985575042e-22
1.184089145434453579e-22
1.404548034171871755e-22
1.697674474178955128e-22
-1.649419594674799378e-22
9.187366250568131532e-23
2.946431071614626002e-22
2.902468578379608678e-22
5.078163598356415738e-22
1.027162327709609566e-22
9.920899878309149026e-23
1.712845796486027325e-22
1.270203474730923799e-23
8.659142051899890175e-23
2.385392343339522097e-22
1.581712188095232204e-22
8.660616499138872064e-23
2.412941853991577091e-22
1.918907367528840320e-22
1.615637803696520094e-23
3.617795092423566099e-22
6.923182178142039963e-23
-2.143814316111411244e-24
4.875357250532849489e-22
-9.796788049698794755e-23
1.420712465660694168e-22
4.905156483490498609e-22
-4.492998668907999510e-25
1.324903918131820858e-22
1.627500508197759571e-22
1.187066576695319001e-22
-2.666772523245625399e-23
1.562459263269935201e-22
2.033656102006429432e-22
1.249132033482026819e-22
-1.406609617797958005e-22
-4.840258668769580669e-23
-1.771501158424901645e-22
-1.791876527535676251e-22
1.246714361017638369e-22
8.705378533990252287e-23
-1.959778392825847456e-23
6.179927380251818204e-23
3.035533595881973956e-23
5.702070885812177525e-23
-1.929342648213153385e-22
-6.376696210973023473e-23
8.111606897922607036e-23
-1.130545926765315989e-22
7.826041104849223159e-23
-2.970391614213856591e-22
1.913309487605466633e-22
-6.126895204173831755e-23
-1.460935828545380935e-22
-1.428200082238338294e-22
-3.151831836929322488e-22
-2.391837621003030925e-22
-5.509867837866599233e-25
-2.555444010554662358e-22
2.441059010652452280e-23
-2.149908918863423512e-22
-4.211664268282098109e-22
-3.073388608532281738e-23
7.798658890798691179e-23
-2.860219618342320741e-22
-3.002881885473458858e-22
3.280195823085518040e-23
1.965674264365021381e-24
-2.838826047320232110e-22
-1.969993446334180427e-22
-4.402709482194629781e-24
-2.112279143975686624e-22
-2.938869079213970746e-22
-1.484159397383871150e-22
4.142262918536350933e-23
-1.906668327105002322e-22
-9.609918268595671619e-23
-3.736936127326991798e-22
-3.303904081936246004e-22
-2.042883441742385858e-22
-1.783820692056805649e-22
-2.233498949616259190e-22
-4.357348536788041887e-23
-1.472814306275861312e-22
1.418796060079538228e-22
6.745677116396727068e-23
-3.181399106635562758e-23
-1.136741618976648000e-22
-1.430734296684337957e-22
1.864237406487678845e-22
-8.035388108126115540e-23
-1.405607498294761681e-22
-1.878624494112157328e-22
1.893043348188183127e-22
-2.628250485463218615e-23
1.093741200588434075e-22
1.083432927313012466e-22
1.672592030389001073e-22
1.016624161534477713e-22
4.504010732766274689e-23
4.742484914899683604e-22
3.820010496357767193e-23
3.013713892631476291e-22
2.247103966580185838e-22
3.235665777912659894e-22
1.588207744066816088e-22
2.211088259437485914e-22
1.847300040783011891e-22
3.087727913899396243e-22
1.568417016392992527e-22
1.827495958022860933e-22
2.331525546398417030e-22
2.738507199753854384e-22
-2.370856815052258005e-23
1.190625217762057530e-22
1.314654167821697380e-22
5.160911564139874454e-23
1.440115750998540821e-22
8.944081808933680218e-23
-5.969905729684647221e-23
3.082720182992896938e-22
1.123554441762408748e-22
2.115984224482061405e-22
1.424046197761216585e-23
1.821394206187894727e-22
-1.483062269590693137e-23
4.892110186528505452e-22
-9.917571643687355839e-23
1.551243275071032043e-22
1.852843830205045330e-22
5.437810374624871596e-23
9.711403490232228465e-23
1.488209358340545805e-24
7.248562657960677996e-23
3.076847063410625260e-22
-1.072169593074008491e-22
5.765671504386535692e-23
-1.502945454025233746e-22
-8.168761672128527451e-23
-1.212719622367803609e-22
2.419876113468668577e-23
-3.425233806909201521e-23
-1.507506573746462349e-22
-2.812875328666579792e-22
-6.606667711869655887e-23
-1.351434223567414136e-23
-1.674194360158556845e-22
-2.548244165278353137e-22
-1.148991342669055023e-22
-9.460041651741091329e-23
-1.965482489178375280e-22
-2.002515722153214157e-22
-2.543245622245008854e-22
-2.458439150988921083e-22
1.601394434452754305e-22
-3.096389673424138270e-22
-1.776236819238084153e-23
-1.279384444929076269e-22
-1.335614458892496570e-22
-2.315501646425469698e-22
-8.692592499780344244e-23
-3.362707724226708813e-22
-2.483515247468683476e-22
-8.129200546407908013e-23
-1.733259677338693055e-22
-2.528221609031995846e-22
-1.397589723553318738e-22
-8.066979276926129343e-23
-8.394727289665371460e-23
-1.780798761660416822e-22
-1.892387026907905769e-22
-7.009770503125529354e-23
-9.745978623089334644e-23
-9.875598497127926677e-23
-1.891314340884731820e-22
-4.289128943237891385e-23
4.752563246131239450e-23
-4.909562705109331660e-23
2.563838302011607306e-23
-9.521000298027740335e-23
-1.365964882904945358e-22
1.681545112757638307e-22
-1.335423754033792336e-23
4.751825999233743266e-22
-2.720222357403797886e-22
2.843169630270544108e-22
-3.104770800874566475e-23
8.029459325035257533e-23
-1.128823101760311926e-22
4.710298404519544880e-23
-2.579672269711679928e-24
5.951188060323672523e-24
3.834446662317493650e-23
-1.761517437916786194e-22
4.794398968997021668e-23
2.937024211464843981e-23
1.681422599447256855e-22
2.799329395965948959e-22
1.049859862081678460e-22
5.803678462179489121e-23
2.105193794284977500e-22
1.764075602211716976e-22
8.908900422692913019e-23
1.357901679023977264e-22
1.826643887058399098e-22
-1.508922749856435997e-23
2.228048852356212292e-22
2.517126095832853357e-22
1.986492234466489439e-22
1.035440113991616869e-22
1.547973985906138010e-22
3.014432317686430255e-22
2.395516692021734145e-22
1.758240832482865919e-22
3.260143910875749101e-22
8.801584093921293202e-23
1.228301833283771387e-22
4.068992433510962600e-22
4.725141326429810962e-23
-6.024910491846205716e-23
2.871621889292239815e-22
3.883074662909508471e-22
7.720771893761577394e-23
3.379138112523808591e-22
-1.698195440901259338e-22
5.278555687341798476e-23
3.897800164773015318e-23
5.055338490167116502e-23
-5.504530379616159863e-23
-4.142628497002232779e-23
-3.138442332971474461e-23
9.621999369738104751e-23
-8.130000846463260786e-23
2.441822215865373407e-23
-1.732568136481463170e-22
-1.568965697599724404e-22
-4.998268249198121887e-24
-3.200757506339346718e-22
1.260929037257930521e-22
-7.785541870582711984e-23
-1.614622343559435166e-22
-1.804304610622641563e-22
-2.937157830315154153e-22
-2.583405711859380904e-22
-2.661589110816311339e-23
-3.336341509857438973e-22
-2.968762770721769389e-22
-1.269187309204491277e-22
-3.105194223411452838e-22
-2.774284022658699202e-22
-1.951772048235078420e-22
-3.049822314623277669e-23
-4.434640097116955167e-22
-1.732414624822940656e-22
-3.300056727206261721e-22
9.885237986606676285e-23
-1.133922285963189501e-22
-1.139389708315524151e-22
-2.653110086968582301e-22
-1.262951189121544055e-23
-2.586400384444755871e-22
-1.663178456378054771e-22
-3.444528274998795039e-23
-7.693549439945271805e-23
2.859112705080703296e-23
-5.257935441282548899e-23
-1.212672416091302388e-22
-4.033941850082234913e-23
1.078798290816137912e-22
-1.723239303567319394e-22
2.395961788373590632e-22
1.527171937640496547e-24
-5.028488339249713208e-23
-9.684849255845599144e-24
-2.330423308719484391e-22
-4.763884532816238554e-23
8.578074240339701557e-23
4.444186198662942736e-23
-2.161560279314511401e-23
-3.673431897943821374e-23
7.537195078163734015e-23
-8.767621597455080696e-23
2.036972570112010127e-22
4.997250771978121113e-23
8.017079282551733886e-23
2.119069404839782613e-22
2.407700475517796839e-22
-2.512002461254449821e-23
2.294169180769720167e-22
-4.728518152837865709e-23
3.118252317944458343e-22
6.685506984210925201e-23
1.667939827378940871e-22
2.091791361603278606e-22
1.163065696424495840e-22
3.523960219922813778e-22
4.668597157331867463e-23
3.912201342225603625e-23
1.480854805614527350e-22
1.659551689993580380e-22
2.169672804634899656e-22
1.768691090985098958e-22
4.887198613503051810e-22
-1.458609077050843586e-22
3.249268218899671102e-22
1.316131313159638871e-23
1.919961176473010371e-22
8.317989050983418707e-23
6.470724136919096348e-23
3.123502205163022402e-23
1.137356890199286005e-22
1.394127624031086724e-22
1.703427353796767918e-22
3.195294929114757353e-22
6.095072753196933702e-23
3.029424348078906315e-23
-3.351593594986822633e-23
1.187985149971048401e-22
5.628862111285078981e-23
-2.442105932046497571e-23
1.349918875863574149e-22
-1.668030136402107681e-22
3.328545918730771597e-22
-2.443531045357312796e-22
-6.419998084340692602e-23
1.521169994065092762e-22
-3.158453965846109868e-23
-2.149498102121493891e-22
-1.928134534995928952e-22
1.016501294649258139e-22
-2.778224676096114706e-22
-2.135584999628607590e-22
-6.481393641678951117e-23
-1.280278176945763516e-22
-2.226538003179658603e-22
-2.528953699105353894e-22
-2.978498354994366947e-23
-1.661638101623319616e-22
-6.055861604195779335e-23
-3.116793520084002251e-22
-3.371501588607212480e-22
-2.628277769410670635e-22
-2.079428673958413208e-22
-2.232302222199226573e-22
-1.188503598735865972e-22
-3.706517683305093335e-22
-3.538609295190591548e-22
-7.005840235613893252e-23
-2.388724746614887185e-22
-3.027958525838733024e-22
1.429209393808254457e-22
-2.267394915510223091e-22
-2.874563113566787246e-23
-2.592529311033958544e-22
-3.586029587684805923e-23
-2.555602249738457475e-22
-1.837381486365497991e-22
-7.176384313340483995e-23
-1.786294513820538897e-22
-2.397913668703990469e-22
-1.018668670147429973e-22
4.027862095205299798e-23
-3.319356181795467527e-23
1.265074308606329868e-22
1.427154568933487856e-22
7.839523755026671699e-23
2.525893945571131684e-23
2.261048138171721663e-22
2.486205423237505166e-22
1.126569231105837154e-22
-5.544332788697526220e-23
6.372620235871617608e-23
2.288561081468718112e-22
2.862102470000767977e-22
1.393704159746046413e-23
3.065054681248974187e-22
1.351746496743455517e-22
3.605803061017783065e-22
1.613259410711680302e-22
-1.381697616436081557e-22
3.424683817637927165e-22
-8.128614140745190960e-24
8.098988430162593966e-23
3.701331698331096690e-22
1.208456154528794377e-22
1.552513614607761183e-22
2.086240156874039590e-22
2.028492506308213303e-22
2.377227631455864856e-22
2.009631247622638449e-22
1.893410245079700187e-22
-6.345259339911234228e-23
3.762786220985469930e-22
3.320813626861025767e-23
8.519937022209932236e-23
2.218977774058114837e-22
1.234017877448697744e-22
5.751827498901204716e-22
8.072031919297397054e-23
1.436666905353502178e-23
-5.623060591177697463e-23
3.286059969744954755e-22
-1.382867598073784990e-22
2.441537463656371543e-22
1.234068207411240115e-23
8.052817456565200516e-24
-6.506020780281283278e-23
8.695042991974460608e-23
-1.483176000209283878e-22
3.256968081753864434e-23
-2.175300971575213467e-22
-1.066949943859901451e-22
-1.257563508300732677e-22
-7.407774866457826371e-23
-1.379679290905925680e-22
-4.113047312527883528e-22
-1.496000281461731107e-22
-2.002175797345822198e-22
1.484344365084130693e-23
-2.717316731981733852e-22
-3.129674192464815112e-22
-3.799892289108724235e-22
-4.234456571489543221e-22
-1.899854031567875449e-23
-2.422840491894481421e-22
-1.597775924170271155e-22
-2.806880982637343425e-23
-2.178094441551751793e-22
-3.414304074257278592e-22
-3.498609328403198245e-22
5.068884737727225860e-23
-1.106487028431253638e-22
8.460933152743064044e-23
-3.348616831343781243e-22
-1.305800256216363320e-24
-1.310499852411100843e-22
-6.255377541166676321e-23
2.480533321964887989e-23
-2.042463068788272149e-22
-2.139418509945589848e-22
2.096733965405255950e-23
-1.092836061735012494e-22
8.501646708839327111e-23
8.721205862641515997e-23
-1.357452913378848552e-22
7.121998229019494634e-23
-7.229649371694370481e-23
1.508178294859452689e-22
-1.060744230359177408e-22
1.182425789069798729e-22
7.575831896727500165e-23
1.911439189144458606e-22
-8.169267609690831995e-23
-3.494211990152363578e-23
-1.206469783684463188e-22
1.760082218568533481e-22
2.187807516432833042e-23
5.045536515372381519e-23
4.767756400495320837e-23
2.053658223334414547e-22
3.020783366732844005e-22
1.909973930003729267e-22
-7.169651556123961217e-23
-2.041841588784993298e-22
1.260929142694614310e-22
6.308438559321211157e-23
2.781435986209104402e-22
2.638403399491102949e-22
2.377050356991787511e-22
5.403733763779625685e-23
1.007799263436996952e-22
3.351191903574175329e-22
-8.117775897825586231e-23
2.226789063046995218e-23
2.992834702083738680e-22
4.639448151360731012e-22
1.245499666087502434e-22
1.778091539142085282e-22
2.298915514201160688e-22
3.717544995204810537e-22
-7.906409260427198288e-23
1.659974687466006458e-22
-1.828312419459871658e-23
1.788001692585941372e-22
1.086834349365140491e-22
4.424829620626996605e-23
9.022075830230985721e-23
1.159037567274534713e-22
-2.847383531722139799e-23
-4.169019330451337416e-23
2.045991655947282582e-23
1.153433010249893395e-23
-1.361966291818950077e-22
-1.677957529170074865e-22
6.280546361347674667e-23
9.617566212711098141e-23
-1.728683123723647379e-22
1.465922134072524705e-24
1.977941807400468442e-23
-9.820794777077683620e-23
-1.509081584881305322e-22
-2.951209285635950748e-22
-6.278782605942936210e-23
-6.651353839940725035e-23
-3.153082740191238549e-22
-1.614453251715116331e-22
-5.873044561257339341e-24
-4.715203145517752925e-23
-1.602595851493923605e-22
-1.364583280093324997e-22
-1.501077194443757321e-22
-1.135402841586654337e-22
-2.329627043475134795e-22
-1.752241511280921901e-22
-3.019211464244827877e-22
-1.955799038082291925e-22
-1.832301004546293793e-22
-1.147721875020378517e-22
-2.200739805783460624e-22
4.034332430181859293e-23
-1.640254346554768114e-22
-5.258925733751801336e-24
-3.118299809483699208e-22
-1.722775991077574810e-22
1.567698866393245352e-22
-1.562010398882864425e-22
-1.103488895724094477e-22
-1.789020237294517141e-22
-3.097231918599348624e-22
-2.317297366883472662e-22
-4.407618765584678421e-23
1.162132767442290956e-23
-1.465074163402363939e-22
3.536905090494069447e-23
-1.738899895146536634e-22
-1.088780011796960084e-22
2.160970265531440921e-23
8.574937656131341495e-23
2.570348862339678889e-22
3.490539569706541455e-23
3.112487866942077528e-22
2.397867317551543523e-22
2.159249900957989325e-22
4.237023474242643864e-23
1.849793651955521070e-22
2.602026396782918949e-22
4.849310786216122571e-23
3.754994359191205531e-22
2.333582168030463100e-22
6.438257880156373077e-23
3.840437194538801552e-22
5.069904862479123605e-23
1.510945672979919546e-22
1.361197876398628424e-22
1.721772263831771573e-22
8.788489807956553647e-25
2.840335659184318832e-23
1.034874580109517501e-22
2.907303372926115422e-22
2.278221958205775054e-22
3.832979847030353813e-22
2.124814785736257682e-22
2.417182909138068253e-22
1.899569713560007828e-22
2.475359309268277514e-22
1.071789627608960105e-22
2.781068671238380690e-22
2.412672755407856955e-22
1.879970836909965491e-22
1.464115496488561868e-22
-2.351906731483484479e-22
3.610414275879919750e-23
-4.416864354307235915e-23
-6.904329982646617529e-24
-1.185319337079375753e-22
1.304571964141745211e-22
-1.121586493940094967e-22
-4.154107764243453563e-23
-1.857039326453705732e-22
-5.577269410628136042e-23
-2.391794299125811043e-22
-2.087504844710053109e-22
-2.055624731134515853e-22
-1.432153706162069434e-22
-3.542080117223463115e-22
-3.707138822031464508e-22
-8.747687892485915516e-23
-2.901040510349206312e-22
-1.709068325715545666e-22
1.008581705906472490e-22
-4.018750440930574886e-22
-2.994651898630564835e-22
-2.552883159329361034e-22
-6.134941652429874845e-23
-4.982045219395044323e-22
-4.085170324094720556e-23
-1.129630052652054956e-23
-2.695296199467027273e-22
-1.081053564165393254e-22
-8.097011812627095647e-23
-3.599340914859085317e-22
-5.565268706850928585e-23
-3.234108315168927847e-22
-1.805883939643438413e-23
-2.949779652118323580e-22
-2.620000843805033049e-22
1.282131004986775254e-22
8.206175239042046582e-23
1.340540846822460769e-22
3.178050266444667517e-23
-3.190235359294838658e-22
-6.287635024789857790e-23
-6.395527437112012407e-24
1.542281284590990071e-22
4.820548294244383680e-23
7.755349538894765743e-23
1.148789948205813140e-22
-1.730399515734307927e-24
3.316889487539171783e-24
2.351596237343233045e-22
2.343362003747161312e-22
1.679388643209798310e-22
1.214974605468743078e-22
1.895948837350774830e-22
1.406937141384159856e-22
-4.494627699385643959e-23
2.752242899674104338e-22
2.378058635828765144e-22
3.644809847829538658e-22
2.503295887695688973e-22
1.665826491347007710e-22
2.024423614292991801e-22
1.263518069100353707e-22
4.984227360786285449e-22
3.503972864319486877e-22
1.701384027813483134e-22
3.260814790595530763e-22
2.038919965271998902e-22
1.137755979666035225e-22
2.452801029605132311e-22
1.325411515972022703e-22
2.744692254824613898e-23
7.214580588810264820e-23
3.271818878979211485e-23
-1.467087856000803651e-23
1.137835603516869363e-22
1.729872239086046669e-22
-7.789817583470236492e-23
-9.003435789603118247e-23
-4.535450433355492911e-23
1.546117808352262489e-23
1.089882766246244097e-22
-9.801470762664032306e-23
4.156698287362393225e-23
-2.056982187226245585e-22
-1.463493215729661427e-22
-4.840078964973805063e-23
-1.861546809642459408e-22
-3.609366336135106432e-23
3.323555786227674346e-23
-9.868251630709400634e-23
-3.819539171799540926e-22
-3.517065090019043655e-22
-4.725638322513297631e-22
-1.143202028479213291e-22
-2.145189665561766329e-22
-1.224815721197445100e-22
-2.815057504349743199e-22
-2.446206946046786138e-22
-3.359163477643256390e-22
-2.563486454258031589e-22
-4.018651198804615634e-22
-8.891659325109764058e-23
-4.967363364114749384e-23
-2.038487885670054671e-22
-4.699354998297664442e-23
-8.024139463565930806e-23
-1.007969263656720710e-22
-1.694645158193655947e-22
-9.408386835557895128e-23
-1.590297889253370671e-22
-1.188592612938754003e-22
7.999955056469720451e-23
-1.852052068064360215e-22
8.841922667429525645e-23
-1.625314312884270042e-22
2.159269781579034528e-22
-3.567026942521392038e-23
-6.101820782847926195e-24
-7.581691148988205292e-24
1.201624172335895187e-22
3.077059419598239264e-23
2.503342940973410766e-22
1.337931524366242939e-23
2.530232481712201760e-22
-7.252941491231260592e-23
3.684035797844513556e-22
-3.686636269243122810e-23
3.250861094155635261e-22
-1.020754191988826723e-23
1.768469593929535360e-22
1.835494700945823829e-22
1.351773819199545521e-22
1.654631041950552532e-22
1.872200957565843794e-22
4.519874013771966575e-23
4.862579486584227168e-22
2.569512643755213616e-22
2.573762276819357379e-22
1.738252884035273400e-22
3.695842452304385032e-22
1.002474926050746226e-22
3.130067784071752764e-22
2.187798204909673406e-23
1.397877248107963946e-22
-1.485657156082034476e-23
3.180319864547388714e-22
1.227540470958429050e-22
3.386220683549490563e-23
-4.705616438650655284e-23
-1.004526674465405439e-22
1.185356228608311534e-22
1.962868971246978298e-22
1.693408305708199869e-22
-8.989687430645718123e-23
7.359784588564058855e-23
-2.223743267840697016e-23
9.999909041128733462e-23
-8.777838721765169268e-23
-1.868771159685370119e-22
-1.435004797362924668e-22
-1.841262414584493576e-22
-3.140898479096215114e-22
-2.097539279490176458e-22
-5.294168634876098140e-22
-1.760195901798522145e-22
-3.025416618660683545e-22
-1.274676955392222950e-22
-1.543186070920167374e-22
-2.071226236278672673e-22
-1.099625440642606547e-22
-1.358539301022938178e-22
-1.824675240631629285e-22
-1.407224412278579819e-22
-3.406326734405670058e-22
-2.744693828246872726e-22
-2.515862242814708805e-22
-1.531814813247913116e-23
-1.459227548478704605e-22
-4.632812754770961420e-23
-1.459062431760601094e-22
-1.419654598444675313e-22
-1.942729072745925814e-22
-1.070168379168206375e-23
-9.211387081725113357e-23
-6.876540697722909261e-23
-2.164925074887702256e-22
3.588240460142366308e-22
-5.118249450405803795e-22
1.356538959826717717e-22
-9.981408845500057075e-23
6.675316787898480799e-23
1.165662070029334415e-22
-1.346145697511217874e-22
1.448462429327328340e-22
7.800717342601478669e-23
2.292587547614161665e-22
2.729623951723625173e-22
1.931874904472794026e-22
3.675310125531182478e-22
2.064960942702240299e-22
3.288985878300228343e-22
2.097380993382084720e-22
2.688283543104502231e-22
8.557342882808464410e-23
9.238656873666895611e-23
3.477718878149187549e-22
4.913001912574181313e-23
1.108402266436026720e-22
2.660402131671371501e-22
3.592527608448138580e-22
2.798028232106532430e-22
-1.289633579292608871e-22
2.353538616575551384e-22
1.266621172820646966e-22
1.926808011691406161e-22
1.878036403697733899e-23
5.865946376247308559e-23
3.555916916425606782e-23
2.258469234227607356e-23
-4.237473429268863527e-23
1.653388958339629604e-22
-4.624590772928516899e-23
8.531456420868103499e-23
4.798106607821636203e-23
-2.420110377017513355e-23
-9.748142489495199508e-23
-1.614754973631363653e-23
-1.222265220153506474e-22
-9.496673539387941315e-23
-1.200184913481320363e-22
-1.465687574034607064e-22
-3.349334767720702593e-22
-5.753116265638189274e-23
-8.734464278364656393e-24
-2.115727619966617067e-22
-1.657706445684918192e-22
-9.176007977033150501e-23
-2.669792609780897128e-22
3.856217769019386485e-23
-4.675097733261267253e-22
-1.565154024392510829e-22
-1.586262747984483516e-22
-7.466365030183558972e-23
-1.341214186561893918e-22
-7.691557202111910579e-23
3.909865640163256491e-23
-3.407597735354281678e-22
-2.026032369816971304e-22
-1.430539046658227504e-22
9.469457795073709134e-23
-6.230956427133401330e-22
6.476937228405767523e-23
-1.351760373487745053e-22
5.632146822105830073e-23
-1.149749129283814030e-22
-1.732677478245191070e-22
-1.176321158510098639e-22
-1.369736674086172576e-22
3.360256287292775371e-23
-8.560023576403915801e-23
4.170046956663864748e-23
-5.380099543710176839e-24
3.530571853036279237e-23
7.158258328547673769e-23
3.761825618380010486e-22
1.886713148022007618e-22
3.355016880230802408e-22
6.443158061266607965e-23
2.676940428741269169e-22
2.400036509867674261e-22
1.141453625969278266e-22
2.964622343470214540e-22
3.334862928124813553e-22
2.606216060297533567e-22
3.684638651708735744e-24
3.698253340699443741e-22
4.413383342004596049e-23
2.468554160997195617e-22
7.203859220501028721e-23
1.926552729043841343e-22
2.007654296616772721e-22
1.812203889130865791e-22
2.125785090143587004e-22
1.006506906285988726e-22
1.853434735278100960e-23
9.664735628175853288e-23
9.723822738758415792e-24
-5.642607666168339637e-23
5.795593958599365695e-23
-2.089137869065822473e-23
1.929346639628090720e-23
-7.093401436138238738e-23
1.051493515423098879e-22
-8.671181276308502096e-23
1.136708764260120071e-22
-4.543368934188316990e-23
-1.298169758492124324e-22
-1.129629355886405694e-22
9.945160366828572283e-23
-4.234275151773257471e-22
8.843162756002224574e-23
-2.992690447912046601e-22
-2.939246745605002342e-22
-3.626416836535521593e-22
-1.645424699639204417e-22
-3.230842132785516868e-22
5.219973368119541484e-23
-1.199208809560130781e-22
-2.439572313313246512e-22
-2.233796347541533151e-22
-1.294736199634133124e-22
-4.828034390612764420e-22
-4.297854414899188984e-22
-8.450436563354339483e-23
-1.255503125716772525e-22
-1.323665309624224558e-23
-2.057142424173983370e-22
-1.242319627833597909e-22
-4.390490967906515597e-23
-8.585469387956179351e-23
-5.593690471923124255e-24
-1.893517807873799195e-22
1.774285920698981417e-22
9.550289628867329974e-24
-2.446189463994753915e-22
-3.069901820735433978e-24
2.043784727893570932e-22
1.410109751132728437e-22
2.690904635311741602e-22
2.785370944507060005e-22
3.083774455844734226e-23
2.920305171499617240e-22
2.827166167614619717e-22
1.908194604348693029e-22
2.580395567501536624e-22
1.753047225057368803e-22
1.680379092227343514e-22
2.538417142008144429e-22
2.747283616427971491e-22
1.082249438687693810e-22
2.593587190721310659e-22
6.160336954617951465e-23
2.978880306497997218e-22
8.323130169356609242e-23
1.085786623303019750e-22
2.399607036729336902e-22
2.498483405571248119e-22
3.086604607196082960e-22
-5.060132434583866185e-23
3.331151185407954833e-23
3.096303528956857275e-22
-1.627188494318355622e-22
2.844169660217565207e-23
-7.196294179304069773e-23
6.450325768841561709e-23
-5.831694980872572706e-23
2.694146303290405836e-22
-9.389455022172578050e-23
-1.528375521574924619e-23
-1.271741126561522148e-22
-2.534352725289795990e-22
-3.746674738441349862e-22
-1.196316852932317144e-22
-2.835559426628613305e-22
-2.229729135932078818e-22
-4.773804987674114884e-22
-3.511915798251145053e-22
-2.094480298922912896e-22
-3.244240579209373858e-22
-3.741240514598638558e-22
-2.706399822119882128e-22
-4.252089135791300231e-22
-1.179588955590116826e-22
-3.992832842415874166e-22
5.231062743503099760e-23
-8.748013568192262499e-23
-2.539953779515375266e-22
1.096115836571341477e-22
-3.148410800581379392e-22
4.663970327548111420e-23
5.454917603156147575e-23
7.324026990159360292e-23
-2.309061903025874456e-22
5.726437541383598495e-23
1.484652577248019066e-22
-9.348960520627762013e-24
6.396087288380148387e-23
2.118805792879143695e-22
1.719206204940941545e-22
4.449326384660188109e-22
3.169859953135553211e-22
2.045035600843603092e-22
3.430616639300971310e-22
3.809282111787746019e-22
1.331804147380619350e-22
5.141981169182262718e-22
1.649402451312053475e-22
2.853896709368520935e-22
3.207246544311966890e-22
3.803127551657095379e-22
1.998260412769813661e-22
2.538290939800609715e-23
4.651649738990995604e-23
2.304486138958985363e-22
-9.269298632473808414e-23
4.662252669909801291e-24
9.778049050657477007e-23
1.134721384287735180e-22
1.080829652063360112e-22
2.297815260537278692e-22
-2.362000002742739090e-22
-5.254340527144770436e-23
-2.222245338564685989e-22
-2.869981748899201841e-22
9.802806071015546070e-23
-1.230423133140501587e-22
-6.071587355548623610e-23
-3.171226300548227537e-22
-2.790619730178607943e-22
-4.975573538382504578e-22
-3.876898920030039598e-22
-8.913803136851450702e-23
-3.899012181011709884e-22
-4.356845329549859650e-22
-3.295957469379083583e-22
3.274922432978883092e-23
-2.830265299146702137e-22
-4.094547130137235197e-22
6.675508784429796745e-24
-2.393157718457519036e-22
-3.040003577055514469e-23
6.732839151993322677e-24
-1.170682691834603033e-22
-1.274668195299524604e-22
7.821678832291721266e-24
4.595542455883917863e-23
-2.574091891235733823e-23
1.111446832318056064e-22
1.815135003867324346e-22
-2.985688342841488193e-23
2.385610094100041803e-22
2.750196676720392670e-22
-1.743743540502664493e-24
2.624424998828591412e-22
3.282849792854688438e-22
3.549729204874494144e-22
3.307156731412393675e-22
4.172601588860703714e-22
1.873799951696304215e-22
2.933639595498993734e-22
2.959132991910965992e-22
1.974810480525683280e-22
3.192770733121821737e-22
1.324805249105156303e-22
1.030424602630975799e-22
1.328662483414322369e-22
-4.099293490925648939e-23
1.979452189741181069e-22
8.312323018900676185e-23
-3.023114742418422453e-24
-1.112820370394702963e-22
-2.121913188011254539e-24
-2.857441885218068634e-22
-2.456809103654386837e-23
-1.986719469927134408e-22
-3.636310430367926440e-22
-6.074701997030074949e-23
-3.097533720685539064e-22
-4.755728121257069229e-22
-1.886406270393189131e-22
-2.775399369745056401e-22
-3.220508220116302436e-22
-1.891414186036182215e-22
-1.944377480173401142e-22
-2.381007018674179592e-22
-1.860841153877449550e-22
-2.064718783142453924e-22
-1.624055606061308524e-22
-1.265850050902847429e-22
-1.486500315086193693e-22
-7.764473255257410343e-23
1.785455523993364420e-22
-1.462540577031727022e-22
1.459886284503537772e-22
1.103167750204636779e-22
2.713409571427771601e-22
2.626806534221876742e-22
1.870932519965701778e-22
3.386802817377884511e-22
5.062753543763091886e-22
2.915136135420352304e-22
3.337777752814391813e-22
4.498007070978267617e-22
8.921035942883664052e-23
1.029129404617439939e-22
2.667933133498891916e-22
-8.016649901088818567e-23
7.552998683134178626e-23
1.188365015107782073e-22
1.099017144323210800e-22
-1.640854087769661616e-22
3.877489947131687588e-23
-1.964441219643402978e-22
-3.713908060386142776e-22
-3.842597307698935712e-22
-4.551350929700306915e-22
-9.941871652824529838e-23
-2.988213141377998944e-22
-1.888933418800795571e-22
-3.247870477049927510e-22
-1.288666358884331442e-22
-3.360371484544893074e-22
-2.698358859762556423e-22
-1.835587531081549020e-23
-3.926104564898658588e-23
1.511456773455296010e-22
3.476889844901193642e-23
1.302244683044602266e-22
3.607661588560342618e-22
3.548075617151554109e-22
2.318903750341469835e-22
3.536238355683556762e-22
5.311361504932818578e-22
4.968719328691466945e-22
4.708207212691629645e-22
1.703444655426547894e-22
1.195522072474265033e-22
-1.976312089646825192e-23
-4.156809182422864483e-23
-2.174749235322747758e-22
-1.046336329606976308e-22
-4.092851640789751352e-22
-2.897428862111596096e-22
-5.159847661568108125e-22
-4.958042798946835120e-22
-4.680125711395435809e-22
-1.396627737130583245e-22
-1.813384622390474481e-22
-1.640573574646441870e-22
2.687137288435956609e-22
2.534134675880640566e-22
3.216518741594413895e-22
3.050320895066572335e-22
3.898597120422833660e-22
1.163074665935199840e-23
1.761652033597026074e-22
-1.484481915781829451e-22
-1.508473042287730285e-22
-3.240484997652212884e-22
-7.476258701102486749e-23
-5.164769676226504168e-22
4.712527346404874552e-23
-4.681540284313144466e-25
6.844921502005625850e-23
1.786677510779368093e-22
3.022427416469598484e-24
-7.266456639068799081e-23
4.085359813389584257e-22
-4.939111827706069090e-23
1.347289914922266221e-22
1.588238598942308004e-22
2.138878927125712789e-23
-1.750346991299352525e-22
-8.074743143890114060e-23
-1.744744481858603563e-22
3.376219023636143520e-23
-6.702747487957836838e-23
2.112015164757684327e-22
-4.059873537379923774e-23
1.062992558833030526e-22
2.195263850508166628e-22
-1.875858274326186045e-22
2.940313836874411450e-22
-5.815476191356290534e-24
-3.156751024600871506e-23
1.305630376310507396e-22
4.888196985088370343e-23
1.119539653371917344e-22
2.092062536004362044e-22
-1.753890630888073046e-22
-2.701760443815589340e-22
1.533810487959658438e-22
-2.348880461118342751e-22
1.565282395121212118e-22
-1.835435328751485784e-22
-2.036464573907697128e-23
6.632217582117170687e-23
-1.640791318561182698e-22
-7.775177055681678166e-23
1.986043846337556122e-23
-7.537784413762056668e-23
2.396210522591043884e-23
1.236858989829605988e-22
9.873898343392668285e-23
-2.084682179226509072e-22
3.355821205931619668e-23
4.157764111361665764e-24
-2.836829385694108829e-22
-8.664501077311804312e-23
9.658681098881091798e-23
-1.219344927973557453e-22
-1.165435692521798041e-23
5.250523472320391651e-23
-1.557184260857418981e-23
-1.250952178224222242e-22
-5.846626202292992899e-23
-4.593349740947714427e-23
5.798825112351183109e-24
3.219960904107867149e-23
9.970484808188363898e-23
1.650432853621883844e-23
1.644053038211980697e-22
1.339427108171665578e-22
1.030441636257448330e-22
1.048664433653585175e-22
1.152026831697573949e-22
-5.156812316160383666e-23
9.040745456237066869e-23
-2.205728731145095340e-22
1.082401264811266072e-22
4.808740578184854694e-24
1.163954858688043567e-22
4.308805882342625217e-23
-2.637262988068467926e-22
1.488030544866636775e-22
-2.422901836560560959e-22
5.531348855789769558e-24
2.906498430292377248e-23
1.860253738372666130e-22
5.441965007930857949e-23
-1.430578561595048912e-22
9.591739776834144582e-23
-1.617817258046510057e-22
1.254434966918009113e-22
1.589491433858813246e-22
-6.232772580322585381e-23
2.183577805044236031e-22
-7.021261939992008335e-23
-9.474977037750581544e-23
-1.505364263462376150e-22
-2.402276507705656085e-22
7.451770082285932825e-23
-2.701619803401745506e-22
1.559553518148644292e-22
-1.465252205818529677e-22
1.193397047941091477e-22
8.839704129384842885e-23
1.449453513866824671e-22
1.018499067409456163e-23
1.018344251375777521e-22
8.188233231386700389e-23
-1.457153595658048547e-22
6.644351898441279710e-23
-3.477999209093066999e-23
-2.421978111662726123e-22
-1.774244079623696702e-22
-1.244863409868536074e-23
1.255852692965050768e-22
-1.562704990146040502e-22
2.069532010148582693e-22
-1.265836824278305212e-22
6.470724849170084235e-23
9.808726806190848592e-23
6.663957212856731706e-23
1.161685424514627508e-22
-3.511849433956631824e-22
2.743292156579098244e-22
-6.198980462771852414e-23
-7.009393647317495684e-23
1.322532841453062887e-22
1.783890839154784270e-22
-1.230307486304398489e-22
1.394731639520714003e-22
7.848583946407290350e-23
-2.412530766972062086e-22
2.812177468665786234e-23
6.829877949976673770e-24
1.220223108012361257e-22
-1.355735001797849644e-22
-1.185741164234166851e-22
-7.719068479554925086e-23
-8.854575001268180038e-23
-7.681779361010982034e-23
2.980945514831613161e-23
1.572889130425257890e-22
-6.820500485090650754e-23
1.802130685278321756e-22
-1.988254020359571138e-22
-6.015621410428745113e-23
-1.164462219398773879e-22
1.681265554599833373e-23
-2.289085590483889117e-22
2.001982993194432586e-22
1.701354302478321262e-22
1.019906634095871402e-22
-4.412438306106130831e-23
2.367760737478843980e-22
3.941494566379295277e-23
-4.192407024700349346e-23
-8.921387098444823537e-23
1.661944992048551974e-22
1.296717114926391139e-22
8.812323588103106863e-23
1.005370408501317523e-22
-1.678063911294415297e-22
1.606078874834058339e-22
-6.780653809345967400e-23
-2.216252330090011848e-22
2.951223457460939965e-23
-7.898558941528682579e-24
4.202241542730526714e-23
-1.399554762272768104e-22
-1.147346136415372203e-22
2.170928363685988267e-22
-2.519266457875861070e-22
8.215020288666331414e-23
-6.360853698336444413e-23
1.380841713729804247e-22
1.427486197519618794e-22
-1.124091506085053187e-22
-1.232359282075227772e-22
5.983693772712405118e-23
1.142470823083487422e-22
9.423098964847816176e-23
-3.617266396389145369e-22
1.490638160773869730e-22
-1.023794094681152533e-22
1.482808583839661857e-22
-3.397577583338039330e-22
-1.250500196261150337e-22
-3.338160967312313704e-23
-3.526220163323918763e-22
1.071522400083815237e-22
9.280874223751065469e-23
1.569249864372357400e-22
-2.900058519328244483e-23
1.149357856020404131e-22
5.855614064431276997e-23
2.233508888868493279e-23
-7.585860681326952805e-23
-7.492134874834633130e-23
-1.882423811514387047e-22
3.329214247172617774e-22
7.608669563720484837e-23
4.478917308872095875e-23
-4.458122227294809529e-23
5.966795557717597589e-23
-7.745676357832906089e-23
8.232110412297714204e-23
-1.745889163613976977e-22
3.082629947883601563e-22
-1.181311383194205103e-22
2.050840149310579626e-22
8.608712643875560115e-23
7.385764000816315735e-24
1.264566026801626818e-22
1.271129754697540562e-24
1.757761344817897111e-23
1.625877935821000998e-23
9.783609096652800608e-23
-6.795773067540246247e-23
1.240508855952496346e-22
8.945038372669532060e-24
-3.058506291079258088e-22
7.814754380395860150e-23
-2.993448299943207525e-23
2.120341902961217761e-24
-1.691068657155367931e-22
-9.590676230995365091e-23
-9.519965933199857912e-23
2.045857076381957000e-22
-1.254849067651705783e-22
-1.844854648092000145e-22
-5.021542209398566464e-24
-2.994544821354621395e-23
9.648247387035239658e-23
-8.622181724020846885e-23
-9.895160401960311054e-24
-1.032733930717800994e-22
1.876705799796049156e-22
-2.990554207377499436e-22
-9.539379988779888908e-23
1.748564059536877975e-22
1.435110457939061761e-22
-9.452541870770979104e-23
2.426571199481269470e-23
3.231144813685334079e-23
1.961133884118166894e-22
-6.029606262281994576e-24
-5.142407968676182024e-23
4.949485179855836325e-23
4.274141521258826779e-23
7.473949744050239167e-23
7.654054164973474758e-23
-1.281433134096771557e-22
2.979316298318983127e-24
-2.067221562818570006e-22
-2.972561934206177994e-23
1.150772533332055271e-22
-3.772249869389512243e-23
9.271107692581682375e-23
-9.196256563566097959e-23
8.632773043979952982e-23
-8.630539945648496530e-23
1.505927968013172657e-23
3.772563206927710844e-23
2.593633410314543870e-22
-6.878600575942973650e-23
-1.079227409470326675e-22
6.290652346296974713e-23
-6.966497117881945574e-24
-5.583937620287072613e-23
-3.597401785792904493e-23
-5.539547774402835157e-23
1.287269848063763152e-22
1.262686795339800132e-23
-2.398033778090011450e-22
-1.284072405881085744e-22
2.591631623619628514e-22
-6.560340610654150672e-23
1.636072513116453568e-22
-1.260582791712310184e-22
2.858560592013325782e-23
1.415307777155635947e-22
8.361512193514082385e-23
2.068918018605485478e-23
1.589442692073327389e-23
-1.482179399456631677e-22
-1.793898447868430537e-22
2.067366323213734193e-22
-1.119380255862482945e-23
-2.012422087280080494e-22
1.178540516540700636e-22
2.146160471688959259e-22
-7.495105090333907678e-23
-1.204813456565489575e-22
-3.318978850007352769e-23
1.219921935271249429e-22
-1.939784782373451062e-22
-1.365088349206067097e-23
2.114728678963668601e-22
-1.468035201306501782e-22
7.322843697989740604e-23
2.556995207171951904e-23
-1.624601383031597055e-22
1.090304231312682528e-22
5.153696639261122147e-23
4.760226849468840473e-22
-1.542564992111047231e-22
-3.882230336210894805e-23
1.047073730200696406e-23
-1.225061228622522022e-22
-1.075271485026937690e-22
-7.435945879586311056e-23
-2.268454396575648042e-22
-3.231845208177709214e-24
-9.423341767204769324e-23
-8.510404802545996397e-23
-1.456505512217209785e-23
-1.381853168108617731e-22
-2.694180064592467160e-23
8.832377581579634842e-23
6.720127303765453090e-23
-6.590183101908759210e-23
-2.389319372794023914e-23
1.525495530693533176e-23
1.477586054298726045e-23
-1.974968767739580421e-23
4.594575602078778201e-22
-3.258014303336056249e-22
3.948037071327728119e-22
1.439889972948921428e-22
-2.353701488152309391e-22
2.136591797824663393e-22
-2.525276098148038710e-22
-3.186718085205585244e-23
-4.159863097160717611e-23
-3.976978282912360292e-23
1.072885261139142944e-22
9.387143529106537545e-23
2.531726503148290923e-23
1.560889840246795360e-22
1.890017635571160225e-23
1.134534645582165626e-22
-1.236745626716226438e-22
6.901847652814193221e-23
3.155168036172761291e-23
-4.165635800820789421e-23
2.406929795668245037e-23
-8.435123446337023454e-23
-6.728651313844194906e-24
3.012986981536824035e-23
5.186315955247267656e-23
6.026127950142638261e-23
-1.599310392221977747e-22
1.560098596074333855e-22
2.536429974199440464e-22
-7.026531993037407125e-23
-1.236079589098689535e-22
-4.682666368656396933e-22
1.213659502347900222e-22
1.814300800524712375e-22
-1.754161160278612605e-22
6.624009193685669716e-23
-5.582965325978029937e-23
-2.586404072003217845e-22
2.822803229711632871e-23
-4.073796178838952844e-23
-6.837200783375042174e-23
-9.374643538806826634e-23
-9.761813875904513161e-23
-1.201089616356094615e-23
9.843379218847044125e-24
-1.196127662456604021e-22
-6.344608400739114669e-23
-8.183303417000796113e-23
1.172062406087608573e-22
-1.453053946652025133e-22
-6.921723841859846127e-23
-2.019010885764507166e-23
2.419702597054219166e-22
1.568220625666839364e-22
6.442604387678408862e-23
2.336360381782774427e-22
7.227665744982010071e-23
-7.014284514545813393e-23
3.426014234589310558e-22
-9.419837617892321867e-23
3.185606214323566998e-22
-2.644946102063618192e-22
7.070687531010638058e-23
2.173664523295292515e-22
3.021475718690648796e-23
3.278880093853639787e-23
1.794636377629960501e-23
2.066810502431432346e-22
-3.175469608019984375e-22
8.534364391010236396e-23
7.931363727034754649e-23
-2.389062118383500377e-22
3.202388982140813642e-23
1.340437287328403683e-22
4.066179741564792919e-23
1.450063628984105599e-23
-7.919599893831135060e-23
-2.300089170164014358e-23
-5.269302933454333784e-24
-4.076254162306554419e-23
-1.027460551460951046e-22
-1.429183203287097095e-22
-6.169402916744117024e-23
-1.747852186216328157e-22
1.134080634224529059e-23
-2.974658940622629402e-22
-7.402395234899221038e-23
-2.275713024632602983e-22
-1.415001265926363602e-22
-1.003078712199752579e-22
-8.935085275231891081e-23
1.288972679053150705e-22
-2.602164967442062141e-22
3.782771324623757637e-22
-9.238686600223148084e-23
1.517601718713884001e-22
-2.219680313167695745e-22
-1.499023564515774061e-23
2.876977993104783771e-22
1.088961053115163661e-22
7.902354633356881227e-23
3.924826714755024467e-22
-4.802537395650157170e-24
3.613298984542784286e-22
-2.177657728383457395e-23
-1.158413494415068974e-23
8.849939226784138931e-23
6.245881876708832868e-23
-1.330507708305527520e-22
8.180276503467151531e-23
8.317353764012622989e-23
2.643198902002051745e-22
1.014867939622350454e-22
-8.661458299903514547e-23
-9.079148508409401747e-23
-1.528830604507115165e-22
-5.552216621763513175e-23
-8.817870190771237836e-24
-3.919028699031582882e-23
-1.217530467984319592e-22
-5.928532657916802669e-23
4.943097298635735268e-23
3.345561054389753900e-24
-1.009559159441161106e-23
-6.532232243784212064e-23
2.160693274830164709e-22
-1.501968676295440696e-23
-6.255904166192474486e-23
-1.641640647405553494e-22
-1.780452652063639261e-22
-2.899033360959176683e-24
-2.396555339462527212e-22
5.539606947780282242e-23
-1.589571446092131012e-22
7.097569070492921299e-23
-3.108386034013829979e-23
-1.678828129584648421e-22
-6.344213969600497414e-24
8.796016815106936778e-23
-2.291819827496611945e-22
1.689976349257218746e-22
-2.069683552946416297e-23
1.401541957947533087e-22
-2.777203503113904389e-22
2.830311028528927973e-23
-1.436590511591228978e-22
2.194185124588473453e-22
1.624472833915190082e-22
2.129860241931170131e-23
2.346140913945674727e-23
-1.694499636217660567e-22
2.651225768635928828e-22
-1.275211681803919611e-22
4.731513591328018283e-23
1.453430189621607352e-22
-5.131352308860655710e-23
1.017278625856895874e-22
2.102106740861181176e-22
-7.626081872184634682e-23
7.915503163102226342e-23
-1.801147023156709178e-22
2.484231644129166325e-23
-1.632583361901498672e-22
4.699075612363446320e-22
1.863104332470344346e-22
7.408172420250267903e-23
-4.406466436235980477e-24
2.875733442470473660e-22
1.721682614570856776e-22
-1.894900461541779454e-22
4.923913902899681543e-23
1.854079978787673156e-23
4.127974589959641411e-23
-2.051843726203473122e-22
-9.955888028743476459e-23
-3.242462025010342161e-23
-1.398607970684700730e-22
-3.431246557647529897e-23
-3.756503192883438813e-22
5.909501499660681121e-23
-9.759256912359139217e-23
-1.792139496796799766e-22
5.706486395665844133e-23
1.282705671458174268e-22
-9.608615781802295761e-23
-1.135993424684396255e-23
-1.949841600463537016e-22
-4.440704797985919572e-23
3.911317466459552307e-23
3.796777352328222906e-23
-1.985318299254707827e-22
-3.115263892707901465e-23
8.218534611711447201e-23
6.650620963004887974e-23
-1.028076716592635095e-22
9.560993939126194193e-23
-1.506645909862502340e-22
-6.935560345134351489e-23
1.690587493640775706e-22
-8.875477657024713541e-23
-6.600237049081385056e-23
2.007209879863204717e-22
2.776489961051134109e-22
-9.604402498015303917e-23
-3.854748592846387326e-23
-2.350345269606052753e-22
1.094561237121545746e-22
6.787479508067235700e-23
5.814283721324509903e-23
1.385126717882856406e-22
-3.006198798585513237e-25
1.574682025065131102e-22
-1.935517538446085249e-23
1.023742018031870270e-22
-7.350604632184243907e-23
1.689039535641368984e-22
-1.511181770507721056e-22
3.325927026399306377e-22
-1.533000819072838882e-22
1.892072204140780459e-22
-6.466643884313543645e-23
-7.384681804242366429e-23
-1.598308639207260060e-22
1.710825932339116846e-24
2.747469508368505151e-22
-1.021352884181029246e-22
-3.661000444203743065e-23
-6.623529982499829201e-23
1.223799355998591656e-22
-5.582742986485199330e-23
-1.703189525750729661e-22
-2.023816959428184765e-23
1.568747011871216792e-23
1.025982136692422750e-22
-8.168409330672738011e-24
3.730988464457834457e-23
3.620054580632256733e-23
3.875319335262230914e-23
1.042166597589646050e-22
-1.505598648417541255e-22
8.211105915957874627e-24
2.572730035115733369e-22
-3.224737054813699549e-22
-2.232868604171946185e-23
-2.172075418669910745e-22
-2.478152059793842299e-22
-1.033481246886018562e-22
-1.166614232302609773e-23
-6.399278917491082410e-23
3.694165682376246122e-23
-3.260636210891797485e-22
6.489375646222110621e-23
-2.499737217517379222e-23
1.658308644256881960e-22
-2.692280231785419583e-23
1.503250468282171118e-22
-4.378087013864769215e-23
2.903605091142492846e-22
-5.345146894977662849e-23
-6.025300720748734927e-24
-4.318116943689502902e-23
7.867900285667764518e-23
-5.971263697332747433e-23
9.409611897725495647e-23
1.204907371450864006e-22
7.644680751141110425e-23
-8.225570669882812517e-23
1.519270838792836441e-22
-9.364885496574350080e-24
4.309659501228160618e-23
-7.736370038143754015e-23
5.101924009072317143e-23
-2.198837361802249661e-22
2.440801455034836270e-22
2.325617475531479217e-22
-4.411901190787566395e-23
-1.159822887706307567e-22
1.527416183229349731e-22
-1.488994665727592186e-22
-1.132412756820593212e-22
-9.304041872621566214e-23
1.931994686177934305e-23
-3.012615320497670090e-22
1.867396202395044975e-22
-1.833312055339734451e-22
1.503867324638543323e-22
5.414798815206316918e-23
-5.647896030757379028e-23
-8.525519883686203175e-23
6.404051675196148396e-23
1.649460153765210097e-22
-3.320285315288694400e-22
2.001942995821955504e-22
1.909720068431381174e-22
1.795856769981006731e-22
1.226911321410920990e-22
3.175808020373592446e-23
-1.478118543621451661e-22
-1.352402082676070096e-22
1.701124879428611553e-23
-9.851354617350157415e-23
-9.591503370847737738e-24
2.945501651771811868e-23
-1.529755597481547165e-22
-1.173710346925988038e-22
5.855487586150629562e-23
2.687287690079479828e-22
1.721509098841952849e-22
-1.089728609878751720e-22
1.553680494073608778e-23
-3.949442688610063087e-23
-3.674575787834260621e-23
-2.191705032921484196e-22
1.632531359541216421e-22
1.002096542164280679e-22
-6.726705381187892299e-23
-4.814526945714280570e-23
5.755157873658889955e-23
3.258771289743662990e-23
8.066963619232650215e-23
-3.296168762095568728e-22
2.242323909044123857e-22
-2.990349447934838957e-22
-1.264436149723607232e-22
-1.531167128461990585e-23
-1.219537682732089033e-22
7.076209651079729347e-23
4.072472652062682829e-23
-2.922177094991388170e-22
-2.507691270081195906e-23
-1.205100208895557948e-22
2.269814038132250166e-22
-1.128894516303605632e-22
2.744575317547702675e-22
5.750697609395500029e-23
-1.063399488721246839e-22
4.697393761154202764e-23
2.893008137756115904e-22
1.787128569391724993e-22
-5.629052526094751016e-23
-1.059759095986294766e-22
7.169992349381021592e-23
1.100129453428217175e-22
1.847041555354839011e-23
1.616274324419307485e-22
-6.186687200992385821e-23
1.977710854909693922e-22
7.083897085164133081e-24
-8.875900018198702296e-23
-1.455690811656826027e-22
-1.060352431048373342e-22
2.549734267834968683e-23
6.365092612764834806e-23
-1.285441766842056207e-24
-1.895147917563617354e-22
7.836484112315177574e-24
2.494377415474892683e-23
1.299827845151123410e-22
-1.106818333241497753e-22
-9.022495240766235581e-23
9.000832503688476012e-23
1.460965643138149996e-23
1.920084121305521778e-22
-1.925540330610381399e-22
-1.747856278123789714e-22
1.192525909981850487e-22
-9.804411659450505264e-24
-4.521764132316067439e-23
7.148516243550858685e-23
1.308404723890092865e-22
1.347092974520029833e-23
-5.724688956231752981e-23
4.393644288473120526e-23
1.162982219259764469e-22
9.002962659718539166e-24
8.738232307828351485e-24
-1.070986253047462723e-22
4.768440270616318520e-23
6.171039874327356770e-23
-4.078505744643562242e-23
-3.151703635488086669e-23
9.317457443779872679e-24
-2.464868281825434327e-22
-1.020721542450638394e-22
-1.869875891611799859e-22
-2.476156269958886584e-23
-1.802740390189031174e-22
-9.625898620096345855e-23
-2.126243071481081605e-23
2.403895665259898480e-22
-3.140307267608122397e-22
1.710013525778143588e-22
-7.109854536643413040e-23
9.662695092590454213e-23
1.125170314113398223e-22
2.210703887714438187e-22
-3.520429921509375768e-24
2.327811025361951113e-22
3.411446270223829094e-23
-7.061989236857526973e-23
-1.392436275597661137e-22
-1.687106328935800598e-23
3.374662202578590794e-23
1.257155579902892623e-22
1.886979719194522695e-24
1.330797561266020287e-24
4.946207424985665387e-23
-7.576849099161072110e-23
-9.122808241138628371e-23
1.936064782575130308e-22
-1.308856685295926076e-22
4.033031040504473836e-23
7.806172323875701671e-23
8.434873765931735394e-23
4.304577541305289306e-23
-8.663688792275335701e-24
-5.133062869721491145e-23
-1.499366482120795574e-22
1.565579061110091685e-22
-6.169596695907560190e-23
-1.610999554982519856e-22
-1.446119646522558841e-23
-2.693113602390632305e-22
1.551189168063370498e-22
1.570301745898685279e-23
1.689605327734626912e-22
6.703433739931903587e-23
8.056448503038746047e-24
2.827045813176165740e-22
-1.595957632024320974e-22
1.030854731390092978e-22
7.917436421150319226e-23
2.414509566032128947e-22
-1.237137862264545786e-22
2.254465500635979491e-22
-2.455445057921436344e-22
-2.214842740825815609e-22
-7.701007404527501357e-23
-2.748426072228034514e-22
2.493784090726659081e-23
2.344631652650354407e-22
-1.889382669732898082e-22
-3.125472690082188929e-24
1.823201250937068662e-23
-3.684509187984525092e-23
-6.867672269231058693e-23
-5.760797675841437637e-23
-1.914115494542441196e-22
1.215468616261023529e-22
-6.469244557098850834e-23
1.743078693095312105e-22
-1.104182527252885975e-22
-1.590837230757875491e-22
2.237685716513122501e-22
3.209764597332394014e-23
1.120872169281162300e-22
2.637908264125459903e-23
-1.226015603904343235e-22
3.815330153031591744e-23
-6.422827572780455641e-23
1.200060616469409466e-22
-2.223064399425439307e-22
-4.564884523009789645e-23
-1.721528003257913888e-22
8.622922278171979110e-23
1.321379699024489004e-23
-6.588787757585376394e-23
-5.835030967197412595e-23
-2.225010152514955092e-22
2.287170558568483035e-22
2.568323017405698145e-22
1.704869585926102392e-22
1.435414752432545810e-23
-1.024633535389655679e-22
2.600186918949892614e-22
-1.537673207131747460e-23
3.223312386146105625e-23
2.162462280140788813e-22
-2.142507925265542098e-23
2.711564080879189437e-22
-3.188507260046007977e-22
1.343178671782682438e-22
-3.592992612807976373e-23
-7.469065794355783996e-23
-2.840009639138123915e-22
-7.178822890846306380e-24
-2.683431767024166488e-22
1.687244601850532416e-23
1.631824578564825601e-22
1.901147573691007176e-22
2.386599856763634925e-23
-8.445090761134698031e-23
-7.363467168821977275e-23
3.838519277418669279e-22
9.787975926420194486e-23
6.904657739445413139e-23
5.192092111394194517e-23
-1.655122339991672255e-22
-1.465534577594715907e-22
9.444288918752110342e-23
3.852769093725612425e-23
6.445310732470237489e-23
-2.100970863360681821e-22
7.279787349063951861e-23
-1.957758648679399738e-22
-1.691382102288497799e-22
5.194614093280846880e-23
-4.202349145770692198e-23
-2.430341483946226259e-22
-3.958468976402251368e-23
4.790503107678718294e-23
1.831643279686050768e-22
-4.166829953852100655e-23
-1.899045707388720120e-23
-9.733731392132881690e-23
1.643246595629771438e-22
-4.962874425878691733e-23
2.006554048381933485e-23
-3.681403052080328635e-22
1.392015158627508364e-22
7.188288272006935687e-23
1.507224206956737026e-22
-6.664635763870381047e-23
-4.513349173211346330e-23
4.105150680133594817e-25
-4.045193360669168034e-23
-6.601753122904200163e-23
-1.109308003910738270e-22
1.048691838994938836e-23
9.612610318820034956e-23
1.701657549521915899e-22
1.338885607168214724e-22
-1.166783201778299822e-23
-4.576869344429502934e-23
-8.998606509141507345e-23
1.545389082842526587e-23
-2.061067175033434623e-23
1.778631195319806022e-22
-2.735415403463698326e-22
-1.156156563828978404e-22
-6.574534192648438863e-24
9.938409881779992309e-23
5.655341981432916348e-23
8.345199956901603224e-23
1.816846414715332309e-22
8.955180378656312570e-24
-6.134824024260682934e-23
1.504453317003915136e-22
1.267117203021637125e-22
-5.260516905830309302e-23
9.906904367873458109e-23
9.299750144413496853e-23
-9.131960481769580577e-23
1.899740357851573284e-22
5.357180753645055437e-23
-2.158426235841512924e-22
3.023477497348626285e-23
1.208643273298743200e-22
1.166065062679680301e-22
-6.221335258285611740e-23
-1.244953384389377565e-22
-1.548942702899731123e-22
-5.176283559457186719e-23
-2.395272300856081410e-22
2.637367754374787063e-22
8.612846195751478519e-23
-8.717243587626568591e-23
1.925052570863051079e-22
-6.459436743216897260e-23
1.915408733258795621e-22
-2.371934850646503978e-22
-4.941288424116995328e-23
-1.216610695565171471e-22
-1.942553427445267003e-22
9.579636263368201980e-23
7.977730334082252397e-24
-9.359016626610797717e-23
-3.131669317632918041e-23
1.442218683654069754e-22
-1.494423943889670937e-22
-3.029886443231500378e-23
-1.475532229968966935e-22
6.237018995995882165e-23
-8.296470422645749668e-23
-2.191600013864752929e-22
6.926449670109347023e-23
5.519284339623946193e-23
-1.314701024882453939e-22
-6.378159957893622876e-23
1.662195486837557496e-22
-2.588873349295916191e-22
-1.609777016399050981e-22
-1.469035202380103875e-22
-1.350967875909575991e-22
1.102709382615263571e-22
1.193820529292561096e-22
2.443676646769092301e-22
6.516424981370399871e-23
8.941289050656518006e-23
3.570675541014161027e-23
3.373718676465373072e-22
5.526387939705793577e-24
2.038508577275548869e-22
-3.485916381589048678e-23
3.296052598719763175e-23
9.435339594209072979e-23
2.381648342822772176e-23
1.569542607910176816e-22
2.391229335040860420e-22
-5.547093475511782053e-23
5.728217323186570120e-23
-1.744996013210344884e-22
9.639298473117109087e-23
8.106270079297202514e-23
-4.742440715297865111e-23
9.609414446657058405e-24
4.448120874535010129e-24
1.508872056659170480e-23
-9.913496959229040222e-23
7.257677466486262958e-23
-2.104683424627543588e-22
2.914927982952707289e-23
-2.031198370041305091e-22
6.344163609557755671e-23
-6.706304714620433903e-23
8.025876699846896692e-23
1.741161225718510421e-22
-1.042728951972114832e-23
1.707027864926758094e-22
-3.073782268482915981e-23
-3.859647327120913227e-24
-1.517029132039443978e-22
-2.018018694237342891e-22
-2.294445260271189214e-22
1.871846744933743216e-22
-2.155408973808085052e-22
1.361049697995360778e-22
-1.962882516386030510e-22
1.402709392639777306e-22
-1.742099966347320430e-22
4.534099660370744647e-23
-3.286081126495108643e-22
-1.374729483493503692e-22
-1.465180214574302756e-22
-2.657976279746114758e-23
-1.907762147701083691e-22
4.812214727834621800e-23
-4.256898453537641381e-23
-3.835229022678920943e-23
1.086878886362998159e-22
1.704054509053265777e-22
2.334940871864237423e-23
6.060931058515089388e-23
1.487295981489762899e-23
-1.315202214337890943e-22
1.372760319440003132e-22
-3.037316972661286757e-23
2.924147577323054181e-22
-4.336379773027318950e-23
9.257252606646163994e-23
-3.263615120598579903e-23
1.141191168671642887e-22
-8.491018742283431303e-24
-3.501425037945464990e-23
1.193961542504314231e-22
1.144141733864654596e-22
-3.370944068031699737e-23
2.968826652028764326e-22
-3.315110913047122311e-23
1.969441164174548735e-22
2.151817518653040518e-22
1.208733898013595748e-23
2.329166081515067189e-22
-4.159530936708948269e-23
-1.021654001647264712e-23
5.748942219011032697e-23
-4.369240267850278734e-24
2.474644165733155048e-22
-1.864496874684500792e-22
-1.614742424486409950e-22
-6.011184517859467824e-24
2.060309550970429916e-23
-1.773079181793177677e-22
-1.051936852237172736e-22
-1.883937623743097459e-23
-1.387293381625673558e-22
-9.616711648590219191e-24
-1.065423633794762070e-22
-2.093033456590717911e-22
-3.014064327851831820e-22
7.409890321190130061e-23
-6.647879611767279075e-23
2.312047300192034964e-22
-8.818796003533660510e-23
-7.615279863670002411e-23
-1.494211563464657874e-22
-1.410105669553436958e-22
1.745137496504552209e-23
-8.583510194245437069e-23
-2.626548442777319918e-22
-2.907055857560309327e-23
-1.389617189740158561e-23
-1.751485805042807754e-23
5.489231480023492005e-24
-1.447827431697472180e-22
2.766800967665491335e-22
6.096085640441842517e-23
5.654805177699489748e-23
1.254806065582342489e-22
2.493952616748323389e-23
-4.529250786012198882e-24
1.835438797695978210e-23
9.735713240699410229e-23
1.939769120701499785e-22
1.766535747251857075e-22
1.993936627265122596e-22
-2.633085559773866596e-22
2.359287431113817101e-22
2.800128258163469642e-22
2.009670734032724229e-22
-3.083055247290119752e-23
1.583936712649489212e-22
-7.645287155305914367e-24
3.436502998465168215e-23
-3.278704670920433527e-22
-6.857854219008207651e-23
7.023602804160818682e-24
-2.133760626884851526e-22
-2.458378278719853750e-22
-1.983434773265953568e-22
-7.559587232626334065e-23
9.464336038600981489e-23
7.618087755280491873e-23
5.422665923482904126e-23
-8.344974031100217630e-23
1.348353470065307313e-22
-1.683911294424853858e-22
1.307726437027319907e-22
-8.058016269246616436e-23
9.933681396010860929e-23
2.278449869462038118e-22
7.368704249544793722e-25
5.585252716837452414e-23
3.118994252643096720e-22
-3.526876739860209019e-22
-1.702124786072251698e-22
-7.872544407564681297e-24
-8.726005257369833047e-23
1.281696867760662438e-22
1.287036514108389649e-22
-1.995560913795396610e-22
-6.759715843245611140e-24
-1.177363268384536625e-22
8.920491348419372411e-24
8.377130596743888339e-23
-1.053932202825105244e-22
-9.006459717245673632e-23
1.339593035640207956e-22
-2.335032280960436249e-22
2.647458508205806084e-22
-8.001149716947226921e-23
1.557361809845519670e-22
-7.258262030814418746e-23
1.811754657611763313e-22
4.093165631227745527e-23
-5.214368215398057823e-23
7.078509620314995184e-25
1.830657984043195494e-22
1.257153753685791505e-22
-6.542733062499992922e-23
-2.147181679577234523e-22
1.264619516014938153e-23
-2.892633435671955474e-23
-2.080819941268099213e-22
3.371010761453593893e-23
-3.230380303401517806e-23
-7.276398798272017631e-23
-1.048685946139923854e-22
-8.537170619712634792e-23
-6.548021328215175568e-23
3.458291837191447144e-23
-8.214746105268235804e-23
6.124362703889706767e-23
5.938688256442345479e-24
-1.229147035797400849e-22
1.141032340901952907e-22
8.388171334679065855e-25
1.039479338862804354e-22
-6.837396478812353717e-23
6.009692883213528233e-23
-3.945728081659765006e-23
1.337613859138949175e-23
1.881900869364189107e-22
7.765221773449032006e-23
1.064462308366629017e-22
-3.594755829642185719e-23
1.676978002792379946e-23
-9.500571102665498237e-24
2.098152801781060329e-22
-1.147903898741530048e-22
2.184508014207133807e-22
8.056455469862765321e-23
-1.426927690893438671e-22
7.418339152057102306e-23
3.191805675190811345e-23
-5.370711703944320805e-23
1.573414152248309653e-22
2.801863506546331136e-22
-1.330295478486063560e-22
1.163818324124254563e-22
-6.528794737645907299e-23
-6.681149055213166277e-23
3.551588011922598403e-23
-2.095185455139622270e-22
-8.294597143592088611e-23
-1.963219216610154848e-22
-3.285291704190812832e-23
-1.148348510276332590e-22
-2.236261605033989782e-22
7.827560843058420913e-23
-6.238084752522767557e-23
2.111599836766066482e-23
-1.114422635342437846e-22
-5.256505687188426712e-23
-6.189274348590929897e-23
2.519305253590082804e-22
-2.163546123166588826e-23
3.993192092130019486e-23
-1.529457775348667660e-23
-1.460560514670191884e-22
1.090278167903076997e-23
-4.910107321355942694e-23
-1.630989557387912435e-22
-2.516500214249648656e-23
-2.953892342770688049e-23
-1.025808461711203488e-23
8.083536306303578760e-24
1.654474651530626822e-22
-7.328374698979581754e-23
6.464548307981654313e-23
-3.951182271296038509e-23
5.542505385460772324e-23
2.324728992888902545e-22
-4.006885631721447191e-23
4.331650064572044398e-23
9.111441758916967289e-23
5.325731382643034531e-23
5.261040536952988659e-23
1.896257709359313138e-22
1.187766109248246218e-23
1.034973549121835276e-22
-1.073272908147088930e-23
2.815736054713257061e-23
-8.254603331431613155e-23
1.064534887480997932e-22
2.146804181128044984e-22
-1.288633408121032076e-22
-1.436395576776163078e-22
3.491675878688061612e-23
8.999114379752769588e-24
-5.909271456616420213e-23
-9.044039932506261465e-23
-1.509772985498774117e-22
-2.197884989630840802e-23
-3.923449295994719379e-23
2.675946194370783420e-22
-1.377152969867128407e-23
-1.871864037434127896e-23
-8.780557735672086665e-23
1.118955029805955899e-22
2.339192163120927529e-23
1.791354555829906648e-22
-2.066195297886078990e-22
-1.366632782210376736e-22
-1.844613755383516531e-22
6.382233738741230767e-23
-2.539911746610380565e-22
3.168170958797557865e-24
-1.180744748909509184e-22
-1.175593212332703345e-22
1.866672757770773401e-23
-6.130871848334514931e-23
-3.968155997850363226e-23
-6.663551788409414242e-23
-3.543164393810018434e-23
3.931683013099943260e-23
4.849575362653454446e-23
4.332687771108551013e-23
9.592650916791578921e-23
-2.802444294151164970e-22
2.066441652886537410e-22
1.978327973870137471e-22
1.265421632991360080e-22
9.078957085800637731e-23
-1.156808131647150345e-23
1.603618017369809187e-22
8.210478765627120100e-23
1.397726770604170701e-22
1.414002007114014613e-22
-3.467475997894957573e-23
1.732966113105167050e-23
-8.538772453634780524e-23
2.436037604955772499e-22
-2.251189485082372487e-22
1.361997237054070904e-22
1.551374894085871228e-22
-1.677155490524109849e-22
4.159497614860177203e-23
4.295109897951823605e-24
-6.202838794930511242e-24
1.941019682008438593e-23
-1.716064375003838522e-22
-1.324926267924559684e-22
-6.393865101066515149e-23
-8.403034777336889869e-23
-1.268087020560693667e-22
-9.286040694995062867e-23
-2.478315168271936363e-22
-7.601840479624446684e-23
1.826239339463491178e-23
-7.762284162151952214e-23
-6.262440072385312092e-23
-2.280363257982733860e-23
8.119024710983617229e-23
3.023066648169066645e-22
4.255772680961920449e-23
1.044144449706280033e-22
1.697676412998813382e-22
7.398762995204720587e-23
1.011180084490317452e-22
-2.269211724200275137e-22
9.051292670578056447e-23
-1.947054770822543449e-22
4.594813870393409026e-23
-1.405624718259219027e-22
7.859161153711332203e-23
9.803944427988044736e-24
-8.910793458423338823e-23
1.008481375275404285e-22
-1.088331675591720727e-22
1.641078403888760361e-23
1.061543692322097652e-22
-1.593674712368139168e-23
3.003299908755851300e-23
-1.630339864254334562e-22
1.558289817395998034e-22
-9.203080138388867081e-23
2.161728916171800373e-22
-6.832352180209655887e-23
-2.267224836015275629e-22
7.042495547219021546e-23
1.822238585596408827e-22
4.919299311830082463e-23
1.479531709713235803e-22
2.116436849121335603e-22
5.193790651001359319e-23
6.803050409139887106e-23
-1.750225713224479170e-22
-7.715417921705488771e-23
7.009201397387794215e-24
-2.884191482806300716e-23
-4.894276585107008431e-24
-2.663586714209976735e-22
-6.008066649625736796e-23
-1.063847105866355358e-22
-4.707813811100837304e-23
3.862641667012493143e-23
9.348774260384219256e-24
-5.616067091784741504e-23
-6.622019035342865709e-23
2.012356745675537212e-23
-1.549851236494912063e-22
7.008827863602940966e-23
-1.150845236734858356e-22
2.257616693379870150e-23
1.337301300529157233e-22
4.097562839515168925e-23
2.802568274844875033e-22
9.229917039948462047e-23
2.746798785327289476e-22
-1.218182940671545920e-23
-2.705555454117056178e-23
2.863664230571244658e-23
-1.680932993479771655e-22
-1.191366922172471956e-22
-1.385448211333124482e-22
1.623085756659194903e-23
2.011716087263744480e-22
5.829955848551865949e-23
-2.879403086060652776e-22
1.523786345250233227e-22
-1.679321178397490437e-22
-8.038070746339160806e-23
-1.553854197571729071e-22
5.662017823460305920e-23
1.675993486947342588e-22
-1.191430806755086520e-22
-4.849415745231724746e-23
1.915689077212687785e-22
-1.331927740038293120e-22
7.917452392410578100e-23
-6.742747825680554301e-23
1.788620974210130619e-22
9.444867441543611433e-24
-4.511895828457074935e-23
1.333115281712331520e-22
2.428262476847762854e-22
-1.856073769643807268e-22
1.513691752524465059e-22
6.556604534458400629e-23
-1.657238064143046553e-22
-1.568023887068247112e-22
-2.068277078193238746e-23
6.431652941136890481e-23
-1.834984236140637970e-22
2.394599861740167525e-23
-8.326847922847831229e-23
-1.728173417427958251e-22
5.018859582857039872e-23
8.692029337465990987e-23
-2.457734827362883049e-22
-5.708556702047819199e-23
9.351510896655926989e-23
2.191453087262595092e-22
7.383013391728498183e-23
-1.062092283059409446e-22
-7.098990304415756816e-23
1.132299044801750842e-22
1.868682773923301325e-22
1.130776834505798750e-22
-4.654722461096369151e-23
2.397829496017349863e-23
3.531599383543694092e-23
2.864225391050206432e-23
6.148293611724230013e-23
9.811406075601463181e-23
-1.557987599611072217e-22
-8.315816115983553740e-24
8.884911877241499219e-23
3.774247507680157307e-23
-5.175540595956779012e-23
-1.562634629757807859e-22
6.994363843937955071e-23
6.877397462521986074e-23
-1.175682449580709485e-22
-8.456781258357868777e-23
9.832579753228743890e-23
-8.156735796053897983e-23
1.626409300267915964e-22
-8.481638042057800003e-23
8.247100634236134981e-23
-3.542853390779063885e-23
-6.202754631184260311e-23
2.717687456836724796e-24
-5.305556753793124606e-23
-2.680093743242008568e-23
-1.351428439833731993e-23
-3.500845351157382224e-23
3.368908770224650235e-23
-2.298239863760756710e-22
1.503102715761696845e-22
-1.295583617993979075e-22
-3.084251630251174058e-22
2.864289527935754400e-23
1.149202128077726949e-22
3.268559597463408217e-22
-3.661219343147956964e-23
-8.667004316238113738e-23
-7.051145304851956617e-23
-1.482007561244570380e-22
-1.851643506468988976e-22
9.953811204265559867e-23
7.243024416257654160e-23
3.200067418214303908e-25
-1.747195888760895423e-23
4.308653815578699060e-23
3.673749212990910509e-22
4.479131069981962905e-24
-1.883288262539900528e-22
6.959455906958763095e-23
-1.238259801366966283e-23
-1.278234330965894951e-22
2.547729924542272690e-23
3.235410410372202561e-22
4.567777533264059229e-23
-5.822758257121812647e-23
2.948388415726284984e-22
3.985830985094781952e-23
-9.887838050554555092e-24
-6.168660346954493135e-23
1.146695260320823468e-23
5.471496683687989437e-23
-1.511045657354531778e-22
1.976963352908036167e-22
-1.735773264826742496e-22
1.943818846621991156e-23
1.695032115786304154e-23
-4.255789994928232341e-23
-1.285211715068305296e-22
2.167060757032633293e-23
9.924927114125365149e-23
-9.746920520371175486e-23
-1.927887210507973824e-22
-7.813346278815474333e-23
-7.476380763829487970e-23
8.814674812438535009e-23
4.410003810081476474e-23
9.816089807600340170e-23
-1.622334383249442276e-22
-1.388962141524129815e-23
1.083139048356832188e-22
8.496904565408764571e-23
1.118807930271062074e-22
-1.394002508511005568e-22
-1.625558983847460045e-22
3.586197587140635152e-23
-2.296651055483439850e-22
1.823786571083052119e-22
-1.588310718945946576e-22
1.091045763478175155e-22
1.569101899509104353e-22
-2.624504659455848945e-22
7.039114505075017327e-23
-1.817936208630043854e-22
1.716193754954975599e-22
-7.379917008710685201e-23
1.777873210588794887e-22
2.287273626599277086e-22
-1.163354406021179543e-22
-6.603651017697942592e-25
6.835383018940814774e-23
-7.118952490737769326e-23
-1.396232255460518139e-22
3.065294502354566298e-24
7.072110826703369700e-24
2.866223275472631282e-24
-7.890452675265810974e-23
1.934265887003724860e-22
4.573076464469474118e-23
-1.168318713909503376e-22
7.843161679786118373e-24
-3.686073802727347135e-22
2.141815740098016314e-22
-6.199451361129640168e-23
-4.775948430660185285e-23
7.378353839273240954e-23
2.680665740120137205e-22
-1.498917092597207332e-23
-6.366516806932442083e-23
5.836053469706271776e-23
5.020658616773674272e-23
2.671999675200922768e-23
1.344654449081148559e-22
-5.495371437551453584e-23
-3.725941215807989950e-24
3.565956909106142524e-24
-1.810576205984423686e-22
2.360750277969932378e-24
1.851684480751126961e-23
2.300375592999703417e-22
7.444115249350499521e-23
3.341767731453175449e-23
9.922612232321654708e-23
-2.385771671029325402e-23
-1.456715010055579304e-23
-4.102073928345855981e-24
2.437210702585074304e-22
-1.283822869812935469e-22
1.313916374468202308e-23
-1.531650581313359468e-22
7.618696143437460641e-23
5.721864594035727413e-24
-9.783314048851053869e-23
-1.798664561656306287e-22
-9.472215538890706949e-23
-4.477189232844363811e-23
-1.404077501609746251e-22
1.883647569585849951e-22
-1.299216326362616959e-22
-1.354625495944491691e-22
1.638164129464297317e-22
-2.903939230904377415e-22
1.984191063709698699e-22
-2.934547823819038910e-22
6.956848238905551962e-23
1.397691010597850458e-22
4.036334018595832118e-23
1.139681873490402399e-22
5.565396216413153069e-23
-1.238808198180477097e-22
-1.684637970356950722e-22
-1.669866041604998519e-22
-1.724797618576507051e-22
1.034935644431047473e-22
9.443630981006778926e-23
-5.287970995510510576e-23
-1.336955246400045572e-22
-5.730284089340802854e-23
2.856493355183146571e-22
7.551965106532774192e-23
-7.904263908379161621e-24
1.067590508526283838e-23
-3.459074892977667503e-23
1.087747078756708647e-22
7.473379477151253225e-24
-4.739379392263046698e-23
2.709970578564050126e-25
1.153546187331645821e-22
7.326421202043697191e-23
9.782568259837984723e-23
1.246913955341198779e-22
3.987497192537100975e-23
2.267344622469752803e-22
5.201568027268071051e-23
-8.726798648881705088e-23
-5.461250358095166432e-23
-6.946067497905934013e-23
3.357585770563763505e-22
-2.653502055154405428e-22
1.834362499786116974e-22
8.765151345824198800e-23
9.085184226088686590e-23
1.421746560577107622e-22
-5.650889593628911174e-23
1.614737286027220596e-22
-7.772133790763210601e-23
1.324886405543974704e-22
-1.245667783158933795e-22
3.974648235660279737e-24
-2.485948442964206910e-22
-4.489850822537437283e-23
-1.739565857106953854e-22
-1.853688911712019840e-22
-2.322271379783191245e-22
-8.742175217392729037e-23
-1.249406039982749154e-22
-2.364360218641837389e-24
-1.820273732299022941e-22
-1.175783047229675860e-22
-2.583399938803373519e-22
1.904366490948683629e-23
-7.375538307923221280e-23
1.633457389820576777e-22
2.554637578341979654e-23
-2.286723747137221169e-23
1.991766838434637275e-23
4.853282175166114164e-23
1.382275353717312814e-22
2.047679404533765278e-23
-1.685399075415023902e-22
-8.905638432075775053e-24
7.301733406774142554e-23
9.791644793924032163e-23
2.189846518196523508e-22
-1.726571734414269589e-22
1.989905579962886389e-22
6.700999245854841772e-23
2.205591247603496284e-22
1.486680653710642776e-22
-3.254539653491503736e-23
-4.645217856414295664e-23
1.407454723238667530e-22
-1.566867568388073419e-22
-3.206908428892123899e-25
-1.102974024436631303e-22
4.283871402848064870e-23
1.810441035209272099e-23
2.788617478705595294e-22
5.271513692484380692e-23
9.423738172294755490e-23
9.689062944015213118e-24
-1.775770794120060789e-22
1.919583741007318314e-25
-9.726659113771446802e-23
-7.283530446463157195e-23
1.266694838562546029e-22
1.953194700343423714e-22
1.377486206629365183e-23
-1.606969711501624927e-22
-1.415072655864947062e-22
9.480791714001680141e-23
1.774154883001496845e-25
1.462296315459260555e-22
-1.383853087293605758e-22
-4.524731072940061543e-23
-1.182334217517516798e-22
5.693133680984751985e-23
-2.119710577858040277e-22
2.636509085857007394e-22
-1.885467082740618190e-22
-1.444181802132902738e-22
6.686267136719869336e-23
-1.136272496105913150e-22
9.977149378096884932e-23
2.718674250090848708e-23
-1.389664678194449919e-22
-1.396220482042861000e-22
2.308349419110202827e-23
7.212912753698159050e-23
4.602075997859243760e-23
-3.651822801957525239e-23
1.503636198571800661e-22
-2.214163010594734960e-22
9.112084451362815981e-24
9.908821149080292560e-23
-2.151223279907842354e-22
-2.423589934542495245e-23
2.704543225040238841e-23
3.284590765209409728e-23
-8.823671948862875584e-23
-3.423744176083700732e-24
-1.794001229124130589e-22
1.076711768226362452e-22
9.744985644955722136e-23
1.318483416590605427e-22
-7.370639561224017491e-24
1.777647492136757654e-22
2.450549550426266703e-22
1.547752767900415222e-22
-2.781353839152240375e-22
2.451277524686566929e-22
4.173817403811672725e-23
-5.577395550251463550e-23
4.574594125399571588e-23
1.452092839372845114e-22
3.569791379943523408e-22
-7.893417456301011661e-23
-2.839417589531619302e-22
-1.921374046922696010e-22
-2.426579216821953873e-23
-2.172209533702403050e-22
1.785427199969632919e-22
-4.323979120943361821e-24
1.973797601322063306e-22
-7.298767466961618293e-23
-1.191991949117255773e-22
-7.278727939068121666e-23
-6.421633252081832944e-23
6.952828626709339055e-24
-2.671884984517247032e-22
8.564487117562878335e-23
2.937333405402904384e-23
-1.474754277710963081e-22
-5.583748560402841387e-23
-5.096154196851553525e-23
-9.979345280175732325e-24
-6.930953085718479796e-23
1.890908718950721736e-23
5.986925622126843672e-23
1.120248668145290117e-22
2.175561180535002949e-22
-1.415511660344535592e-22
7.856660188755684853e-23
-1.147263332497378337e-22
-2.598388953389048875e-23
-9.089046659259022947e-23
1.206735145763143275e-22
3.471077091991169464e-23
-7.637793781822584160e-23
2.144692661066117884e-22
6.903537742671390027e-23
9.161336796783858518e-24
2.868361126069661076e-22
-1.087165989806233050e-22
2.204325669777989097e-22
-1.607838570712699280e-23
-1.446996158063338673e-22
3.713637875767197530e-23
-5.230500698431110367e-23
6.237438019457549600e-23
1.033096758367343251e-22
-1.713431534672076763e-22
8.392748669246134654e-23
-2.609217801812396963e-22
3.321238542230373466e-22
1.685314912803889561e-22
2.726624607900570796e-24
-4.756158077723544123e-23
-2.433877491410106755e-22
-2.678793668917424521e-23
-1.382187157810819391e-22
-1.842008714293031937e-22
1.729629457098133688e-22
-1.555712280732001736e-22
-1.521044628314289954e-22
-1.684993723935094976e-22
-3.294776652139086198e-22
6.893879813852595926e-24
-1.807174503083502276e-22
-1.700324813420494081e-22
3.635994580825163116e-23
2.055156776294415551e-22
7.958992398045901886e-24
1.322393418480870669e-22
4.359279509257394040e-22
-7.695881264618622445e-24
1.428809530582160188e-22
-6.373205099039060663e-23
1.716029271255238186e-23
-1.347268151186293735e-23
6.467440767350416969e-23
-5.083045657171058764e-23
-1.249444437929805387e-22
1.027437997012835010e-22
7.821661606067012532e-23
-1.093434312391777729e-22
4.588771401112556966e-23
1.238040992901827744e-22
3.315847081288068168e-22
-2.276503790433566038e-22
2.773453365232063654e-22
8.719180182384275535e-23
8.533297775888080718e-24
-1.069734078542223905e-22
1.178965530805576260e-22
-7.857899723179830902e-23
-1.420256219133291849e-23
1.798216599600836817e-22
-2.152564041623869099e-22
3.307905641724779300e-22
-1.255064972964475251e-22
-5.980172050267768330e-23
-9.917063186124224455e-23
7.260212325300862686e-24
6.487557433551559429e-23
-2.105848411625962421e-22
-6.051490559527779886e-23
3.201194059091905050e-25
-2.945165642741405173e-23
-2.173073214820656362e-22
2.701516374538965269e-23
-2.929812523660813961e-23
4.598396553122703232e-23
-9.245626328111315341e-23
7.391459503915505988e-24
-3.417885264178511080e-22
1.990709102178635428e-23
-8.299836784088579733e-23
1.730190982248274409e-22
-8.832103797882888528e-23
-1.457173680342906955e-22
-7.164697602963736294e-23
5.051191291730195073e-22
-1.682050598020495798e-22
-1.375367363048738923e-22
8.950359126953129326e-23
2.938674156978864833e-23
1.505533028126696658e-22
-1.074555668335574562e-22
-3.255953817929492396e-23
1.293511478174779609e-22
5.637839250761027632e-23
4.193789862262085036e-23
5.833795714125140234e-23
-1.945005740466688485e-23
-3.605511096992007368e-23
2.413513337182339727e-23
-3.100430835120407005e-23
9.760938481000788367e-24
-1.053834976164417160e-22
2.207707169216124328e-23
-1.545537198318152482e-22
1.620347225567050441e-23
2.542038890142719328e-23
1.475053763652529480e-22
-1.668772844746444488e-23
2.533417385344263434e-23
1.696981730399811822e-22
-1.383027398429312886e-23
-5.399868938561651463e-23
6.453359273852143211e-24
4.880650973066606667e-23
2.270851758381171215e-25
5.576143634143732413e-23
1.158025538776917461e-22
-2.835804444308347769e-23
1.486717776766891338e-22
9.038696016354568250e-23
3.369661321430513388e-22
-1.972285396969712727e-22
8.816544130939356978e-23
-1.687765132006887752e-22
-1.462747481186773405e-22
1.746569476258561662e-22
-1.722801119502740804e-23
-2.049995519810936650e-22
2.029509220437645649e-22
3.602262435359759335e-23
1.187754559197994824e-23
-1.907277692411340682e-22
5.634785449239620446e-23
-8.738511201157265144e-23
-1.728191508785900141e-22
-5.911791740670475995e-23
-3.626012945160852472e-22
-1.286951140372832820e-22
-1.926154000422840878e-23
-1.888244899487537957e-22
2.372199274878418721e-22
-1.038264402209965052e-22
7.759845536592095327e-23
-2.746498977724874323e-22
3.671415207809107921e-23
-5.903941652314123872e-23
-6.797868769275334064e-23
8.056926002813027775e-23
2.383687670479796592e-23
2.517800660945707096e-22
7.793552835539674797e-23
-6.759459588329698145e-23
-5.674974946326935122e-23
1.322433072615029949e-22
1.406120668918192110e-22
-2.283558119478662301e-23
6.980591875834154873e-23
-1.050504617562990530e-22
-2.976496138886345992e-23
6.028804698501499970e-23
2.867856262783179719e-22
1.281793985560255733e-22
1.257089763968227270e-22
-2.450595529934547117e-22
-1.613962384114293956e-22
1.394458808288738323e-22
4.959568023650379358e-23
4.135786897397763390e-23
-4.272711509697781481e-23
-2.185591882736939621e-24
1.245071077635516602e-22
-1.507929859364277349e-22
1.983953913968014819e-22
-4.059620083805586675e-23
1.364021101460130857e-22
5.389338316687380302e-24
2.288490670771043945e-22
8.415554170417850195e-23
-1.724820643786869892e-22
-2.694805018822955424e-23
-1.531481832388027402e-22
-1.177709492587266510e-22
-1.502217652157618957e-22
-2.775953571830672833e-22
2.698999384614265359e-22
-4.716009329904077998e-23
-1.816065890464107180e-22
-1.127579496748114038e-22
1.753851273193319055e-22
5.231237617113733913e-23
1.281893517970736319e-22
-2.226882047684421792e-23
-1.286241984961517879e-22
5.191617599814442529e-23
1.067588958311288882e-22
-3.859570597541039151e-23
1.031060148660358295e-23
-1.391010492710206130e-22
1.390871625839953934e-22
-7.598059047790727937e-23
1.800541239961964756e-23
-9.432447926915424996e-25
-1.176709196471041231e-22
-7.376674592344175236e-23
1.639197169425292986e-22
-1.360991460430862220e-22
-1.354325911715243851e-22
3.703915268766700545e-23
-3.463993953229855970e-24
1.422272470300263096e-22
-7.533872585298029100e-23
-6.209475964617242453e-23
-1.857091068038834681e-22
-8.006249514889342440e-23
-1.197775391342310143e-22
4.600416131897334451e-23
6.339020190824714336e-23
8.760804861814939396e-23
2.103508422958042866e-22
-1.065443034084712839e-23
4.357251001747585585e-23
7.570667168435005564e-23
4.329264720320997182e-23
-3.095103717297041300e-23
1.013784308216272121e-22
2.474641343934586381e-23
-5.291059549264394584e-23
1.632778778067376259e-22
8.679624460550960157e-23
1.211886187470981310e-22
4.390909508440436035e-24
-4.754662668431890672e-23
-1.071609990316157676e-22
1.082934215970750559e-22
-1.471997718561718367e-22
7.958304809720698241e-24
1.466643244692819562e-22
3.148275703408407038e-23
-2.390062329862407946e-22
-6.909753988042347688e-23
-2.611084935346871462e-23
4.284201059948376104e-23
1.447192676165920277e-22
7.936027787930756197e-23
-1.059852370933125303e-22
3.133172321767581856e-22
-7.002929224783242279e-23
-1.697842797364977717e-22
3.148753644498968768e-22
-1.756166564920286766e-22
-1.743581332340541228e-22
5.045972692061799236e-23
6.525890722189240407e-23
-2.264949380774371239e-22
-1.139752543418650510e-22
-1.273653228629422874e-22
2.161938319081075292e-23
-1.799559422276946642e-23
-2.865376291699968610e-22
1.274507554963313528e-23
9.047646506079105870e-23
3.442737856135954717e-23
1.782027045979629842e-22
-4.974168015957954020e-23
1.556534096477427575e-22
-3.116453005498998316e-23
6.406875941139487420e-24
-2.805457701869305137e-22
7.437925141061763539e-23
1.079787636731712959e-22
-3.387204338499864671e-23
7.909863074971953303e-23
7.088324315627715767e-23
-1.324457559044106595e-22
-8.054155070616847670e-23
-2.351196085767421429e-22
-6.727771623006397984e-23
-1.032805782047143959e-22
1.737780999472207021e-22
-2.174155094660091519e-22
1.433854989939696225e-22
1.350396007133969135e-22
1.684933654313130376e-22
4.288396461550908436e-23
1.734141908318639396e-22
5.842121098651401678e-23
8.693473746335948675e-23
1.346931596056743785e-22
1.449317949822302559e-22
-1.429474493066890092e-24
-1.394258924826512956e-22
1.881868835949088369e-22
2.822255959722746059e-23
-8.733974804605317290e-23
1.812183474688154411e-22
-2.635043918346722153e-22
8.545369210065189243e-23
-2.064999579222117142e-22
-1.323114345913218163e-22
2.128649786768781713e-24
1.203133041919464569e-22
5.026593883047752033e-24
6.547032471616029540e-23
1.192998310131508987e-22
-1.329759998830720455e-22
-2.548658738062276368e-22
2.232095523420597641e-22
-2.296739172383530669e-22
1.046541998908184092e-22
-1.241821093651528655e-22
-6.995408192919240274e-23
-7.752045606016595732e-23
9.860311125900249037e-23
6.788689202243770096e-23
-9.678571940555134228e-23
-3.629898733630924142e-23
-1.091000093717892775e-22
-7.398205714618376072e-23
-5.807111552332932850e-23
8.914572608170693158e-23
-9.507796890334301193e-23
1.294152227512495890e-22
2.391165649899584102e-22
-1.174593323548676129e-22
3.218258875943773166e-23
4.231214062168817243e-24
3.376607105030793870e-23
4.265321956349797307e-23
2.815665741326578171e-22
-5.764439206268951988e-23
7.718549768163078531e-23
7.353483315070599852e-23
-5.912723221822809829e-23
5.947596018155134321e-23
-6.607881867094620550e-23
-2.186755483496325181e-22
2.105915713456312863e-22
-2.136195000275590710e-22
-1.275642519250732312e-22
-2.913686698601225339e-23
6.871676872018705959e-23
-8.164938906289610404e-23
-4.729443105423592045e-23
-2.283976312227792975e-22
1.727250622170134511e-22
-3.204011967056695680e-22
9.993641855090919479e-23
-7.489326986945697657e-23
2.509480351380168260e-22
1.377894036010830557e-22
-5.626386002955199623e-23
-1.102949502558512773e-22
4.217016054380679587e-23
2.098586893014070001e-23
1.165935620392295971e-22
-8.948084308159481254e-23
1.354005837686226809e-22
2.226064590939311783e-22
-7.510469601359270158e-23
7.189201992270482108e-23
8.262008673435854819e-23
-8.780886953941491816e-23
-2.664824803350179187e-22
1.882864044820634284e-23
-4.920968179829927260e-23
3.178389214683695482e-22
-2.334479316250608195e-23
7.921000055011928477e-23
-2.804609880268608707e-23
-6.052046108532802302e-23
-1.755845623382664588e-23
1.351651624767197339e-22
3.139765950780709835e-22
-2.967877328306500648e-22
3.361839599693935021e-22
-1.173089323879673861e-22
-4.759458720244597098e-23
2.280796776534605737e-22
-1.281041060647571064e-22
-9.195218872695543854e-23
-2.533001399387753121e-23
-9.479579735805314119e-23
-2.687421103956697826e-22
1.163276848535093842e-22
-6.576398641223086888e-23
-6.701374567829895724e-23
-6.367348188232878759e-23
-1.274127638088489754e-22
7.026839955186836830e-23
-8.170207874441180164e-23
-2.116306149045135377e-22
-6.494974422343965468e-23
-1.904205181139992562e-22
2.351850827920453310e-23
1.212901247700921030e-22
1.602868385812112202e-22
-3.671903469138071707e-22
1.089658603479236065e-22
1.905423597146572444e-23
4.980071336562968283e-23
1.314444961880683163e-23
-5.916854734465892635e-23
-5.223062107221128257e-24
8.913210062050586603e-23
1.968092884730700981e-22
1.981747910341364573e-22
-6.367914312001134899e-23
-2.122832096226692720e-23
1.221605021825697275e-22
6.146959852087440343e-24
1.817248776643160709e-22
-6.321789719000053884e-23
-4.026439652632990253e-23
1.125763441747150970e-22
1.101137488956303227e-22
-9.749805205448604924e-23
-1.740514228747194912e-23
4.351696607785108420e-24
1.125587580259228312e-22
3.306210734595114712e-22
-1.976661452209098721e-22
1.537680830642254611e-22
-7.535964829501243474e-23
4.040107713334606385e-23
-2.364140275223521302e-22
-1.594221756053588817e-22
3.925052821045430506e-23
7.134096849028772210e-23
-1.009715146334689364e-22
-2.174358914315276985e-22
1.456670680394169182e-22
3.222299437998789825e-23
2.592322102323739416e-22
-2.313566321242384529e-22
5.028195357591831524e-24
1.443300367562900327e-23
1.032894573718466206e-22
-1.803148796336735116e-22
-3.342403734259884747e-23
9.430337807706950026e-23
-2.244866712334835650e-22
2.661162732429197939e-22
-8.578412441623344147e-23
2.205024365260029223e-23
-1.657597764573560011e-22
-5.861003143386615487e-23
-2.253128528736297063e-22
3.516680126080958330e-23
3.951117187126569494e-23
-3.434771120279421479e-22
5.024823388001322613e-23
6.186540624279693598e-23
2.660206159590938506e-22
-3.000681593795169226e-23
7.829281020781655100e-23
2.016106258080973495e-22
-1.052800690416642600e-22
7.010417249280411757e-23
-1.934275508719785747e-22
-2.078268925350653901e-22
2.019016129650946614e-22
-1.007611271875675460e-22
1.698220130958166671e-22
1.077917150412476431e-22
1.596568574493510223e-22
-1.096444804685179738e-22
-7.626397069517892094e-23
3.156975839008530115e-23
-1.193708389754968936e-22
-1.273711158404702061e-23
2.383214241369350119e-22
2.002223396371335040e-22
-1.918214247935062018e-23
8.316755057562834673e-23
-9.788540781173358520e-23
7.923477521452107178e-23
-2.157333950068402742e-22
3.867375050191836164e-23
-1.007159900796610273e-22
-2.432473901871844932e-23
-3.889938467737448506e-23
6.880461089148695812e-23
3.155603135179202020e-23
2.478991220732852299e-23
-1.572199061084033407e-24
1.473344247422740362e-22
-1.504327948748857971e-23
-4.192452695482816928e-23
-1.400776917169235911e-22
-1.126401535134416636e-22
-5.403754836913592882e-23
2.213435091652461614e-22
-1.376688847668158649e-22
-1.492793695071404047e-22
1.813561966741636647e-22
4.605693038237693840e-23
-5.956576713501045170e-23
1.387663563328628232e-23
1.862241536999984714e-23
2.675067339344524232e-23
2.548581736809494534e-22
-1.982276454978902807e-22
-4.414477070400503415e-23
-3.502438817902637296e-23
-1.871501650751367896e-23
1.936495740657579030e-22
-2.555082416016177123e-22
3.078386554106401790e-24
3.644825748963171883e-23
-1.427004352186441317e-22
-1.923307021533966726e-22
2.523058863077962869e-23
-9.289506454128019669e-23
8.179164662132971838e-23
6.408585861485243064e-23
1.675312607995761323e-24
1.792137167714478482e-22
-9.281912767669453426e-23
1.923704728850341433e-22
8.069934267916503011e-23
2.307314032673483409e-22
4.387128996435290928e-23
-4.446960288233282194e-24
2.899581438788773219e-24
2.983368297031710966e-25
-2.106264411510246315e-22
3.038607692494426410e-22
-6.251926086871434284e-23
-1.208289059084083512e-22
-2.088124283504070237e-22
-1.111978522470777366e-22
-7.883464189024943488e-23
1.648140347707833208e-23
-1.697293037258062436e-22
1.737767268789788777e-22
-5.224845188295861033e-24
-1.473563638920267783e-22
-3.478070595835038392e-23
-7.221217106249606287e-24
-1.439505080503215976e-23
4.807440208645820339e-24
-8.033271406004889994e-23
4.854381749055936478e-23
4.231366449727367546e-23
5.871134747056462477e-23
-1.392093672014472218e-23
1.639772489026365015e-22
7.853688590710476301e-23
-5.196621011864869395e-25
-2.106888265644868468e-22
9.583799577122486398e-23
5.609759283332504233e-23
5.426569249859816871e-24
2.262056679988606982e-22
1.514278407093821225e-23
-1.031772887442587790e-23
-1.515864089909118048e-22
2.814403247070061685e-22
-1.844579636143377656e-22
-1.751679737862504088e-22
1.794632950274938809e-22
1.909434310821162269e-23
3.774081310151747085e-22
-1.114270479677764367e-22
-1.226464554451667171e-22
-3.261278980569180440e-24
-6.113702683857061357e-23
2.517434601457154692e-23
-2.523800157401874421e-22
1.457648259347345351e-22
9.232494861574908552e-23
-1.431941245117573180e-22
1.663062312693441743e-22
1.744786751133080373e-23
5.691974287506819397e-23
4.762890022368129946e-23
-2.481208338447513337e-23
1.003056411459508336e-22
7.131645324064017802e-23
1.028218733379670046e-22
-1.090570669858494645e-22
-3.766592547124369434e-22
9.156516459787072836e-23
-3.073969933472846174e-22
-7.648283534711437599e-23
-1.898153473536832340e-22
-2.052841029231178605e-22
-1.717873624076879330e-22
-3.371378133594567759e-23
-4.152587873456133500e-23
2.641758582278804628e-23
1.400532213055645721e-22
8.494887631472930447e-23
1.688468532240302409e-24
5.271979949331113109e-23
-1.405601739115475923e-22
2.128388715838409112e-22
1.056125488090922043e-22
1.858890771414226705e-22
1.771183592915639077e-23
-8.306739442314793772e-23
3.231757571059125139e-22
-9.275025806801042358e-23
1.117568064512904744e-22
-1.679384732310156810e-22
-7.901587249624583777e-23
1.231658053194862307e-22
5.242852804157251553e-23
5.594812955630378899e-23
-9.643841093519529018e-23
4.887269994919049906e-23
1.783984423410518211e-23
2.421859747430439947e-22
-6.900499598163326815e-23
1.761302181078068429e-22
-1.395144017443091989e-22
-1.303199685571334026e-22
-1.199100931026043680e-22
-1.296096379301824979e-22
1.528888428211462007e-23
3.102156673349492227e-22
-2.880824200281145887e-23
1.051927891467290503e-22
-2.791825134746304574e-22
4.222897516394234927e-23
1.267555934767177107e-23
1.476618948434288054e-22
-1.505944927296099124e-23
-6.950436948107992398e-23
2.315420698021301110e-22
-2.484104490653625664e-24
1.320652405882239818e-22
7.993926562656160544e-23
1.384832339533922934e-22
-1.219920529370277924e-22
-2.948792379454931135e-22
-6.601281483216528399e-23
4.188292537913441878e-23
-1.169708832706080529e-22
7.260032745875995814e-24
-1.995927947837277182e-22
-1.285930550061275803e-22
7.570227122090453157e-23
-3.402814200590644532e-22
-5.008098924639203524e-23
1.057247690303994702e-22
-4.063020257438396226e-23
-1.263144344713281993e-23
-9.174044692090374667e-23
7.954916733791992049e-24
-8.635956122261373480e-23
9.755222308432483852e-23
-2.140058276879021638e-22
8.742581874859069487e-24
-1.494644296554657017e-22
2.347995437515996023e-23
5.403000561001116835e-23
1.443489505439087351e-22
-2.019580968005395280e-24
1.123059358306942065e-22
1.423401404936380680e-23
-2.272557054006931404e-23
3.042150648009352258e-22
7.151098904561982394e-23
1.765444563480506293e-22
9.744963256457681125e-23
6.165583898427076995e-23
1.935674613730937781e-22
-6.433650867850685672e-23
8.496017469023399016e-23
-6.367415638996215352e-23
5.378738214466021120e-24
3.428121691551796360e-23
-2.407096208912697745e-22
1.147580360313928892e-22
-1.962887988704436573e-23
2.073602695360206353e-22
-5.210256728711160936e-23
1.997386353823556994e-22
9.511360247332401904e-23
4.403287610508159785e-23
-9.514124986474296331e-23
6.922611206586499026e-23
-2.292183523335975006e-22
2.650933624264058342e-22
-3.511048793937570184e-22
1.604041026644028100e-22
-2.934630767165073874e-22
-1.095298565556550474e-22
-4.244151777713447611e-22
1.265477670204996690e-22
-1.213476050600445251e-23
1.170846104004233672e-22
-3.156477479962488211e-23
-3.858353790702553151e-24
-7.806304168101621329e-23
-1.462636609479925176e-22
1.147102734147223164e-22
1.933356256003737379e-23
-3.065166592119689060e-22
9.095079798237486057e-23
-1.633021094750467035e-22
6.323015762848204655e-23
2.457676927941584802e-23
-7.612762805609807941e-23
-7.014815936504643294e-23
1.622471838181943046e-22
-2.448576163815750682e-22
1.903658982558966284e-22
5.605032101458544428e-23
1.058784193796220964e-22
-5.685970583498935080e-23
8.230584731164727896e-23
8.688937412034424760e-23
-4.739747705393114702e-24
1.069365916839114125e-22
7.477932505502106238e-23
1.164156886737888573e-22
-3.110984304679207781e-23
-1.216429108515693246e-22
-1.572969468930694088e-22
1.657419503564328188e-22
1.026742593729401697e-22
1.410332285311341559e-22
5.592686309954927441e-24
1.415864071162551391e-22
1.228533233615122364e-22
-2.167383638251476253e-23
1.187962596903180670e-22
-1.330668465171555285e-22
1.228580116860070836e-22
4.703978543554846530e-23
-1.620033164470767629e-22
-1.949083549756564437e-22
2.336314189947578770e-22
-1.054219694439300021e-22
8.214061371366732950e-23
-1.957831286891819316e-22
-2.632172240895975024e-23
-5.801614089408084211e-23
-3.310722026693997842e-23
-1.027226884454246834e-22
-1.575026665854440434e-22
3.454000118201302381e-23
-7.928360896186586109e-23
-4.358738751253536987e-23
-2.363306448325290505e-23
-1.815750853219499477e-22
4.413880728483500270e-23
1.354147940732686560e-22
-9.066300964984787722e-23
-2.641116172391583554e-23
4.550332937263067509e-23
5.494430531072006209e-23
8.875516121778972879e-23
4.979204845704578004e-23
-5.065069546879420235e-23
1.450630303107407798e-22
2.156369264604726190e-22
-1.751687207594750633e-22
-2.119494826055191151e-23
-1.447470285995693761e-23
6.492141024382216798e-23
9.802268407205238471e-24
-2.171239277330840694e-22
-4.169290843999470417e-23
9.946139181152545134e-23
5.098430051470987075e-23
-1.804189173884443470e-22
1.028089800741297416e-22
-1.194441384597414097e-22
-5.304616014930136809e-23
2.534023410558080033e-22
-8.037479078244308339e-23
2.517897928994902281e-22
5.774890401891002799e-23
1.244324865118906369e-22
2.340650261943017124e-22
-8.829067882958683172e-23
-2.000262637707768847e-23
-1.299082579246109055e-23
-3.494842660340133436e-24
-1.009114760507423306e-22
-9.188075760999838665e-23
-6.789550282288789527e-23
-1.173650912890551406e-23
-1.078244449954340840e-22
-8.276673309565878591e-23
1.952364187746506044e-22
-7.691518275431222838e-23
-9.989875123035403351e-23
2.664279187398454902e-23
-1.132190697804426452e-22
1.336139331217173379e-22
-7.808232311037202948e-23
-1.815355194917250270e-22
1.677171085706179901e-22
-3.976376244153650006e-22
1.079099932064609445e-22
4.168544690370263436e-23
-1.743851742787145707e-22
1.074310581632370993e-22
7.443096997643168167e-24
2.406256137513970177e-22
-2.896898269855476668e-22
1.730847018000636115e-22
-1.041972264897303034e-22
1.488059104706241800e-22
1.338842710944138466e-22
1.008574755258210455e-22
1.018709854262747756e-22
-6.272703089401821824e-24
1.007776349738586915e-22
2.336071307244919297e-24
-1.774000863391687980e-24
-6.793431904043488579e-23
6.493911099378206070e-23
1.611147905670203561e-22
-7.810025622947116229e-23
4.776549885323494806e-24
2.623974860838960499e-23
1.297704467515479194e-22
-2.214518217924893690e-22
-1.078422105895672545e-22
1.400591435994800021e-22
-1.461398792546321608e-22
-1.122209762313388246e-22
-1.466369867009733874e-22
-8.219556751840432527e-23
1.613465401274977771e-23
2.312970622744638341e-22
3.734251074015366855e-23
9.249409486118020703e-23
7.841283069481712780e-23
-5.965448608760081692e-23
-2.392408186667126914e-22
-2.095766172920746416e-23
-2.345649293676010657e-23
-2.791047411791927781e-23
1.050794525800950802e-22
6.132894395786257283e-23
-1.557084136639946037e-23
-9.842927805151705073e-23
-5.160779121736747315e-23
8.285532271473199528e-24
1.869220006854196961e-22
4.810831412277961859e-23
4.202125888638110154e-24
-2.683613685004599434e-22
1.506298620167031938e-22
-4.540991627080254133e-23
1.418430708927770070e-22
-8.951954801638156295e-24
-3.301880778041644949e-22
8.408190356865206739e-23
6.176917789685142902e-24
-3.782188332103060812e-24
1.201126469863574754e-22
-5.356727681992022588e-23
-1.338010974610102214e-22
-2.081413916526585882e-22
2.500634595523758107e-22
-1.655598864716624327e-22
2.879035492594586806e-23
-5.656849391753723180e-23
3.643147830831739998e-23
2.237930801763836114e-22
-2.885763182184602211e-23
-2.326648129296667247e-23
-2.728522390967603010e-23
1.886507724602637783e-22
2.035027289661727504e-22
1.361486039138274062e-22
-1.499920796437118362e-22
2.831862391446024095e-22
6.056471399595006152e-23
-2.200236944674113994e-22
7.486845535416958916e-23
-3.894581484610042096e-23
-1.557852102105964077e-22
4.955925544071569505e-23
-1.263723205786769370e-22
4.479778550209819057e-23
-4.954125717946262527e-23
1.698316400510177197e-23
-1.697059682394137061e-22
8.553869456750082095e-25
1.067774769610969333e-23
4.863563462486415584e-23
-3.582118537718234444e-23
1.939768650241959467e-22
-2.209482459252789546e-22
3.254256460920943212e-22
-1.964929708041089187e-22
6.412620499450119406e-23
-1.844582632662498252e-22
1.697541900970752184e-22
9.690380608538333050e-23
-1.012417639444644083e-22
-1.627011151060013408e-22
1.674584945928498196e-22
-5.404268706193165124e-24
5.942890963687806048e-23
-8.468268657362541303e-23
-5.878820493045282541e-23
-5.695534277454088861e-23
-1.405095867023128584e-23
-2.962921199356462401e-23
-7.407134733118527571e-23
-5.571125648643609423e-24
-2.494102299667298247e-22
-7.939314870562503266e-23
2.083662681264264196e-22
1.148318926640921652e-22
-2.222933033825962135e-22
-1.093357152789215953e-22
4.244333102940322196e-24
-7.271455571911783635e-23
6.884872901675032225e-23
6.301122162851412163e-23
1.106770322680008871e-22
1.855170922274420478e-22
1.778299315053380113e-22
-2.157831316511650336e-23
-9.032884699110942013e-23
-4.443534418693648204e-24
1.536559870280231077e-23
-1.370068231666384581e-22
1.107446684235759876e-22
6.651571901182089447e-23
2.513581054458956612e-22
-5.860460217163492899e-23
2.166296416386595557e-22
-3.746285638527070369e-23
-1.131177954433781011e-22
-7.645646669153199388e-25
9.636121461639906158e-23
1.571765871388107703e-22
-6.075778199112124902e-23
3.657259710081270159e-23
-2.048482901169853581e-22
1.733566189552367862e-22
-1.770216000901420781e-23
-3.622860891576745582e-23
-2.542941607865792443e-22
6.360704011455900777e-24
-7.094200615544153662e-23
1.126780631848811984e-22
-9.552121005463803430e-23
-2.059967400253904628e-22
1.576925048453865367e-22
-1.199072099170901743e-23
-3.399090487162909963e-23
-2.096959365845837641e-22
-1.540987253756049311e-22
-1.279167109091212232e-22
2.241955975029826933e-22
-6.224788553093376559e-23
1.512366496825490164e-22
1.209085893824072843e-22
5.303192282721458001e-23
-1.608113748652607744e-22
8.264083476842779625e-23
2.334652019186382572e-23
-1.743195862604737504e-22
1.377438593578992037e-22
-1.055547929249563969e-22
-1.467036720591065882e-22
-1.203543999948860935e-22
-1.930649044194054522e-23
2.762260708035319902e-23
1.787224634626949112e-22
2.636089134307023489e-22
-1.334483178597661191e-22
1.780284775449501119e-22
1.076078502088101026e-22
1.452083874318151732e-23
-8.129785870764336615e-23
1.737399519939949270e-22
1.473248793900173244e-23
-1.885892955031996456e-22
1.000680438502734798e-23
3.478774310785801141e-23
-6.921339383384906708e-23
-6.331100168980441197e-24
5.001596941594281726e-23
-2.090102437900192784e-23
1.215556071602978037e-22
2.338404512721775248e-22
-1.010458221388248012e-22
-4.982423317016888046e-23
-5.543199449919442537e-24
6.491818002747508531e-23
-3.324658345539777785e-22
7.529871003538387787e-23
-1.277249425731134938e-22
1.895374613326929013e-22
-1.721131766968786490e-22
1.264242473513173348e-22
7.828580646568970219e-23
-8.656209604124521774e-23
-2.251285352086842863e-23
1.560702040592530795e-22
-7.029081973931616684e-23
-1.541249515087026401e-22
1.410700810863551604e-22
-3.144196559010740545e-22
7.868339751637337796e-23
-3.418884991351991802e-24
-1.659207033129955680e-22
7.603825561191054406e-23
-1.385786153291400793e-22
-1.200019193558135798e-22
1.725306430148154040e-22
1.089628117596328091e-22
1.330158945640269424e-23
-1.130399541588554909e-22
-4.843651707684171441e-23
5.017799719900762169e-23
9.636364981475216499e-24
6.330966787192666854e-23
-1.430448709402765712e-22
-1.586510221808405182e-22
3.217156926920997261e-22
1.308258495221216228e-22
-1.627357184343578283e-22
2.319357828769710403e-22
1.925547053456734385e-22
-6.248214164782645386e-23
9.497023136508704378e-23
1.370753156372968602e-22
2.197462327071522304e-22
-9.550237435402554508e-23
2.968201880192228125e-23
-1.309969797250385486e-22
-8.289807107644302026e-24
-5.273559125906430196e-23
3.697443320650827465e-23
1.643800977557398474e-24
-2.186009302921950271e-24
-2.786072266629354774e-22
1.662782631542924203e-22
-5.556459876967732082e-23
-1.497253036260610958e-22
4.281310416445477999e-23
-1.985201999915852708e-22
-2.052605551404382669e-22
-1.124313819421219020e-23
7.464133355266808321e-23
2.345544014530186672e-23
-1.106767763327615151e-22
3.172336887727850761e-22
-2.234263194544291745e-22
-1.153874212310883415e-22
2.229508639065368846e-23
6.924079663245625587e-24
4.884944223793780641e-23
2.256706246041619498e-23
2.962293372038660662e-23
-1.333884136678614115e-23
2.557415436283048290e-22
-4.080311315739376182e-23
9.324896117979435047e-23
-1.700907902313396310e-22
-2.348883484305180049e-22
-2.665082745621910926e-23
2.227372876379338463e-22
-1.183663959281936614e-22
2.832674592157779147e-22
2.349913172819396270e-22
-1.587587673264223887e-22
-1.777607433286826922e-22
1.018467296463335079e-23
-1.048506418208297959e-23
1.504663048138503670e-24
3.386205211966828087e-22
-2.076257516877688668e-22
1.539007986447281108e-22
6.322694740608136070e-23
1.180239959697776243e-22
-2.958316088131215496e-22
1.307407396504369436e-22
4.200337735728802414e-23
-2.152461824317306395e-22
-9.211816699172456334e-24
5.613096437474222780e-23
1.816065631375360626e-22
3.964831098591153384e-23
-1.766053572369055811e-22
-3.401777615713602243e-23
-1.969433670622035294e-22
-4.402162768943506710e-23
-1.056620675170974710e-23
-4.546817647038836983e-23
8.697350163881070769e-23
1.855959768799234405e-23
-3.310865015569561015e-23
4.725882698204380210e-23
-7.413510866047439832e-23
1.668375200827579488e-23
-1.164217366100596843e-22
1.584895468725288933e-22
-1.659101403573210440e-23
1.093175378236217468e-22
-5.331367271124472013e-24
2.011354470189162094e-22
-1.147592431797189952e-22
5.008785752860970600e-23
-2.075844037768197784e-22
5.678907396454902245e-23
-2.667622193799688215e-22
9.432580404416185045e-23
1.035651698896568139e-22
-2.464231427331211444e-22
4.333626795119394691e-22
-1.505274075096068911e-22
-3.626980733827425944e-23
1.427083692954454115e-22
5.498816380658095258e-23
-1.134795769901948922e-22
3.879333536533955255e-23
9.138509416666309354e-23
-6.623058324287153462e-24
-2.664392189437068717e-23
1.255797936303511473e-22
-1.583478009038939489e-22
2.214890289707146858e-22
-2.719046454594659589e-22
2.650381882088579289e-23
-1.409599673529795084e-22
-1.596260363297145153e-22
7.170216556211752042e-23
-2.191689256493756787e-22
1.799197095332196061e-22
-6.310257316884666667e-23
7.875722520605441550e-23
-1.262440694704449911e-22
3.708472419480065294e-23
-2.223435946272862450e-23
-2.431253103330797643e-23
7.371857415087938348e-23
2.086104360466614646e-22
-2.576199413568431784e-23
1.499518127563793651e-22
2.881391789766749983e-23
1.222834211214461288e-22
-1.990055752850727248e-23
1.681522126259271092e-23
7.267349653287967843e-23
6.692181499133008417e-23
-1.877306813697467084e-22
8.012351530526481918e-23
-2.175845202200151573e-22
1.750103366682680508e-23
-4.952377086096341695e-23
-3.260168560776812704e-24
-3.014102100746272708e-23
1.375246999297054087e-22
-5.487910284171269502e-23
8.943537303490656045e-24
1.953009504554575560e-22
-9.571432525310680475e-23
1.221663451050239196e-22
1.956459303085764296e-23
6.142704856860111369e-23
-5.697104164196144225e-23
-1.567487971518000424e-22
-8.018336698271297789e-23
-1.714372080387855333e-22
-1.462263702781254531e-22
2.109504042328832604e-22
-1.014672139382124077e-22
1.599467134002508362e-23
-1.656696018336727430e-22
3.261619231267624361e-23
1.897252060502437857e-23
7.788284460677241429e-23
-1.557523171815473633e-22
2.355168917305668305e-22
-1.779550395783246414e-22
3.210066984265599011e-22
-1.284842812925373024e-22
1.206907024747419145e-22
6.392440402029370392e-23
-8.032877582287835809e-23
-2.026902644018981675e-22
-1.157073963631880947e-22
9.898578821236273025e-23
1.625058931297961895e-22
-1.439116156564526585e-22
-5.043526044492188802e-23
-7.620579430793648850e-23
-1.051691834532701168e-22
3.757974586282473946e-22
-1.131683664156354271e-22
1.620087816475484644e-22
-4.209909874307536903e-23
2.596832975447809804e-23
1.769601819886798422e-25
1.172352182879481513e-22
1.573364896176587858e-22
-6.637948343002581722e-24
-2.083692650236321010e-22
-1.226824740304088014e-22
8.431746341789537456e-23
7.435241517167636309e-23
3.084096477721359586e-23
-4.084111243816776760e-23
-7.084373296999328320e-23
1.650488766166443699e-23
8.690258641204190287e-23
-7.396727807548285527e-23
-1.339755099285626095e-22
4.496008476811607868e-23
-9.571988194494749398e-23
9.047312960032927196e-23
7.718623315693405351e-24
-4.310986873155617394e-23
4.538092502790897085e-24
1.312595541484638551e-22
-1.098209502277018693e-22
-7.287371140898367971e-23
3.126935479108157972e-22
-2.644463680879317270e-22
1.894736739828744397e-22
1.937613642618933328e-22
1.215540488122213452e-22
1.969987957107628192e-22
-5.705078785121550230e-23
-5.446780337858662017e-23
-3.506696269934572764e-22
4.795082871083033872e-24
-9.486628341484049373e-23
-1.269408631103034842e-22
-1.410376246518824389e-22
5.603798400690180082e-23
-2.021750463810191076e-22
-7.640555635953220193e-24
-9.693353286867566091e-23
-7.556430455188495273e-23
5.775320910782718710e-23
1.605965739805633946e-22
7.096560958044984486e-24
5.082270511288954669e-23
4.507732682936710242e-23
1.273321604699364756e-23
1.414878004457005170e-22
8.451463742267238048e-24
4.058400527942088112e-24
1.138273137498689914e-22
-1.040013457609475433e-22
-3.874308002613325961e-24
-1.255614748388724918e-22
-1.560649849311457784e-22
1.009060954922257813e-22
8.057365832898423806e-23
7.906488821258819899e-23
9.886194398999044578e-23
-7.976006023476029517e-23
5.933256095112241721e-23
-7.130990769232792739e-23
1.664798963612724500e-22
-2.213254724178136210e-23
-6.771774540236044909e-23
-1.475045531656241730e-24
8.450851208897590869e-23
-2.247582293861039322e-22
1.198957769980412307e-22
4.272490869529825191e-23
2.314226592145187206e-22
-1.609183342591865854e-22
1.970320972439698950e-22
-6.607032106763997296e-23
-5.559829757198625233e-23
-1.373649676566428416e-22
-9.693209541298417148e-23
-2.587927327100116566e-23
2.144408340725423185e-22
3.189347912115279093e-23
5.619937480620877697e-23
-1.130537053488332402e-22
9.340831396002263269e-24
4.817527249440016111e-23
-2.170482913197139346e-23
-8.128309666517987550e-23
9.822461201117629686e-23
-1.941137646325265878e-23
-1.308490823762372192e-22
-1.845821794654852119e-22
2.304953341030423104e-22
-2.390661385464346680e-22
-1.100949185819549017e-22
-1.693297725543133065e-22
9.735100664389274149e-23
-3.302171356400963149e-23
-2.021646631822762915e-23
-8.417761540347551308e-23
-1.025764920310229271e-22
1.359984222612621601e-22
1.521128900026283725e-23
1.954129065187704088e-22
2.497685724266387777e-23
9.308041657209166162e-23
-1.588923797475412991e-23
2.185357103887640733e-22
2.615405975952869797e-23
1.573091614148912277e-22
-2.967615534969697927e-22
2.689811388242699926e-22
-6.916278275742198501e-23
2.322882484033429620e-22
4.430366082630748686e-23
-2.481114353033396271e-23
1.802872706962380412e-23
-1.386034025835490147e-22
3.790392698644086577e-23
-4.251934747062480891e-23
-2.152076820046015785e-23
-1.426980024878556559e-22
-1.872540578992290410e-22
3.912457902703504861e-23
-1.715184368475971462e-22
-4.673096802887000647e-23
1.943079551761457140e-23
1.629623698459280065e-22
1.914585752406776727e-22
-1.209447102139026870e-22
-1.743817197144901684e-22
1.729360839046332146e-24
-2.515546633324889097e-22
9.601623027232573205e-23
1.899760366493675570e-22
-1.438811066660706206e-22
-8.498951198238316711e-24
-1.083262958503907062e-22
4.163959359942466913e-23
-6.377132406525816504e-23
5.040403997054951968e-24
8.298472148649403156e-23
4.356382373740485602e-23
3.149304015785288617e-22
3.909368037344831459e-23
-7.221778814164831907e-23
5.889024663562851432e-23
-4.578143804939566803e-23
-4.401462888984547410e-23
1.418860536582756562e-22
-1.248100340697893496e-23
-8.575289675394302103e-23
3.645495006466587194e-22
-8.313940741342190469e-23
5.933942050153972792e-25
-8.221386527610301510e-23
-1.318385286154392262e-22
9.262520673261148194e-23
-2.450902674469943167e-23
-7.104026663061043253e-23
2.894106305992764214e-23
1.704199649961107867e-23
1.043054520047637887e-22
-2.235844660481910937e-23
-1.959452964036439073e-22
-4.800483968696660790e-23
2.941916822346085022e-22
-1.052050149222788794e-22
1.941116582102126554e-23
8.855154403404501161e-23
-2.492315139577942881e-22
1.320444688414846914e-23
-7.873995925848807254e-23
-1.261970805422836826e-22
1.753151060995035857e-22
-2.119206104882325128e-22
-1.872445013898304933e-22
2.320663285142154677e-22
-1.246890194329854108e-22
2.006811206141656989e-23
1.970734211780432322e-22
-8.297015184090285728e-23
1.674749619805718814e-23
-1.180405399208201771e-22
-1.058599114116404017e-22
-1.481649877700641820e-23
5.717734085860847566e-23
-9.299088830568703113e-23
1.390303363609683132e-22
2.588531914332904445e-22
-1.383352095540705176e-22
2.038445935976304843e-22
1.892762302549880100e-22
-1.388574528401890762e-22
1.005125080083982880e-22
-1.561825590996028575e-22
1.767344380479695447e-23
3.246485157543228518e-23
5.837253272314384168e-24
-1.986968894452691326e-22
7.781007582970521700e-23
8.903814648187142965e-23
-9.661946499703621540e-23
-6.681422648311735591e-23
-3.663418692790008454e-22
1.245120011424002059e-22
1.911496638551394411e-22
-1.969727689612408561e-24
1.939713615874859654e-22
-2.910984968945553810e-23
2.277315190271705728e-22
-2.203408375016699857e-22
-6.233180785629090062e-24
1.742383204903562850e-22
-2.624776075060525336e-22
8.776001991375456143e-23
-7.416578062818683924e-23
3.242209674980518984e-23
3.285762881009933559e-22
-1.075881082458106010e-22
1.595427275184666774e-22
6.003911472824233841e-23
7.881332090442382003e-23
-2.247971236168704974e-22
2.235088821826489636e-23
-1.935328473314644255e-22
-8.163182660861142312e-23
2.056223135557694297e-22
5.112120138029243440e-23
-1.801404773044549997e-22
-9.255888050360636910e-23
1.133291583992656117e-22
-2.450987669172906544e-22
-2.208236477064461024e-22
3.865034584415797169e-23
1.077650829604384674e-22
1.360806557080303892e-22
-2.656987135479944882e-22
1.404895055498214169e-22
-2.267433142647475790e-22
3.616217942239211669e-22
1.736382539340812190e-22
-1.051321738314752912e-22
-2.250025048537496383e-22
3.516424377832787775e-22
-1.886239977884724867e-22
-1.361419356581472428e-22
1.644493563542871758e-22
-1.763645357303901768e-22
-3.437810863615882304e-23
-4.191003209402917881e-23
8.636969754748567679e-26
9.274176467893967135e-23
4.346891711043697242e-23
-1.410309759643038972e-22
-5.699303473882107120e-23
2.569715862014221632e-22
-5.932545408156038116e-23
1.191347894387791992e-22
1.565214225101586888e-22
-2.186833941331217940e-22
3.851236467636906595e-23
-1.409361055185918377e-22
-1.319208054803180724e-22
4.359037061424939271e-22
-1.452077563762738853e-22
-1.512345088861506851e-22
-4.904399794471139856e-23
3.187907352124032844e-22
4.057273522551750320e-23
1.413301992941272056e-22
-1.548503477051531219e-22
6.479708819086754899e-23
-1.065095681337623060e-24
-3.777773558214612343e-24
1.638235490996498256e-23
-3.587185159416292560e-23
-1.782114719907354142e-22
1.935480374318722111e-22
-9.159772460444520433e-23
-1.792262751352726564e-22
1.366702135051258682e-22
1.292259637399448184e-22
-2.013525969176388552e-22
3.484592304641093030e-23
1.179007785848290655e-22
-4.962738940568298580e-23
-2.802006893076273242e-23
3.041101780150793942e-23
8.960713408784705470e-23
2.616884011948932020e-24
1.097643183070286086e-22
-1.059926633453693556e-22
1.028225773510682525e-22
-2.800630911494490054e-23
-2.016748227700220075e-22
8.781961629227092394e-23
3.449270248312993914e-22
-9.706679786543579023e-23
-1.119041654303375974e-22
5.202439400979771758e-24
-1.604830467592275455e-22
-2.345696183913379045e-22
-4.039799850797248579e-23
-1.098963540089644628e-22
2.311553127886252896e-23
-1.145696402893097890e-22
-1.751248793577911430e-22
-9.842235947860290677e-23
1.636925604079731153e-22
8.600942591639168118e-23
-1.009279851538750158e-22
-8.852851484186111945e-23
1.730351011163762034e-22
-1.514826824247209660e-22
7.605900826645671611e-23
7.297801362086332816e-23
1.442347307496660837e-22
-3.600510369782533816e-24
1.678023494700494768e-22
2.073702074665384799e-23
7.740272926969229266e-23
7.091979148882731172e-23
-5.338738411748603071e-23
-2.159555936129436088e-22
-6.092829371835732094e-23
1.438851686534830955e-22
6.889409613881457777e-23
-8.976934870269352112e-23
2.692905630816090265e-22
-7.837471713821401026e-23
2.525978377124188430e-22
-5.695445769856548264e-23
1.902626977890975504e-23
6.059163372310295368e-23
-2.171905105763516670e-22
1.399354716513743817e-22
6.161779124756622271e-24
-1.312296687073552044e-22
2.160338410473686032e-23
-3.197302905689397889e-23
-5.485642066042554860e-23
2.412446298004109602e-22
6.570322222577267339e-23
7.572072364149191650e-23
-3.365105823739824394e-23
-1.317626321843956968e-22
1.443244555679439282e-22
-1.662438711572057211e-22
3.214779565766919718e-23
2.461992581226368149e-23
4.464253003714399054e-23
-1.403457172528545743e-22
-6.206131262007963738e-23
-5.352272869327185904e-23
-4.568017138425491362e-23
-2.837772537148124214e-22
3.061149960573073889e-22
-2.581810708690449898e-22
3.443447696988444499e-22
-7.071656207303088395e-23
-1.188162193038597761e-22
-5.526924218006285118e-23
-2.682232796201135647e-22
1.685782096807374456e-22
-1.061945478488264310e-22
-1.357305293361031082e-22
8.903687470346018876e-23
-1.200894849332365999e-22
7.030304014999600134e-23
-8.841117477370041723e-23
3.044799851054589481e-23
3.503888077163498675e-23
2.156371319036338812e-23
1.799075987184598701e-22
-2.200460549715956431e-22
-1.669131674610038536e-23
-8.415307464178164538e-23
-1.789195747874422670e-22
1.527995948506952602e-22
-6.269653554117208911e-23
2.037428512319438488e-22
5.912768591654680038e-23
-5.609221831178058359e-23
9.938678175569529783e-23
3.198410050569851400e-22
-1.002900387258716011e-22
1.572984845249795852e-22
1.267015406251523650e-22
1.544591134409335493e-22
-8.503495460209769309e-23
-1.066901895280201878e-22
9.935155212272989264e-23
-1.091208159071470764e-24
1.499085050854622060e-23
-6.293176381134450597e-23
1.230863323178262321e-22
1.267344831433639551e-22
1.181132924207614037e-22
-7.206893601486765495e-23
-3.665679119426433353e-23
2.825286408840878801e-22
1.695390105709139336e-23
1.577376309211174479e-22
-3.282464162692995551e-22
-4.766135429124187297e-23
1.124866489458844258e-23
-2.147249674723002202e-22
-3.246184788282529953e-23
-1.011386836617325744e-22
-2.248357929757832420e-22
-1.620151237675167007e-22
8.549692298742898453e-23
-1.420699596247978059e-23
1.614572270901125842e-22
-1.194737845418144660e-22
8.255544748071871890e-23
-2.374940262479760247e-22
9.413395793371226713e-23
-1.105379033073587162e-22
-1.189319231512108666e-22
-6.342652299627299338e-23
-1.244412698361341480e-22
-2.867313515075964580e-23
9.923250282914101790e-23
-1.136753117605383144e-23
-8.401265265024626271e-23
8.412270011026613062e-25
-1.555963184024101373e-22
8.933032435634280369e-23
7.005675040331594476e-23
2.202867023485965500e-22
4.977337000619743283e-23
-3.662626693897997054e-23
-4.999460258914079465e-23
-2.284891560672243700e-22
1.744634963018824425e-22
1.071288393250390510e-23
2.541455290844545937e-22
1.653879400662139648e-23
-9.030835037828694469e-24
2.058383423680332623e-22
-2.526449263964171264e-22
3.324427745758545184e-22
-1.230064150360227516e-22
1.259382301130651004e-22
4.254119278707046982e-22
1.596045360037153963e-22
-1.012135248646165459e-22
1.341371685781034274e-22
-2.992951663930975763e-22
-7.007513875644214072e-23
1.194129720783089212e-22
1.211703246289585850e-22
-2.049434072040238003e-23
-1.266982909566293970e-22
-2.562140077810513206e-22
2.124387236275623647e-22
-6.879241437889373205e-23
-1.497489063087422177e-22
4.444922414420110096e-23
-1.482428228927751915e-22
-9.979821993740201241e-23
-1.087849631038974474e-22
1.731601674441584242e-23
-8.245701639408224292e-23
-2.791603347757758985e-22
-2.349986101922744155e-22
5.934808141114649795e-23
8.336011082523829525e-23
1.684153162725261450e-22
-7.985117220578500434e-23
2.423965039050142027e-22
1.858212035012923425e-22
3.225809058196604765e-24
2.640029555064657797e-23
1.297155120924585190e-23
-9.728067003601861994e-23
6.013855089406508754e-23
2.672474756758875022e-22
-8.233959010229274240e-23
-8.698402126087054747e-23
-3.734044386429311181e-23
1.052533029532926220e-22
2.755850486044191452e-22
-1.217462416316891228e-22
-8.838498976854579449e-23
-3.882322259763170048e-23
8.624806848359706460e-24
-3.288459713564126577e-22
-4.267447502181898119e-23
-8.216966328125109061e-23
1.040056820988409812e-22
-1.350185759705607081e-22
8.987075026054440137e-23
-1.262163391440231803e-22
7.029160456819055294e-23
1.372047832840810496e-22
-1.468818021081537997e-22
4.650448468144486022e-23
1.445043826239979415e-22
-2.020023459846157937e-22
1.208811590089869399e-24
-9.560144979456787873e-23
1.321340683352579667e-22
5.202193829327842419e-23
2.212139278288711123e-22
-1.018586710880871798e-22
1.372587643584270966e-23
1.176806904294120424e-22
-1.999341849745534416e-22
2.291759338018654180e-22
-1.494620950431741616e-22
-1.880462418474403783e-22
2.405574933982770992e-23
9.593957264064575532e-23
6.108962610132993375e-23
2.177614442221151541e-22
4.386914535253845239e-23
-9.253539105774043884e-24
1.895179424784765875e-23
1.396488890093098234e-22
-9.912165770893612763e-23
4.567051448462077099e-23
-2.323172816692509114e-23
-2.424622858792469281e-23
-1.008994492564614772e-22
7.992428912282379035e-23
-8.710064009584480891e-23
4.991973397141984989e-23
-2.561999192132782751e-23
-6.314850490813979741e-24
2.175050591145101685e-22
1.060732437822878834e-23
5.892150096100863317e-23
-9.060636307414929403e-24
-1.352327189506669752e-22
7.625775517462571106e-24
-2.257497521313990221e-22
-6.884072720469960076e-23
-1.372435042478799330e-22
-9.934863007720204129e-23
-5.847631583217442290e-23
1.280423868242356615e-22
4.522550876682605248e-23
5.007782473530591660e-23
-3.290582294759853637e-23
-3.062641815174741769e-22
-1.524223949634908139e-22
4.093012199132506427e-23
-2.442623565827925172e-22
1.924501203015077012e-22
7.998168206510209998e-23
2.916033869296042949e-23
2.254583395751763380e-22
6.166928427849545425e-23
-1.490602022804487916e-22
-7.341540216284306762e-23
1.554255972758670582e-22
1.750627852560643461e-22
6.380984005083726246e-24
7.352149606220449985e-23
3.021861500144533006e-22
-7.686518633604978931e-24
3.664069036123900384e-23
3.131833150271850146e-22
-2.179765079284954828e-22
6.084362554796005202e-23
-2.825048543835033211e-22
2.145272144201174526e-22
-1.849648627258560895e-22
-2.983471142474894718e-22
-1.116397275001006690e-22
-1.133433054376022719e-22
6.164552535892084574e-24
1.079228436986390948e-22
6.631922879315794853e-24
-1.421758432737290576e-22
4.329744098804285740e-22
-5.866110163382032907e-23
1.455166507687507710e-22
-2.033392546112356915e-22
1.887279867323317538e-23
-2.350862520228123143e-22
5.758476451058135482e-24
-1.643042348032548665e-22
-2.540899732236958482e-24
1.210207199559974968e-23
1.997476265863950872e-22
-8.482987969577281280e-23
7.542856298823794795e-23
1.009295986816270064e-22
-1.819372974734486971e-22
1.401657760554235995e-22
6.964804445699480341e-23
2.050646893168988666e-23
2.515519147979566773e-22
-3.956971089082521324e-23
-5.547879761951602677e-24
7.675560923378932651e-23
2.823633933564233487e-22
-1.558218072550642846e-22
1.929447306030710515e-22
-3.102217161782432692e-22
4.755833077303826532e-23
-4.165786833267587762e-23
-3.299504992779258805e-22
1.287303654639322187e-22
1.893336311667173980e-22
-2.957205302945223121e-23
-2.464899749375620517e-22
3.961030969440105589e-23
1.049582543426732213e-22
-2.208171478407769245e-22
-1.470004331021159028e-22
1.081166602603428267e-22
-1.767882522928591915e-22
1.339998132464244177e-22
-3.476763111529757972e-23
-5.121501227873394793e-23
6.070393267892764538e-23
4.465287331481772247e-23
-1.880332581711476290e-22
1.052080488205078519e-23
-2.007960947044140779e-23
-1.046815033243186077e-22
-8.829753976938963507e-24
-1.161067285712237695e-22
2.176262131954257824e-22
1.352162878252904814e-22
-7.999875591995114035e-23
7.177125991882808929e-23
2.625056076975214901e-22
-1.107826247358097298e-23
2.174163217043076125e-24
-1.990861794908707369e-23
9.617561709479230249e-23
-8.145110721606882936e-23
1.803602136741580254e-22
-9.049227019978344610e-23
-1.393684375388654882e-23
-9.446713021490572994e-23
-2.167709902474752022e-23
2.378661678390527497e-23
-1.204919400640610623e-22
-4.571032328153232340e-23
3.976383184490106020e-23
-1.956519205569835403e-22
2.560640658079939667e-22
1.394458568176759500e-22
2.837684582628521281e-23
5.049643655420582479e-23
-4.102318839715091763e-23
1.610597370933608625e-22
-1.468376878580878956e-22
2.749003770221302305e-23
-1.282249559423433717e-22
2.380862187108969190e-23
1.082122304071634285e-22
8.461013642836205907e-24
8.222424601204259059e-23
1.572768452986424802e-22
-5.103735705860613068e-24
-1.557016926824443744e-22
-2.592465773572545554e-22
1.257081556941432465e-22
-7.586200996791794114e-23
9.009629454390254516e-23
3.425123338023960889e-23
-9.160508350236035197e-23
-1.623984297733750200e-22
-2.839124284535763584e-23
-8.291049714046110211e-23
-3.632313255269087355e-24
-1.683351609128864337e-23
-3.804651310148307445e-23
-2.525858132878974669e-23
-4.277201611747934419e-25
7.232255970374067810e-23
9.032234112686998875e-23
-5.078938546177244869e-24
8.089494826726710440e-23
-1.873144574928027606e-23
1.116892838597481791e-22
-1.668128158873794525e-22
-2.692001518906966391e-24
8.889742994118864644e-23
2.769376741111813121e-23
-3.678671493367267604e-23
-7.076430774264578600e-25
-1.219809168003414961e-22
-8.876731048688473465e-24
8.831335638537327340e-23
5.827457881000922314e-23
7.549145339114902272e-23
-1.750896783617921965e-22
-7.984985140725904244e-23
1.173913509988740515e-22
-3.606347457620473679e-23
-1.423125629360910432e-23
-4.726623426708026016e-24
-1.358728513288026952e-23
-4.381244128204246013e-23
6.243914410124591226e-23
-9.356104601429630956e-23
-1.036963031326244567e-22
6.610733990074152702e-23
-2.657788445493893130e-23
4.750003436592752308e-23
2.318238920776106189e-22
-6.248367372154556352e-23
-2.480270090882876586e-23
3.631786260519920864e-22
-1.878934377452153079e-22
1.524729776750487571e-22
-5.540981972595031786e-24
1.202218358350921988e-22
-2.468270738473128339e-22
1.334358423413124863e-22
-1.510989430228942031e-23
2.377927323819723483e-23
-3.272222414986768127e-23
-1.879050798036567799e-22
2.576811189770422903e-22
9.471654131989561273e-23
-7.575680974338401079e-23
-1.419532283809793775e-22
9.137903520491855204e-23
-3.445371244880189588e-23
1.208681483329214456e-22
-1.190117788807332415e-22
-1.082761274219784800e-22
-1.883911984066781739e-23
6.792743203773421251e-23
-3.790944887906774575e-23
-5.242141260278078831e-24
-1.561488548471749181e-22
-2.772572610060312207e-22
1.243036227875117708e-22
5.005407911878427837e-23
-1.893344232565428829e-23
7.377348665355361540e-23
1.949422910642124370e-23
-3.238976300718166343e-23
-9.716645156776072667e-23
-8.157374941428647688e-24
-7.976322341421143048e-23
-2.871500018524450324e-23
-1.303300436512874189e-22
-1.832373541158808819e-22
-1.701858118802923919e-22
2.419110237037212605e-22
-1.421448527470184386e-22
2.013644645585675498e-22
2.567806803997596594e-22
3.260055624265851092e-22
-2.786778833152014534e-22
2.766878577730979730e-22
1.277228456147957982e-22
2.227001601666829620e-22
-2.849572282491684099e-22
4.321781552320741586e-23
-7.741608776182162519e-24
6.804326549552907371e-23
1.802586154447962069e-22
1.880296652646489974e-22
-2.430605641731921468e-22
-1.420345867212676838e-22
-3.358676735621102998e-25
-2.495768781957934114e-23
2.107129312166724411e-23
-2.110406920316173814e-22
-1.048118268342557523e-23
-1.404254635256935688e-22
-1.534527046953454118e-22
-2.245943972338537252e-23
-8.393673739080983714e-23
1.546485393196317079e-22
-1.383931986093301477e-22
2.732925918231453828e-22
-7.141785726598081861e-23
1.656715220955016018e-22
-3.654871261221148546e-22
1.121246623194385740e-22
1.000114945152735065e-22
3.005096138703907858e-22
-1.209839321076329517e-22
7.142172752292984820e-23
-4.382273322685634964e-23
2.258683995476178133e-22
3.030164899282940902e-22
-1.922931349755733147e-22
4.619963013003202057e-24
-9.238089137720677492e-23
1.881975078119628342e-23
-1.125484935603856571e-22
-1.907562834833815438e-22
-1.515568786128977106e-23
-5.315056936770182300e-23
-6.226739434778172879e-23
1.791720235426523158e-23
-8.452112959451744491e-23
1.872739386812512367e-22
1.712881278457430695e-23
5.300104456642431908e-23
-3.292970352430690879e-23
6.207332271002632432e-26
-1.546242501688154732e-22
1.969105148007785777e-23
-3.690809026113188030e-23
2.094653516949698089e-22
6.019152093522863655e-24
-1.631090043833088551e-22
2.463665241495546431e-24
5.688486076930969655e-24
-3.534858685975117715e-23
-1.801925190488806299e-22
-1.487218676683376996e-22
2.045060347670751724e-22
1.751956264057358794e-22
-7.911124170899135754e-23
2.518979661708827841e-23
-2.069313626061897926e-23
-2.215685497374977352e-22
1.742703826364181492e-22
-3.266070093996597596e-23
1.580121622102149194e-23
-5.961850906959883388e-23
8.040914371686591228e-23
8.921582859105839149e-23
-4.984574584715039101e-23
-3.130911383837629720e-22
1.831756606041102717e-22
1.216991254714566854e-22
1.372200086945975450e-22
2.283690666916905551e-22
7.652634770924508890e-23
1.981494044722477330e-22
-7.516167709756585089e-25
-1.662336777694280997e-22
1.131328373016537056e-22
1.552191791366451462e-23
-1.251541037851627609e-22
5.440136338562015286e-23
-1.436020410082420463e-22
-1.505465695663677193e-22
-1.670257000974988178e-22
-1.387555036218197675e-22
4.633667164873348979e-23
7.436649586667597569e-23
-5.075222430084820362e-23
1.968083433731620482e-22
-1.429808692672391550e-22
-9.259822663674935022e-24
1.863409190021132049e-23
-7.105589928673465051e-24
1.004397465183862809e-22
1.699674304081785766e-22
-1.629531213633092312e-22
-4.571320065934358534e-23
3.943680625855323999e-23
-8.605005694405474064e-23
3.499917461366920174e-23
1.108110077861803064e-22
-9.115008609602794335e-23
9.325607983148177926e-23
-1.822952825669013203e-22
3.584135660616491693e-23
-1.008383174490739578e-22
-4.424541986405987025e-23
1.927660932708415524e-22
-9.767117612428278795e-23
1.987149779223100076e-22
1.532036952644909501e-22
-8.806016255497781864e-23
-1.510730161233914562e-22
-1.229940459323807697e-22
-1.950467297672748766e-23
-1.127409008142178018e-22
2.323997870200124365e-22
-8.994016356700140013e-23
-1.713148072801631590e-23
3.835638684410670883e-23
-1.360823613773851249e-23
-1.037590233130232805e-22
-7.781051272460153862e-23
2.383579313031161097e-22
2.961714510632145979e-23
-1.320835060592539164e-22
-9.485070336282256538e-24
1.456940430036505151e-22
-1.352014718637662824e-22
1.027789159253961432e-22
9.967328763763344597e-23
-1.501897008891253320e-22
1.221553894660259278e-22
1.062776218069922856e-22
-2.193590735880672460e-22
-1.820532312167269255e-23
7.424883693067451577e-23
-1.954987017957695932e-23
1.344462681660664026e-22
1.455283798105730272e-22
-6.248663025657222198e-23
1.035755850532473724e-22
1.938089016676410669e-23
1.444785376542703995e-22
1.131937679196123178e-22
-7.337174636410807324e-23
-3.846938509205027804e-22
1.574052136404132220e-22
-1.975801301930580866e-22
-2.788836602740573587e-22
-1.627206438685068396e-23
6.033729121729052582e-24
6.238472355269527116e-23
3.598796705361161418e-23
1.366433156755863712e-22
-7.256567096338497447e-23
1.636226193564416099e-22
-1.444493865107213106e-22
-1.776034908454879911e-23
1.065435957830805508e-22
-2.570071778832869538e-22
2.272236539889363448e-23
2.600462933230120252e-22
3.152708155427592141e-23
1.310898404979399835e-22
3.571345460603767516e-23
-3.026663074579120443e-24
-9.588729466147190886e-23
2.929811563639021601e-23
-1.299983106515361056e-22
-5.730837052941564801e-23
-1.163575474983840068e-22
-1.121554031247373171e-22
-1.378976398297627432e-22
-9.630911284344282948e-23
-5.815467032547627010e-23
7.832726495164394434e-23
2.192056111252347919e-22
-9.210044693659153620e-23
1.915040031605087335e-22
-1.510133463597853109e-22
6.116604183426382846e-23
1.423740997894360923e-22
-1.970722910445443038e-22
9.317644414584156470e-23
1.652153869107673815e-22
1.037427073093593999e-22
-7.136838123996664770e-23
8.190539013300597499e-23
-3.601059261979388072e-24
1.124364945098984398e-22
6.139334845796979090e-23
-1.710979561873855289e-22
1.101218582449371857e-22
2.110687867723104871e-23
5.474079308626587522e-23
-1.418628024229603738e-23
1.216998057033784229e-22
-2.269115679717422244e-22
-5.881090446920046396e-23
2.211898304909197245e-22
4.976097713231028310e-23
1.237875966346742075e-22
1.578749860031361278e-22
-1.237949111395828039e-22
-1.094292823366113449e-22
-1.020561757352666765e-22
-9.099798075635399639e-23
-3.035420521338096048e-22
-2.581844058892223347e-23
-1.206209777345330381e-23
-1.620745457380487735e-22
3.771160931204585684e-23
-3.612604872976692595e-23
-2.095613494718766497e-22
-3.780302002314112517e-23
-4.440126704007539684e-24
-8.497274016965016410e-23
-5.626410869746325376e-23
2.023630653864238075e-22
-4.098702983950373179e-22
3.275639947235553135e-22
-9.799509423982252575e-23
1.575499820815486207e-22
3.453666581674282601e-22
-4.022138429498272076e-23
-1.550312934480480802e-23
2.877536030624032012e-22
-1.266830956839546382e-22
2.343259861675441223e-24
1.339139471763410721e-22
-7.919850567186930244e-23
1.544026489994747647e-22
1.548644354390275069e-22
-3.888326171029699701e-23
1.172644429536042432e-22
-3.689274343189786552e-23
4.899830412718106317e-23
8.094107262938358946e-23
-5.813382803926666517e-24
-8.286349598749539472e-23
5.776562349371223503e-24
-1.231085653717523140e-22
8.131961924145351336e-23
-2.544128426466260188e-22
1.314554172068693388e-22
6.491205409451409728e-23
-1.681143969898245081e-22
-2.538852008166113940e-22
1.182296789166562371e-22
-4.128343346370810828e-23
-3.265362592988128192e-22
1.170680804208283831e-22
1.678712065253553251e-22
-1.926270827970915612e-22
1.005512349781382094e-22
1.866817558124636721e-23
3.510938354315583978e-23
3.548863530273458465e-23
1.346134918562587685e-22
-1.240319637213287565e-22
-1.188467336160025164e-22
-6.337264399256580523e-23
-1.070723125466239323e-22
3.751442019321530023e-23
2.864699710870671006e-23
-1.637690605898998509e-22
1.379668830897127554e-22
1.080398979212188457e-22
1.897901285778542242e-23
5.736771730011673475e-23
-7.730554746225184029e-23
1.189315131067951816e-22
2.798573686888847155e-22
1.648052215457750535e-23
2.106994988265130356e-22
-9.013891507279000774e-23
-8.360853346024430094e-23
-3.359859213094973070e-23
8.234829812937294803e-23
-1.130232168330227854e-22
1.765348372785065865e-22
-1.615388434580924294e-22
-1.190153444305006142e-22
-1.651565324052743797e-22
9.293248961247913684e-23
-2.274574163185710203e-22
7.251474936583997462e-23
-1.188004005822646173e-22
5.498251994303784336e-24
-1.089376678415694088e-23
6.094029103241565569e-24
1.696923880582125989e-22
-6.169531755388862275e-23
4.136782444339057911e-24
1.664383814130545124e-23
-1.910920760193510502e-23
4.579785160258666744e-23
-1.964119039138161952e-22
1.216721329427139014e-22
2.306310286095443655e-22
-1.592266971359461225e-23
1.169901373443499646e-22
-2.186810250485285294e-23
8.548591525718100995e-24
-7.835014683511967870e-24
-2.324675349881384847e-22
1.594491718227325030e-22
5.064454777817166108e-23
-6.414522651837237329e-23
1.046232083233121733e-22
1.634117909489056401e-23
8.084826018085816265e-23
-9.185165003705611518e-23
-1.243128976860595092e-22
-6.351908182997021473e-24
9.258056119609159008e-23
2.359040048897251649e-23
-1.144202829648564522e-22
-8.043322774227913659e-23
9.826539710311290177e-23
-6.969386256126363392e-23
1.096075585036684725e-22
-1.580559741362186662e-22
1.459730766969243274e-22
3.902106005523475439e-23
3.845370201603748914e-23
-4.162530954477590351e-23
-7.646666951594276522e-23
-1.602300715749378917e-22
1.365183354625681364e-22
3.875975175527181380e-23
7.818792884083822596e-23
-4.568647449954426487e-23
-1.907397917229632208e-22
6.833414457456895046e-23
-5.343839280250964472e-23
8.988184280123721074e-23
-2.554791285832485715e-22
2.686832688400181255e-24
2.291582733150625028e-24
1.020302134962392966e-22
2.296776142071871067e-22
-4.090568367717057230e-23
4.154369460595169285e-23
-1.892959595255743517e-22
-1.786563701820261734e-23
3.418918026036072896e-23
5.082871479668341525e-23
-5.990455720293117139e-23
8.314310120357697328e-23
-3.244510100371729323e-22
1.162087710085064384e-22
6.932080596225394610e-23
1.011342928978594550e-22
-2.927145875282067291e-23
1.991276518057182144e-23
1.298336557995018306e-22
-1.362204787146802478e-22
-4.563728175613124737e-23
2.427717488500629464e-22
-1.381402137779176126e-22
-1.388676938857105025e-22
-1.128428798152109582e-22
-7.795275986261877910e-23
1.379960896269330549e-22
2.709191965150880473e-22
-5.947931009084595220e-23
1.394558136180403579e-22
4.230733075419634240e-23
-1.449251680299517326e-22
2.326101663385153224e-22
-1.473793694724238456e-22
3.937009200886510810e-23
2.084893483346575411e-22
-2.117224253733201176e-22
-5.387842579979737572e-23
-2.817867476989534790e-24
1.620675110224739516e-22
-2.180670065351036676e-22
-1.527445472471928662e-22
8.054403701186035104e-23
-7.275724474594957653e-23
-5.643123696413146292e-23
2.191692447914047608e-22
-8.095426622360216707e-23
2.833693974850363609e-22
1.276430051879679593e-23
5.136423399856704083e-23
2.726911777484607174e-23
6.529417744133959782e-23
-2.418699209165250328e-23
2.733923547651557262e-23
-1.561364893988225924e-22
-3.182031380058326120e-22
-4.600801426779090878e-23
1.874302102962673244e-22
-1.650322604208627010e-22
1.841017077124508538e-22
-4.262974649169801167e-23
7.929858104348467654e-23
-6.228185525199996970e-23
-6.614361658002537627e-23
-1.136967059317628770e-22
-1.116155840978369225e-22
-5.180993742609234660e-23
3.589741598128922403e-23
-1.875847005190939872e-22
-1.002900721783420274e-22
-4.664055086865812126e-23
1.471208578779165218e-23
-1.381411695908021150e-22
7.426679994163214257e-23
2.023238777933221461e-22
-2.604430845915781186e-23
1.318770046215704577e-22
-1.448763648921685208e-22
1.247651522781415842e-22
-2.205504054482050019e-23
-3.597940117456114539e-24
4.745236639140094203e-23
5.612197821347821949e-24
-9.976699826949799070e-23
-6.880189944408992514e-23
2.862338691514836721e-22
7.659687494434909296e-23
1.686335005057441829e-22
4.310673029826828592e-23
3.066188410283232710e-23
1.174888267855841710e-22
9.089973740354759231e-23
2.580950940887537517e-23
2.453112851651194936e-22
5.029010379962432458e-23
-1.808774625094095461e-23
4.723301328740019786e-23
-5.663457725174154763e-23
1.985462765486402465e-23
-3.398942980710351220e-22
-1.325697983581298292e-23
-4.759661612701495521e-24
8.647567169858201756e-26
1.376220603895260067e-22
-7.122910819720829890e-23
1.352357881510218518e-23
5.405552079020506088e-23
-3.108599084746158887e-22
-3.388187419129657998e-23
1.148396394862608275e-23
-1.848583491935559068e-23
-2.475006605805144835e-23
-1.693006214796898461e-22
1.996340943712382788e-22
-3.447259960178056682e-23
-9.847859845844866040e-23
-1.427425930982046118e-22
7.142317707693961740e-23
-9.644825681214468389e-24
-1.030872999203718608e-22
2.732788294415105093e-23
-1.349674663524015256e-22
-6.905934227884292845e-23
-3.657323823827073711e-24
1.916517011978942711e-23
1.263905579596904582e-22
-1.268918204169411291e-22
-1.023229539183150268e-22
-1.235140231017607811e-22
-1.348839251470043829e-22
1.098923130349139928e-22
-1.360967715638499126e-23
2.092751908254606979e-22
-3.188558568103025861e-23
7.072325644793806587e-23
2.584198169605112033e-23
7.758065154404013393e-23
4.465112542580192698e-23
1.913164680771288215e-22
-1.956801034260960623e-22
3.733738208870455752e-22
-1.096685605147210138e-22
-8.547244432228677538e-23
1.900507007939216446e-22
1.407544133286874550e-22
-8.751148670880084892e-23
-1.047946799947313650e-22
1.122455189302982108e-22
-1.043276579001961067e-22
-1.010307065096081658e-22
2.721387885647061188e-23
8.305640394747005776e-23
5.019846569746344755e-24
3.242622377781969254e-23
6.274497073055242323e-23
1.283420001602846137e-22
1.219767865234203927e-22
8.211416892139288653e-23
2.328569476215608318e-22
4.218003980499887248e-23
-7.304978586514533183e-23
1.212823296985170182e-22
-1.291478855983528241e-23
-2.142589218324946458e-22
-3.167761320207628852e-23
3.242611220143210728e-23
-3.841594823382840726e-22
-8.132526239122622597e-24
-1.852854529912169578e-22
-1.364888933104364518e-23
-6.254014266188413981e-23
-4.723954549498218064e-23
-2.296202406066547934e-23
-4.174141606123824950e-23
-5.496980377168033849e-23
6.558934965860725532e-23
-2.777778706565026605e-22
-4.854833379084757532e-23
1.149842245623067782e-23
1.841899159343002506e-22
7.397466611134166340e-23
-7.263546277060338920e-23
-1.168427198667673925e-22
6.875624984523954119e-23
-1.087968997794183854e-22
2.032189093359270633e-23
-6.060395935827589370e-23
6.935283465249732929e-23
-9.314216034000140334e-23
-1.004048469810044124e-22
3.570714430368343386e-23
-5.038605493635240560e-23
1.266290910584500622e-22
-3.096144532243404619e-23
1.065491487747030613e-22
1.084906358086935676e-23
4.725464503729145168e-22
1.012535279726455397e-22
-1.764512673237729662e-22
-4.092874376874554705e-23
6.536265294649194613e-23
-1.648813197265535492e-22
1.114709415246694106e-22
2.046967647906470591e-26
1.648823339869483707e-22
-1.570992163260971834e-22
1.715716957320749385e-22
2.640066879106133595e-22
-1.310733031343030735e-22
6.684726344242959660e-23
-5.817043801181477091e-23
4.385793555004619377e-23
1.138498313167707529e-22
1.837886391575307345e-22
8.979748929768235532e-23
1.403520358439322353e-22
-1.581146712036423705e-22
-1.884053324450420761e-22
-8.383795384656551849e-23
-1.994587871070642640e-22
-5.240107399608813532e-24
-1.914320568786533701e-22
1.766735434596388881e-22
-1.883380085380227426e-22
-1.299055329465790011e-22
7.095452330076741719e-23
-1.235826919952948767e-22
8.680226785692883308e-23
-2.384744699236074669e-23
-1.731781584451248727e-24
-2.724862138353105988e-23
1.539323863362020254e-22
-1.917111130403916556e-22
1.845967478588030350e-22
-4.280218783779772737e-23
-4.814462134610270223e-23
-6.676756520933217294e-23
-1.275158127457462646e-22
-4.301062076608403798e-23
-8.782555446815748547e-23
-1.953742225647682127e-22
8.108412357298674662e-23
2.014453401425963930e-22
-6.927634620180040765e-23
-5.134767897114271101e-23
1.234759353045100840e-23
-1.316457059024595999e-22
2.210070819357622944e-22
1.889688822100172889e-22
2.844429054307003018e-23
1.840262810120648319e-22
-4.188187776431854199e-23
9.335221898317699745e-23
-1.910332702740287447e-22
6.703659339178874372e-23
-5.711955148843169857e-23
3.912520566492790053e-23
-8.565918411101950138e-23
2.355070896317629540e-22
-1.488604903887814413e-22
9.739210997419791035e-23
6.133632009617384527e-24
-1.191356881567474302e-22
1.539858332818807170e-22
3.307713336666240184e-23
1.201501341676855746e-22
9.663840858495929374e-23
-1.453649246173560039e-22
3.135352318830675619e-23
1.379367623278117505e-23
-1.578516831794295019e-23
-3.350255782409201855e-23
-3.631172651483027004e-23
-2.137186280055606969e-23
-1.257289919077389258e-22
1.112229895250523294e-22
-1.723024987764308701e-22
6.289517322971549988e-23
2.381519738156272464e-23
-1.271616325014105772e-22
7.094105203632658573e-23
-1.104045442896014912e-22
2.156652246001942500e-22
-2.575387614689421571e-22
-2.385213062899729417e-23
-2.694338563381255388e-22
-2.409496854262515823e-23
1.130870711306488755e-22
-5.154967124475590067e-23
1.202180516867524431e-22
2.085992006265322979e-23
2.007646430135456803e-22
2.943055756408264640e-23
4.722905740689067749e-23
4.532743581448069780e-23
2.732817066508703098e-23
2.620825366649625076e-23
8.574537884614160275e-23
1.016859242852887332e-22
-1.508082536168381956e-23
1.414015646412816711e-22
-2.287171817781972694e-22
1.998334321563094634e-23
-1.420533181401746909e-22
-1.243175878857857319e-23
-1.438147238372708658e-23
-1.080320697773149128e-23
-1.816214286732991875e-22
1.397734499959744071e-22
-1.594602156152599281e-22
6.314050578346696820e-23
-4.444886712439930140e-23
4.325077994403545782e-24
-8.269395368239435998e-23
1.333872591849884530e-23
4.625198615370693919e-23
7.080152506586639960e-23
3.473952444839073951e-24
8.232060999059176614e-23
1.012143346767236776e-22
-6.923173374823838359e-23
-2.795084790384445922e-23
-1.136200699717965501e-22
-5.116910129518939126e-23
1.677487952763113509e-22
-8.558309941116831170e-23
7.705658692854457593e-23
-1.573336305173630774e-22
-1.385989669941888211e-23
-1.038135804785127323e-22
1.385412977625663920e-22
-2.351964333673850676e-23
1.556113166893482371e-22
-1.429353974566910079e-22
8.831183129730009512e-23
5.013294247185747201e-23
5.522392264718823993e-23
-1.784050834156035009e-22
4.402594867058397754e-24
4.512393455386563007e-23
-8.800735770154446153e-23
8.767585687189810797e-23
1.929337801576869398e-22
3.908524898340430270e-23
-2.652417959699150910e-22
1.037246720435199981e-22
8.513337008339012479e-23
5.714384016219023129e-23
-2.033990643298177439e-22
7.057040089194757579e-23
2.270512129701757064e-22
7.290673912781065973e-23
-7.464542664434497167e-23
8.806117338114910808e-23
1.302184602580497260e-23
-3.438395229425872690e-22
1.930081974920273922e-23
1.396366403406568032e-22
-1.736730028867616713e-22
-4.081131159322386811e-23
1.150984867655957478e-22
1.688193868247272893e-22
1.031308272841886446e-22
-1.010770040439948252e-22
7.767137071894494584e-23
7.745907670928982818e-23
3.083083556934460031e-23
-2.537785444185929083e-22
1.272684778759012494e-22
-4.894501216056045792e-22
-1.651646897416153925e-23
2.223937513838238221e-22
9.438202740261457070e-24
-7.810119738292757518e-23
6.279619824754550365e-23
1.573048676771661358e-22
-1.260770546674082988e-22
1.226810847986129562e-23
-2.199711762331680595e-22
-2.550387613227857803e-23
-1.576743454740639912e-22
-9.174169420517563083e-23
-3.183140738302963074e-22
2.049303433638269532e-23
-9.018838973498226745e-23
1.213192045584168713e-22
9.260314084293032616e-24
3.807239943690012007e-22
1.157363919282631797e-22
-1.486239514867881414e-23
4.076625304676335052e-22
4.387113174939844910e-23
-2.120816704986869412e-23
9.111118796358399175e-24
-4.692621248887748116e-23
2.513781501643492412e-22
-1.232601533501766699e-23
-2.908288266818790464e-22
-1.593009636396047138e-22
-1.996471777956426777e-23
3.359203690664300937e-22
2.105487983680181451e-23
-1.928420952343841206e-22
-5.128421284270323848e-23
9.749699945299416171e-23
-2.091429155263506800e-23
2.799310165657352921e-23
-2.547606660898435261e-23
-6.840687438810181016e-23
-7.878701438093532603e-24
8.882571313219999250e-23
1.070457275981878418e-22
-5.973159405123724088e-23
-3.266163482070604215e-22
5.394666893510619825e-23
-1.028340728910069084e-22
4.611548587918553291e-22
4.347876821141536911e-24
-1.099984664212521590e-22
5.205460715010124290e-23
8.479614423300390836e-23
4.403661844136956035e-23
1.478283597834389852e-22
-1.326063236672339584e-22
9.260857160047075835e-23
-4.695102432925027269e-23
1.093992176035069318e-22
-3.366122007403101607e-22
7.071143052896986093e-23
-2.426667729668699523e-22
-1.875122025227386609e-23
-2.011426265568232782e-22
1.397180681085033746e-22
-2.085885723444750960e-22
-1.729607389253366213e-23
-8.280598330842705192e-24
-3.513612300469601433e-23
-1.602231255887575700e-22
9.405351953113936042e-23
-8.350449171138815260e-23
-8.301688148384192416e-23
-4.948042612451464027e-23
-8.628818988819187589e-24
1.479629575180249842e-22
8.765875987488799926e-23
1.516969406556712509e-22
-2.328657102996274411e-22
5.674970649167169744e-23
6.832212794118309520e-23
1.404965748611278324e-22
1.020960560940292480e-22
-1.365306828330105908e-22
1.039800564688512086e-22
1.850841352006586228e-23
-2.581194601419693049e-23
2.584365508937079329e-23
3.959842036249624641e-22
-1.728633405703704927e-23
6.607132530111202765e-23
1.026813623514075482e-24
8.781739458374020935e-23
2.283504587869386548e-22
2.748569575391638597e-23
-6.134986884740645670e-23
-1.900615861607476153e-23
-1.141629332242408227e-22
2.793599944437594981e-23
-1.241286050358137254e-22
1.926293709162844458e-22
-1.761493524866999837e-22
2.015234914125705634e-22
-2.220049766899659734e-22
-4.982972149418295408e-23
-1.135258254822842883e-22
9.266036967207113380e-23
-1.416494893864087241e-22
-2.499740423370979780e-23
-1.012409777173425717e-22
-2.235201396563266109e-23
-2.014032737676588228e-23
-1.148124604127640429e-22
-1.425893602293973402e-22
-1.886653977409886074e-22
-4.721995743254677193e-23
8.983741673994420112e-23
1.870736946469132729e-22
3.073694040553150889e-23
-6.356235059152950204e-23
9.209304304205774344e-23
-1.281550738108992437e-22
7.106072031489607493e-23
-1.966368567580583100e-22
3.256655784338475024e-23
1.534646105404022064e-22
1.842023564924108375e-22
2.261784546036287450e-23
7.755707779419546514e-24
-2.996553624212688440e-23
9.318112170990047997e-23
-4.887984066772296582e-23
-1.054057760015031593e-22
-3.405517190767967186e-23
-1.555660231313474577e-22
1.186623031605880184e-22
1.467464984383936287e-22
-1.543462259319912682e-22
2.954870586739582568e-22
-1.686422575359872350e-22
-2.783951671289441503e-23
4.878692042693332650e-23
-9.376724333964206360e-23
-9.346706219411448244e-24
1.231291052889170724e-22
-4.793837555730722195e-23
4.208703108201725112e-23
-1.857168429632355854e-23
1.034365283235423682e-22
9.034908413232742505e-24
2.498125666612312455e-23
-1.536946291751409780e-22
1.308193367500191210e-22
1.244428032460368281e-22
1.957133375227102884e-22
-7.753986251542600993e-23
9.762059375309127945e-23
7.167075286943226137e-23
-1.341794678704750249e-22
3.977268266323790267e-23
-1.221849503570078373e-22
-1.228424343925984905e-23
1.242533729266774455e-22
-1.440518135668924324e-22
-4.889112519611998432e-23
4.748941459926465742e-23
8.405374547156543750e-25
1.027259611867519669e-22
-1.694236373236844126e-22
-4.531964143248853822e-23
4.006771624513435106e-23
3.782353992059628286e-23
-1.579214735890062806e-22
-4.130744928240101965e-24
6.390558779380215715e-23
-3.779973395441589204e-22
-3.515819299371910964e-23
-2.710590416440047401e-23
5.828385883149118754e-23
8.161313473614016513e-23
1.426207503785311205e-23
6.964902079132406706e-23
7.480794729756237783e-23
-1.049645682778926363e-22
1.184357547382431860e-22
-3.547195187227642336e-23
-1.287239418860150360e-22
-9.951356402847667766e-23
-6.362128704524504706e-23
-8.706633840893972180e-23
6.388599735200294147e-23
2.029302753371835437e-23
2.452624255211252372e-22
5.933030732371488782e-23
-7.672397107262265824e-23
2.286547522388585361e-22
-5.464245282003212432e-24
-2.914968756233931301e-22
4.962014452039540700e-23
-6.826334346479160592e-23
1.403673354078045931e-23
9.988201459206080327e-23
-2.793315962088443601e-23
-3.962159158168083952e-23
-5.987593023511148624e-23
3.110158391854930001e-23
-8.304810078597358074e-23
1.762435310408666940e-22
-4.514671897765481034e-24
1.151321613952134451e-22
3.786886911756797254e-23
1.106607887200590326e-22
9.957452135750338970e-23
-6.792304308947727566e-23
2.614685626029722143e-22
1.842995877368921928e-23
2.853467783039588024e-22
-1.006797751226545386e-22
7.921790813381469613e-23
-2.795536952080716445e-22
-2.198853223843034789e-24
-7.745980995735881782e-23
-2.163310679741784758e-23
-8.994592930320958822e-23
1.822669816253563901e-22
-2.433991365541978310e-22
2.835134669071127342e-23
-2.476982090794477429e-22
1.604544299396070375e-22
-5.726728241201025659e-23
-3.807924776463237614e-24
3.661814554913522996e-23
-9.422256687626477253e-23
-3.459329390358876565e-23
5.411581770320989832e-23
1.119399817389832925e-22
-7.727298063326301178e-23
-2.057686318726484003e-22
-1.222285557035055931e-22
-3.787148504632889720e-23
-2.179853567219347373e-22
3.330202123831550804e-22
-1.061924454538519708e-22
6.861960962591685444e-23
-1.535349673292385627e-22
5.751801183619444611e-23
-7.636081243282399985e-23
-2.710027890672735826e-23
7.129432013023069895e-23
-2.980569953976996875e-22
4.395713350471925487e-22
-1.544988872503318381e-22
1.239216573942931243e-23
2.685057258812978083e-22
1.547243587031361444e-22
-1.382261283884518709e-22
4.686285358667931333e-22
-3.367999100953948119e-22
-1.241816522350302102e-22
6.870881774768708102e-23
-1.106111971226738387e-22
1.026125259469489818e-22
-1.114582918971943551e-22
8.069525294142737255e-23
-4.719354438324986182e-23
1.261789603790205400e-22
-1.597262999146839445e-22
4.728443805716138188e-23
-1.192932050894412642e-22
5.857717023682008502e-23
-6.326153588835979336e-23
2.383956823160756988e-22
-4.096887046876434784e-23
1.421133154989946367e-22
1.100386711837632375e-23
1.219685286124813493e-22
4.087162772853410794e-23
-9.411917279413453245e-23
-1.054519740589946087e-22
-7.791444850895991333e-23
2.462866047813686843e-22
6.349816823120909685e-23
8.464453150147460541e-23
9.225408986556994914e-23
-3.442695480121727831e-23
-2.097115016673117286e-22
1.129339705455183143e-22
2.688723387793919402e-23
-2.392800083371724493e-23
3.080774225013450503e-23
9.595253327175202915e-24
-2.005084484250626422e-22
-1.564720180548314282e-22
-7.261145853929035789e-23
-1.151527965985185857e-22
-2.281782712262905022e-23
-4.210447572376378981e-23
7.459531330727207528e-24
-1.069647332917090358e-22
2.073938363956760750e-22
3.728741441644927866e-23
-1.072111836251408258e-22
8.188915384798833943e-23
5.324466169829706388e-23
-1.975987236647823445e-22
-2.951790569852821959e-23
3.794817474955617963e-23
1.329160792351753374e-22
-3.031034985140944089e-23
-1.037392373977278802e-23
-1.260988657547230535e-22
-1.725959194103120441e-22
-1.371711828253152961e-22
4.413214181050927903e-23
-1.758530710836642147e-23
-1.184630647511739212e-22
-9.259046589670817854e-23
-1.372382690891340027e-22
2.450523446760907447e-22
2.051893925434671161e-22
-1.716411394108025710e-22
1.875006921414580992e-22
-3.341013847570534527e-23
3.161243883546771258e-22
1.291021316553860368e-22
1.770476771675190722e-22
-7.640417838158265703e-23
7.486605419715555605e-23
5.764711289105503760e-23
-1.389440860593935299e-23
1.087693526210709124e-22
1.435357888306803038e-22
4.294358846232124067e-23
-2.229592611863341299e-22
6.918482236956170686e-23
-6.883700002767756988e-24
-1.288139753735168735e-22
2.896798028004006752e-23
-6.143118762223536574e-23
1.269504168928270063e-22
-1.554049582876297166e-22
1.484510451030679228e-22
-1.253651413052144918e-22
3.394873988925979094e-23
-9.392719199305636698e-24
1.277971988969009696e-22
5.670200108679176823e-23
-2.218099527189194487e-22
-1.401735384617908436e-22
1.122518182498782055e-22
-4.253394928127797872e-23
4.074256064528724007e-24
-2.871475129776745781e-24
-2.325581151987120800e-23
1.167789778687789292e-22
3.004966448206092514e-23
-4.610078078768044588e-23
-1.073775456960685411e-22
5.903728011886104601e-24
1.199935758203064941e-22
-7.620645168657082712e-23
-3.229088445625923526e-22
-1.958430823434026454e-22
-6.647379606764743251e-24
-1.120675617544521713e-22
5.293862713341986716e-23
-3.320553242355745226e-23
2.003400662292946889e-22
-2.008848175409349211e-22
1.625117758432832775e-22
-1.313526050105746290e-22
-1.685687163118117305e-22
1.377315778458281330e-22
4.817006191831057502e-23
-1.055237164378960346e-22
-2.557111529606738531e-23
6.016858104628133279e-23
4.665536998414775115e-23
7.883772973545524929e-23
2.927376377021585237e-22
1.631492811730059256e-23
-7.306660939868987807e-23
6.895958082923149062e-23
5.034342861657471902e-23
-2.300469242366974111e-24
1.378196593845369426e-23
-4.595357002536558074e-24
2.960972172212293943e-23
-1.382726258665334142e-23
1.445889206756000208e-22
7.708242798278136815e-23
-3.807317098917577295e-23
3.322632718525871921e-22
-6.686447169616547269e-23
-4.264235795822860942e-23
-9.793748241179687058e-23
1.325711280355528181e-22
-7.795565692938538311e-23
1.663775213086788199e-22
-1.103924094725144589e-22
-1.427514602314482131e-22
-1.203545187996240581e-23
9.087034379646048779e-23
-1.658485685759759237e-22
3.728458267176899118e-24
-2.898468489492461337e-23
-1.799285020401747818e-23
4.650611341983294946e-23
-2.641720834467477500e-22
-8.409972269477427638e-23
-2.789748997452721969e-22
1.015750152795712062e-22
-1.245562543404063745e-22
8.508074846441149477e-23
1.564889759043042124e-22
-1.013493353544417839e-24
2.695030014973950778e-23
2.020036687441520249e-22
-8.234344696221615104e-23
1.825998817321536594e-22
-2.348638712365988054e-23
1.425891743730178626e-23
-9.629305294169211161e-23
-9.858708914337329372e-23
1.846940478732725966e-22
7.492755317183778577e-23
-1.634033345507055754e-22
3.145920261333789563e-23
-1.133731832370641823e-22
1.955577318360882530e-22
1.012287651668913591e-22
-1.808883150099122125e-22
-4.804423283213916538e-23
1.081437081964035114e-22
-1.600535438789461080e-22
5.285151750335494810e-23
-8.948140052127805087e-23
-1.244095313367493788e-22
-8.095046318881530527e-23
-9.308202552944733678e-23
8.294924473377654254e-23
1.642774245714887295e-23
-2.995890087379248992e-23
-1.176794197431393668e-22
-1.122458196326660175e-22
1.257360577455051437e-22
3.567443165488234946e-22
-1.612871228303981080e-23
-8.721749811483927233e-23
3.692131089411815326e-23
6.265731560921363771e-23
-3.369922497136007199e-24
-3.533215010190635025e-23
-2.312055886223613494e-23
4.958553893143952680e-23
1.181366238992047655e-22
-9.907785453878206806e-23
8.279006431261367620e-23
-1.131345685094649904e-22
1.319356612196526190e-22
2.334938322392796249e-23
1.041107492654448234e-23
2.515440519631557496e-22
-1.054718784782019715e-22
6.737367852114632359e-23
3.013874469158084663e-24
6.900557097225036780e-24
5.038407626265702591e-23
-1.550693198862250617e-22
-2.439845473247344409e-23
-6.684259571041297689e-23
8.177323958873137252e-23
3.133893995559201205e-23
6.962136350637056658e-23
1.402414348489984476e-22
-1.611064752368187373e-22
-7.176817964516956166e-23
-1.264483063546512047e-22
1.090711247401754753e-22
-2.116388992564885990e-22
-1.611196221238913766e-23
1.968515260921922532e-22
-1.322382647531019684e-22
6.102741980052598371e-23
3.740771020875022022e-23
-6.067318466471608623e-23
-5.809026169368402609e-23
-2.887394777258123010e-23
5.874318940887901728e-23
-1.856779958875018571e-23
6.849434716038666891e-23
-1.784960309576936100e-22
-8.723680236161824876e-23
8.948715761949741046e-23
-7.516407469923202702e-24
-1.228990345266479544e-22
-1.396212249312842254e-23
-1.003304246606378800e-22
3.398167873088045063e-23
-6.827206587684093085e-23
1.343681093233003084e-22
2.136455013332825606e-22
-8.447192817942211045e-23
-4.124233273736295068e-23
-1.000146388357059331e-22
-1.434581672974151350e-22
3.141579678977047308e-22
-5.793060135524165540e-23
1.505594997660969056e-22
-1.187248409284262218e-22
2.338495592642714439e-23
-6.297805942722684231e-23
-1.214640472034292103e-22
6.691230105742960620e-23
-5.666066006480549386e-23
8.564115687440381962e-23
1.371375433745069750e-22
-8.745735790255973239e-23
1.431696303171982666e-22
1.745890455480465087e-22
-1.281886510482027055e-22
9.193098660270489142e-23
-1.208495628764857397e-22
-7.517089445098153563e-23
2.182656075294245685e-24
7.478104189037380264e-23
-7.828902756748286876e-23
2.519064763461513805e-23
3.121865411362763079e-22
-1.418439473527054678e-22
1.992407487583698974e-23
-7.786597802852833649e-23
1.153288882648838960e-22
-1.890043829920520828e-22
5.000022254658564316e-23
-3.889946994072302272e-23
1.477619219736993207e-22
-4.579791364248076193e-23
4.722941092478738341e-23
1.528471377255494686e-23
5.075808941145315514e-23
2.128952898112999453e-24
2.047525917080238910e-22
-1.222602984070490583e-22
3.076686517521132570e-22
-1.546330184667065162e-22
6.077041410222103667e-23
-1.638544070526455612e-22
-7.723743315247863591e-23
-4.021795430125558420e-23
-1.744428288869968454e-22
7.887180705433691266e-23
-1.141792545820946735e-22
-1.258176369482893120e-22
2.963784480914493448e-23
-9.352751320312279626e-23
7.642837991027069925e-23
-1.379516322269769212e-22
8.070789130386877172e-23
-9.392795096353810225e-23
-1.400843344903516165e-22
-3.355062091988518359e-23
-1.222010782255747416e-22
3.985196339134348228e-23
1.577280259830337318e-24
-1.412365100121973217e-22
9.523654953093744038e-23
-3.757974618896181734e-23
-3.718162228837858116e-23
1.877926959721085139e-22
2.451850570667864707e-23
-5.175785650442834631e-23
-9.738017140438020398e-23
2.537676337033317834e-22
-3.592575614311494866e-25
1.455048794890681813e-22
-1.656215703599920469e-22
7.573056215540880673e-23
-2.415621748461608553e-23
1.651128620756839997e-22
1.886222283327050067e-22
1.370425135429780518e-22
-5.406681077953900895e-23
7.760267767062930691e-24
-9.941197331905875499e-23
-8.759054444547131950e-24
2.592926728218837773e-22
-2.016111932863884032e-22
1.680704303732388533e-22
-1.346288662504354480e-22
3.999370460393704661e-23
8.007300807924268099e-23
-4.032406861790865239e-23
4.800394870598834157e-23
4.724512455491594762e-23
7.950099101457525275e-23
-4.550073466578371954e-24
2.583065583672782357e-23
-4.408387255434582275e-23
5.005339705290514357e-23
-1.044157944613925797e-22
-1.109627568557315638e-22
1.601537903940648348e-23
8.956018109673736203e-23
-1.242431819382560509e-23
-5.665155310883382575e-23
-1.992838612986595814e-22
2.052992866302069336e-22
-2.101214464067769119e-22
-7.388346289354794602e-23
5.715913870116050219e-23
-3.796129972625764498e-22
8.213842311431814491e-23
-8.376437501864546568e-23
6.778278366704879253e-23
-2.419278957078205911e-23
2.131306017308333607e-22
-2.511776279748941361e-22
-6.671343718222680299e-23
-9.195780147077052947e-23
1.031215567309293247e-22
9.331078231904136198e-24
4.261290108431630087e-23
-1.957026583549024181e-22
-1.215272282744102618e-23
-1.932486068439462918e-22
1.418482814906664590e-22
2.350778506825280197e-22
5.587084922080676366e-23
-5.019427016898433684e-23
2.784379437186072344e-22
1.083708478929105773e-22
-1.167072816382003626e-24
9.313292314564111400e-23
1.046367593985868300e-23
-1.119387427435345158e-23
1.087532551829068459e-23
8.546672176147148508e-23
8.567044725665416920e-24
-1.291469946360180333e-22
-1.929576763301347624e-23
-1.651730409909831690e-22
-5.393103877856248365e-23
8.817741141376755979e-23
-9.788328792835969413e-23
-7.842369157724856650e-23
1.196498447833673984e-22
1.138166174046541667e-24
9.589264528044022886e-23
8.393054175535586772e-23
-1.484991416170270448e-23
1.765291445734320327e-22
-8.814504583409543158e-24
3.203736988070542512e-23
1.167872666013481114e-23
-1.212980472234015758e-22
-1.097705436260827404e-23
2.548953678273193963e-22
-2.282835353406431638e-22
7.016992174093968798e-23
-7.111199897614639522e-23
-5.014238111323293368e-23
-6.859694542571151184e-23
-2.926875109761395434e-23
-1.120467801219063185e-22
-1.534091342185741698e-22
-1.460790867744658572e-22
6.435791942025395632e-23
2.162104942085290652e-22
-2.231863549609465840e-23
7.208749142480817361e-23
-8.460339186490162788e-23
3.107527914188966870e-23
2.370168001209315686e-22
-6.759450046507819510e-23
3.825531188363307153e-22
-5.224384348703794734e-23
-1.047754403497366977e-22
-3.960784396106147634e-23
4.800039136830027603e-23
-1.113489816733007432e-22
-8.631293268022233159e-23
-1.548803669765924010e-22
-1.156268715581317622e-22
1.857059041382369194e-23
2.307055204222031432e-22
5.100044175916882960e-23
-2.409739464885577996e-22
-2.408954107720269893e-23
7.289695864608333807e-23
-1.508548463219422473e-22
-2.066489241612855640e-23
-1.576020261656190559e-22
7.613749849754537419e-23
-5.324353388963410966e-23
9.357634944052275847e-23
-2.338948816100980534e-22
9.901146094494701289e-23
-8.653944395874421965e-23
1.756412879679209182e-22
-1.430688490424051477e-22
6.436948507987071336e-24
1.107648583087389183e-22
1.542959884947915327e-22
1.033766281285325462e-22
2.239440129929809668e-22
-2.690748908163717408e-22
2.350192727639382643e-22
-1.012494900490569946e-22
7.695158824456137278e-23
-1.499951808351045867e-22
1.753535826949608931e-22
-1.750867378362080176e-22
2.384210624974199487e-22
8.683946383096536249e-23
7.348384745376273314e-24
7.161873171896676907e-23
-1.953003198985485586e-22
1.494772756011352862e-23
2.302963886236384277e-23
-2.417824093314010620e-22
1.482839218530091002e-22
-2.588507204418667738e-22
1.635545692027976153e-22
7.684035799805385970e-23
-4.677038403546986737e-24
9.597736504975425292e-23
-3.554265509204866006e-23
2.991280751740000246e-23
7.885740832894841086e-23
1.598102429140260076e-22
2.214826990902712115e-22
-1.000945211882181443e-22
-2.850380230374874055e-24
-1.193092380098456400e-22
6.364725920012379045e-24
5.753526534716691472e-23
-2.117215192321059311e-25
-8.342132157450160755e-23
-1.734280160213367901e-23
-2.767429155120069096e-22
-9.915332081293405925e-23
-1.254078475782826829e-22
-5.397192142883531499e-23
-6.013730758935198056e-23
7.531147963017566907e-23
-2.985526239565756318e-22
6.797746841006098651e-23
-2.886203486702591564e-23
-7.148059441657335605e-25
1.077939074129756008e-22
4.959758070544141048e-23
-4.838056572544864149e-23
-1.322543865306678527e-23
-2.555682400008143876e-22
2.032630442748596156e-23
-6.460854051314995845e-23
1.512157031687349990e-22
3.424550380454413658e-23
6.103106302676440951e-23
-6.420978951926675830e-24
-2.553945353656110085e-22
3.154858793681809272e-22
-2.501668914829277029e-23
1.605967380325852761e-22
5.502473079324504571e-23
-6.693259715266218886e-23
7.914582029295608539e-23
-8.096623409249465716e-23
2.575171941314286939e-22
3.139548636313887928e-22
1.220808412981388803e-22
5.716238614321439136e-23
1.093020943598984884e-22
-1.558744234943456104e-22
-1.011412405027616076e-22
3.174637000391493336e-23
-2.613475390876071401e-23
2.286685219960978016e-23
1.081444886255449535e-22
-1.439840984608363561e-22
4.910509077507385485e-23
-2.645544492915147063e-22
2.301136725186064211e-22
-1.197368472507459992e-22
1.674851629334529530e-23
2.896068030877561130e-23
4.436592148913010800e-24
1.899549151779821946e-23
-2.060168919786197562e-22
-5.732606204745030044e-23
-5.705612924791047209e-24
5.736632661003163272e-23
5.096672087644286095e-23
-1.045260509517640983e-22
9.065613610608635921e-23
-3.301806362036557846e-22
-1.187872879282689647e-22
1.439240629928757536e-22
7.614563026744042406e-23
-1.255026844273516737e-22
-1.308209138132593937e-22
2.015263856167577960e-22
-1.035069125589275790e-22
-4.531926127163489030e-24
2.085429924415953337e-23
-3.869302640434024641e-23
-9.256757334701087989e-23
4.755077092368220482e-24
-7.876147085473535250e-23
2.141324509812469025e-22
3.203739280023277110e-23
-3.108145080679404131e-22
2.512173029699807689e-23
-6.737362260063349719e-25
1.474464060775974190e-22
-9.691558336662692527e-23
2.665494522854807380e-22
-4.083306856613469232e-23
5.497539401530047286e-24
9.466724969182569551e-24
-6.711443493554396943e-23
3.402426811871535770e-22
-2.595635154715236901e-22
-5.298450532818057071e-24
9.325654260979466371e-23
2.302626781832840640e-22
-6.846154270994588080e-23
2.334320825432801904e-22
1.778218501075163519e-23
6.708110379939650278e-23
-1.554310563420594113e-22
2.301476784416153691e-23
-1.397512741390847986e-22
-9.486421540748649674e-23
3.024315726418485646e-22
1.622550002089238718e-23
-1.466490071195473018e-22
9.216408416999615530e-23
5.160147854830487935e-23
-8.698233527323759646e-23
1.073312999772421634e-22
-2.386774183169820828e-22
-1.747791323182057998e-22
4.708692395649855862e-24
-1.093083214178687662e-22
-2.313166667482829491e-22
-1.006446434789457079e-22
1.448836317701502839e-22
-4.941063554973891659e-23
1.848374294043188996e-22
-1.983550204645543585e-22
2.682148143645815046e-22
1.428121419124299067e-22
2.505177226827927763e-22
4.719612606258052227e-23
1.397701477570815024e-22
-1.734552603185402181e-22
1.645491404800712812e-22
-1.678638916245040261e-22
-1.902366952280192803e-24
-9.592412662318638697e-23
-8.059258389336356508e-23
5.456945279849757477e-23
-4.878448306037349326e-24
-1.497389669921461220e-22
2.212848125940516139e-22
-8.687905501394690716e-24
-1.214847060957368723e-22
-1.374271005182935904e-22
-1.358327619742352000e-24
-1.770854114029109617e-22
-1.180405335317161760e-22
-8.183969788001559383e-23
6.038486429802804374e-23
6.306589923108343400e-23
-1.264131727129751971e-22
-5.991447026475243156e-23
1.086557564177318276e-22
-1.027496701880323490e-22
5.986606360232231185e-23
-1.188212585878253024e-22
-2.234086893642221381e-23
-1.504733198494564483e-22
2.042942806289104593e-23
1.199167615593484438e-22
2.680494023972899472e-23
1.234220893862235654e-22
-3.179326110250468569e-23
3.699470965861409618e-23
9.553701534427881545e-23
-1.540756927699990432e-23
2.996728809984446077e-22
2.984754837761335143e-22
9.184545706676226030e-23
1.032380852160590080e-22
4.834983520999103742e-23
-1.154226913715344390e-22
3.358857072399592193e-23
1.423271346589930649e-22
1.246254169825147271e-22
2.653382216649431485e-22
-6.819902858062512534e-23
1.143470170470945703e-23
-1.101929675750147857e-22
5.339047684939813862e-23
-1.730930085235138358e-22
2.379630301212061652e-22
2.229485951740915758e-23
-3.557999277852261354e-22
3.381171074049065200e-23
-3.396421916374288579e-22
-2.220146972109504078e-22
-1.893528373600205451e-22
-1.713497951216509379e-22
-1.924664092482082037e-22
2.282068693497875126e-23
-6.061381418043973252e-23
-1.185707230947661991e-22
-5.004638868453224433e-23
1.047727819120360390e-22
1.129963089900820568e-23
1.116258135134137595e-22
-1.407198380491578708e-22
1.322945341571819299e-22
3.525220337487512941e-23
-2.124210510424832994e-23
-1.749489154364033035e-22
7.804842656530660764e-23
1.862815797377009897e-22
4.719663800317904430e-22
-1.733740967476045989e-22
3.333437923156331883e-23
-2.919953613863086298e-23
-1.465752120862520669e-22
1.198419112638179975e-22
-1.383442578082452024e-22
9.420373139725404506e-23
-1.881141389396939950e-23
1.663451879205690906e-22
-9.505007592917062626e-24
7.041355545319191895e-23
1.216344032150475162e-22
1.162204535481157965e-22
7.944601128804201519e-23
-1.709444896344479878e-22
1.163279410154433355e-22
-3.819389877524152382e-22
9.875411305263082268e-23
1.308408911311404446e-22
9.530876861286187566e-23
5.883729424079545940e-23
-3.938186975148472955e-22
-6.579429106992134490e-24
3.671466399216689870e-23
-4.570341316799477321e-23
7.795391808929870452e-23
7.231312486681565479e-23
-9.832951539219427898e-23
1.724280976484669579e-22
1.301376863861195060e-22
3.516002936788917407e-23
-1.116122058377763444e-22
-9.668182958965703328e-24
-6.191559888565590701e-23
-3.191588827910681945e-23
4.254471444580698034e-23
1.151526049598296755e-23
-1.434171028202861435e-22
6.804874122322650365e-23
-6.825455554496802368e-23
2.555135859144857092e-22
-1.404514054886749037e-22
1.313042214185547895e-22
-1.113234344504802442e-22
3.083105409804381227e-23
-1.063263719110156958e-22
1.061322763951297096e-22
-4.475594785775981747e-23
4.345974208331356760e-23
-3.737655887625019658e-22
9.204199438883597957e-23
2.167985655539539717e-22
-7.114387837969376867e-23
-2.998653832238212271e-22
2.806435661652602515e-23
7.228163029908598454e-25
-1.940929366866804644e-22
3.019035581088482060e-22
-2.935302087066545570e-22
1.121730635502141278e-22
-1.961623013110766123e-23
3.332915996977252541e-22
-7.073549897837110448e-23
1.994526226242544352e-23
-1.220956024786415628e-22
-3.053433479822265203e-23
9.095630829454387065e-23
-1.021016562730424813e-22
-3.343975676087001755e-23
-1.136887515829962691e-23
2.975444293513406758e-23
-5.879072798863136299e-23
-3.967304605423678030e-23
1.027006516650430239e-22
9.167839785186349959e-23
1.712750901807854175e-22
9.497524106520091443e-24
1.042097962899124262e-22
-1.827625783909386591e-22
1.418969567572945895e-22
3.032475699124522630e-23
4.324974355362799971e-23
7.943703285485566719e-24
-5.262114362522885139e-23
-8.957551473958052558e-23
-7.830750674099695505e-23
-1.159713178219563713e-22
2.236715665431024750e-23
-6.557234142603003014e-23
2.759448795292107692e-23
3.720824100693054338e-23
2.711768472089930955e-22
9.665238722689254787e-23
4.220744174292675353e-23
1.012933604774878057e-22
5.783486320722438477e-23
-2.058544351558140653e-22
1.813542548524224708e-22
-5.957213621446624245e-23
-2.589762787445122201e-22
-2.562417401654680323e-22
3.000591912024487496e-22
-3.880739496582847702e-23
1.352964643197087269e-22
7.736111631625322720e-23
3.498506243573846068e-23
1.615890973469892970e-22
-1.497204938533486465e-22
-5.034624309064117724e-23
-1.931246348027808634e-23
5.159505073312360023e-23
-1.367845312558527113e-22
-1.119333235442011033e-23
-1.165697321369964672e-22
-1.401310879554929014e-22
-5.849198043270969091e-23
-2.540656834137538232e-22
2.014194801029531265e-23
1.926750697295346928e-22
-3.248048266200262110e-23
9.201084221268133639e-23
-1.483402846275751304e-22
-4.207136603188791984e-23
-1.918113294051667227e-22
-1.059166051023501713e-22
7.238481892031472499e-23
-4.250946607340275644e-23
3.541418585454797647e-22
-2.417738978171060620e-22
7.582628060802160300e-23
6.899522036173407756e-23
-7.588641403575570078e-23
-2.182515292098084802e-22
-2.045813267651106766e-23
7.366351811497073232e-23
6.285324699352670920e-23
6.272649799030595468e-24
7.725783886293743646e-23
1.164793578722607540e-22
1.676198190014501235e-22
-1.055627686738414239e-22
1.340229907990850187e-22
-6.914676511149417712e-23
9.364624299389317420e-24
-2.116171400843473510e-23
3.119813433142060058e-22
-8.096848052307318199e-23
2.496149784671442812e-22
1.595628711230416173e-22
8.700408597810530900e-23
4.164733333749362384e-23
-2.151303145121554101e-23
2.810181548926715181e-22
-2.501042569134820990e-22
4.982489257062627216e-23
-2.393929512431943985e-22
2.946053474288563164e-22
-1.161122007355737037e-22
1.630076563825432300e-22
-3.575031604904861297e-22
-1.290341910991685367e-22
1.481042331209152434e-22
8.620478876263773919e-23
4.160182015600694885e-24
-6.684515396804305344e-23
5.636826388589683683e-23
-1.720460643346493067e-22
-1.061765263322156899e-22
6.257394972498176085e-23
1.354922049547826200e-22
-2.808543359683615441e-22
-1.533570058246314494e-22
-2.892432270611263438e-22
7.637038313821282381e-23
-2.897585933782292975e-22
5.621739763581770852e-23
-1.577629710781628567e-22
-1.160873968297659807e-22
-1.778447680889295114e-22
4.163642049873674289e-23
-3.862540933057871968e-23
1.935806419862172376e-23
7.671549329871762875e-23
1.411051074137223296e-22
-9.033497608750588599e-23
2.945414636292945402e-22
-1.747157913856444372e-22
3.265073148983519032e-23
-9.930890227111740529e-23
9.411018234468641633e-23
8.360420031246484346e-24
2.490434810401748036e-22
3.572038299057678873e-23
1.348343692341631455e-24
3.352824453432969840e-22
-3.609500843167188510e-24
1.183028041396965640e-22
9.518550186841717847e-23
5.627437101327821150e-23
-1.032947262521418154e-22
1.063360965904531139e-22
-6.938559172220415257e-23
1.531119450299561412e-22
1.216085619584483488e-22
3.132874761139860921e-23
2.394620305573263985e-22
-3.349677967767034743e-23
-6.412964099248150567e-23
1.054958635931807806e-22
-2.370660771186467982e-22
1.683850565970470439e-22
-2.369688659489378086e-22
-1.431266315865755436e-22
1.866254651012836290e-22
6.914724193949990713e-23
-1.478617995859772454e-22
2.377421921835584946e-23
-1.670933720445977818e-22
-1.857624469424415415e-22
-6.812571122063736969e-24
-1.931947630268610504e-22
7.272755719165571815e-23
3.943662940217800506e-23
-2.399459167359148788e-22
-5.116192523498452220e-23
-5.386394118218000392e-23
-1.145518425470724808e-22
8.318157332463485244e-23
-5.876896977481793834e-23
-1.792289209570794889e-22
2.766101657867953667e-23
1.136413753162037625e-22
1.062291883965033394e-22
2.492708904078009179e-22
1.022600487175869815e-22
1.960718880259721032e-23
-1.345353631653236400e-22
1.657290696703286389e-22
8.129558206724342443e-23
-1.655729944104194131e-22
-1.525687068143877005e-23
-1.356682098486153563e-22
1.303247041776142087e-22
-9.476084181751039059e-23
1.622173598956994258e-23
2.092779946135707932e-22
-1.968324810356159019e-22
-6.215027257516829265e-23
-2.085611676016000393e-22
4.734889935704652230e-23
-9.202624288071077207e-23
2.910254709300746133e-23
-5.907380607368087891e-23
5.697892842391990776e-23
-3.686884142623628586e-23
1.465117848006335716e-22
2.592534109365830673e-22
-1.280440676992385466e-22
3.889496279970649059e-23
2.561385551275528883e-22
-1.032392660795001317e-22
-5.694224177141244914e-23
1.323796005341080240e-22
3.533770623196637560e-23
-4.236185491019568857e-23
1.229335341505003758e-22
2.008366046177612799e-22
9.143452325265988849e-23
-2.599281050003735849e-22
1.818922552328373841e-22
8.638501684426791402e-23
-9.660378236629584591e-23
-4.976484210661393713e-23
-1.469063402994055963e-22
1.839135004888327109e-22
3.342503443291873123e-23
-2.170569552218122204e-22
3.382307931246024459e-23
1.396258916423000594e-22
-8.007727343607545871e-23
-3.280573860351512161e-23
8.229652810008013716e-23
-1.465193941772687870e-22
-1.045854781234714539e-22
-1.982443996590504581e-22
-2.222082513011442811e-23
1.009512485076507676e-23
1.440687490729186584e-23
2.385362187623813607e-23
-4.974808763712567054e-24
4.063863630498759587e-23
-2.706828082572580164e-22
1.461762025076772055e-23
-4.863274759851616335e-23
-1.699617707031066195e-22
-1.051389057350362778e-22
2.584317805492789865e-22
4.884074901106187692e-23
8.411796591345941718e-23
-1.077447824519855537e-23
-1.591858942275345622e-22
2.840672425837590129e-23
6.514406401779541459e-23
-1.205956154877699045e-22
-1.661841240614021361e-22
-1.129027077715936235e-22
2.391810973480003596e-22
1.515496878811688035e-22
-6.492200766452662439e-23
1.026073711290317680e-22
1.446343611240213538e-22
2.947204233311954407e-23
1.120025894842394605e-22
1.836760770903210535e-22
6.761727357803032311e-23
-6.875582910024924534e-23
5.141076546915314631e-23
1.764301881822505419e-24
9.760638250266816375e-23
4.854676309414254687e-23
1.063084408885069166e-22
9.830965484861358205e-23
5.751299930868447878e-23
-1.187748246241338745e-22
-1.542946642392565502e-23
-1.309737540184000725e-22
-1.395025620622804675e-22
-8.887068706856260076e-23
-7.567301968604809079e-23
6.282583490851519509e-23
-8.623438007513476181e-23
-8.870174764984225134e-23
-1.397003205032235655e-22
-3.868041384656156736e-23
-1.119319734829618656e-22
-4.696284779840836392e-23
1.513432528077466621e-25
2.807882083772993950e-22
-2.952939615380623302e-22
1.855040195744742566e-22
-1.717455365775856673e-22
2.209723161044572223e-22
-9.300665068537652646e-23
1.896486945448401127e-22
-1.734675231054175220e-22
2.738072205406369575e-22
-1.730822351964817368e-22
-1.364666794276460448e-22
1.309674793045018467e-22
6.045177786570716562e-23
-4.711114934215154280e-23
6.560509677380364453e-23
1.216054101672720014e-22
-1.797543361706394561e-22
-1.000257112062560985e-22
-3.771801385451518306e-23
1.713675514917783264e-22
4.709660823479159063e-23
5.503822651880465718e-23
-1.162399014995311151e-22
6.210580326979259620e-23
9.158472702594986135e-24
1.583560875122272192e-22
-7.014900758711404028e-23
-3.131672162252769369e-23
2.815815270598097732e-22
-9.927792634010048896e-23
-8.616208380873476978e-23
-4.341686513483343105e-23
4.314181583810210844e-23
-1.578532202103469385e-22
-2.871713239556701630e-23
3.437663236669112912e-23
-3.178030069927583231e-23
-1.096589272960132997e-22
1.137389003510082326e-23
3.789324139474495277e-23
-3.925464690927749630e-23
1.895794596779580864e-22
5.400291643534799307e-23
2.973699491611586359e-23
-1.444978642771413400e-22
-7.985202066436159312e-23
1.461774237519305951e-22
-1.130501109813646132e-22
6.939196482932407533e-23
-3.674717852622809691e-23
-3.631489077882165156e-23
-1.488996361537720526e-22
-1.183983941347294054e-23
2.098551782806748398e-22
7.301439324736545670e-23
4.139612350156057052e-23
-4.402408824417814180e-23
-1.564023823161171929e-22
-1.505550055506790044e-22
1.787226404537763385e-22
-1.612144231002009105e-22
2.177356291952605155e-22
-4.888630432569425008e-23
-1.028680431529894511e-22
4.909118816386601885e-23
-1.244321860485364727e-22
8.331826352447869841e-23
-3.049250486666976866e-23
2.719564589638609617e-22
-1.352390264883183125e-22
3.861171968939848678e-23
8.904189403342298062e-23
-5.785763623935321227e-23
2.414456802649123058e-23
-3.258907116189168286e-23
-1.563649448550251938e-22
1.341858955947570656e-22
6.735726527128149690e-23
4.076348667585101726e-23
-1.886281409510512740e-22
-1.850304332527989920e-23
2.714503980269857873e-22
-1.324462729368845311e-22
9.540552857014904825e-23
-2.537830337333519624e-22
1.507164651315631271e-22
-1.115519852830920956e-22
2.070384014034696489e-22
-7.110593794571683084e-23
-1.713872203392242213e-22
9.212198885954156416e-23
1.338769756885729886e-22
-6.927223875724954516e-23
7.083491051041378487e-23
7.981951587978306725e-23
9.449175194201095674e-23
1.491394202749516425e-22
-2.577872178655108907e-22
1.439001119463890997e-22
-1.743331970213107705e-22
2.204795964867404830e-23
-1.155220060941967155e-22
8.141117684155823664e-23
-2.504358132899256816e-22
-1.413129421833957395e-22
-2.137917120349011245e-23
1.453038309883942947e-22
-8.195285743198848394e-23
-6.710553520345611891e-23
-1.439150631905993355e-22
-2.301655628560862898e-23
-6.914154464196656055e-23
3.599957437131775231e-23
9.131898007456056893e-23
3.366290002937340741e-23
1.078633768871609275e-22
-4.531626075385985900e-23
2.119813338346016676e-22
-3.029955027621378630e-23
1.199870746527644863e-22
2.658147852796513707e-24
1.964927392979467134e-22
5.239342238055647614e-23
6.185401033287861518e-23
-4.362650042280829132e-23
-5.705418100653374795e-24
-8.287778582678763690e-23
1.320668891984102461e-23
1.264809852329671288e-22
4.330490988778882191e-23
-7.208025383764376960e-24
-2.265702092036829310e-22
-6.583142120044772497e-25
-5.700348914921922898e-23
8.747577904139297791e-23
-1.481485725069743734e-23
-1.922982385492934643e-22
-1.876403287867146308e-23
-1.977095373409805034e-22
-7.410488018874233848e-23
2.884348134534279278e-23
9.363037546116042313e-23
2.766674154178264047e-22
-2.440839888374705446e-22
-4.485801288850604306e-24
2.154290609636227568e-23
1.752402388861447486e-22
-8.708703970324534380e-23
-5.358196458554984852e-23
4.262776817336736361e-23
3.648422929136648220e-24
2.162624417925917417e-22
-2.941396953637921305e-22
-2.060063842276756623e-22
7.290064118159101881e-23
-9.759466028164408472e-23
8.398085338867023723e-23
2.106843046715443614e-22
7.673892908123228626e-23
5.566214305863801211e-23
-8.024639308959668527e-26
-5.861172773160451553e-23
-1.289495660422779380e-22
1.665014354936469198e-22
1.670711393501650263e-22
-1.618376938980043734e-22
1.218976498579476247e-22
1.146834405792384330e-22
-1.252109700649756785e-22
3.897237283480600592e-23
-6.125519853360844324e-23
2.098109829978499788e-22
1.232224868667666672e-22
-1.656422808937637760e-22
5.577450469068904191e-23
-1.491600787117762379e-22
-3.202729078464352759e-23
4.044710119296181447e-24
-5.419780098880810190e-24
1.992464425932883554e-24
1.028157108107455244e-22
-1.350302289827210041e-22
1.065535576924081993e-22
-1.372217761346985002e-22
-3.057850528424748971e-24
-1.222219586794197651e-22
-7.483601494933281198e-23
-7.308520641919705677e-23
-1.428356220671779321e-22
-8.301061954343739219e-23
-6.646269420021664163e-23
-9.561378993938281012e-23
4.351529481043046251e-23
1.234090785097068969e-22
-7.706253249344602751e-23
-3.936879122338434635e-23
1.930759698752230992e-22
-1.815239751570416353e-22
1.493746169527460315e-22
4.453115647194155569e-23
3.853831363891419120e-23
2.255121501240091970e-22
2.497998886974686027e-24
2.532707328836765183e-22
-1.777580080362524963e-23
-1.594890280516009447e-23
1.158621861803457435e-22
-1.830883004060024608e-22
2.275697582727103070e-22
-2.063477553021109513e-22
-9.107320044764522037e-23
1.728474846797370600e-22
-3.947788508193412283e-23
-4.961678200576887084e-23
-1.332856339271372208e-22
-4.672122614275968031e-23
1.951015749214921568e-22
-3.083830628796841501e-22
1.149844538304542345e-22
-5.852417200299369895e-23
-1.120076078842192066e-22
1.373888993826466403e-23
7.192169842228612447e-23
1.136988407412809053e-22
1.362608871388808316e-22
-3.773289702428094611e-23
-2.177700070339558657e-22
2.370354221840772393e-22
1.478437936692835732e-22
1.343879520105088195e-22
-9.102037421550241727e-24
-4.952026840371641270e-23
1.273925873576173805e-22
-8.438489921373487975e-23
-8.691535054471650940e-23
-6.767236238381806293e-23
1.502973654352363802e-23
2.146149570790342136e-23
1.591060309159247834e-22
-1.685806632426167832e-22
4.437459825775935055e-23
-1.156499555510008286e-22
3.639782857924642406e-23
-1.020310081457104954e-23
-9.919247151356289117e-23
-1.322579960112897427e-22
-1.139762952676948936e-22
1.136047910151997777e-22
3.535480465736831195e-23
-1.979114870511301994e-22
-9.592865215903995001e-23
-1.414700531628225561e-22
4.653944642042249619e-23
-3.146920303978119309e-23
-5.433283508711624022e-23
-1.050632434143118837e-22
-2.010048749055946536e-22
1.512132700532637634e-22
1.322753919603272765e-22
1.586947483567226351e-22
-7.106931510689467272e-23
8.993081108567549169e-23
2.651764179388771416e-23
-1.115745891631805725e-22
-3.029289205505575489e-23
-1.399706470647730460e-22
2.739637999023263611e-22
-4.464933068795170538e-23
2.295736981258814898e-22
7.523429709240313098e-23
-1.203161615489574533e-22
1.057436380670396315e-22
1.657470021961916019e-22
1.815976136374360719e-22
2.528621996917095150e-23
2.030924522883863017e-22
-2.017143064443748242e-22
-2.590575472342805460e-24
1.765149345860618512e-23
-1.934270887743573350e-24
6.618202652187394920e-23
1.360430858461313789e-22
-2.633097293737059487e-22
2.125126965592287076e-23
2.127964047998817721e-22
-4.335323304388675308e-23
7.074382855828531305e-23
-8.435926149901035817e-23
1.367169089303866541e-22
1.567614289146291481e-22
1.064712562959331863e-22
-2.499281016176659772e-22
-6.204097049247178434e-23
-2.139911432721518497e-22
-1.238299114175439101e-22
-1.490922840162793186e-22
1.217010025705678962e-23
-4.149166318379732161e-23
6.683306122041344714e-23
-2.065856650288977804e-22
-6.577006585917570764e-23
-3.270401023075719848e-22
2.329252291488106597e-23
-4.724987101629161820e-24
-5.934910885998702289e-23
-1.554389389358459510e-23
3.176040660924595763e-22
-3.728720263927174203e-23
-1.026873237451091834e-22
-2.024559682911003142e-23
-6.818567674306847752e-23
-1.197793515118970228e-22
9.734231613802741969e-23
4.797877505026880125e-23
-3.582593811690540437e-24
5.983209334994367555e-23
-9.638784899282439588e-24
1.617797300955988062e-22
4.766639026860804708e-23
6.089561635293944278e-24
-1.020523208086470883e-22
6.256661539674002782e-23
3.006834057754853576e-22
-8.205415889508265905e-23
1.371859213658112873e-22
-2.755572664409648969e-23
1.074309213322933237e-22
-1.804836050280508809e-22
1.466742507595410362e-23
-7.865486603130962282e-24
-3.159690063651407337e-23
1.500637688670893022e-22
1.166052814602426717e-24
1.499720355102811765e-22
5.492555204042029759e-24
1.318869804003039021e-22
-2.418364960445529667e-22
9.773710888169068721e-23
6.616641430429720263e-23
-1.544955201912117568e-22
4.241653529672832109e-23
4.933303762746598550e-23
6.390660145702845104e-23
-2.728167815559066037e-22
1.739839801485521605e-23
-5.832982825576834502e-23
1.615270653619266084e-23
1.706282284176547118e-23
5.716920323620178959e-23
4.461318702120353805e-23
-1.670260273991065496e-22
-1.187724061262003415e-22
8.238085919789884766e-23
5.179979135516586758e-23
3.873503879201124660e-23
-3.382969748142379609e-23
1.423463733294981664e-22
-3.283703987758134182e-22
1.756989472145702006e-22
-7.464737138504386823e-23
1.067754890591287389e-22
-2.018194362518100291e-23
-4.098357731199397880e-23
-7.130612330278497114e-23
-4.768642737262865642e-23
-3.359517381713305780e-23
1.367018067327992663e-22
1.714027661414823944e-22
2.497779680443711617e-23
8.392203493000624693e-23
-1.075173371060510752e-22
-6.568482601034433051e-23
5.040144028601393652e-23
-9.083902131369439017e-23
1.521284800711821997e-22
1.214656007464958331e-22
-2.037923375441819686e-22
-2.714466333873091341e-22
-2.716302746563273638e-22
-8.048271779908997557e-23
-1.039936649680597495e-22
1.827461825417093857e-22
1.036047568869721400e-22
-1.370451013884546545e-23
-9.978669328564120778e-23
-5.754129596366476219e-23
3.113155795857948998e-22
2.453197577274574353e-24
3.506796418200423277e-23
-2.561368383940695817e-22
2.853736183582172765e-22
-1.088644831300935946e-22
-5.338202216540117313e-23
3.513034999108881669e-23
-6.908399106507885107e-23
2.896366631672252815e-22
-9.553683705142375812e-23
1.572701835658020046e-22
-8.914724250848527209e-23
1.273596430794930995e-22
-1.758899484853915619e-22
-3.767939436201262469e-24
1.017911996117041370e-22
-6.472409210618199965e-23
4.854724053756092931e-23
-2.778376600547345796e-23
1.534311570321393674e-22
1.004651594366636749e-22
2.250014269419765219e-22
1.786239054968954546e-22
-6.958887392382048200e-23
7.420139827074751881e-23
-6.605289839072795576e-23
4.548940814269379554e-23
-2.090783779228745573e-22
1.161484644946780098e-22
-2.704290822655514759e-22
8.838764325433867364e-23
-9.866355768407884758e-23
-1.079486889250603256e-22
1.360866684309558864e-22
-1.050849888048782871e-22
1.771747631310095507e-22
-1.570855398241654060e-22
8.156579931113952026e-23
-2.453425359506235416e-22
4.455308181651523279e-23
1.846431586439261716e-22
-5.598916285211126806e-23
6.242980770313923590e-23
-1.452011750666068571e-22
4.177831349791703329e-23
-1.815323031946168131e-22
2.315498506875893190e-22
-2.037354604304131414e-22
6.828849168688921539e-23
-8.272648209193714344e-23
-1.001929848932119346e-22
-8.338319777011882528e-23
-2.873485080221856296e-22
1.731840395434533117e-22
-5.967446281918834402e-23
-5.302570006822372116e-23
-1.220385458406886977e-22
-1.463543668137181646e-22
8.398152211456680087e-23
1.065685174626387113e-22
-9.657850628489694590e-23
-6.611871211369549153e-23
4.471179081475299860e-23
1.086635744192884763e-22
-1.013455526986429571e-22
7.578021768777416683e-23
6.935127137961447787e-23
-1.041365039869236598e-22
6.663438445723221627e-23
1.058383238404938582e-23
3.224069679330077726e-22
3.734490565067494556e-24
1.286704816799094794e-22
-1.928287630056545901e-23
-6.569235239540542610e-24
2.694640630880737316e-22
7.130628938000610770e-23
4.154929726629872445e-23
1.641424979164653751e-22
1.877987086290423461e-22
7.018075981066929250e-24
1.576392067809605836e-22
1.325819339107372890e-22
-8.385054910654280612e-23
-1.496512893002926034e-23
-2.708887254249668449e-22
1.916430012755374719e-23
2.472890886667352215e-23
2.535687501499096925e-23
9.903025985716645878e-24
-1.045625828860135749e-22
-1.736515552876842977e-23
-1.615297819735932446e-22
-1.432204275945343564e-22
3.182668980575519213e-24
3.522970964045952747e-23
-2.414260104404702444e-22
-1.761754668805743705e-23
-1.216822079152059922e-22
1.109719056921586812e-22
-2.508569327487795174e-22
9.411044877146857476e-23
4.425778240261860022e-23
-2.912011474990342657e-23
-1.309763654410482242e-22
3.469380037425360793e-22
-3.465266447041999358e-22
-9.718874838542342625e-24
2.929637553118962660e-23
1.020055029655598458e-22
2.451112302753319877e-23
-5.132648078028418803e-23
-6.245294303286966861e-23
-9.838500801296988129e-23
-5.357013764272238178e-24
-8.491280419896251859e-23
8.867772602012077010e-23
-1.316813711403202845e-22
-1.605753664461321888e-22
1.613038215489966425e-22
2.592383366669252105e-23
1.492865342783716289e-22
-4.178744685842339799e-23
5.320107108450375398e-23
-5.511061478563612403e-23
6.965316089683466298e-23
1.682030562716324119e-23
-5.931259810273299628e-23
1.203658725194091730e-22
7.383654716939090432e-23
-6.428391625511724853e-23
-1.385558127966197539e-22
4.990729752842800587e-23
3.237465720012954225e-22
-1.468575257071946418e-22
1.277641012210266016e-22
7.055079764591419592e-23
6.288555964355286435e-23
-1.699283822122289369e-23
-8.299378162299119043e-23
-5.067162672032864009e-25
1.717240116094189630e-22
7.195952829583179335e-23
2.115814742388020960e-22
-4.345449969824342827e-24
-6.525032600565569427e-23
7.769482708700467107e-23
-1.216962568737558272e-22
-3.401821259498809163e-23
2.693323979000106850e-22
-7.810326826453480147e-23
-7.981322225252764857e-23
-5.119240661733503907e-24
-1.460590868098025421e-22
2.564932751448410268e-23
-1.534184451683384993e-22
-1.432132986755441708e-22
6.803882958129106470e-23
-2.186420867402149795e-22
3.365108813382114135e-23
2.482779850209409381e-22
4.283706440746268858e-23
-2.244032262338895975e-22
1.242488824812119270e-22
-1.487140869154759471e-22
4.965538521828411712e-23
-9.129403159658474579e-23
2.255686881675721713e-22
-9.692767410743836412e-23
-2.516338886549734206e-23
-1.272951277880285475e-22
3.429579261027756416e-22
-8.900660749054462511e-23
-2.139101078596559716e-22
-2.112655036618653806e-22
2.200901032398157432e-22
-4.722252506130603879e-22
1.653999828635697741e-22
-3.410929979585846613e-23
3.193520154403663268e-23
-6.567395334519370985e-23
-7.741248458278097607e-23
-8.646758100316482110e-24
-2.295334336644963151e-22
3.814867786777352789e-23
5.935986214401831144e-23
1.221277744630597374e-22
7.587015377550083556e-23
2.797581906491708882e-22
-7.316731069362774242e-23
-1.208474680670559768e-22
1.193816910171845017e-22
6.559593562058804963e-23
-2.242434306389626536e-22
6.878516319883155360e-23
-3.514031120873220856e-23
-6.499107729931189303e-23
3.569766858896584709e-23
2.832761927839767115e-22
1.240852896785224656e-22
-1.060853399290221053e-22
2.460158538830577942e-22
2.219325933817505738e-22
1.030109387110919300e-22
5.593599053642386753e-23
-3.701201563245258261e-23
-1.248736027566547017e-22
9.583551811230731011e-23
1.088687690285195300e-22
-1.096738699096964042e-22
-5.056643550618083037e-23
-1.137638896144562081e-22
8.905772412855010060e-23
-5.832168132135650079e-23
1.160965499809654599e-23
-6.575435686425823083e-23
-1.999653026434243773e-23
4.506535493191906769e-23
-1.171387626226378946e-23
-1.849708770738610554e-22
2.037849490109333558e-22
-1.251664854227084845e-22
-4.574003925058802058e-24
1.070505268184776061e-23
-6.996087707935838603e-23
-3.782200779589503106e-23
-4.391831816277279427e-23
9.893013656857225460e-23
-5.275615077456563696e-23
1.846752371605558627e-24
1.622233857289833597e-22
-3.145677268445904746e-23
-2.403827457376780891e-22
3.387799631148271178e-23
7.408365661985349868e-25
-1.796761703185475317e-22
-2.327914859079273907e-22
8.000825197609499212e-23
5.150782454881000564e-23
-5.074627128098750465e-23
8.741815855304229131e-23
-1.347045940515661694e-22
1.506285203076665511e-23
-2.553929432635047308e-22
7.243067235073347262e-24
-5.584780102729431455e-23
1.488174338960828464e-22
8.237691907612841366e-23
-1.925308179562932872e-24
-1.652178042972718109e-23
-1.992658864155629997e-22
1.294930006655448579e-22
4.869692868338862239e-23
1.874104164370283797e-22
5.011607995929105632e-24
-1.501303703149016174e-22
1.923260469696962958e-22
1.076375003020055581e-22
4.074238807394670498e-24
1.715630926596044329e-23
6.545384798506321603e-24
1.097462009168811244e-22
8.572113646044078670e-23
2.296811805186370619e-23
-6.933392974788803858e-23
-1.704537775125774224e-23
1.604765105503886879e-22
-9.837016094693101766e-23
8.759536946391694902e-23
8.107222108877005187e-23
1.919228688064166102e-22
-1.724621969539705661e-22
-1.773669905246935608e-23
-8.982439212250343392e-23
6.541214077410166939e-23
7.852733458866575867e-23
-1.018381378255510949e-23
-1.025055104187240685e-22
-2.054098495581201783e-23
5.216216543635662717e-23
1.474062865301861013e-22
1.837077341309066647e-22
-4.226744071585007756e-23
1.317710156202555478e-22
-1.492152324839898200e-23
-1.328203200751337979e-22
-4.544451839336291396e-23
-1.239873692669152731e-22
-1.894162528251818702e-22
1.440366623645466762e-23
-1.676181825161501567e-23
-7.433602862457148902e-24
-1.076459619223261814e-22
-7.721015772511950849e-23
-4.448627617838207100e-23
-9.705998928241883274e-23
2.075637463114981703e-22
-1.333903263349418636e-22
-2.534132795192205397e-22
2.650409334977397270e-23
4.017882090534524616e-23
9.085829412482144965e-23
-2.554259519941012760e-22
1.501282825944995166e-22
-6.542958378016690894e-23
-9.259283068572410473e-25
-4.836316419864730185e-23
-1.579212295978148732e-22
-6.640229912442947065e-23
-3.472673598149339635e-23
-5.221400134207022010e-23
-1.488577638106850348e-23
-1.056925107160987049e-23
-1.030532466320162750e-22
1.062777773641328538e-22
9.052806737596299871e-23
1.067444116783203439e-22
-1.848332159663907535e-23
7.292269763122441347e-23
2.934160659897000570e-22
3.310676086360359479e-23
1.799357345372387269e-22
2.957032324433115981e-22
1.124575622861432008e-22
1.902563731928412065e-22
-5.843306901451323283e-23
7.418460565593749062e-23
-3.668797497533131146e-22
4.813505218995809203e-23
1.485140126058886678e-22
-1.522236712228216202e-22
-1.532198608716340498e-22
3.645252570118956265e-22
-1.999718298945871625e-22
1.124018732408796745e-22
5.644075953933760303e-23
-3.891009351432286170e-23
-2.297786897901879479e-22
9.387839252756496184e-23
-8.130842160419059488e-23
-6.219147587183120083e-23
1.143420155021771770e-22
-2.199951395825905307e-22
1.165425795285149507e-22
2.365573161877392280e-22
1.274295776479455199e-22
-1.036072440180742363e-22
-4.199763865064465666e-23
-1.494543036703541177e-22
-3.225347758049810408e-22
1.563938184908100619e-22
-1.830262968201644967e-22
-9.973301644870023349e-23
3.520819343716653373e-23
-7.402849319528641465e-23
-2.457512067820260226e-24
3.077602052041469275e-23
-8.365237460690032543e-23
5.475886178866021510e-23
-1.693956248208544711e-22
4.030417097753826805e-23
6.697431914907394711e-23
1.042092533428925387e-22
1.312444229264428319e-22
-1.253411353722870476e-23
-2.243142332250099693e-22
1.711300679069217422e-23
1.873604197040952247e-22
-2.998455266273142154e-23
9.596111843399516929e-23
-2.512837528425943963e-23
-1.072701887794940193e-22
2.695804993358967451e-22
-6.603818477037879650e-23
-1.930168951055885547e-22
-9.674792180546585699e-23
-1.403487433303620675e-23
-1.744852904346979201e-22
1.222545281659586165e-22
5.260106344574490073e-23
-6.292439404787074165e-23
2.747489560648120290e-22
-6.281943093556299593e-23
-7.799750935047547420e-23
1.505518954145781647e-22
-6.640706729501741352e-23
7.224369557327257447e-23
-6.876499927048125448e-23
-6.733207902236347623e-23
-2.483182091092779167e-22
2.465490443550968783e-22
4.896935251301161971e-24
2.485003144911094400e-22
1.310475976821083075e-22
-4.885090450460851406e-24
1.167548374797011825e-22
-5.716217887848751709e-23
8.444853620502588966e-23
-4.058215508968324984e-23
2.459732990084097040e-23
5.949150292585758824e-23
-1.088195296469148377e-22
1.851184130794105184e-22
-1.022493032250860857e-22
-2.656865212128023096e-22
-7.998835316063821228e-23
-2.494813572536863758e-22
1.588635191607690031e-22
-6.828090768669758747e-23
2.228806987410642836e-22
-9.256857307316955869e-23
1.422539119343350191e-22
2.714416097627910022e-23
5.713001624680959994e-23
1.698315075848794126e-22
-2.010186592097703966e-22
4.965621335833162500e-23
5.873436035715420064e-23
9.187438315634260855e-23
-2.090353493738541436e-23
-1.302576813088266911e-22
-5.341094599137789428e-24
-2.325225096722275559e-23
-1.563808724433145608e-22
3.406097780643865464e-23
-1.469153256178705945e-22
1.526392524561719469e-23
-1.688941994179874590e-22
-3.494168965379631932e-22
2.333246677943835942e-22
-1.174068855241060104e-23
2.542638579022209143e-22
4.977242815557833077e-23
-1.094816915176076895e-22
9.649899591220299373e-24
-9.894859952298587460e-23
-1.675367814201925878e-22
-6.108604594991633126e-23
-1.920936234219553816e-22
7.077525581274906458e-23
8.605474023502768214e-23
1.735074711916704378e-23
-4.566625705591634271e-23
7.537085919552106542e-23
8.370697606949198795e-23
1.290452864159334434e-23
1.530161390176352073e-22
8.672877636081552918e-23
-4.643799264385068490e-23
-1.226142887063046792e-23
1.945794943797249471e-22
-1.086459947113773288e-22
2.463554135918124418e-22
-4.611627560898091322e-23
-1.324506057734096237e-22
2.988991347285162879e-23
1.589452454390973345e-23
1.553687892963716195e-22
-4.685062343098483348e-23
8.293503553582647831e-23
2.206015245086958487e-23
2.566374592366456175e-22
-5.468231091647478614e-23
1.775200851438101425e-22
-1.828872822479423906e-22
2.315789576189941932e-22
-2.384822654855669508e-22
1.450287818970278361e-22
-2.059304122867880921e-22
-6.134145412533496811e-23
-5.346896328985452953e-23
1.434849764486161539e-22
-3.709227718151113375e-22
8.113942923320833709e-23
1.256444508961319860e-23
-1.679066735611257095e-22
1.827846391677802407e-22
-1.814457348246527584e-22
-4.747914057130128581e-23
-2.268364679780363985e-23
1.218787139080873926e-22
-1.897970595735579774e-22
1.551764773730031881e-22
-1.355719888794452219e-22
-6.344539839342102226e-23
-1.038253121780570684e-22
-5.657903958944547311e-23
1.825587909458771178e-22
-7.730528667365851122e-23
3.499100192386928582e-23
1.374347378965345494e-22
-1.206431182037194607e-22
1.979569915046284368e-22
-2.760396864290548730e-22
2.209590154817981482e-22
1.130829991491750605e-23
9.456476021408397939e-23
-5.885953051484926612e-23
1.624718672210171016e-22
-6.173350523259947166e-23
-2.076374254639805474e-23
-1.916232487741295525e-22
1.094077211248950509e-22
-1.932333579916665332e-22
1.768553703079033341e-22
-6.007479084222972174e-23
-1.125459535011027357e-23
8.439715223304925622e-23
-3.238557157487438381e-24
6.639465669354934156e-23
-2.420597000847718560e-22
-1.976970781514330855e-23
2.396747032153910294e-22
-1.496996210922961226e-22
1.719886135881325289e-22
6.703173095454297121e-23
1.594184122254241655e-22
-1.264420117255418637e-22
-1.355391256472136610e-23
-7.458830680395991880e-23
-8.027287294988997381e-23
-2.741209996784100994e-23
6.133973990144080574e-24
-2.256576800091766463e-22
2.222869861788161321e-22
-1.219270380771289832e-23
2.345825992027652457e-23
1.957868820936182442e-23
-7.338602937446997435e-24
1.504870770972794002e-22
1.917890211437241316e-23
8.330540208993364940e-23
-2.533218198792907548e-24
-6.843083522590032701e-23
-8.125350800209005009e-23
1.291248305043614308e-22
-2.903374935968851550e-22
1.886122039481928332e-22
-1.169279057608166335e-22
1.507375179358717338e-22
1.077291733341850592e-23
2.135012272613019618e-22
-1.857707899954784672e-22
5.210219205414617726e-23
2.257998012043708960e-23
3.553383387683142425e-23
5.310603210603746769e-23
-1.350849665770155908e-22
-2.250374727519594113e-22
9.457541170072067051e-23
-1.060367524765717072e-22
-5.458955709848514796e-23
-1.217341928961689994e-22
2.089994266629378413e-22
1.295109333566102219e-22
7.297740542703873282e-23
-8.352581649563362592e-23
-4.670061378745360109e-23
-3.867074988192214763e-23
2.577521352902575286e-22
-1.505879815597359977e-22
-1.583137669773853009e-22
9.801237862439980398e-23
7.904331220061215137e-23
-1.738210178336231120e-22
-1.026123333354939686e-22
2.870000753306442909e-23
7.260295478276711929e-24
-6.421436083305313917e-23
1.358097668679100050e-22
-1.209946446977635327e-22
2.483601856543636241e-22
-1.308663327316963601e-22
-1.233267956052675452e-22
-2.927153893390324996e-22
-3.542751433490999467e-23
8.074999422411588732e-23
-1.370387209973351215e-22
7.129880218744030558e-23
-1.500075087728154428e-22
4.324828366892225056e-23
7.247566702568843244e-23
1.494912018366690276e-23
3.135829183432761515e-23
-2.909172444644707798e-23
2.749848899039732609e-22
1.470834479636079039e-22
2.735020621662171207e-22
9.159757361275354274e-23
-3.667171562739326480e-23
6.649348090814530149e-23
-4.064764463807254885e-23
-3.521889459310741165e-23
1.028572164568437646e-22
-9.851688855018738183e-23
8.015705750984717974e-23
-7.313779662796989590e-23
-5.093671261253996968e-24
-4.633226997781607783e-23
2.035441568114625046e-23
7.587447806420436948e-23
-6.673814851347492998e-23
1.705743191699231473e-22
-6.834070479736731445e-23
2.922442087402992474e-23
1.871531593254234544e-22
-1.349360116587053375e-22
-2.346665464906658115e-22
-1.854736313077249703e-22
2.512544215961203791e-22
-8.740557728160173296e-23
1.157343372018466256e-22
-2.228453474015781240e-22
2.224506352965958093e-22
5.635267969621011084e-23
-9.383249589408648172e-23
-2.217357449651722703e-22
-2.752769068793148933e-23
-2.268123380417942959e-22
6.987434671818030823e-23
-1.234283285370065658e-22
7.233146828629144049e-23
-1.906803739795551244e-22
-1.146905178451504088e-22
1.595011235231480446e-22
6.787059401778340589e-23
2.678287090826449472e-22
7.782146332204537788e-24
1.541718403501535611e-24
-2.711811457198591723e-24
1.411419933521459220e-22
-1.381690841556585860e-22
-1.224634848047239993e-22
-1.699833286658892647e-22
-1.028578205094806024e-22
-9.646571847019282056e-23
1.857594350187121696e-23
7.139274085435716917e-23
-8.061649328144879111e-23
1.821434802930422998e-22
-9.396020675237566547e-23
5.305044167970703411e-23
-1.765326354097398100e-22
8.034890584904578366e-23
6.166284962273918718e-23
1.887414600426271451e-22
1.517045329028059849e-22
-1.917229282003331230e-22
3.797134742368769132e-22
-1.998092355483210365e-24
1.220939253304233109e-22
-1.674916613665732850e-22
6.426174228152811716e-23
-1.141694053618549110e-22
2.149494850848095945e-22
1.167063551526524551e-23
-2.488157793234445140e-24
-7.656160155145956728e-23
2.322673487997096173e-22
1.772155899016684601e-22
-4.789485137497732447e-23
-2.888528649985040551e-23
-4.306624924725366048e-24
-2.066169277637872778e-24
-1.594790513422630237e-23
5.524714458234019555e-23
1.356236137502161530e-22
-1.878499743054342737e-22
1.846379084647658771e-22
-2.959500513522742064e-22
-2.122677211644808507e-22
-9.958750621383192994e-23
-2.814137090757288409e-22
-7.646872649992175179e-23
-3.956065109342368558e-23
1.095563567042191578e-22
-1.434887579270672514e-22
-6.216442158762943685e-23
1.683785319529522417e-22
1.313390474673180197e-22
-1.798245723039670492e-22
4.697283677764251784e-23
2.594998092513781463e-23
4.068997164403553617e-23
2.370196446045668223e-23
-1.630459439605601511e-23
-3.221114855275455075e-23
-1.636940009968317496e-22
1.196429887727686299e-22
-2.146837797813139036e-22
1.775701304509227167e-22
1.257343636377298856e-22
-4.476814927640165577e-23
2.155336290145190505e-25
-1.105055385669930340e-23
2.041856032980207744e-22
1.326081190100156134e-22
-1.748334138187568160e-23
4.415057210145252125e-23
-3.597144488786776220e-23
9.171804382706648292e-23
-3.675161980790241162e-22
6.981802595062496556e-23
1.921864586069064599e-22
-1.361895816490211424e-23
-1.368171959976134107e-22
-3.221732028802720432e-23
1.136420252419895067e-22
-2.079445563060031733e-23
-2.693910435536648240e-22
6.314918785861026946e-23
-2.708614453523678059e-22
3.651493704363034194e-23
1.964188614878989513e-23
9.500245058068034339e-23
-6.370880327623627903e-23
1.678383000866603996e-22
1.329968352812453022e-22
2.749741708386929390e-22
1.181238656018721250e-22
1.020534139611249493e-22
1.441757626419551070e-23
1.631586445673011236e-22
-7.447839840147131872e-24
8.069008963934956545e-23
-1.931616513223499734e-22
-3.903954866203766210e-23
-4.306703457764217894e-23
2.007152643195950297e-22
-2.313656169612497646e-22
-4.911256307833705265e-23
1.011901199396260294e-22
2.828308475818169015e-23
-1.952299998831765026e-22
1.871953602202805672e-23
-1.439223089863802637e-22
3.236625491962003381e-23
-2.066016191462632722e-22
-2.537490470653762602e-22
-1.144524176834652382e-22
-1.472426209967658179e-22
-1.926098649427249807e-22
2.394820303586225650e-22
3.186507858919638958e-23
1.265419668080258603e-22
-1.073508573905385692e-22
6.800576143667188019e-23
1.633275226015930379e-22
1.511596257496260812e-23
1.807741676803931585e-22
-6.022979551038699627e-24
-2.363393338599278959e-23
1.895886637884441749e-23
6.154777439104541557e-23
-3.979472063370599441e-23
-1.450082276157280089e-23
3.729614065465321683e-23
-9.206013810495046889e-23
2.809926121018644133e-23
2.922919719926882853e-22
-2.334258046647662551e-23
-2.693405801876980600e-23
1.735385201521588042e-22
-6.738340357363805285e-23
-1.905272796135981606e-22
-7.961554247896339313e-23
1.922128634783019842e-22
-1.126658837602473180e-23
-7.704395923867076485e-23
-1.934675319338950065e-23
-8.702543814924006585e-23
-9.648867946362968392e-23
1.602547095687893331e-22
-2.025063202931158312e-22
2.706755394426257299e-23
-2.511688483213556202e-22
-1.318628457735085145e-22
2.058730457900600160e-22
7.375983814709844821e-23
-7.203675844248618621e-23
1.704342900070397502e-22
5.294840766142275737e-23
-9.770796519243238325e-23
2.549871138549172988e-22
-1.337727081476529751e-22
-2.979521761397084582e-23
4.563663717902770630e-23
1.954484242454612429e-22
1.038417413752461573e-23
1.020998412584182898e-22
-1.484745452282827740e-22
2.998840144499277301e-23
5.676186475463310811e-23
-1.089763627098539804e-22
7.314065984475018346e-23
-8.677892953637251356e-23
-9.196700078052268983e-23
-9.767674455076382347e-23
9.092983659746823319e-23
4.971752457602754328e-23
1.463871707828938273e-23
-1.415572355032225709e-22
1.440318031692521866e-23
1.053561187472236098e-22
3.661729764472234265e-23
1.146444319629699442e-22
-2.734120958589432300e-23
1.065257741606480696e-22
1.226781565975934438e-23
5.052005370317852253e-23
5.040168354580482434e-23
-1.544722333319301618e-22
2.478717929400545542e-22
-7.449901457140003544e-23
-2.458123292121610417e-22
7.144141100846549515e-23
-4.204662933974082507e-23
-1.327994055518399902e-22
-9.420670024797831054e-23
-4.268565477168403926e-23
5.246688619273435535e-23
-1.139999599890330962e-22
-2.205089129170760161e-22
-5.639031953442667015e-23
1.463284244891474558e-22
-2.094835626148195106e-22
-5.121733156874097132e-23
-2.177536766625705888e-22
1.574171943408730705e-22
-1.976829709656326666e-22
1.021485598589668153e-22
-5.608527080310674954e-23
1.376443087433498267e-22
5.181030170974218615e-23
1.052240872782719477e-22
4.678618633516436595e-23
9.069495624226792391e-23
4.374057017997408219e-23
1.635400830910687366e-22
9.499852363567110501e-23
1.668833638079725217e-22
9.404396259257587739e-23
-7.539129683760190774e-24
1.779809507286812762e-22
1.076852661975707563e-22
-1.182016511907583509e-22
-6.387356340894085196e-23
-2.079941062395078309e-23
2.277506286749619402e-22
-2.631665494155181769e-23
-4.453064104421094762e-23
1.949821072917146394e-22
-3.778778725810977012e-23
1.494217297067965662e-22
-1.846399394358859544e-22
-7.970418368136123618e-24
-2.758232416956861749e-22
-1.775172663179072451e-22
-1.926722683128184705e-23
-1.495329498471918669e-22
1.172371234209005814e-22
-9.227563620718023742e-24
5.843858287518578403e-23
-2.355766174193709230e-22
-3.565312631995856238e-23
1.058525931850194185e-22
7.012990941079081654e-23
-1.222035415192624182e-22
-8.581884676049723696e-23
-7.727145249257801173e-23
1.140523304528424668e-22
-1.223899833804057327e-22
2.135589868012294320e-22
-3.475863051867790122e-22
1.008034734677521668e-22
2.178149627292704051e-22
-3.500330278892917805e-22
-2.302635995032571699e-23
-6.235986964129054360e-23
-1.331097711977723460e-22
1.340536624931571624e-22
-1.139222858224180830e-22
1.422677654745921881e-22
4.944230694042821430e-23
8.057497447382395012e-23
2.690217735879404494e-22
-6.474996697223969845e-23
2.123062188523216188e-22
2.505485936985311872e-23
4.464648019445305353e-23
-3.812945336448770256e-23
-9.794957759164148552e-24
-8.839059258313545252e-23
1.204225410740147788e-23
8.404637616892298049e-23
7.219560609857940582e-23
-1.194720886297544971e-22
6.289034940006218911e-23
9.031434362214228626e-23
-1.391933563400433988e-22
-1.555107905145166045e-22
1.017316711790084563e-22
6.940077524769658114e-23
-1.485093299301251417e-22
8.459589437989813147e-23
1.873233049040327039e-22
1.731516558594486207e-22
-6.129427468175149827e-23
-9.523918372705563143e-23
1.907052348548815898e-22
-1.001199840348419223e-22
1.102870134910728088e-22
4.475880749566156654e-24
-1.153860381698485290e-22
-6.605310273205975376e-24
-2.696593047578219502e-22
1.018768576931162022e-22
-1.193395230030878387e-22
-9.548354058238083031e-23
-7.412159583166066097e-23
7.071238556162686459e-23
-1.397717230607089059e-22
3.555035329017520780e-23
-1.645133565201931217e-22
6.827382131190585382e-23
5.771471903158486719e-23
5.608919053779482375e-23
6.174100062260153015e-23
5.668335556611328376e-23
-1.022405502108562416e-22
-1.935974345400631548e-22
3.058952004427991315e-22
-3.599116080591196333e-23
2.858241208420646909e-22
-1.827991778770656779e-22
2.684474236293781446e-23
4.697658659451324763e-23
-2.083343291357121898e-22
-1.707944511979715121e-23
1.476211274061870422e-22
-1.719020562494155000e-22
-1.471963002543973654e-22
5.886571573391287106e-23
1.477143460688097869e-22
2.316851320632192221e-22
-9.777605960010106991e-23
5.954114885177312381e-23
3.689728049932780587e-23
2.506762565365988829e-22
-1.956624877299093694e-22
-5.690412073152576613e-23
1.836168788415058620e-23
-2.683390426470564225e-22
-1.555924694223789848e-22
5.308456906545880350e-23
-1.482429906252874238e-22
-6.644879970247967684e-23
-2.407115020569651240e-23
1.413311815644003804e-22
1.622114029291783161e-22
-1.821559131286065563e-22
2.813330128820571072e-22
-1.566399003598793446e-22
-5.684620565419529471e-24
1.567203509213649491e-22
2.144591578783835559e-22
-1.797588113905186978e-22
-8.423786794894979461e-23
1.667110506537420431e-22
-3.580208517017386289e-23
-4.705275536633019582e-23
-1.951771121412365231e-23
3.443296152280199357e-23
5.584077882901220614e-23
2.394079664959940804e-22
-9.453120984991538719e-23
9.137698801085350707e-23
1.565294238096520140e-22
3.717566581718654044e-24
-4.467685276265047441e-23
-1.298188468527949481e-22
1.988478500656039476e-23
2.317106238731817625e-24
2.155590576034323586e-22
-1.267483693234775014e-22
-2.025968039000528482e-24
-1.508797866995552543e-22
-1.323066930687979682e-22
6.322278480918791338e-23
-2.651308099813801084e-22
-2.668806027149874931e-23
-5.507108019027022995e-23
-1.613948908088355459e-22
2.723182838581091625e-22
-9.748746147127908187e-23
1.676365699427794000e-22
-1.959860683765826741e-23
-1.064913827752955426e-22
6.200837273977674320e-23
-9.447041971058276005e-23
-1.245790075203279862e-23
3.882698328659998112e-23
3.793872932289977939e-23
-1.709078443748022853e-22
5.948385437251365107e-23
3.124673495003082213e-23
-1.265079028242433414e-22
-2.256575518352571492e-22
-8.554010347654565368e-23
1.444473411181517164e-22
3.756053951083877340e-23
9.557631830378074977e-23
-8.856767002865412677e-23
4.579640060930463494e-22
9.280193550963717028e-23
-1.105068767432275545e-22
-8.942960565007566800e-23
6.587467847573022583e-24
-5.910058398894724680e-23
-4.499310882911445223e-23
9.667620967185581404e-23
8.327000561186078323e-23
-7.879780269231717010e-23
7.441286164024746889e-23
1.062476318778994418e-22
1.007559790527298481e-22
1.657409448788198119e-23
-3.935402473303942212e-23
5.136542840923281133e-23
-1.218139291004491820e-22
1.543745642764844005e-22
-7.749876490981145501e-23
-1.393794087392042568e-23
6.022998226575943309e-23
-2.108576301067337769e-22
2.929406679453140730e-22
-1.105120415442712017e-22
-6.952489418012585107e-23
7.716672223012982518e-23
-1.335943564898540837e-22
-1.079836127590089038e-24
-2.633157538551350153e-23
-7.698163261630036257e-23
1.566025300161759973e-23
3.637555272455644547e-22
-1.263275304434516546e-22
-2.900091847541053802e-23
5.271936011980119327e-23
-5.574922309460221675e-23
1.908557938366263460e-22
-2.385945739218972978e-22
5.126010363812224968e-23
2.021569321187082188e-22
4.144315504530050926e-23
-2.581211567916664905e-22
-8.830125888688559994e-23
-1.057587424761620419e-22
5.734375622477518936e-24
-3.985105227397078446e-22
-1.922322624853513437e-23
-6.404105141259187234e-23
3.969675584678847174e-23
-1.468825719909681298e-22
1.246126335654527062e-23
1.013798194963253688e-23
-8.591170257752737218e-23
5.105896938895778450e-23
-1.055254708766744586e-22
1.224246502184164040e-22
1.243587266690432479e-23
1.990225536083252321e-22
1.606924106473733706e-22
9.155196667155974955e-23
5.460255819699319933e-23
2.044671620935437774e-22
-1.173269922396640796e-22
2.126691844781557444e-22
1.159217272145179062e-22
-2.978366489982003185e-23
-1.677295642063627148e-22
-2.680659639326358718e-22
5.620554915941648272e-23
1.023207323744363231e-22
-1.103867048732970713e-23
1.053789321995083463e-22
-2.182638379922784139e-22
1.521370941084577339e-22
2.467157873974208286e-24
4.122341418513776374e-23
1.029407937606898606e-22
2.803233009693243109e-23
-1.411988101476045595e-22
-1.163643761898414512e-22
-9.092485620119322504e-23
-2.047062754266267128e-23
9.578583972629342756e-23
-1.267816340918624526e-23
7.627570061152489306e-23
9.676512419815044781e-23
8.044348564311980814e-23
-4.709179174511010561e-23
1.259297678788642050e-22
1.040113552068071443e-22
-6.393670382809699348e-23
8.106478376100691213e-23
-1.989798192560144330e-22
2.050117175915331675e-22
-1.622587332334324592e-22
3.199940722285551723e-22
-1.591192370597662716e-22
-3.798027721274293673e-23
-2.558384724335204790e-22
6.595432276275365776e-23
1.687095356760864283e-23
-1.274512166559501598e-22
-1.358842435255234518e-22
-5.134645541025292580e-23
-1.223790592527733900e-22
-7.529853021001143294e-23
1.655711885225770531e-23
3.600213417672048239e-23
5.491302268679087903e-23
-3.301923039375486385e-23
-1.573425153333072619e-22
-1.555839680812846455e-22
2.286260926370221769e-22
-1.349672815100554201e-22
2.991808091470195236e-23
8.991364984403136973e-23
-1.460696983903660186e-22
2.376087884696142481e-22
1.479640504108031468e-22
-1.633511304589870546e-22
1.147599618234382945e-23
3.810694405089728775e-23
-1.085807628364356415e-22
4.396356726783178036e-23
-1.210324859584782843e-22
2.966384632977591246e-22
-1.260724065587804442e-22
1.325515955259389765e-22
-6.412146372583777592e-23
-5.060300334937933237e-23
-9.486320911746435299e-23
7.532368962479118596e-23
-2.568174661034228185e-24
1.676458441611488439e-23
1.730019964671018633e-22
6.261118707595946826e-23
1.965945749446327942e-22
1.157854158861725706e-22
-2.600318770457649948e-22
2.024931531274112591e-22
1.232310987549514960e-22
8.701960004215240247e-23
1.455928394487830561e-23
4.939270235787780606e-23
-1.469006038796662639e-22
-1.439918902233745544e-22
-1.381837882304942313e-22
-8.177473229249092412e-23
2.664838356461657665e-23
2.381194178877179582e-22
-1.400670912382600167e-22
1.095542548090316996e-22
-9.459098399026170091e-23
2.324822955635828627e-22
-1.791274041582953248e-22
3.511347161907133736e-23
1.844525641237227644e-22
2.608096125733068993e-22
-5.377427240519477344e-23
-2.001246181218650093e-22
-3.102305002659709018e-22
-1.760716082845929301e-22
2.150253848940739657e-22
-7.459174648728810003e-23
-1.837325420107380442e-22
-8.289584500859659554e-23
-2.095469117837828512e-23
-1.765457497111548488e-22
-1.108922437958563724e-22
7.189149240626635189e-23
-1.668368354309905472e-22
1.265765705431519881e-22
-1.263899113154527357e-23
-8.176122559554585479e-24
-2.324410247425512488e-23
-7.924830099359750970e-24
1.893729349878230605e-22
5.521934655326869284e-23
-1.188867309367536626e-22
1.127852819729208763e-22
-1.610256321484807525e-22
8.350309181578040082e-24
-1.321712912792058290e-22
-5.096001908032827752e-23
-1.715560285365367851e-24
1.258772577139702611e-22
-6.529031710796652826e-23
9.047952143480683497e-23
4.014592789377416887e-24
6.281948413396354722e-23
2.513920598218171984e-22
-1.004324684455634613e-23
9.908049812921038140e-23
-2.478710681980211673e-24
1.798111905551152494e-22
-3.045875139188144793e-23
1.138964780971116454e-22
-1.461422155957199043e-22
1.463347408413987242e-22
8.858550763093813306e-23
1.365136085689562623e-22
-8.974253533999142170e-23
1.441140087499856934e-22
-7.833650039695487392e-23
1.898947321785243410e-22
-2.194090302993476916e-22
3.219226386281793392e-23
-9.462593062345831005e-23
-7.529694738160198691e-23
3.337885819665871731e-23
2.255914458299462997e-22
-1.177399880753992768e-22
5.687785439314897725e-23
1.551419194674058634e-22
-1.672831827540362721e-22
3.066028009330481957e-23
-4.873104327672328422e-23
-1.383266851750561623e-23
-1.531818102435122572e-22
-2.311804396221790498e-22
-3.691072099359561677e-24
-5.222326771585731854e-23
3.052464316086198257e-23
-2.859124489029522870e-23
-1.517467644594342097e-22
-3.596069442043709469e-23
-4.075234051757531903e-23
1.084345942638941313e-22
-9.569785427767993457e-23
-7.556306874713437126e-23
-3.935269866937259439e-23
-3.636563187217718964e-22
1.173909952948684892e-24
-1.121000536625057698e-22
3.814586062886623318e-23
-2.094172448066204534e-22
2.719678439989358239e-22
5.723437847946443227e-23
-2.696002637624585205e-23
2.026043264493270477e-22
2.744562767291475169e-22
-2.074251474381619747e-22
8.732742408237103961e-23
-9.432895598431938790e-23
-3.755174531854552042e-24
1.131986226319553521e-22
2.700219414654117931e-22
2.252717069084202982e-22
5.683680096480283628e-23
2.973777743921653859e-23
7.063737202584777826e-23
-3.203045518191718997e-23
-5.855932000029122819e-25
9.341334106348543848e-23
-1.232067021287644422e-22
6.070474076765662700e-23
-1.344164487782664888e-22
-1.067092078179366665e-22
7.535035772087644806e-23
1.244737672551125733e-22
1.132816654172192194e-22
-3.063852855453969833e-23
-5.421954682918657576e-23
-9.012949014897796329e-23
-5.149627041002907525e-23
-3.312540836621548975e-22
-5.384835943434438975e-23
-1.602917315807739476e-23
2.586346851963516276e-22
-3.260189832891599163e-23
3.780520526979056078e-23
1.745040979432108456e-22
-1.584882431546177767e-22
-3.191407230166116598e-23
3.396747818551689167e-23
5.184357629433841572e-23
-1.607954142613841067e-22
9.121561353690479813e-23
-8.530107720691607342e-23
1.295174009113888782e-22
-1.298778580579261312e-22
9.720807534594626762e-23
1.148381468914912078e-22
1.108645884575263834e-22
-9.385229924435253204e-23
-4.516403500983349515e-23
8.735387377609046514e-23
-2.971585821726043598e-24
3.433972094820268810e-23
-2.380170771163017561e-23
4.623078737206354593e-23
-2.762355525827929580e-22
-6.048421989069582133e-23
2.276166544390538886e-22
-1.526026857873767488e-22
-2.187298799731431291e-22
-6.063460712512704253e-24
-1.890070105384938523e-22
9.829850438044541637e-23
1.010148468543680872e-22
-1.283043042940035957e-22
-9.661761438810151761e-23
-1.229491293851430952e-23
7.623720287717529131e-23
-1.286301765681233180e-22
6.975224090496866487e-23
4.427929195951715846e-23
-5.708996200635765566e-23
-8.058459938228542488e-23
-6.909968784787079930e-23
1.328903056705363277e-22
-1.435415148969193479e-22
1.564275664706203826e-22
-5.621653263346180218e-23
7.131029654659238225e-24
-6.503503078408047356e-24
4.573517499734481749e-23
1.299510050521648045e-22
1.710111644012878441e-22
2.736163870494477546e-22
7.305436273299814612e-23
-3.930086728253520981e-23
9.124544330540484617e-23
1.050109453880758232e-22
4.785695823303657298e-23
8.831652724663491113e-24
1.960058871005474774e-22
-3.671495195871327801e-23
3.915610216836635441e-23
-2.310089727490909229e-22
1.530104822926324708e-22
-2.420384845174058828e-22
9.167576296619439785e-23
1.050913043064225834e-23
-3.614865101050894563e-23
-2.689894640977509139e-23
2.545440809099063489e-23
6.055666593918615553e-24
3.648881636316140909e-23
1.047922099101240857e-22
-2.822842793130862666e-23
-5.690367231563768853e-23
4.605819395220613822e-23
1.610896749170209493e-23
-2.322187109892789482e-22
-1.713740595359273038e-22
-1.472674480822435760e-22
-1.234685466684029414e-22
-2.184223217730165970e-23
-3.217201621797726897e-23
-2.579394948405798670e-22
-2.798191024570763850e-23
-1.390627377291260047e-22
-2.296318509914334379e-23
-9.863507802218869844e-23
6.759700363650220810e-23
6.566337580934037462e-23
1.952539684936694435e-22
6.123019710793257021e-23
-8.974538999755162873e-23
-1.222786674558169020e-22
5.516943684500312779e-23
3.179383821379263211e-22
2.406557474970447504e-23
1.210934145788451960e-23
-1.090558227736386027e-22
1.985906990926083155e-22
-8.681094907995947678e-23
8.629436440161164461e-23
3.634634899709597412e-23
-8.425502695100882466e-23
5.514013978241187025e-23
1.150661817529991648e-22
4.832352283301950808e-23
9.747640439580398918e-23
1.633627903227577620e-22
-1.041528318741553450e-22
1.151982386598224814e-22
-9.807390794347376177e-23
-2.241128971090583427e-23
-2.646528628713380908e-23
1.394713118415777807e-23
5.157282286462317520e-23
5.069735059988238073e-23
8.536220656037631010e-23
-8.473431447039440953e-23
4.602888557619065351e-25
-1.665311516856298603e-22
-7.985234680994942425e-24
-8.632639245626779489e-23
9.014680628559818681e-23
-3.198239742832097287e-23
2.075887742359874188e-22
-9.522345396252072205e-23
-7.541330389954751808e-23
-2.096911325404211237e-22
2.585009517511537777e-22
-2.064695891610969397e-22
-1.604689829123561150e-22
4.012962107405915483e-23
-8.619594402967644744e-23
-1.293605637171776842e-22
1.694813389095637479e-22
-2.191304121365770184e-22
1.995685683460695971e-22
-1.238168409842531914e-22
-2.282691830186809308e-23
5.223297410824400193e-23
2.466538824519093901e-22
4.852536812904637567e-23
1.046873995247310439e-22
-1.325823260962267681e-22
-6.064287840576934492e-23
2.345026411100206175e-22
1.308716393501658254e-22
-6.530642185510177216e-23
-9.994364757910273483e-25
-1.648002387210298443e-22
5.306059044910325257e-23
6.899203714701267629e-23
-1.285175839706439025e-22
-1.765820063026620146e-22
5.908606227616560241e-23
8.788918929545205130e-23
-5.526880909679989669e-23
-1.415619034602705159e-22
1.619648407542510517e-22
-2.143603360712492856e-23
-8.234376445680223725e-24
6.194189996679616898e-23
-4.634068348046934692e-23
5.539101131035756097e-23
-1.729411874422070774e-22
1.147207675289772513e-22
8.619551397832184992e-23
-1.504115055415629595e-22
9.548725443668623904e-23
-1.149183258121404904e-22
3.302940652639399217e-23
-1.452420925350767617e-22
-1.658170146133588755e-23
7.871861609394151987e-23
4.435313910978771148e-23
-4.438154604143959426e-23
2.543532518049251400e-23
1.807066609166696500e-22
-2.224084426900997583e-23
-6.723927870781171770e-23
1.122648936946347120e-23
1.463868386277797356e-22
-7.514607167791655773e-23
-9.759409164927297818e-23
-1.073756567402679799e-22
1.220937667525767528e-22
2.453200528075005436e-23
1.177101657058467874e-22
1.513450881245839906e-22
-2.820548844866802415e-22
1.402201076886325090e-22
1.123033539086314976e-22
-4.409063527729014937e-24
-1.803118710153347134e-22
-4.340905090881878773e-23
-1.721846881265282430e-23
3.820401802646752004e-23
1.594604580247754913e-22
3.233751191210328386e-23
7.780204764279384900e-23
3.916939692880180508e-23
-1.952529168598442117e-24
-1.566940001019690933e-22
-1.378681375915081042e-23
-2.234183763779071401e-22
-6.352846847712059771e-23
-2.334622127364633774e-22
-1.526928067338456239e-24
2.504018896398665234e-24
2.945750503068874330e-22
6.013183674270273137e-23
6.567367985677048626e-23
-8.989384141748082182e-23
1.343762364747971314e-22
-6.347481478520858058e-23
-7.836284590683597486e-24
1.201265132706881715e-22
1.903110849363869824e-23
-1.852391183122065955e-22
-8.223972979967119896e-23
-1.297454911997310924e-22
1.309966630678306686e-22
2.657953200079803912e-23
1.307926383113752672e-22
-1.113536192145028668e-22
4.135298965040956972e-24
7.903663623108236432e-23
-4.933229218717434989e-23
-2.836740475420742741e-23
9.893245271300524286e-23
2.341831421176831271e-22
9.814881555039192544e-23
-1.045955939686646895e-22
-1.999105981255772535e-22
-1.480063458013941261e-22
2.104827520530686499e-23
-4.551772146326375177e-23
9.629427556271956162e-23
1.989382998892535377e-22
-4.284511419980118030e-23
5.395124982155236010e-23
3.040370477312271551e-22
-2.327125445098282255e-22
1.274877553957895498e-22
-2.962551599146290062e-22
-4.709225588087501492e-23
6.807194824778307958e-23
-1.762446931371342208e-22
-2.214135257823498023e-22
-2.830993259254922125e-22
-1.835898216428459057e-23
-1.100425894587371793e-22
1.454873555361800039e-22
-7.990481011505004920e-23
-6.707054143370073614e-24
1.183494326889122644e-22
-8.542552131093942042e-23
-3.705963013943279436e-23
1.260376737808868367e-22
1.053601037541700293e-22
4.469235562788787204e-23
-9.257173701593673165e-23
1.619258914854712227e-22
1.729571002841631054e-23
2.393559225611753401e-22
7.673457772681582887e-23
2.272312007160527124e-22
1.590607159762309300e-22
-1.614356168535661912e-22
1.849421135226116717e-22
1.535985975586915238e-22
1.727564942151883229e-22
-1.130663055203836755e-22
-1.747865555385796809e-23
-9.000951530124945493e-23
4.866616388987147164e-23
3.778454208677744373e-23
3.511048778767548985e-24
-1.090443481518938350e-22
-9.844271331302572071e-23
-2.647355161112700168e-24
2.593365598854923532e-23
-2.406521958382655672e-22
4.258708621343712022e-23
-1.413161401162644410e-22
-9.880461512725821814e-23
3.071832720812159552e-23
-1.091563183853101452e-22
6.807067344729010903e-23
-9.504651651757794326e-23
-2.746298597260227083e-23
-2.262715070235578002e-24
-4.994650190717947835e-23
-1.447781774891655940e-22
1.935228942056661354e-22
-2.373141884127764527e-23
7.403757449454788940e-23
-1.645095271035684079e-22
-3.718243114160816960e-23
-9.609285306650513752e-23
-7.135266200732437921e-23
-1.404193302691103239e-22
1.900069215223284936e-22
-1.599610072061808687e-22
-8.822118145285313053e-23
1.390925367569632830e-23
1.419818502891931725e-22
5.859047506494940123e-23
6.098249029629332919e-23
-1.072053608362490924e-23
-2.061122864441278971e-23
-1.500719302601652979e-22
1.198346581957774856e-22
9.054407436554915478e-23
2.357715723525134136e-23
-9.400016573630481869e-23
3.024220667893710792e-22
-1.861864295180597036e-22
-2.197219974065280401e-22
1.046605038749267318e-22
1.923696831274807805e-23
9.553091158645816243e-23
9.153936920500522786e-23
2.084957265461220461e-22
1.130300747995657718e-22
1.518930412028482488e-22
3.090923824794929991e-22
1.165990392938937656e-22
6.480360642442476221e-23
1.970066830150359306e-22
-7.228813441792962778e-24
-2.103342847416840254e-22
-4.526023648986833291e-23
1.299725249167149338e-22
-3.243761878303942556e-22
-8.662696330642551580e-24
7.416416852122719929e-23
-3.647486681822831865e-23
1.375956103272477130e-22
-3.945295775566417011e-23
-5.019454583261826764e-23
-1.822558890335626490e-23
-3.351199301622994312e-22
2.918322302259664267e-22
-3.929953663929620471e-22
-5.807302656080470579e-23
-1.208844802887512087e-22
-3.449189544368573600e-22
1.928057234237433077e-22
-2.785434435802173688e-22
2.109278963194549648e-23
9.469648272253872452e-23
1.210425687581528886e-22
-6.895418852032924790e-24
-1.070285437536786063e-23
-1.078825168546975035e-22
-1.608912886410121171e-22
-5.749545055629391065e-24
-2.094471623501328427e-22
6.404199339718265919e-23
5.104790438475131965e-23
-2.470431629244438048e-22
2.690265111317494078e-22
6.064089992950165921e-24
8.489016085259734470e-23
7.161152933469932500e-23
-2.070146410023875719e-23
2.142926319083998635e-22
-7.705983550448742177e-24
-5.284487167139811494e-23
-1.157945128529056814e-22
2.701078524056853461e-22
-8.919339040803402691e-23
1.473989742283651430e-24
1.060618860280897237e-22
-1.637908687783882371e-23
1.453462033637526160e-22
1.791771411075538101e-22
-3.035851685951982281e-22
1.970467055392976014e-22
-1.446978433607551632e-22
1.635914510747614715e-22
3.182855288830558269e-23
-7.885603485568012192e-23
5.585761994321017892e-22
-8.727766239820696350e-23
2.340399928140028526e-23
1.054107597756199828e-22
-8.095269232358045823e-23
2.318354348953215836e-23
-3.500227584013375489e-23
-4.554047900947197844e-24
1.618628662736329647e-22
-3.587468835995577280e-22
-4.317089820783116142e-23
5.901985889749436453e-23
-5.246084662823553576e-23
-7.806865903185272053e-23
-5.417644135404623154e-23
-8.396251434169623428e-23
-1.711874490949920269e-22
1.880725668043344077e-22
-1.141271429061498778e-22
-6.996865469371508559e-23
1.050960949615542399e-22
-4.354365942851257004e-23
1.589913335039205811e-22
-2.215076779101026336e-23
7.831858698740885338e-23
-1.116619496120925399e-22
-1.173828394943951817e-22
-5.726098068595330159e-23
3.783791146614012891e-23
-2.261372850827326978e-22
5.451984641058234683e-23
1.094577616000348875e-23
9.582488098588419167e-23
-9.942372912818108143e-23
-1.765333398016949056e-22
-7.129565780982396968e-23
-2.592996638138449232e-22
1.840898457348590445e-22
9.498997736773227972e-23
1.447923714830287500e-22
1.522704466144017374e-22
-1.572335931987211358e-23
-2.766268293204095591e-22
-3.717651901173507682e-23
-1.233912356350596935e-22
1.525055982267862352e-22
1.125315770460464658e-23
1.524708612276630854e-23
1.268105409320984423e-22
1.785952561278041638e-22
9.521194867821020817e-23
-1.620187844513492938e-23
-1.421980927427938331e-22
1.907815447432274681e-22
2.111348002504397817e-23
1.106630497861090720e-22
6.015226993685404477e-23
5.610751940408721412e-23
-3.569970121213079264e-23
-1.133922640790899830e-22
-1.692156619256247334e-22
1.763090237155421642e-22
-1.819103499032230835e-23
9.768935277112671058e-23
-3.895661383564581161e-23
4.724165672087103464e-23
-3.437035339273402595e-23
5.243157656110984736e-23
1.122453925604666703e-22
-8.857632277092531268e-23
2.383028914742459540e-23
-1.950894851724138220e-22
8.069243032358941928e-23
-2.179737520392479513e-23
-5.239567029365264231e-23
-1.884958190740372541e-22
7.318411744820445773e-23
9.527777936998725425e-23
1.089523388519585422e-22
7.559902984365668134e-23
4.751863851454270205e-23
8.246633776677831613e-23
-1.789714217986489897e-22
2.043341858604339340e-22
-7.493650997012921219e-23
-2.351818652021172746e-23
-6.431740420050467323e-23
1.692091307846913557e-22
-2.966820204568147735e-22
-1.367627828381907657e-22
-1.292640784562239061e-22
1.123071830762653960e-22
-5.536765151068828554e-23
8.542309048427231843e-23
-1.978328362872429414e-22
-2.154452930794859197e-22
1.868313227169097817e-23
-8.808122129183012500e-23
1.351408136485571125e-22
-1.796484402239896307e-22
7.051734489503660247e-23
-1.483560718126486848e-22
1.159851035059337779e-22
9.512593170702834075e-23
-9.402105417441440629e-23
1.603227982885406659e-22
3.831858061961784185e-23
1.633162738127257107e-22
-2.252600006876288179e-23
1.052619234720274336e-22
-4.926785635200265439e-23
-4.260306801872604236e-23
1.388885689868131888e-23
1.737684185412169011e-22
-4.678438429462287509e-23
1.615539397414500961e-22
-3.440907349821737375e-23
2.008444849085767691e-22
-3.311356983025766278e-22
1.189971730153996823e-22
1.656381289475210597e-23
-4.769999391907506865e-23
-1.939419357890152546e-22
-1.265551088653288384e-23
1.161374998646467779e-22
-8.582955124833317091e-23
-1.661767994399227189e-22
7.754455710497585623e-23
2.904233802523236553e-22
-6.629634444165946118e-23
1.081685975002621265e-22
2.403092373437357027e-23
1.001336640591387250e-22
-1.502700221150098290e-22
-2.590912555037095788e-23
-2.524396900733138658e-22
-1.107646226559287489e-23
3.865541870687113446e-23
1.196409164009676549e-22
-2.390923198483889298e-23
4.251640781359736495e-22
-1.523072079802189982e-22
6.413587184258659096e-23
8.071081244335509411e-23
-9.168812481898003263e-23
-3.206964319989976815e-22
1.017955350164164557e-22
-5.737999989095017362e-23
-6.655663786679531960e-23
1.914227074121917031e-22
4.662908946534238567e-23
-3.977857498325781676e-24
-9.393614268446575070e-23
-4.630112211595345420e-23
1.285209956993041000e-22
2.351246535774656005e-22
1.626787950007274855e-23
-1.421555263376963942e-22
-1.066116505577581835e-22
2.168285411505457103e-23
-6.700325249408454977e-23
9.009575775785312156e-23
-1.604704434002574098e-22
-1.959869302614919798e-22
-1.293934850385738846e-23
-7.488956484452587597e-23
1.266221629656744887e-22
-1.188060941425729308e-22
1.481846513753802184e-22
4.558523502913125888e-23
-4.220703640605136719e-22
-1.111043393346041459e-22
6.244514689434176077e-23
-2.029176563192641648e-22
-1.689051722762212902e-22
6.706995812822003188e-23
3.654511232393509457e-23
8.601243373617808169e-23
-3.987216233674634813e-23
9.157025257196494366e-23
1.770351797724977778e-22
8.686422963490337854e-23
1.017900168681469032e-23
1.379788305159941548e-22
1.742979386190114954e-22
-9.736605090147358000e-23
1.120826690060306182e-22
1.094818686898449979e-23
5.234465468447947181e-23
1.335229643541392279e-22
-2.361806129721500208e-22
-8.039756572004553818e-25
1.061028233035173528e-22
1.070494890359454714e-22
2.158924289021168680e-22
-1.561147660824534034e-22
2.496827983872289500e-22
8.902793859155937287e-23
2.689926777349868805e-23
3.284236031039700470e-23
-3.167609689954239942e-23
5.178609231805069121e-23
-8.032467575558105921e-23
1.643546187526262291e-22
-1.355945712092170416e-22
9.135062852005221021e-23
-1.378494012051129569e-22
-6.993242086956771594e-23
-6.486665609996284498e-23
4.658784206158545493e-23
-1.420356549246782603e-22
-1.115787668041194646e-22
6.444233997946978668e-24
-2.204107807212773473e-22
9.617019947405452172e-23
-2.293445785237911160e-22
-1.072169750655903331e-23
-3.682622986809092673e-23
-3.994645965238832513e-23
-2.942977367085946927e-23
-1.876521056349673970e-23
8.949713124356555540e-23
-7.413844695594816858e-23
-1.046670042900203706e-22
-8.405800705916603430e-23
2.508221940463586468e-23
-1.031689475659880887e-22
-3.865555866525704479e-23
2.747799066546160519e-23
-1.460525383658474966e-22
-1.378750335977191672e-22
1.678640724024176060e-22
7.749833667476377222e-23
2.109669649598939472e-23
1.276164302648933174e-22
1.367808349377700872e-24
1.665976351769917041e-22
3.614287772662854272e-23
1.468757612654430118e-22
-4.419655519550505996e-23
1.469144899808728711e-22
1.632405473426951227e-22
3.294604919573361047e-23
-2.053647406948219916e-23
-5.516156933299544854e-23
5.751345365195710543e-23
1.306285241983937764e-22
-1.392669449557798881e-22
7.871008241046364902e-23
-1.961338940658411108e-23
-8.399790027068058763e-23
1.596660464179775115e-22
-1.205550105225650801e-22
-3.938556643030934189e-24
6.115885371543229258e-23
-9.960480857475699060e-23
-7.673957579582274616e-23
1.502939164276347824e-22
-9.406981005860359413e-23
7.662731206571391057e-23
1.983687658241906241e-22
-6.137600408791288674e-23
-2.487023901758140559e-23
1.445990569687369302e-22
-1.667568519173754688e-22
-8.572474835004979945e-23
-1.986436505478870148e-22
-1.524150368050994984e-22
-2.078877939999145722e-23
-1.262766428667951796e-22
6.244024586609755709e-24
1.995346805064249904e-22
1.299200627497134807e-22
2.065746975134422789e-23
6.129103581189257293e-23
-2.180689637844883198e-22
4.922230463790618641e-23
-1.091176525784749384e-22
1.021981812486669850e-22
-1.287793120709149948e-22
1.353033785754073499e-22
1.193257119287205444e-22
-6.095787878479312318e-23
3.043034299254272460e-23
-3.295612659713362699e-23
9.469855074727316955e-24
-1.716885263864911305e-22
-1.076033951483474010e-23
1.457724835125044858e-22
1.145102796361947801e-23
-8.698852761595905630e-23
-6.004495011944293316e-23
5.976706458131789109e-24
-3.415891643100897209e-22
-3.453116308597581494e-23
5.625764950362127995e-23
-4.352783838977083930e-23
1.116368805326291600e-22
6.118223075845798725e-23
8.477798058548447034e-23
1.201902056841480662e-22
5.654328157654337323e-23
-1.612121992644336231e-22
-7.812271875674246201e-23
1.877397600488698666e-23
2.717992457503486039e-22
-7.347699265393311414e-23
1.141993160470112440e-22
3.880719205212636902e-23
1.145545305167923944e-22
9.408371038180754957e-23
9.547492431270128733e-23
-1.931995763853745480e-24
-6.675122242172757136e-23
-7.069014214444664203e-23
-3.986610408703382343e-23
-2.572271126689084385e-23
1.466807206127843914e-22
3.720155239340912982e-23
-1.394478620655594600e-23
8.468134183580861538e-23
-1.358939499819152971e-22
-4.575956296442837827e-23
-1.500036632935005536e-22
-1.856705782987522865e-23
-1.486910956278271407e-22
-9.579699588560219957e-23
9.358128233358423762e-23
-9.286168385905138426e-23
1.126169138674293113e-22
-2.028124565914097349e-22
1.191840033690840949e-22
-1.684034278733350464e-22
-1.583386905808419399e-22
1.346267452615471590e-22
6.947899399435535260e-23
5.363628539262636297e-23
-5.079183521364961745e-23
1.655670017758273721e-22
6.945568515769771047e-23
-4.754723918277583213e-23
1.384936757488646563e-22
1.320309892391322318e-22
9.995229878470277104e-23
-7.412701528475199459e-23
-6.791671807454177045e-23
-1.282856140966108472e-22
-6.152488930150035157e-23
-2.114115881423087815e-22
1.916274594059058058e-22
9.258189851245104085e-23
1.759055266341868405e-22
-3.837267339587878945e-23
8.796035549303784189e-23
9.459792584660280493e-23
-1.697355867848928073e-22
7.251677068796519602e-23
6.665962795469061907e-23
-4.249199188833976275e-23
9.851306648773568219e-24
-1.294988441582772745e-22
-2.624135411662912812e-23
-3.061792730765490525e-22
-8.453568521743066741e-23
-1.645111143449836338e-22
4.624131700400445837e-23
-1.013790594653668323e-22
-3.849133420614162480e-23
-1.041651806745421494e-22
1.546804303046011211e-22
5.040815169643297423e-23
1.317128865668587500e-22
2.466123127325037691e-22
2.802448433308449271e-22
-1.378201570207422278e-22
-9.452658208289850300e-23
-8.779077312460709848e-23
2.480281567754485474e-22
-7.802018035686850427e-23
-1.838995966477584326e-23
-3.435849416211465151e-23
-1.208173754582887551e-22
-1.118950832108911632e-22
-2.760312870164250670e-22
2.333336902519374096e-22
2.870550543589284298e-23
-1.237589925781914410e-22
-5.091840287242633166e-23
1.166459672734590606e-22
7.422969196026654388e-23
2.779607189440939134e-22
-9.056443243382435736e-24
6.844929087306108374e-23
-1.728718825515688171e-22
5.413002830879592186e-23
2.371298755159661280e-22
2.141627984285134114e-22
-5.907477469610178907e-24
-1.354405752275851190e-22
-1.239603133101771942e-22
7.757173065809532299e-23
-7.604428037809490626e-23
-1.248230421754680621e-23
1.414005123733776948e-22
-1.225564353371252883e-22
3.460611090382538776e-22
-1.654858374031982579e-22
-5.642341950400171703e-23
2.569873759617005862e-23
1.003172087142580405e-23
-1.272802947546886897e-22
-8.329210700511527229e-23
-2.857091377767220346e-22
1.075380586430972021e-22
-4.008141089932410730e-23
-5.809396098631265786e-23
-1.319443186847639877e-22
-1.202459258306093411e-23
-8.274734402819370351e-23
8.064266695135169657e-23
-2.193315951193163439e-22
2.357952412229797793e-24
4.032427522883402054e-23
-7.867822058567518138e-23
3.728021222246234951e-23
5.143651127381560037e-23
8.171118916035338430e-23
8.564124349966399611e-23
-2.552668538614885493e-22
9.390519655433757203e-23
2.382824853745333781e-23
1.189908254581365290e-22
-2.049250868299573461e-23
-1.584354252834435825e-23
2.560723387032781530e-22
1.188672816350212320e-23
7.938236578317196146e-23
4.965224027843616830e-23
2.574686828442095258e-23
3.759317923301334775e-23
9.417592510458102386e-24
-3.360883092372136760e-22
1.327544262450063212e-22
7.196993903546078826e-23
1.233825454566171324e-22
7.414808561658375199e-23
-3.216948273534854286e-23
2.404324436687440770e-22
4.716646813259938751e-23
-3.896292259135915358e-23
-4.309429384555092473e-23
-9.984512297097389368e-23
1.398782049419217124e-22
-9.067147581781620262e-23
1.066654485525457928e-22
-2.077125092768959320e-22
-2.705454180537757234e-23
1.105013658244085735e-22
-2.376325046715728028e-22
-4.912024022866384865e-23
-3.496464482839978172e-23
-3.769668696181404308e-22
1.234113416675338052e-22
-2.399024930924563003e-23
2.210295214486468104e-22
-9.805040737433570240e-23
-8.616959401052304454e-23
-1.726795874061911457e-22
-7.469223234118128330e-23
1.612280054869236226e-22
-9.632087315990426337e-23
-8.292968221735005182e-23
1.485310247446921134e-22
-1.036585223385344150e-22
1.671272230217910029e-22
1.196608348029597945e-22
7.849073921612755340e-24
8.979799582975521188e-24
-3.458656304915719250e-23
3.204284810537878975e-22
-6.619370638826850566e-23
-1.117417975862681072e-22
1.691000572541292049e-22
-1.387841988619236918e-22
1.281658145571466835e-22
-9.022233445926305195e-23
6.455995391254826071e-23
-1.135212277822403495e-22
1.209376207781920423e-22
-1.342942869867141622e-23
1.801016438842318053e-23
-7.851644563515461509e-23
3.372531006373993053e-22
-1.666471737394985430e-22
9.141565023994986426e-23
-1.029329406016098990e-22
-1.124133510835380908e-22
2.316275407954862301e-22
-1.880115126039307440e-22
1.147767635876940849e-22
-8.865256953652155701e-24
3.315795743608744518e-23
6.413860976815774013e-23
1.793096528342272189e-23
-1.853524470167684982e-22
-8.581675067848737566e-23
-2.250982512688232406e-22
5.515140347913221933e-23
-2.051976329440675842e-22
-2.502914587413621327e-23
7.444190378898297512e-23
1.202617736704668938e-22
2.203244289968888923e-22
-2.155265154079302189e-22
3.038167402540673473e-23
-2.564856493950775579e-22
-5.973225813646922266e-23
-1.961894721281095624e-22
8.542120989742214914e-23
-5.661979020637090964e-23
1.113705920879363171e-22
3.695949936885210044e-23
2.290738683916332932e-22
-6.410921579584931331e-24
-1.120396232495284858e-23
-3.400013318036606573e-24
-1.547039898872790994e-23
1.291966959964879088e-22
1.560964733979379514e-22
-5.609895866510450678e-23
1.142658288163478538e-22
4.532641755854965655e-23
-1.475860994662747711e-22
7.186291226930037272e-23
-1.822290570913038208e-23
1.313699322941307408e-22
2.205514496794628107e-23
3.903270228668253450e-23
1.511282908050665666e-22
-9.291870014833131570e-23
-1.363798895493439530e-23
5.610467050746300192e-24
8.328014036066630470e-23
-1.067261014072798006e-22
7.292761553704824599e-23
-7.263180043549377845e-23
-9.466256975299047516e-23
-3.486255032226328318e-23
-8.025674705912765013e-23
-6.966887494881195623e-23
1.721190804588555333e-22
-7.068624262381974954e-23
-4.110369690337384844e-23
1.245413960343911036e-22
-9.356049401652528300e-23
-1.990799953264310117e-22
4.112152895802309752e-23
1.630522351081760526e-22
-9.579543652328443573e-23
-1.572732091339449204e-22
3.275009181943836244e-23
-1.353249816067080343e-22
5.800117116880276583e-23
3.619865331248203393e-22
4.772187043412298940e-23
9.306947625370507605e-24
-1.569799552397989887e-22
-1.658212030024168226e-22
2.303707854463921848e-22
8.232668806515011240e-23
-1.401395837029166393e-22
-8.882585380822788413e-23
-2.279926174722584278e-22
1.492748593960098666e-22
-1.876441832610351551e-22
-2.281824269165732390e-23
-1.935536855034620697e-22
4.376735084140250502e-23
9.016496242576527179e-23
-1.902965736074285257e-22
-1.044719896528789458e-22
-4.433121876119179067e-23
2.601745607581844302e-22
2.267677196377530910e-22
-3.627657664221118425e-23
-1.202943619334079485e-22
1.105098756498363977e-22
-6.343255873788792459e-24
1.962428141310901614e-23
6.273539917570821721e-23
6.234006698687005866e-23
-9.732440135872935407e-23
1.643559997621246060e-22
6.351413404493117632e-24
2.081285398738416151e-22
-4.988072868757753485e-24
-5.003251830226160315e-23
-9.768849436077130164e-23
2.315990535034653530e-22
2.760250840722792794e-24
-6.498405613480212840e-23
4.376955282482164614e-23
-6.079882930552092011e-23
2.186228774211548041e-22
1.946537293896925988e-23
1.224742319888000572e-22
1.392536135191849793e-23
1.011387679475977619e-22
1.648996145351703660e-22
6.676432139410905719e-24
2.867012471257872763e-23
-1.263778106557475777e-22
-6.522449461235942550e-23
-1.059375089659066061e-22
1.410202915088585855e-23
-3.871374723361274944e-23
1.600771857971964920e-22
-2.360823617766193635e-22
-2.791700909677116015e-22
-1.286810729542915497e-22
-1.472223496545243003e-22
-1.290203635770377376e-22
-7.448386052883321004e-23
-9.006278405097333207e-23
6.709054329253807453e-23
-1.983520818919686790e-23
-5.104693076785716840e-23
2.440595539018557589e-22
4.971801835446914863e-23
-1.458517021107113072e-22
-1.711154090845896084e-22
-9.564176231211268342e-23
1.559446019300802026e-22
-2.481649469928101623e-22
1.037757589378265932e-22
-1.318054367551505023e-22
1.202776567216987072e-22
1.064127408071928534e-23
6.569415546435181836e-23
-3.395917495957010476e-23
-8.375813044696289388e-24
-4.904480072975291519e-23
-1.180421335537104232e-22
3.830117158395538455e-23
-5.077150916050559131e-23
-6.673960553025250280e-23
3.289482269894052790e-22
-6.776800870376958115e-23
1.871468695845422959e-23
4.456911042713614471e-23
2.144002713085946733e-22
-8.299249206576582308e-23
1.615099663877791767e-22
6.901091709159298620e-23
1.448063891583262427e-22
1.735269115623316922e-22
1.141525154302377627e-22
1.642887722709019794e-22
2.214678984990366202e-22
7.413833631669262129e-23
1.128984163056017835e-22
-1.198290709318257166e-23
-3.687090851808162214e-23
1.862475956944528398e-23
-2.385447505980361143e-23
-2.586875696988578804e-23
-3.798696403077467645e-23
1.464773755059422588e-22
-2.810863759803977171e-23
-4.996448370169397832e-23
-2.821844455023480187e-22
-7.184264014683770411e-23
3.014316818791602914e-23
-1.142842324421993192e-22
-1.382468762861805133e-22
-2.021173540808427155e-23
9.700770766099795710e-23
-5.402421805452532805e-23
-1.126909360985854861e-22
-1.369196261374513950e-22
-5.830431212678705889e-23
-1.359961984702126761e-22
-1.865217014684794300e-22
2.515019812732165845e-23
-1.580230077540865989e-22
-3.518747465126712432e-22
-9.636636183588848915e-23
-4.812319737981213681e-23
-4.888260284825668234e-23
-9.212418325714432179e-24
1.273506325413883602e-23
-7.081791371308597096e-23
2.555949033213800755e-22
1.861710025918704319e-23
6.845717166741646998e-23
-8.416968520559656458e-23
1.218565948285739344e-22
-8.357484323849819559e-23
2.012805182960380520e-22
1.367961535970688076e-22
-6.795327921828713113e-23
4.075932409613429893e-23
2.343094526181357947e-23
1.452283595248564415e-22
3.342439567628364381e-23
3.216679664599059865e-22
-1.028441212510151084e-22
1.723198560999080408e-22
-7.807497033474268480e-23
1.127905980716564781e-22
-7.307570822880513752e-23
1.292186524063969768e-22
-1.085952793853092648e-22
2.742630204622314732e-22
-2.600231084644058165e-23
1.247352060471680128e-22
5.755418506751009612e-23
-1.720258634396694822e-22
-2.001378191852359000e-23
-1.288491178311180175e-22
-1.366128554823342412e-24
9.328570073088994011e-23
1.488675037231366549e-23
-6.067914270200602624e-24
-7.148956475776310453e-23
6.671015879389258996e-23
2.938652528713275303e-22
-9.366620420481715418e-23
1.088373904159603172e-22
1.976761119549309857e-22
-1.141835823246223319e-22
9.277146206232806162e-24
-6.788618309166955438e-23
-2.893928998992555595e-22
-9.466859044050967302e-24
-1.136200449382539041e-22
4.376635318294364377e-23
4.590084563456430695e-23
-1.091255588647999335e-22
-1.410012063762305381e-22
-1.595814214278779846e-22
-1.290448756807422294e-22
3.082071232334249301e-24
6.190085212834005143e-23
-1.690822631660079393e-22
-1.917769439358723276e-22
2.045778844105142183e-22
2.812440990720954713e-23
-4.491943995909597967e-22
-1.728302169272115781e-22
-7.885817935606786475e-24
-8.744634408324799953e-23
8.216898586261100705e-23
1.049563967691109131e-22
6.573148698421601246e-23
6.663334283877687517e-23
2.001311382530429480e-22
-2.576664795686615751e-22
1.397799711772030471e-23
-1.478123532705862827e-23
1.298325556444784262e-22
-1.057092455188230643e-23
6.847491495971916756e-23
2.917799979971988351e-22
1.370127101073780511e-22
-8.747473936570100120e-23
1.554084575636673864e-22
3.005507362946712870e-22
-8.097398520924134658e-23
-3.534767722886626586e-23
2.477159863262465860e-22
-2.256904743369575412e-22
-8.506228817848669545e-23
4.584966546196980286e-23
3.853719611201610672e-23
1.567812718387157576e-22
4.782868282622223900e-23
-1.535192159000470368e-22
1.043779016224650667e-22
3.044055678491681937e-23
-1.454015314442663569e-22
1.294142650829840814e-22
-2.502139701047344041e-23
1.580975014673553608e-22
-8.380721083901772337e-24
-9.731493103081229000e-23
5.037890002685942656e-23
5.456494335770665502e-24
1.105506747839295305e-22
-3.800488290732338899e-23
4.956229602183498764e-23
-1.287563711827135273e-22
-9.151566104220296781e-23
-2.371088559419274948e-22
8.007780085331354821e-23
-6.554893898479705778e-23
-6.732436909081937844e-23
-1.758589148282691122e-22
-7.594231775513905582e-23
-4.908591060882090759e-23
9.661549433381469759e-23
-7.385410308940292187e-23
4.168994875183442757e-22
3.041980526723724284e-24
-1.079625796518988462e-22
-1.333423028638834152e-22
1.754147305014020257e-23
-2.517751823406962864e-23
-1.018225913520021874e-22
1.167169720706663333e-22
-3.434336288421347862e-22
1.465810889251734108e-22
-6.777993511654956196e-23
-1.425704715451882952e-23
4.820323651981808374e-23
-2.917487507452265269e-22
-3.015119553702715324e-23
-6.876090712333624672e-23
2.539561135311293534e-22
-2.577261351773000693e-22
6.536896104128273711e-23
1.578926931216251911e-22
-1.745655294406287088e-22
2.214165362225122043e-22
-1.995920641473300651e-22
1.477215399149624110e-22
9.221410862965998211e-23
1.787549240056800679e-22
-6.971816030558437040e-23
3.086884692077005350e-22
-3.832449177255069819e-23
1.796146619595002028e-22
1.960137381361229432e-22
-9.796084476943300123e-23
-3.768621433199399959e-23
1.298878375955013032e-22
-1.501669585919299030e-22
3.678138363684110234e-23
7.239913108243877517e-23
1.433174922818014286e-22
-8.403646850608679446e-23
-2.176343898835829047e-22
1.327342769893823381e-22
-3.212445397588930810e-23
-1.979496353687088415e-22
3.822251731484921447e-23
-4.543731062036284588e-23
1.287433533798659374e-22
-9.543871449804582855e-23
8.506475079278528089e-23
-3.007639172788686092e-22
-7.697220182704041361e-23
1.077224240692043745e-22
-1.279330826139743941e-22
3.380257870744844035e-22
4.690412207962074027e-23
-7.812999325047752861e-23
-4.468988308193257285e-23
-2.196506994072632679e-22
1.136378375464104787e-22
-1.483935649776982751e-22
3.182870321551912028e-22
-1.947653395427540299e-22
-4.266001576113492356e-23
-1.707718849237397235e-23
3.505193936518633240e-22
-2.400986853345462328e-22
1.685771717268252405e-23
3.948209204442587783e-23
3.148438729327266739e-22
2.307994791198811999e-23
-2.040999740909916074e-23
-1.859788781772712774e-23
-6.577251351192742814e-23
1.803537133413744054e-23
1.147293505992318866e-22
-7.473768221751657203e-23
-2.976626617804526657e-24
-2.823739488397732177e-22
-1.580660277642900463e-22
-3.264446606119914772e-22
4.161756300016748290e-23
-4.306202723540355542e-23
-8.092743621124885221e-23
-7.257531809273859954e-23
-1.313326001751489555e-22
2.172157328912327026e-22
9.609888827288659881e-23
-4.607379173577802452e-23
-1.407536653568822773e-23
4.033070239105168591e-23
-1.979040360466710553e-22
-2.040779633188118659e-23
9.293768505330712062e-23
1.531518531036933713e-22
6.625393878155740642e-23
4.626634187837465019e-23
2.152891366059146342e-22
-1.308514886892022582e-22
2.764808078424929890e-23
2.342723699573961337e-22
-7.452392555099245581e-23
-4.012885255791430633e-23
-4.679649078523176156e-24
2.549055826794184109e-22
7.902138130297213968e-23
-1.271335539417511050e-22
1.894657860264920520e-22
-9.617737341769631843e-23
3.525149314716481684e-23
4.194240391542003967e-23
-1.043509426811628411e-22
1.743060768867166904e-23
-9.543824410545417484e-24
1.228232566159894479e-22
-6.671855686887660453e-23
-1.761372503140510764e-22
1.419433411776827409e-22
-3.056505222885070619e-23
2.211034922645653215e-22
-1.163501254618835177e-22
7.850235550874657237e-23
-1.115083522566634247e-22
7.272674200761963070e-23
-1.308971513066366378e-22
-3.750326171277750485e-23
-1.283835928798091501e-24
1.073857719242312316e-22
-6.064666547163514517e-24
-9.493926831679941979e-23
-1.327974085583872971e-23
1.241755997548991591e-22
-3.026938665336774332e-22
-5.310450280320506172e-24
-7.692530009407818779e-23
-5.845504199219016670e-23
-6.351726639467854847e-23
1.023402145272624326e-22
4.083047313349689948e-23
-2.748178225817020702e-22
1.308748764118981717e-22
-9.803576432763524936e-23
1.403331804306164265e-23
1.594999920324400307e-22
-3.284250475082458472e-23
-2.151593014611868178e-22
-1.225241331224827357e-23
1.743103030498278872e-22
-1.393714304837257919e-22
1.352030636263694556e-22
-3.964540747712082546e-23
8.779400828674678049e-23
1.639661811695610376e-22
-3.829975465137490198e-23
1.133970086789446065e-22
-3.305237992236562743e-22
4.676771632318127584e-23
-1.329068189342083932e-22
-7.517625073693909592e-23
2.549024716080339863e-23
-3.492070236492883096e-23
-1.797397560182142652e-22
2.424891852896239892e-22
-1.100571348320658831e-22
1.003871789767031937e-22
7.106465652453587446e-24
1.953668223402329900e-22
-7.661236564129459974e-23
1.804342620532819146e-23
2.118215774392026002e-23
1.907005742784334882e-22
2.061958038858042300e-22
-5.261325782670811446e-23
-1.506985690198036163e-22
1.142277721458993119e-22
-2.774983690666621214e-23
-1.973185926256561837e-23
1.729915949656038372e-22
9.989652473733360606e-23
-3.942833697081172855e-24
3.839201549539752595e-23
1.167771006356539685e-23
2.134163153756125066e-22
2.311330971318914618e-22
-1.912253039658609356e-22
4.959372281403643795e-23
2.376590867945070236e-22
-2.444499252098974928e-22
-3.248990746771783096e-22
6.647175820228881663e-23
1.628595959449707069e-22
-7.634965861182950254e-23
-1.317102961561638908e-22
1.372161971283458346e-23
6.334985792168899867e-23
-3.191063095285820530e-23
-3.097138824423679627e-22
8.391199389422131054e-23
-1.787159515454870858e-22
2.551448183828653730e-22
-1.840991963440573967e-22
-4.406460230177681574e-23
-2.402507744808648148e-22
-2.499452619234249551e-22
-5.481871035396439296e-24
-1.007428654537546747e-22
1.058953703580505383e-22
-6.312933498974815297e-23
1.047937321307243683e-22
-8.107771168947754635e-23
-6.590955297948329639e-23
1.228033837401507913e-24
-3.957626139641893356e-25
-4.692518299739322393e-23
-4.543160981708152065e-23
7.941741933812282198e-23
-5.671975205222175603e-23
3.771626954212127666e-23
-3.647372567430350805e-23
-1.951921502875886817e-22
1.183973016826884850e-22
2.665429416129293074e-22
2.034936348844444927e-22
-2.095843106785660558e-22
3.391925405751277246e-23
1.707719922592009950e-22
4.646576132001062073e-23
9.246691583057902452e-24
