-1.587122421156948686e-22
-2.975191213740190037e-23
1.113027647704829313e-22
-8.542181071227748809e-24
8.141101698352898813e-23
-2.233042779369772849e-22
2.663679509719503611e-23
-3.862624209717776781e-22
-1.029422466751061368e-22
-2.548030346381460061e-22
-3.314482838950906046e-23
-1.620554126216103050e-22
-1.512929030761167868e-22
-8.312929355589067499e-23
-1.628216516674317890e-22
-4.555343195981261152e-23
-2.158022220188266389e-22
-1.952164449777461437e-22
-1.020161156500558574e-22
-8.286219256559795902e-23
-1.800967875031831571e-22
-2.371169818988229647e-22
-2.176513852868833634e-22
-3.350874256222056629e-22
-3.300945723784334911e-22
-3.905953661204178405e-22
-3.768677433664874879e-22
-3.379425261784428089e-22
-6.541360069659702285e-22
-4.696281254172815402e-22
-5.185309452614575391e-22
-4.450287918093670134e-22
-3.005554276289557546e-22
-4.814679149075626159e-22
-5.754682075305939103e-22
-6.715168625902155752e-22
-7.244920896363478329e-22
-7.122343738795373548e-22
-4.606116414170439108e-22
-6.510505704779566978e-22
-8.186114303222359491e-22
-6.189645968542177094e-22
-8.146402788358992465e-22
-5.946498319256108190e-22
-6.647239453150193953e-22
-8.011350763599509407e-22
-5.933540512987106000e-22
-9.893429424516435352e-22
-5.384906740486984684e-22
-7.036883246522974145e-22
-9.692399773628702479e-22
-7.588684177999903684e-22
-8.022348037297942395e-22
-8.425436296381737405e-22
-7.945935024657402340e-22
-8.297671093774094226e-22
-7.365565912457543939e-22
-7.225937354803728253e-22
-5.119598954280695478e-22
-6.684417277294133260e-22
-9.779425582808251516e-22
-8.167995714282349669e-22
-8.151294417326455065e-22
-7.739940395323287205e-22
-9.572607583469622051e-22
-8.524326691254910091e-22
-6.068905509868248550e-22
-9.344310041788720924e-22
-9.148269272606725183e-22
-7.432162760305665229e-22
-6.896572418624771622e-22
-8.086868815080003115e-22
-6.481240052095739645e-22
-9.171058855258758926e-22
-9.231178549963617363e-22
-6.978402964546641410e-22
-8.701167793288457099e-22
-7.577437265046256579e-22
-9.144378035516115527e-22
-6.347806511923690646e-22
-8.946641056069697754e-22
-5.450093879393408582e-22
-9.306743655245292723e-22
-7.547749831764849981e-22
-7.440949279789149002e-22
-5.461358537103873965e-22
-6.470127656663891474e-22
-9.163793308323596266e-22
-7.650671264707232702e-22
-6.344893606700835244e-22
-7.669375627381644437e-22
-6.368415520170394713e-22
-5.151489116324917550e-22
-5.744976918054990203e-22
-9.977181507953599313e-22
-2.911140719286653541e-22
-5.669626275465264778e-22
-7.703601784552115667e-22
-7.334894096850467476e-22
-5.597344061121777909e-22
-5.009144402870213999e-22
-3.357139590553828181e-22
-6.475974322042295658e-22
-5.275998873553621242e-22
-5.293697890604319351e-22
-3.921319935675432219e-22
-3.018291406521505113e-22
-6.924362044959334325e-22
-6.232089915767660464e-22
-4.265793837953783998e-22
-3.628099954264391834e-22
-3.369973243323697177e-22
-2.950430142321536457e-22
-4.765738127045368352e-22
-3.392540400205223025e-22
-2.538054588985310825e-22
-1.589349285112608367e-22
-4.693238731928882655e-22
-4.630825322452944162e-22
-1.402397642047476743e-22
-2.012256829604158116e-22
-2.188850502447403406e-22
-1.749896561158687811e-22
-1.941119036073858783e-22
-2.331248608810082061e-22
-1.561147521552548510e-22
-3.467557223764208746e-23
-2.646263094060241406e-22
-3.686337723031289260e-24
1.168967734977486815e-22
-1.435034283378062006e-22
7.050939388804071949e-23
-1.526282027354776106e-22
3.643275652818466410e-23
1.326508606029731681e-22
-7.201157625400855951e-23
2.155408803952269710e-22
1.096144537110437789e-22
3.733812297242015533e-22
1.934110277571944979e-22
1.053115886445478146e-22
2.480165610544042630e-22
4.225838773445887152e-22
2.905791651665635066e-22
4.886180755513309564e-22
4.157070087772918391e-22
2.283630744610026988e-22
3.681178413410384034e-22
5.270906631246125478e-22
2.229305864847565102e-22
5.695402868800720027e-22
9.524428937790587270e-23
5.497651795326796696e-22
4.848500482418504330e-22
2.376228963522811257e-22
2.823430994241262442e-22
4.461771877928934179e-22
6.673650042429419643e-22
3.439861582608454649e-22
5.638863656366896569e-22
5.326907254094445019e-22
6.388287046373171930e-22
9.434383167155912106e-22
6.962967477829973446e-22
6.894544874198491841e-22
7.181443520077657739e-22
5.997327277846393932e-22
7.228140961360705977e-22
4.873486047621168966e-22
7.487455660631048065e-22
4.485009200133153296e-22
5.205314924394669548e-22
6.794578911571837541e-22
6.634278382640307197e-22
6.831756356607649537e-22
7.078423269795053647e-22
8.034521809144462309e-22
8.256197921901991277e-22
7.012268921572499922e-22
7.525602345915687147e-22
6.301507322914749948e-22
8.173952652863136033e-22
7.256005674576303384e-22
7.797344768884679053e-22
8.516320790412394326e-22
9.758032909209262540e-22
8.777734425749503885e-22
8.999971156505438169e-22
7.424316765291418968e-22
9.348246860500289986e-22
5.235853885346336072e-22
9.054671354699875795e-22
1.006476059740811782e-21
8.663206204767662480e-22
6.649925987840632854e-22
8.391102237854095085e-22
8.570287899735827481e-22
8.501770156679769340e-22
6.512891119056585084e-22
8.465666324133869056e-22
7.179247440525715439e-22
9.472755400645696923e-22
9.655174250696495807e-22
6.533490100657397879e-22
1.101409117469525799e-21
5.974681933128855231e-22
1.002928734294652978e-21
5.606363822931935989e-22
7.410367630848402589e-22
6.422731369512592496e-22
6.236021603195729533e-22
7.648617668482593414e-22
5.866816068471419716e-22
1.047529552069484458e-21
4.172829322408631000e-22
1.016753305375181473e-21
7.553824572978663974e-22
7.002224317781677279e-22
6.490738665275744282e-22
5.496485762503050562e-22
3.547042760672788934e-22
7.399285393057156419e-22
8.620073988156497261e-22
5.695391672542023480e-22
4.440411763681091877e-22
4.708111737116924863e-22
7.759250132368671568e-22
6.257134725710095833e-22
5.958618921163629403e-22
6.132748187407022753e-22
4.958828756033951007e-22
5.072966809581531066e-22
3.739811069500928943e-22
4.461279206676738054e-22
4.936907474835073692e-22
4.033343639450852490e-22
2.616572816295039899e-22
3.136110443370864028e-22
4.707972909580418583e-22
2.854353673479621432e-22
2.073570534455351524e-22
3.413606410012023479e-22
1.204630730873553247e-22
1.487740812829863131e-22
2.410349692244400399e-22
7.088422711924227303e-23
2.229545896789885103e-22
1.820431626399066284e-22
1.647945554484577062e-22
2.719672597317945347e-23
2.734005660539097779e-23
1.355162916070408028e-22
-1.073557511987127286e-22
9.890968172515383795e-23
-1.399321387320038534e-23
1.202927331272998707e-22
-8.275953511767655010e-23
-1.095770810341309645e-23
-9.860897932114687982e-23
-1.123728533637063670e-22
1.546745797659593274e-22
-4.947850785123743675e-23
-2.039755672907517473e-22
-1.471698464256700148e-22
-3.892728787606164028e-22
-4.466654756394692024e-23
-1.040456397877063320e-22
-1.498002459063727320e-22
-3.974958873829963562e-22
-3.826204490489187194e-22
-4.753201893113550386e-22
-4.425488799751264527e-22
-4.227191019969634269e-22
-4.038979000626544148e-22
-4.872934563899463924e-22
-2.926103137094656833e-22
-3.074046789297827068e-22
-4.560300672284489364e-22
-6.261879341841962567e-22
-3.997220279874338529e-22
-3.784925772398802572e-22
-3.621091053840985838e-22
-5.355017713490590150e-22
-6.590618670974504297e-22
-6.223338660755646139e-22
-6.313693198962945399e-22
-5.608622351280865696e-22
-7.408504577200861176e-22
-6.460965457466368972e-22
-4.965977097026875741e-22
-6.403456212159871473e-22
-6.161272606131834505e-22
-5.669842297771208004e-22
-7.029157358882396105e-22
-7.632166405076395637e-22
-6.360603796785792281e-22
-7.660056260835808686e-22
-8.243495774313528748e-22
-7.132982567891610093e-22
-6.358485305944559914e-22
-7.921947442202219009e-22
-7.040067208670597177e-22
-7.856558929437517933e-22
-8.976560667317340129e-22
-7.283318385473786077e-22
-7.128362873947942303e-22
-7.788479843485179189e-22
-8.222512837924368203e-22
-9.585333970055243773e-22
-6.945833244131755581e-22
-8.194486503947553574e-22
-8.770417604380496072e-22
-7.638278234891483324e-22
-8.931639486844613437e-22
-7.475058515610413901e-22
-1.053981298747780548e-21
-7.630986241016339167e-22
-8.732950092549923202e-22
-6.708052792066701008e-22
-8.956119336488327402e-22
-8.044444230184635695e-22
-8.348249125347663175e-22
-7.307889279604892355e-22
-9.784690752985653839e-22
-7.131833970134187976e-22
-1.005180850128720841e-21
-9.851246437315703168e-22
-7.654259135723904167e-22
-8.990766179009997391e-22
-6.970481953025739631e-22
-9.043571600454408578e-22
-6.508274951902447469e-22
-9.749319287558954129e-22
-7.221121656518175606e-22
-8.531288855123978156e-22
-6.967173079087978628e-22
-6.675758051189265911e-22
-6.173678985882805696e-22
-5.459434281194326543e-22
-6.730556144487166890e-22
-7.768799074768726032e-22
-6.841538604213467912e-22
-4.998589540220456294e-22
-7.199900316802595598e-22
-7.060689871484304652e-22
-4.059269809105967893e-22
-8.714376738735037231e-22
-4.904015465959281628e-22
-5.170407989865107528e-22
-6.617129606014116253e-22
-5.880774445443027095e-22
-3.535248578784590695e-22
-6.683954261726947533e-22
-1.763775957621155601e-22
-4.524024373110561789e-22
-6.007592978110334385e-22
-2.661112545085592539e-22
-4.970892208352797710e-22
-1.451606021787288092e-22
-3.942031601562338596e-22
-2.828432311160813468e-22
-3.761206958670257285e-22
-9.478355477039259421e-23
-2.639448150958977508e-22
-2.712109290026640986e-22
-4.935215150330848653e-22
-1.459279270163213310e-22
-1.936623238355119144e-22
-2.533434910184085726e-22
-8.427866484757221857e-23
-2.081958999037854458e-22
-1.913099076576309323e-22
-2.103959351526130236e-22
-2.546136714638133339e-22
-7.706661864757212438e-23
-6.578492119002245259e-24
-1.242513477712458679e-22
6.058726071323476461e-23
3.326969748211149420e-23
5.656698834135506356e-23
1.966908612119712031e-22
-1.518925492071344218e-22
3.404350711576071522e-22
1.524082923602122756e-22
9.607899998350196432e-23
7.793819233579019168e-23
2.851369557097545576e-22
1.669052428436999351e-22
3.867634464654244525e-22
2.930559608281184859e-22
3.744349048632231447e-22
3.546148887175717042e-22
1.292035386123130802e-22
4.074026668138002015e-22
3.233137738504841297e-22
1.305562761588839065e-22
4.531372500351834900e-22
3.142832443927213784e-22
5.284270588069228025e-22
2.090944145883507555e-22
6.255961287999436985e-22
3.233009934485000021e-22
7.167468566688454115e-22
5.985408812283640714e-22
6.849167439548500677e-22
5.390184648863965968e-22
5.169398880327510530e-22
8.110996757168235010e-22
1.893947116137882423e-22
7.047413148149329384e-22
6.691829678583282973e-22
6.854459234386643840e-22
7.152504225141073073e-22
7.194148549765569835e-22
5.365230891831372850e-22
8.141918531570881043e-22
8.750827931073905990e-22
9.213799936106226216e-22
7.869082488489255374e-22
7.641226592083663728e-22
7.282251524445038067e-22
5.162982385219091533e-22
9.411205649037212614e-22
9.322737334433819600e-22
5.555173770692260684e-22
8.027645036898934324e-22
7.477757418915157221e-22
5.390513934174527222e-22
7.739999823445164524e-22
8.380634176007103815e-22
1.000574869417696964e-21
6.996799524603044863e-22
9.070831486566053994e-22
8.535319593396234610e-22
9.866484058415332317e-22
8.325588874534437481e-22
7.423121991071476209e-22
9.491004846611513509e-22
7.661730800841724395e-22
1.083770478860999011e-21
8.568977142211416730e-22
8.884577026441516881e-22
9.253251025136992314e-22
8.489093062844735006e-22
9.134016748487630800e-22
8.508853093024456009e-22
7.061129875274609741e-22
8.289686490832320299e-22
6.447715454507390243e-22
7.827180162017631934e-22
9.255796617224912810e-22
8.989699399930598248e-22
6.339483503826667653e-22
7.571217451894128400e-22
8.254832941422108587e-22
8.405525452319965547e-22
5.334548871778048818e-22
6.863048176604777685e-22
5.256945433472546473e-22
7.825452991091835968e-22
6.968765764676282180e-22
4.499033764091175145e-22
6.388188407866270165e-22
4.835051250323845141e-22
4.922407476353608351e-22
6.922698741317762138e-22
5.472407245420085506e-22
4.637630258508477620e-22
4.545063945588438848e-22
4.145284850297172964e-22
7.763596156298509118e-22
7.456066897053035091e-22
6.292732629737016466e-22
4.438253698349881635e-22
5.641908089127303392e-22
5.230469339492085474e-22
6.674616216988951572e-22
6.680948273650689740e-22
4.397807803957659911e-22
4.707420584225575886e-22
3.206322258089784489e-22
2.325837654087720092e-22
4.345267096461481865e-22
3.769371163217137360e-22
2.491897633640472637e-22
6.262034758167708672e-23
2.559134618820515714e-22
2.023486127112241941e-22
2.897352768379182345e-22
1.768011193601341328e-22
9.792142178967599008e-23
8.485671263124248247e-23
2.389334971650621480e-22
-4.482270758425149938e-23
3.852415050632550270e-23
-1.554583408162743128e-22
9.387167897099267320e-23
7.274023092079681703e-23
5.311351811605949113e-23
-4.593086067042354980e-23
-5.955791778591335734e-23
-2.108957171429870636e-22
-5.096063303192616487e-23
1.887117197997309291e-22
6.999728096120059194e-24
-2.628815121283268853e-22
-3.028730170834395016e-22
-4.713889644202220323e-22
-1.126876254886297321e-22
-4.023601496045558061e-22
-1.471768012488548842e-22
-6.425487376634021665e-22
-3.740463885967365985e-22
-1.935528529449615882e-22
-5.099249616752207762e-22
-4.589361383330196603e-22
-3.692534246048292685e-22
-2.458992271354922212e-22
-8.149248945573649613e-22
-6.416446502266736259e-22
-3.802860778508322579e-22
-6.098070351179632684e-22
-5.257152533534406962e-22
-6.712506805821834847e-22
-5.713113164632971256e-22
-4.424528260600396502e-22
-5.345834357998627059e-22
-6.795128724260631342e-22
-7.533513861378780351e-22
-5.663484711796085407e-22
-4.675324126934652683e-22
-5.531876112564742990e-22
-4.896960669314872007e-22
-1.012853815793759266e-21
-4.973486537675804423e-22
-5.610011369693465777e-22
-5.417612876106399008e-22
-7.036468567670928705e-22
-5.901911566898334044e-22
-9.735987628064003627e-22
-5.862517609392892845e-22
-8.536803081997891383e-22
-7.945244582301929635e-22
-1.014368902143589368e-21
-7.191172895315037169e-22
-7.613649876253057032e-22
-7.028505181590512033e-22
-7.961989715573064004e-22
-1.019157048280435672e-21
-1.069450318566191099e-21
-7.166068111783469391e-22
-1.160703166703825449e-21
-6.435804886910803883e-22
-8.240243224334778095e-22
-7.896660392174895222e-22
-1.127793603988931860e-21
-9.430630860994011148e-22
-9.873323822813411640e-22
-7.774530369072760320e-22
-7.512107471951216207e-22
-9.831278396996473156e-22
-8.718606656072147161e-22
-9.365652508100341497e-22
-7.327342238650526068e-22
-7.845432525152695292e-22
-9.070933384391612896e-22
-6.382524033512757589e-22
-7.022419774266470932e-22
-1.017311209750665298e-21
-6.396899728152459929e-22
-9.309239091198549781e-22
-6.958310523895098689e-22
-5.884066602616344404e-22
-9.051693159741171688e-22
-5.473097224062317740e-22
-6.664462753300769256e-22
-6.887598432046847362e-22
-6.446812487814723650e-22
-4.819064066020861697e-22
-6.495905000427710527e-22
-9.049385778717213944e-22
-6.475076650449258187e-22
-6.383100908840427355e-22
-6.492986937068967796e-22
-7.569195936596378798e-22
-7.592831030963957318e-22
-4.605260869069553523e-22
-6.414358500477990383e-22
-7.224495921990106729e-22
-7.010787795301833361e-22
-4.065785958065719242e-22
-5.519925720701330049e-22
-6.738101373883264683e-22
-3.383806566833079501e-22
-3.640689836318582245e-22
-6.632266762937137089e-22
-5.232201067111737165e-22
-2.629313083754175051e-22
-2.669832207180606324e-22
-4.172592640807220627e-22
-1.244871907516033606e-22
-4.454313116876729964e-22
-3.274522499755445219e-22
-3.655508991365827891e-22
-2.398892675351956691e-22
-2.958945771072301255e-22
-1.044281118391880910e-22
-1.572090741391943326e-22
-1.144407755649086324e-22
-2.003481267853410657e-22
-1.955490478814910800e-22
-2.577254969779411867e-23
-1.031646434784814555e-22
-5.884751296334749780e-23
1.628799277090285473e-22
7.522297445629562093e-23
4.681797781177394144e-23
3.208671209465267638e-23
5.470839073874236167e-25
1.301803074154349206e-22
3.608475339205006308e-22
-8.666589852922214774e-23
1.540551311873363435e-22
2.061496203261864631e-22
3.566255618632378118e-22
2.124984037720360700e-22
4.182192074883029515e-22
3.697479992341700766e-22
4.527639455725001620e-22
1.805538059264667491e-22
3.858300639167714667e-22
3.022492120655096746e-22
4.309165349915788125e-22
3.868571635048561942e-22
3.814591572087499294e-22
4.991916744909383706e-22
4.847757922380292336e-22
5.128544684269998107e-22
4.190360033308665397e-22
3.567185791322002382e-22
4.250425793665538227e-22
5.937303740539789641e-22
5.228727917531329689e-22
4.593840516620714613e-22
4.664661144071252559e-22
6.373656055252561239e-22
4.547024563975531147e-22
7.278972657866198170e-22
3.889708096613424753e-22
7.545832670890403691e-22
6.520092889743492122e-22
1.014527657268729612e-21
5.924567740077517883e-22
6.437227367769239852e-22
1.030189607572781993e-21
9.578468370479014880e-22
8.768530315581219288e-22
8.197537066060922858e-22
8.048301939354199208e-22
7.604595605473576753e-22
9.665177517259041593e-22
8.629452044519112852e-22
8.851485924208779698e-22
8.796682950598705547e-22
7.710517340650790725e-22
1.005428074026597706e-21
9.718201048605212939e-22
7.987787989627169579e-22
9.457893068668070827e-22
8.474829587526261239e-22
6.483814158197092328e-22
8.812954079966130984e-22
9.045240961849781681e-22
5.909192836325470445e-22
7.081701542469060247e-22
9.188480213439454781e-22
7.884138757307691481e-22
7.854418872515362351e-22
6.803639444658401440e-22
7.673601873554075151e-22
8.477433825836740768e-22
9.177921586212725806e-22
7.156128109922163096e-22
6.467697989085332714e-22
8.158373630944201217e-22
1.045810824149886705e-21
1.010146906184262926e-21
6.874353664963201586e-22
8.676411841411229550e-22
6.939215270052223839e-22
8.274379651327648515e-22
8.356111800681410913e-22
7.747340939502540250e-22
8.865544543261794502e-22
4.548707628339438624e-22
7.372548181309573726e-22
7.644261829512954475e-22
8.976995490002718645e-22
7.906405209625698602e-22
5.803711238771367569e-22
8.231298016871462132e-22
6.178098982182393243e-22
6.067660137997751655e-22
6.550800289769229260e-22
5.662218850644837681e-22
5.960596965958654316e-22
4.386735331745805435e-22
6.372893074553969817e-22
4.915386879211270913e-22
4.246008467643802753e-22
2.722804119732729958e-22
3.610904530736569552e-22
3.601425787461911761e-22
5.631221573387603684e-22
3.094724253137663329e-22
4.759842683983674994e-22
3.608018538867215913e-22
1.672028920740650589e-22
4.047219446359732734e-22
2.184040455913153544e-22
4.249606086600135313e-22
2.752849947997130003e-22
5.946988371510519199e-23
1.063519038932619184e-22
2.727495872050839515e-22
2.433775517093702925e-22
-1.866714547030183672e-22
9.117296417271727347e-23
-2.758212544241527866e-23
1.117224151712167260e-22
-1.911509021372321770e-23
2.266070390109799039e-23
-7.171346202560086370e-23
-1.874181509340870871e-22
-4.278290090568357273e-23
-1.349083210314105613e-22
-1.404527656312170753e-22
-3.135942367766398257e-22
-1.691565777513483058e-23
-1.391010128243096293e-22
-1.113636852542907346e-22
-1.363951928334317174e-22
-3.268231791796391458e-22
-1.781063283162860096e-22
-3.614202049172046718e-22
-5.511367584459252306e-22
-2.254231780304266157e-22
-2.100931415877703901e-22
-4.499994590940049053e-22
-3.767294152014695208e-22
-4.265000390993898677e-22
-6.839084426604534708e-22
-4.520627436589001249e-22
-6.134549055561345835e-22
-4.217663210074944065e-22
-5.782445659377104541e-22
-6.645960500293694057e-22
-7.158054970622095222e-22
-5.042461637526996881e-22
-5.660185739423324341e-22
-6.645041394049133974e-22
-6.422380339977300493e-22
-7.185103928703616890e-22
-6.614643207451512337e-22
-5.728241395492713163e-22
-4.470524083295837022e-22
-8.471660358891840684e-22
-6.445993571502902577e-22
-6.624875183680848004e-22
-6.926899870818882799e-22
-4.919155644957542933e-22
-9.001648212485494963e-22
-6.605369275503262749e-22
-7.903658715399735897e-22
-9.486543338440973442e-22
-8.499970660128114898e-22
-8.054546911569104652e-22
-1.017532568430146016e-21
-8.298620928245262740e-22
-8.209929742766172954e-22
-8.360618839207366428e-22
-9.045266315381707255e-22
-6.423765941894514228e-22
-1.198757390089691721e-21
-8.334404011133098728e-22
-1.154203415470134165e-21
-9.431853442179632263e-22
-8.099051218485102620e-22
-7.606686393580398229e-22
-8.317038722465579948e-22
-9.159622197355715599e-22
-8.702510079957685667e-22
-8.264735579997945806e-22
-7.532862061337046621e-22
-8.020870202595258433e-22
-8.082345242519857497e-22
-1.075204292561015903e-21
-6.630992322598798314e-22
-1.068851797706157256e-21
-9.139135040389341064e-22
-8.859985106529278716e-22
-7.278164753505078118e-22
-7.832989865784305816e-22
-7.777221683114353722e-22
-6.920969539699456264e-22
-8.860038908476517474e-22
-7.829874172228398432e-22
-8.513739171419906400e-22
-7.282013927140698449e-22
-7.010933680358239160e-22
-8.736164946880864456e-22
-5.077097176263173413e-22
-7.109981483611809897e-22
-6.243574543828802851e-22
-7.215405055342471773e-22
-4.559909645429072565e-22
-5.780620542497537588e-22
-5.011696196534283312e-22
-5.999209272564469211e-22
-7.260227353429283070e-22
-4.037497185494496373e-22
-5.031620272021675546e-22
-4.236684341834983104e-22
-3.645454226661548092e-22
-5.672521928341453378e-22
-6.059339055054844896e-22
-3.191250408689189472e-22
-3.857460919745157372e-22
-3.622589423372495484e-22
-6.059647262512467193e-22
-3.570793430015579312e-22
-3.744919431371318410e-22
-3.055648006440875576e-22
-5.924173106973332851e-22
-1.738296361844436980e-22
-9.816591808632360994e-23
4.502950802961571645e-24
-1.435978119716308887e-22
-1.013203510241621266e-22
-2.508350359706386178e-22
-2.220906567251150588e-22
-1.022103385580691532e-22
-2.517049957800632547e-22
1.065254588889177042e-22
-4.116663094148265724e-23
1.183111699478426835e-22
2.456022378526114763e-23
1.432247052244871603e-22
8.869850212667314574e-23
2.698864136177685944e-22
3.879176675348422942e-22
3.075620132808090563e-22
-1.285900632532342059e-22
5.664182859841789569e-23
2.133013923231599474e-22
2.166058277963649570e-22
3.031296399620740827e-22
2.745773355873437957e-22
2.172435760574500380e-22
2.401641740463717082e-22
2.845996912990874337e-22
5.871380548092593372e-22
6.065718572293596602e-22
4.257764636641981200e-22
6.615925312292040395e-22
3.382381139914487811e-22
5.964970808888505226e-22
5.743326639679768975e-22
6.472167152607068000e-22
4.974486955635275519e-22
3.661536388438558067e-22
4.479739369135191298e-22
7.821341264849945922e-22
5.595822232198579904e-22
7.182451567448050745e-22
5.394823199428619384e-22
7.603227571761430396e-22
5.475270637975744272e-22
8.492606646246344850e-22
5.605873060182355137e-22
8.558089851875583943e-22
6.758371026547768659e-22
4.503958337929739706e-22
1.027748664329408748e-21
6.858305754853377845e-22
8.771788973956364875e-22
8.073156458401074641e-22
7.730045075670456122e-22
8.447505498043169673e-22
8.645058113082770398e-22
9.066081513651831201e-22
6.506200359893709442e-22
9.348717128657793605e-22
8.327561657565500772e-22
1.007289723758679607e-21
8.576683614760064088e-22
1.029710213982480190e-21
9.857172751551537737e-22
1.025707765895953345e-21
7.124648099717921693e-22
7.985450668030936084e-22
1.012534932305755048e-21
9.846121672235683926e-22
8.033236907876654253e-22
9.995532734835988538e-22
8.849180618223830495e-22
1.077210254343029634e-21
8.589855696403109098e-22
5.642111099296040964e-22
7.515606141896551723e-22
1.034864571072792235e-21
6.397416719022887471e-22
8.563725768392228087e-22
7.457701670456060725e-22
6.678326487969600005e-22
7.234862670415499488e-22
7.406195648585045395e-22
9.392432962119220776e-22
7.288070443562710870e-22
7.947310459844601282e-22
6.526340916871104699e-22
9.325212801638307320e-22
6.076190453251149489e-22
9.061715857941047117e-22
7.842381319912193032e-22
6.820854417072619548e-22
9.690811501069425815e-22
6.847089254937798282e-22
6.893566305535770134e-22
6.415721301184802397e-22
5.346293600011359821e-22
6.928006120360884198e-22
4.541865075095236397e-22
3.933044625315255525e-22
6.526369755426200444e-22
3.575277833137171516e-22
3.059369500989951365e-22
2.300179811942871757e-22
2.775401616524554610e-22
4.176399974976896641e-22
2.744909016985288117e-22
3.917971198862871502e-22
5.396712260681688874e-22
5.105531343829754284e-22
4.166329998158783853e-22
9.739235725729225756e-23
2.548140167720899969e-22
1.607227891573308313e-22
1.137900043977431619e-22
1.503325345810511103e-22
3.423213311950287757e-22
1.853501218827678645e-23
1.307861419767043096e-22
-1.498594046433719641e-22
2.922942086008250120e-22
-3.655340843338685909e-22
4.038874370972892914e-22
1.687544634590836944e-23
5.492648829194131167e-23
-2.124492834659018543e-22
-1.698012040395125619e-22
-1.820759246900479048e-22
-9.353199009838012221e-23
-8.580468030648147533e-23
-2.738788437407323025e-23
-3.380106777534214917e-22
-1.170291901758697347e-22
-2.949612356526956230e-22
-4.514012629052762568e-22
-3.489746158002651643e-22
-5.100781434931053297e-22
-3.429586698058870603e-22
-2.294298490974395873e-22
-5.079072370822388883e-22
-7.171966866516941562e-22
-5.962110769488876038e-22
-4.630851509538904306e-22
-2.811850096648031572e-22
-5.747873605895346435e-22
-3.818339901394771653e-22
-4.586640243639540762e-22
-5.096840377375614622e-22
-6.887279316902662092e-22
-4.996221255801333865e-22
-5.877958686953691625e-22
-6.979677142181776817e-22
-5.186673307133588504e-22
-8.534404026578721594e-22
-8.175102724155491556e-22
-6.361029277730536853e-22
-7.426444386281656799e-22
-6.186050251217401923e-22
-8.926904178376894037e-22
-7.168926353709048735e-22
-7.325117235095497452e-22
-9.347997579606684269e-22
-7.495429198813346651e-22
-9.046486647451087980e-22
-7.755732688408749852e-22
-8.644523308346610200e-22
-7.519892779853876230e-22
-1.030302768437244848e-21
-8.876791754195560523e-22
-9.160619576890454213e-22
-9.548383488262440440e-22
-8.641064428239040641e-22
-5.836709678588453088e-22
-9.694584740319915212e-22
-1.106251430165395135e-21
-7.646045374595911682e-22
-9.834124731892813393e-22
-8.984161459006744036e-22
-9.581746789132057330e-22
-9.740163220450210487e-22
-1.033212999100467123e-21
-9.621766052989888390e-22
-8.379151178214885542e-22
-8.937938089299641197e-22
-6.616538450332126955e-22
-8.421099915900922068e-22
-8.241419133319670308e-22
-9.068773711080792100e-22
-9.361412929571776284e-22
-8.608207001110719300e-22
-1.008161551698884431e-21
-9.644712524938289123e-22
-8.403738081738658076e-22
-4.894364956835964215e-22
-8.249706659690182079e-22
-9.571092408544639964e-22
-7.718922279074897630e-22
-5.113161035335926319e-22
-6.984781098275640025e-22
-6.909978467340400260e-22
-5.524780759866582849e-22
-7.337953325591093543e-22
-7.999642808358700444e-22
-4.642717188711018560e-22
-4.714096224343725018e-22
-6.585016881626330385e-22
-7.206126893635235894e-22
-7.164957845405387628e-22
-2.115584727359991178e-22
-6.735694566124608984e-22
-5.895153823563630023e-22
-5.519194059276339179e-22
-2.485016415601274386e-22
-7.489507810054792511e-22
-3.442407343047140653e-22
-4.061134511028269691e-22
-3.224878307488323290e-22
-7.136433269382701160e-22
-3.919110487277459478e-23
-8.906573182954823401e-23
-2.504155555373830775e-22
-1.316188791529500288e-22
-2.327639810707051006e-22
-2.311233245482234851e-22
-1.212275252326132856e-22
-9.147285228443563828e-23
-2.639541887695865938e-22
-2.022875880179669478e-22
4.927033219262341668e-23
-2.332684977053977700e-22
-5.795569909509795617e-23
7.980456290703996239e-23
-1.531663007496197976e-22
-2.995833556483091009e-22
5.074596564483198160e-23
-1.405662676241909446e-22
8.114332532350357131e-24
3.296172857673277942e-22
2.527979997264360110e-24
3.813615781126855284e-22
5.215342452577817492e-23
4.941704624737203267e-22
2.992056749374674369e-22
3.379650867667908254e-22
3.926801745006462646e-22
1.719212019082737437e-22
5.455874521727272406e-22
2.519091113227288953e-22
5.354428809362043520e-22
5.270356434836304985e-22
6.006001961419065078e-22
6.204705453931235252e-22
5.001425062648422539e-22
4.468777397661802698e-22
6.598562097932556988e-22
6.142502676664110132e-22
5.921893219357087807e-22
5.262629686256597331e-22
5.439747047307970442e-22
6.886502197026128965e-22
5.015043615560557136e-22
8.213677950115524615e-22
7.293937696201090789e-22
5.662666066254666320e-22
9.471790590989175051e-22
6.279006579637235649e-22
1.048671863905828893e-21
7.931509047226456175e-22
1.031350062201326843e-21
7.249267387782136999e-22
6.979798467080064691e-22
6.686359468541167440e-22
1.102545282445782341e-21
7.419202809896356381e-22
8.325698220403338190e-22
7.426580319812602371e-22
1.001120085724457642e-21
8.193530631225172362e-22
6.928709317827183461e-22
1.014882223197199013e-21
1.096411954334458141e-21
6.835775444091378470e-22
9.081197485030285530e-22
1.162370482520044432e-21
5.463856639712840194e-22
1.148975705442545980e-21
8.662434584999535837e-22
7.981954766313922133e-22
8.874521706388323207e-22
9.124507227309987889e-22
1.022665377576993827e-21
8.292801918090781065e-22
9.573339351965656566e-22
1.019743338329747010e-21
8.767626522658818418e-22
7.319337656345718324e-22
7.769129987282440628e-22
8.701788454066576908e-22
8.224383762474157520e-22
7.923546300861810760e-22
8.031954542567926911e-22
8.220724926059413546e-22
8.300953146656285339e-22
8.561481522033603240e-22
7.848435070878853432e-22
7.955056173129213728e-22
6.772912761902686805e-22
6.936195401633355707e-22
8.051032097380798366e-22
5.744097854081418454e-22
7.454218063096864298e-22
5.649409589405249090e-22
5.745832396970655661e-22
5.755398890256653116e-22
4.950474600598534947e-22
6.521485304680084374e-22
7.800346311888286603e-22
8.224943912966092374e-22
4.008490824165409205e-22
6.665452477434588301e-22
5.783129909817980127e-22
3.218918018120643802e-22
5.789312690532783901e-22
3.740802236705251003e-22
1.893273965579687733e-22
2.005586794637927429e-22
6.881357759032123806e-23
5.180152901047027123e-22
9.533775372169138961e-23
2.881249298119343094e-22
2.434215883569997760e-22
8.191304832029621877e-24
-4.878734250120906871e-23
9.386977851723172281e-23
1.674672087941708917e-22
1.398799660588093330e-22
2.775178607057892849e-22
-1.099430625217964922e-22
4.386547454593676263e-23
3.947321735254346934e-23
-6.990435895037807242e-23
-9.961810777615710152e-23
-7.776457298740002778e-23
-2.357122621476108800e-23
-1.067461305730980562e-23
-1.827446321187885454e-22
-4.262648245846865406e-22
-2.326194579347651116e-22
-7.472659580117682526e-23
-2.356329322067152004e-22
-2.858925611215473447e-22
-3.753055223878985398e-22
-5.535175956043707184e-22
-6.904603566617754740e-23
-5.604106368124162897e-22
-4.147336562995947660e-22
-4.116796799396434316e-22
-3.025517780433749024e-22
-4.862997364830489391e-22
-6.528615539045431807e-22
-5.150400515204753406e-22
-3.596658943055878127e-22
-7.408965031458541840e-22
-3.913698083389317743e-22
-8.779134122999588025e-22
-5.927229186789361692e-22
-8.382418739833536028e-22
-6.370833690428201531e-22
-6.327778457946237243e-22
-7.237797358490319013e-22
-7.156467806800418257e-22
-7.026481082316802595e-22
-6.868812908265811442e-22
-6.617759861120360501e-22
-1.170602721791135495e-21
-8.068454004891783920e-22
-8.842994404029572314e-22
-8.999930573910737667e-22
-9.893980816241212187e-22
-8.009233213725758891e-22
-1.018250589828228226e-21
-8.356881847052108461e-22
-8.776647160088898318e-22
-1.048903706276210224e-21
-1.112025486586400134e-21
-1.341472780316105005e-21
-9.361988339422887531e-22
-9.126846704092141584e-22
-1.101009284420136920e-21
-8.033745811181493656e-22
-7.572446326056066613e-22
-8.453385467689636131e-22
-7.129689758705007443e-22
-8.242197018376656469e-22
-7.660691486947336416e-22
-8.548796750958167064e-22
-8.117781962528119817e-22
-8.880979714779971253e-22
-9.844793271847831489e-22
-9.504536815366317717e-22
-9.895484611881086328e-22
-7.795121116639036935e-22
-7.912068716113131275e-22
-1.026545349788102575e-21
-9.680548995143807843e-22
-7.863180873175940386e-22
-5.851085423123008087e-22
-6.700599600037573325e-22
-8.674777205287966552e-22
-7.145950428850494216e-22
-6.278848060793269889e-22
-9.183953923374918303e-22
-4.983782957608551308e-22
-7.558498639422216422e-22
-4.868867336497609272e-22
-8.691626592886756290e-22
-8.878124879834105405e-22
-6.315845148378657487e-22
-5.498205635743311571e-22
-5.491178914094191200e-22
-7.436123789125809192e-22
-6.701854873514624353e-22
-4.542101961735113827e-22
-3.144531651104904369e-22
-7.983050766391712386e-22
-2.533943159838394329e-22
-6.887401386423562219e-22
-4.075106612443513978e-22
-3.177315406756934655e-22
-3.194797784280102477e-22
-4.506522055452014880e-22
-2.826450121615327689e-22
-3.199197305972365282e-22
-4.204469037184431547e-22
-1.477960724055690155e-22
-1.503634225305565810e-22
-1.373462961719506119e-22
-2.493460513777208149e-22
-3.440535821736271773e-22
-8.200521957872842310e-23
-8.301306085932591431e-23
5.820401668669338659e-23
-2.549908152457475696e-22
7.509216067587708300e-23
1.564173960198329926e-23
-1.969522157815107029e-22
-1.594820025604604195e-23
3.727493280821153528e-22
8.365947882389073349e-23
1.568999780827532840e-22
-1.969142664176721930e-23
1.994234263974104380e-22
6.561193371783180377e-23
4.091633537558648857e-22
3.986884008328191439e-22
2.047926406295572431e-22
3.426728550219249252e-22
4.900668291495145398e-22
4.707617310083392766e-22
3.913300130493726351e-22
3.746969815151425201e-22
5.281038405336771537e-22
5.604506904286771602e-22
5.762424072864552577e-22
5.888195040143335042e-22
4.791308088140905225e-22
4.993159734173887655e-22
5.164864538277611918e-22
8.478623896415788341e-22
7.539721362559099972e-22
6.991066784047885038e-22
9.886186949824239852e-22
8.037338203341745498e-22
8.375793885208636786e-22
8.781706766697320024e-22
6.428681336987670785e-22
8.042118447872967104e-22
7.425299235769719113e-22
1.262099311294498780e-21
8.972481766820359619e-22
9.572082442858008760e-22
1.085086596392400543e-21
9.048256007845982989e-22
8.121797845449729980e-22
1.139844910261629260e-21
6.908515575035330163e-22
8.597330226120376016e-22
8.111400636242850978e-22
7.927892412061682396e-22
9.516678885070943142e-22
7.026513607156810927e-22
9.439992899653106338e-22
7.651659845273980431e-22
8.053933348679055902e-22
8.949969142169827426e-22
9.132483365057500047e-22
7.894204300328969328e-22
7.246005910174769300e-22
9.944029952274724736e-22
6.580308331861626223e-22
8.860116960765221140e-22
8.143198956152085018e-22
1.035768398921941674e-21
9.437131614118989498e-22
7.924016880199927345e-22
7.970968354040385424e-22
7.737756406134640150e-22
8.684346271202622968e-22
9.842091933285866296e-22
8.927541583342822918e-22
8.083517891525026523e-22
9.075639916179115437e-22
6.923766789846325834e-22
7.305989484998190913e-22
7.319035662391027759e-22
9.799234035648551897e-22
7.731793414491754571e-22
9.632339772064030761e-22
5.899995709383838412e-22
7.065321635276879759e-22
7.018643751358798205e-22
6.993433183016895298e-22
5.269430104084050998e-22
5.808980478963618477e-22
6.040751805359753594e-22
5.957258977158441972e-22
6.476039971099260841e-22
6.480434050956343423e-22
3.294660273975839435e-22
7.830025778515350545e-22
3.450468835900101541e-22
4.343223199542854889e-22
5.282442629310074215e-22
4.377140865216601842e-22
8.854234057567290137e-23
4.098380938894048701e-22
4.477268707699825021e-22
4.687024171510748110e-22
5.988714213336848417e-23
3.373766808074129059e-22
1.231359072108585222e-22
1.289682157663470858e-22
2.039360056144740934e-22
-2.425172014928681585e-22
-6.128892789108757085e-24
3.838891543342858738e-23
-2.991538529514520136e-22
7.033890373615949900e-23
-1.303395090695677271e-22
3.052398530667385765e-23
-4.991141462520129094e-22
-1.315483353253466393e-22
-3.576584639823209050e-22
-3.761086847872414927e-22
-5.251251719992853199e-22
-2.289966174054459673e-22
-4.549585351618029413e-22
-2.655181367403040777e-22
-2.416929209233058547e-22
-3.273200406456992388e-22
-5.783489182355371653e-22
-4.371449917573267460e-22
-3.309980583258888142e-22
-3.553901951179033585e-22
-6.054736451846374183e-22
-4.376828726946505824e-22
-4.267647817438812849e-22
-5.575702013035978818e-22
-6.169348040971043720e-22
-4.666038851654391722e-22
-8.056490071162980256e-22
-5.176985121137983145e-22
-7.725392946443569075e-22
-5.023062708132241527e-22
-9.414018395568696274e-22
-6.101396529301319761e-22
-9.340276360220218524e-22
-7.950557641585177123e-22
-1.124588813345658500e-21
-8.513549599057073189e-22
-9.696270785952861046e-22
-7.200368288576442930e-22
-8.583308335930537669e-22
-7.294503855513313868e-22
-8.854627197890097525e-22
-8.980875330565583973e-22
-9.391708762730317923e-22
-7.531513198582386157e-22
-8.357377933601281964e-22
-1.197807928161356393e-21
-8.137474101902084647e-22
-1.084761451328047954e-21
-8.011974737037319813e-22
-9.741338294774322331e-22
-8.831971273972367365e-22
-8.242968237522130950e-22
-1.150949651569326976e-21
-9.098516020700331665e-22
-1.203735064005128587e-21
-7.857046087505588017e-22
-1.077238523553744731e-21
-8.365631403231778251e-22
-9.948993815464796793e-22
-6.870051677310878591e-22
-9.506300942936874420e-22
-8.378149248700052897e-22
-7.432328687764349441e-22
-9.423997799053712784e-22
-1.011101692036666917e-21
-7.821718016535329686e-22
-9.664259908930519100e-22
-8.093955670391895951e-22
-7.075635804245014902e-22
-8.229352082570412179e-22
-6.560843636605502685e-22
-5.967213380478983969e-22
-8.153208027134733650e-22
-8.049321272219742458e-22
-5.875115889651243226e-22
-6.607252786508012616e-22
-5.916672322066010564e-22
-7.441919994039788578e-22
-6.882428800207754156e-22
-8.772358227343676496e-22
-6.603813239151007850e-22
-7.452284762050999498e-22
-5.314369223313153092e-22
-6.586537015192270532e-22
-6.063683657764943627e-22
-6.419063582198480446e-22
-3.223844346474591931e-22
-4.456442541483673395e-22
-4.926220320416414136e-22
-3.401324548943229448e-22
-3.928778885935251342e-22
-3.617367574646453540e-22
-3.180790137898036884e-22
-1.526888363243751564e-22
-1.711227907116027989e-22
-4.941995957295246726e-22
-3.515070579946674936e-23
-2.659017043432908685e-23
1.651412016806150321e-22
-1.384894694490490077e-22
2.091510359130463503e-22
-1.474623186010097241e-22
2.463385353123311238e-22
1.097379226389608862e-22
2.191199615481325509e-22
-6.922163095776502726e-23
1.120851777555362849e-22
1.577174555656453406e-22
2.593566377508569237e-22
1.922004815140366336e-22
7.541204852652232912e-23
3.620053190031806049e-22
3.313475881714784517e-22
5.354707057676933133e-22
4.001313042624409502e-22
4.065101820176510281e-22
5.914196256184828535e-22
4.644694369065248784e-22
4.820672069510178707e-22
5.874306450647891767e-22
4.927898702440685571e-22
1.497352151269339448e-22
8.543581876603273747e-22
6.082882928194977293e-22
5.783054521198818087e-22
7.612889395459548138e-22
7.376261494104891329e-22
8.440062693721652186e-22
6.722808681325223485e-22
7.240899799555070169e-22
9.387163394932982471e-22
6.998615045148368969e-22
8.910123315021086943e-22
8.342075155439271761e-22
8.810911368710161203e-22
7.735910384669052692e-22
6.451135772738275523e-22
9.069091876578894077e-22
7.626625878818615719e-22
9.372472936874956296e-22
8.157339860373234513e-22
9.824560650641988925e-22
9.135966441073237346e-22
8.907512679799829532e-22
6.916474272923079918e-22
1.078835297204000019e-21
8.634490237859246305e-22
7.827231277675800967e-22
8.667811680092992270e-22
9.833774358799426215e-22
1.007647064301533782e-21
8.981305726009717074e-22
1.094351967469750003e-21
1.014740997152816274e-21
1.074725098038785635e-21
8.393076372169875479e-22
9.521872893836712208e-22
9.242600598003289559e-22
9.808385046225979005e-22
1.238434346913052507e-21
7.331583796399205017e-22
1.236083886221471274e-21
7.894891080109564595e-22
9.865130415183121048e-22
7.877133469328286986e-22
9.881254643178156496e-22
8.342483250827775582e-22
7.927771663445817423e-22
9.860262275720643868e-22
7.966461536493855322e-22
8.333723009106762403e-22
1.070540237693311579e-21
5.848110078081293024e-22
8.415641906539029512e-22
6.119774505923374794e-22
7.160687294660526151e-22
3.464410470069295171e-22
6.457986176747432552e-22
4.858989494658498762e-22
5.121438728768321795e-22
4.951039064388111876e-22
5.880388794028223312e-22
3.113822716202325489e-22
5.022924966001541907e-22
3.387597500804497765e-22
4.435012123555436280e-22
4.551196695264716211e-22
2.795381853736807892e-22
2.674824578801771592e-22
2.200606053658748459e-22
2.388481637997668884e-22
3.454385970569938414e-22
1.649921743590835161e-22
1.791959014093901354e-22
2.639453705545102622e-22
8.064987030565261898e-23
1.815772469759162106e-22
-9.799097479972664300e-23
2.455287478706377991e-23
1.271439380166254548e-22
-2.725330440054129552e-24
8.650227095117234345e-23
-2.408674868159926536e-22
-5.728748609770083289e-23
-6.401475290450227980e-23
-3.204530338940679264e-22
-1.044621730352334945e-22
-1.993650975040393525e-22
-1.708333317127688656e-22
-3.182800014612930266e-22
-2.210763891104011246e-22
-2.233206928446705589e-22
-4.509929586655541875e-22
-5.655221326866901239e-22
-4.802496527881610141e-22
-6.045806918751432996e-22
-6.950400147294348741e-22
-4.540730247996789297e-22
-6.239737211789885579e-22
-4.297144094351842847e-22
-7.797698859201267908e-22
-6.478206756320496913e-22
-9.438452333577443535e-22
-8.904062032267927729e-22
-7.458483390963566787e-22
-7.098445398741237039e-22
-1.160318678640462618e-21
-5.192388878564535914e-22
-1.033701234735244944e-21
-7.788133128982147970e-22
-8.079072625003502622e-22
-9.350840892738319552e-22
-1.007893773358859087e-21
-8.288127993812820675e-22
-6.748553673476084592e-22
-8.141788685959373039e-22
-1.017099579413359140e-21
-8.127632150748149128e-22
-9.629609807906862443e-22
-8.059112220385507414e-22
-1.200886830091965235e-21
-8.534781697582286757e-22
-8.323321554239095413e-22
-9.259067296699872102e-22
-9.966975062272026229e-22
-1.009917453681053423e-21
-9.710424217310096527e-22
-9.508632047032863445e-22
-9.740936326173164868e-22
-9.091995564033644857e-22
-1.038752943857290695e-21
-7.838086966262724272e-22
-9.886498309040717315e-22
-6.692374206317180190e-22
-1.129583721744716607e-21
-9.216856415527110608e-22
-8.858466906198139632e-22
-8.261807462260147240e-22
-9.104119089746808197e-22
-9.202743410642767965e-22
-7.431708447437553086e-22
-1.020370996360618036e-21
-8.724120784523549039e-22
-9.665837780671554770e-22
-8.702212680665390769e-22
-8.265044907925842746e-22
-8.880886954489918687e-22
-8.001865150348679672e-22
-6.599713019356666495e-22
-7.015450082383906137e-22
-8.763336083594329811e-22
-5.706251165804745284e-22
-6.969291846497480259e-22
-8.080030853350219862e-22
-5.478450838365583196e-22
-4.846334622529458371e-22
-5.844263039191956061e-22
-7.840024358645800216e-22
-4.705560329176963172e-22
-4.329778842038082121e-22
-5.180572932313157138e-22
-4.693137695332950935e-22
-2.203858474481376689e-22
-4.209307586963726762e-22
-4.866330776256037235e-22
-1.194028882577823605e-22
-3.458535116368035786e-22
-2.792140621689673529e-22
-1.717041543491041082e-22
-7.665175596162991779e-23
5.244192496219050682e-23
-2.124951460397268506e-22
5.480096230409954884e-23
2.915479616769820983e-22
-1.020237173450763491e-22
-1.190436918376178369e-22
9.362500889730914873e-24
1.936955051064171311e-22
1.129595938464146132e-22
2.574168046907446371e-22
2.774850571562809747e-22
4.661798809197189394e-23
5.104871874085609773e-22
1.201293128665606821e-22
4.578107520596417313e-22
6.099406690954692181e-22
4.628974651509189980e-22
5.528044292736082901e-22
5.294242371082834911e-22
4.563743695646078861e-22
5.065882561846393114e-22
5.709412164570969081e-22
6.966912268807680149e-22
6.708170492769848714e-22
6.604901775512805467e-22
5.586168244332006321e-22
5.213174093184413150e-22
7.859826711388175740e-22
6.078898706771029462e-22
8.809465776976949677e-22
7.087261477772376793e-22
6.496627210603811186e-22
7.830602997410948611e-22
7.645564140532849557e-22
1.011664352466250601e-21
6.928616632732950623e-22
9.525452847946612698e-22
9.725180453475270053e-22
1.005076192696612964e-21
1.152156245216349453e-21
9.280194987650079662e-22
1.010638959481360035e-21
1.097933593964687371e-21
8.649264320814383800e-22
1.135609621264498708e-21
8.736620196203293651e-22
8.476155476820736103e-22
8.140062682441405091e-22
1.104406496699692449e-21
5.418307872099856840e-22
8.119959236607455637e-22
8.566475211944287354e-22
9.440434830067886777e-22
8.902619624981546184e-22
8.831493231564580673e-22
1.244122207106763112e-21
1.051755228007959520e-21
7.966911529333144750e-22
1.216113379353983065e-21
7.414156730544663407e-22
8.462819368094236345e-22
1.021292850179275513e-21
9.876311706913123415e-22
9.326108457911335925e-22
9.635331305727008118e-22
9.056240365587986046e-22
9.259847572023594914e-22
1.042505579569825283e-21
9.129999552186337628e-22
7.732903080903437584e-22
8.029729494293832839e-22
7.903107363139031567e-22
6.272731335947999732e-22
6.341502380219304758e-22
7.803926908254705694e-22
7.706134879803131452e-22
9.665993448710443625e-22
5.663844657560953023e-22
7.257784981808084674e-22
3.631509510543463458e-22
7.295273372476624398e-22
5.298489146066054881e-22
4.683623886882164838e-22
2.113966231251520060e-22
7.090031412623561472e-22
3.097906191861404395e-22
2.904994390238846905e-22
4.238562276889338454e-22
2.729146513787244570e-22
4.469688466662373129e-22
2.132199299925046286e-22
2.926396956246576949e-23
1.140444533393373795e-22
8.494383444038448830e-23
-1.012699089465971377e-22
1.139729344482016352e-22
-3.674371919283155244e-22
-1.446337190757553302e-22
-2.970516909775366266e-22
-9.182365674733412029e-23
-1.560492909564666121e-22
-2.709685752120475873e-22
-3.104378077943558036e-22
-2.340823306621983523e-22
-1.454554738611053016e-22
-3.158546158860382891e-22
-5.335504375398226303e-22
-5.462858151111750905e-22
-3.722962228389607253e-22
-5.460654415621907228e-22
-4.625202944073804129e-22
-5.282304828633365937e-22
-6.524621977199156602e-22
-5.241046524377903576e-22
-6.440605190725054474e-22
-6.544339475453774819e-22
-6.314870727418293828e-22
-7.858509386911578134e-22
-5.894435597392450298e-22
-6.971701134401860923e-22
-7.088426681521636838e-22
-6.003922874052552502e-22
-8.462412652987501016e-22
-1.005816722548524860e-21
-7.743188304446835016e-22
-8.041147774997573291e-22
-6.757029772617770571e-22
-8.120274449794948602e-22
-1.035246251457751636e-21
-6.979462496056516702e-22
-1.070058030784378881e-21
-1.007246456682932914e-21
-8.234509937795955346e-22
-7.964134308255501395e-22
-1.178687630630339018e-21
-5.507380766637757594e-22
-9.654573629806301147e-22
-1.182882532509048776e-21
-9.358758829651717608e-22
-9.940538483882052950e-22
-1.037650302273189640e-21
-9.406856537112774615e-22
-1.158425340460547788e-21
-1.046820894190925210e-21
-1.178195939165124231e-21
-8.769923732925428386e-22
-1.185270725060215832e-21
-9.232941853571991903e-22
-9.834526505258702096e-22
-7.981078583043016437e-22
-1.026225120184790130e-21
-6.857923584063939628e-22
-1.049150362587708460e-21
-1.018907985311348298e-21
-9.153202071319483387e-22
-9.879371848567994704e-22
-8.539212449838815354e-22
-1.021388673830209480e-21
-9.432590280756336813e-22
-8.725605187948446337e-22
-9.073846812427845464e-22
-6.359325668952200214e-22
-9.852204790419470572e-22
-4.608211021335165698e-22
-7.446830772520852846e-22
-6.583196454698480533e-22
-9.131223846785432369e-22
-5.968484290581610827e-22
-6.382870178465540543e-22
-8.133271862615713880e-22
-5.656261299253387847e-22
-5.985961801204285550e-22
-6.176796396701669276e-22
-4.713476749691508741e-22
-4.200078395114222335e-22
-2.670105874843159632e-22
-4.505779139034171060e-22
-2.702552150784961025e-22
-2.114813396194958749e-22
-2.183612975550640968e-22
3.836964888474309748e-23
-2.482817673502738331e-22
-1.954062301674120564e-22
-9.092745797170726904e-23
1.388427715049287254e-22
1.701081791511132577e-22
2.209760725721702995e-23
-2.339968076517332653e-23
3.956159550636313203e-22
1.270635484768956699e-22
1.225624998200873205e-22
1.528511997805340607e-22
5.282162346271212435e-22
4.124545499527562722e-22
2.225477553262062724e-22
5.799715615323442804e-22
4.353246058055499779e-22
4.146954688960722228e-22
5.746754165297339707e-22
4.415741262694584492e-22
5.501292663850043135e-22
5.222616536636568794e-22
4.160105833494128596e-22
5.545884949563027653e-22
9.194033344625010920e-22
5.790303987995193211e-22
7.007629395750835210e-22
6.284052734725096775e-22
6.817152932478138151e-22
8.449002903221360840e-22
7.960910237024315149e-22
9.484926351369981305e-22
6.035601347111826328e-22
9.881135483328646277e-22
5.572520730580586009e-22
9.797082337820348544e-22
7.605413682334656652e-22
1.171268917607657620e-21
8.611857576665375824e-22
9.961321181737096117e-22
1.127447552957465374e-21
8.975861289457489948e-22
9.359298957272952778e-22
1.150592368895109515e-21
9.854977044898294209e-22
1.083284251034690250e-21
8.469122682068178550e-22
9.621212918503384563e-22
8.934904781769128639e-22
9.468665178902509803e-22
8.871970819066507684e-22
1.067864201586319989e-21
1.005648841733777027e-21
1.095058812206445973e-21
1.078531171207347325e-21
8.678431115785852573e-22
1.014419577818512784e-21
1.180624514888632652e-21
6.852595132000572867e-22
1.264293412763096772e-21
1.098204959446771391e-21
1.002997597317117719e-21
1.000565727318912719e-21
1.059313592410097372e-21
1.041862692524879778e-21
6.260053798911886939e-22
1.084932328879781940e-21
9.206723525905882359e-22
5.514767627257272259e-22
1.001348268725225050e-21
5.159769785786115116e-22
7.374382164367470222e-22
6.375373858694367826e-22
7.856129716251437050e-22
7.047119075249830921e-22
6.045142307127048283e-22
4.015959401343531153e-22
6.910391413537823202e-22
6.242221050654808181e-22
3.925805492609209382e-22
3.327495461764442070e-22
5.376941377496362740e-22
5.254710226112257014e-22
4.138625611654421870e-22
4.021237090305890058e-22
4.375592194806451908e-22
1.134801968499998083e-22
2.285184669691614703e-22
3.643250368849341912e-22
-3.127342109928634864e-23
1.068191267543923376e-22
-6.377120959580880609e-23
2.302745893131998017e-23
-8.476603456805409179e-23
-3.340879990703957062e-23
-3.100669856971980576e-22
-5.890045530515975428e-23
-3.071390545058365765e-22
-1.341630944521256971e-22
-4.696121181630273062e-22
-3.873408066291642298e-22
-4.267054555717305592e-22
-3.838476413007975589e-22
-2.778661828183618323e-22
-6.228828018019131488e-22
-6.530411269482557082e-22
-2.760272317052175703e-22
-6.187157840005214157e-22
-7.511974102498604681e-22
-7.461071000651422815e-22
-5.710567932649304145e-22
-5.709088717413260165e-22
-6.329538487964956699e-22
-8.080800576143831602e-22
-7.097789163131742402e-22
-8.408874255464697291e-22
-9.089652715465488902e-22
-7.735985623431950883e-22
-9.214302657925514566e-22
-8.777106959370748830e-22
-7.629118306786845807e-22
-9.350206256571693101e-22
-9.001454886925865701e-22
-1.038731962807715914e-21
-1.031274501674409531e-21
-8.405808763199188622e-22
-9.806310802921519115e-22
-1.128888048190939284e-21
-1.102723656658924941e-21
-1.120936900382323489e-21
-9.665281078011204892e-22
-1.023987934218802220e-21
-1.045093380851326876e-21
-1.332596840432397256e-21
-1.072914009601326531e-21
-1.114510773694470529e-21
-1.028084740928123447e-21
-1.068978557920570475e-21
-1.151626488267555326e-21
-8.160468894020589699e-22
-9.142788114110298276e-22
-1.109502328636569614e-21
-9.350895877881125577e-22
-9.412108969724006055e-22
-1.163792265491655348e-21
-9.867247488650192644e-22
-8.080129213609721690e-22
-8.992968958100004823e-22
-1.027184929212278962e-21
-8.646126182428747538e-22
-8.685434636692777818e-22
-5.628953965808570474e-22
-8.383190885511091653e-22
-5.336843484037120989e-22
-1.061602370543410010e-21
-8.093769792200641522e-22
-6.160581370035045716e-22
-8.205295699694555157e-22
-5.817841568875162238e-22
-6.115594210652290529e-22
-5.697071718886418713e-22
-4.841927047031228721e-22
-6.970765309973449598e-22
-5.015264519260376601e-22
-8.279135625625357848e-22
-3.950941821366600789e-22
-4.214973720893845019e-22
-5.116331558844464940e-22
-4.013731404334854918e-22
-4.764370393367619792e-22
-2.241943341483071691e-22
-2.000749749133623810e-22
-1.469256320810069545e-22
-3.309039872279901523e-22
4.336028893637855490e-23
-2.398568922313811883e-22
2.175727319669221488e-23
1.186356983251387592e-22
-4.961227217668588296e-23
4.387306629982979058e-22
1.182775560167556414e-22
2.097982165839834580e-22
1.663278263281079079e-22
4.488488969022807681e-22
4.623850137623341196e-22
4.088862034473612660e-22
3.030388879961805136e-22
5.494593641842855924e-22
3.521434387263574000e-22
3.793365204632810144e-22
8.085667057827932358e-22
6.438017754537334037e-22
7.746458011646111281e-22
7.053503510446415654e-22
7.046826833922819625e-22
6.517330075826369369e-22
9.223967282013093750e-22
7.235356684775467125e-22
1.031766319010996672e-21
9.178363879703249482e-22
9.243851397168616894e-22
9.210878613258643919e-22
6.243314813837867486e-22
1.079235201052833987e-21
7.631258629232739506e-22
1.129234810309765311e-21
8.814606931022489943e-22
1.016767632649963444e-21
1.203506267343104166e-21
9.859870830231258318e-22
1.089458208325398465e-21
1.068268465810671460e-21
1.003378190668857777e-21
1.049003922651774213e-21
1.118057742357661698e-21
9.704661400522411677e-22
1.067855919605019445e-21
1.120690265164956086e-21
8.465140192311733245e-22
1.081071774587872793e-21
9.395232157018080371e-22
1.132631009854634413e-21
1.016144001586786241e-21
9.860264645752959611e-22
1.062147007987573422e-21
1.059172556510445485e-21
9.414492248285901170e-22
9.134895448071811462e-22
1.102350714945178894e-21
1.045836769402987272e-21
9.684245401816188853e-22
7.918004863141102668e-22
1.013102898030939346e-21
8.975649568091501627e-22
9.077423813226224192e-22
6.707777189254793127e-22
1.025121036018289118e-21
8.320006594035126202e-22
7.605942380589428225e-22
9.145780598506674273e-22
7.615605890685806542e-22
6.482751483539322545e-22
6.118951258811207953e-22
5.696317487695415064e-22
6.152500622306559872e-22
6.695363356807310191e-22
1.886944887573287047e-22
4.644752846499017849e-22
3.934879431794369803e-22
1.239681772060058891e-22
2.459497225285918473e-22
5.088568148048920374e-22
2.457840247661823002e-22
1.261206745201347160e-22
1.301789734796016088e-22
7.897572696595036417e-23
6.089390642067418617e-23
8.970152101427192694e-23
2.492991606520521667e-24
-3.670324799643712594e-22
-1.720376946163566462e-22
-1.637549813570847544e-22
-3.847017018235460072e-22
-4.834169351638081843e-22
-1.671350097349798636e-22
-3.446059836729495142e-22
-4.049063787402341904e-22
-6.891486886470932366e-22
-3.593226301477633934e-22
-5.482820906608902028e-22
-3.984058911920332032e-22
-5.541557005574754838e-22
-8.387843946356455874e-22
-8.401196726585598724e-22
-7.590223660272157050e-22
-7.442821303058330990e-22
-7.511012684272950422e-22
-7.114481719747766350e-22
-9.130530661363524439e-22
-9.048504021883450903e-22
-8.786833790144453123e-22
-8.376548585911225903e-22
-9.505374020785451147e-22
-1.023082615261581002e-21
-8.197465084606077709e-22
-1.152123495074235539e-21
-1.191933252069510409e-21
-1.108508326937803261e-21
-1.025480899468131699e-21
-8.820341239446116734e-22
-1.271747231503904198e-21
-9.328900914481230585e-22
-1.049378392008147175e-21
-1.289760095391342047e-21
-1.065435595296326451e-21
-9.767009901219078596e-22
-1.083700931777766753e-21
-9.401382389899439889e-22
-1.070779279651092021e-21
-1.110188761318551841e-21
-9.507581877759961015e-22
-9.602177793022054682e-22
-9.498551157559859719e-22
-1.043463119208143811e-21
-1.063929292890990654e-21
-1.105176566419731568e-21
-1.079341495038348164e-21
-8.633888322559318735e-22
-9.313497757167426554e-22
-9.428042919395054166e-22
-8.394336607202301818e-22
-1.025320391405765758e-21
-1.176723344285253839e-21
-8.971544166265724098e-22
-8.194953314347393854e-22
-8.679283789720457165e-22
-1.026445707688354639e-21
-9.190444958888908575e-22
-6.567806215941026092e-22
-7.166038233029984517e-22
-9.143042943714046940e-22
-6.890745613106969766e-22
-4.138770346179855105e-22
-6.018557702196061954e-22
-6.679779647314742590e-22
-3.658475805684980905e-22
-3.642652935700998865e-22
-4.734313081150745336e-22
-1.098349344150787063e-22
-2.408606722807985136e-22
-1.535366350838832454e-22
-2.332477857477724208e-22
2.240005015822328515e-22
-1.474020578547752525e-22
1.273079716203950464e-22
-1.621422402619836445e-22
1.010309557227478396e-22
2.787598872587019033e-23
1.849681896642561361e-22
2.186159626957939490e-22
2.465758699754195467e-22
3.098760846189591933e-22
3.816821829430032025e-22
2.718428688330972463e-22
7.037801275946933632e-22
4.689742109968396150e-22
4.766226907132576114e-22
6.830701416153304675e-22
3.771204316548820785e-22
7.877560803313057656e-22
8.518112576691159165e-22
5.279537916481414566e-22
8.254821065850342452e-22
7.823138787618352064e-22
9.787452425627101117e-22
8.910856710604097401e-22
8.663518844154575637e-22
9.021133197137197567e-22
9.470813200723741069e-22
1.125406130730837763e-21
1.088528903181997860e-21
1.184139157841963846e-21
9.772231746590531437e-22
9.624645947309688301e-22
1.349685174487435982e-21
9.702829364885724679e-22
1.361944906291565748e-21
1.042517981642999919e-21
1.273394478060709188e-21
9.416556594690958387e-22
1.292097216120387711e-21
1.111309363623183501e-21
1.247142240904561305e-21
9.268642901639688281e-22
1.271245762763896289e-21
9.096218612593344927e-22
1.134769206703719882e-21
9.725866011614010875e-22
1.061065568626362171e-21
1.266113882078101746e-21
9.958384887364733567e-22
8.842009607160941800e-22
9.439632915563776017e-22
1.041790521362706917e-21
9.246251551054990677e-22
1.198301803590104114e-21
9.540598951694554812e-22
1.053389290524167583e-21
8.895808956626367433e-22
6.551192826895231780e-22
6.830866878162620372e-22
7.369881097524766318e-22
8.094467876176470901e-22
5.935466936730231737e-22
8.514298906124896310e-22
7.125731548540472699e-22
7.024317963299812862e-22
6.586935711760779125e-22
7.051726858378483187e-22
4.230438206013564684e-22
3.133683591482803338e-22
3.826097007039117452e-22
4.978040516239698580e-22
2.633059240637753144e-22
4.185002063109339702e-22
3.697894900208286293e-23
2.376955771606755326e-22
3.109438478739596706e-22
-7.606402977799442388e-23
1.296548851121936695e-22
-2.536270968420945185e-23
-5.307079336953078873e-23
-3.378283915354614414e-22
-4.291870292023653462e-22
-3.994047723741153917e-22
-3.134544669869529143e-22
-2.067517025461355724e-22
-2.654082087643002107e-22
-6.131770692535296290e-22
-4.215665097521475276e-22
-7.041447922614166170e-22
-4.878656685232045108e-22
-6.889983170431731763e-22
-8.058080746077089106e-22
-5.930955154942368752e-22
-8.059972761176764446e-22
-8.443442552798711494e-22
-8.457502311848487430e-22
-8.752612630782069420e-22
-8.953743096979545952e-22
-8.789376684039656589e-22
-1.111466563727510871e-21
-7.914878395866685057e-22
-1.189303899122434404e-21
-7.855823068300005808e-22
-7.911076232488810690e-22
-1.203320767658287756e-21
-1.028199624344613314e-21
-1.121659552489571673e-21
-1.150758623364549127e-21
-1.321318412558166859e-21
-1.035271236644557861e-21
-1.348485093399454693e-21
-1.205655897107724961e-21
-1.416932999345356135e-21
-1.048706328739902334e-21
-1.320671309634699934e-21
-1.025731041886413868e-21
-1.063429041583193119e-21
-1.301655070703708940e-21
-1.211681473479719691e-21
-1.358984913859095083e-21
-9.752620512291909980e-22
-1.195142045090987034e-21
-1.230086961475813424e-21
-1.154359073102868436e-21
-8.957354288056534981e-22
-9.090641647530475820e-22
-8.917442557542893754e-22
-1.094602050683757022e-21
-8.808283930327827718e-22
-7.614257433502377431e-22
-9.834286218436538909e-22
-7.626895496915108731e-22
-9.958202328859255576e-22
-8.169962953108104789e-22
-7.529145253220351887e-22
-7.509040742872747147e-22
-6.197035920175430959e-22
-6.462261067842749929e-22
-4.442313006036240991e-22
-5.542874450048754512e-22
-4.433660244355621963e-22
-5.239488106986739223e-22
-2.033058717144623677e-22
-5.976455061197381762e-22
-2.169553169722465599e-22
-8.607700797809037373e-23
-5.690173970298197371e-23
1.640501463118684391e-22
-6.454612714934747115e-23
2.388040977495496348e-22
2.084064817419289218e-22
3.088534127970723366e-22
3.128101117241049874e-22
2.756174402411067345e-22
5.311248447609790440e-22
4.588729009017900849e-22
4.377901945465688543e-22
5.675585554267392864e-22
3.960284363068049562e-22
6.556682543782385164e-22
4.716823507707255939e-22
9.098449597698521608e-22
7.122317198608059469e-22
6.903535849720525283e-22
9.525094726664026481e-22
9.636199907857501329e-22
1.068709052539677778e-21
1.014903386696439705e-21
9.797778068315668054e-22
1.216809544402409779e-21
9.417526747543090809e-22
1.072921719651512239e-21
1.161395033572831953e-21
1.013465244991496205e-21
9.591572732640315265e-22
9.982982062886159661e-22
9.350288188517221144e-22
1.211170818365150028e-21
1.144826303756082614e-21
1.267806151712802722e-21
1.349187713989430495e-21
1.244719088124563973e-21
1.228885308216810590e-21
1.168629793896927498e-21
1.099539966483673576e-21
1.169689567517775867e-21
1.066737831535235642e-21
1.391495075570948179e-21
1.420085655492545301e-21
9.167724431583322976e-22
9.858300953288743818e-22
1.347871581378102634e-21
1.115268318251372816e-21
1.061763679404655546e-21
1.088512008912060753e-21
1.003815751817939505e-21
1.243698277648771030e-21
6.758312130673932868e-22
1.028592154251725598e-21
8.751716822410051295e-22
6.340775858908860953e-22
6.397808660090106236e-22
8.339302077411117444e-22
7.077101682260488958e-22
6.890594116811205555e-22
3.634921953560527674e-22
6.676951093778175620e-22
2.571264039336271591e-22
4.398068874187049965e-22
2.648358569894879149e-22
4.390341477969549751e-22
1.750761382307682975e-22
4.220929623272317433e-22
1.494544600962507683e-22
1.953107988282152859e-22
9.128163048686776639e-24
-3.492102360862807735e-23
1.139043602460475824e-23
-1.495902855106361883e-22
-3.304438459697745496e-22
-4.055326708799229790e-22
-4.841226779054165765e-22
-2.831807718149715672e-22
-3.766895366421270649e-22
-3.900662542214890536e-22
-6.221770004435608668e-22
-4.648826398309538966e-22
-6.396428891412312929e-22
-8.497725540525401242e-22
-7.376331698128357142e-22
-8.731632337668644785e-22
-8.586028312523140616e-22
-1.027833432015013703e-21
-7.297073837609252406e-22
-9.766743371362091348e-22
-1.128834903160753334e-21
-1.005360278220991734e-21
-1.019180927760100300e-21
-1.274875447542356551e-21
-1.162200495152745699e-21
-1.182968920071912808e-21
-1.310361071917955689e-21
-1.159453963266102013e-21
-1.357849272608443522e-21
-1.102270013993823926e-21
-1.548575954738936756e-21
-1.330735413241394229e-21
-1.266848569080451243e-21
-1.385144993319070487e-21
-1.408609521243600898e-21
-1.266105006363661927e-21
-1.265972183917989621e-21
-1.248008115111986955e-21
-1.392234065524473010e-21
-1.133906344308960452e-21
-1.216192019437718869e-21
-1.413786563664289951e-21
-1.042129845060791466e-21
-1.050820809312113771e-21
-1.188037398551893340e-21
-1.045832052987005868e-21
-1.095741618297380963e-21
-5.748128064888368186e-22
-1.161591184458562838e-21
-9.867815768867768446e-22
-7.756618559246380056e-22
-8.033579304595041340e-22
-7.626440507321295390e-22
-7.272805180316799056e-22
-6.336346830949629184e-22
-6.765945780591087018e-22
-4.130791941487929400e-22
-3.693679066089448068e-22
-4.979064138588730991e-22
-3.673949715603445387e-22
-3.280694957574956754e-22
-1.841652675922492717e-22
6.621886750426322682e-23
4.625094038555377280e-23
2.681346860960281150e-22
2.559202825819963418e-22
1.292945502508626720e-22
3.275883602622103752e-22
3.231062304846067179e-22
4.457195821325628754e-22
6.300451808451484178e-22
5.461384964490475544e-22
6.257300603978517759e-22
3.943356236785567567e-22
6.920498369997684995e-22
6.491911160321138801e-22
7.054339893716445646e-22
9.913922371135984063e-22
7.538636242190330376e-22
1.194187125212083214e-21
1.268727874897762067e-21
1.050011502589763621e-21
1.219027703138804119e-21
1.000892232307472052e-21
1.181661965287163747e-21
1.147302366035558604e-21
1.327036740435674129e-21
1.370108002386575135e-21
1.089247635018879693e-21
1.270922328854264494e-21
1.317784489206085399e-21
1.351262675975897744e-21
1.266516204779016355e-21
1.115442220300807911e-21
1.318383180332432447e-21
1.191853485616645684e-21
1.427995143111554911e-21
1.349714448747641450e-21
1.194657075882810795e-21
1.466628338354595735e-21
1.386493615671146133e-21
1.130437166292885424e-21
1.272692584936575451e-21
9.614385611812374690e-22
1.147330367407269874e-21
1.127403500913969877e-21
7.042178042220914422e-22
1.034645345788955826e-21
8.984406075944066738e-22
1.038460682918070595e-21
9.673059984981723680e-22
9.168317344164440871e-22
8.462536704605939793e-22
8.519664276963377737e-22
6.020020161062710028e-22
4.583524964453391046e-22
4.891745216667116263e-22
2.576913675454142691e-22
4.576982888053029970e-22
1.404858230424078866e-22
1.787968243661063509e-22
2.331211263481381462e-22
1.995213231746595156e-22
1.444926294387768418e-22
-2.735292363617336473e-22
-2.315637089715217793e-22
-2.753339897441279768e-22
-2.375168525159254676e-22
-4.683487375693945694e-22
-3.279397614575244019e-22
-5.944534820416631394e-22
-5.162762263613495781e-22
-4.806132613568515554e-22
-8.394159219325264203e-22
-9.494507305118224290e-22
-7.571234931872771025e-22
-8.656686348940387746e-22
-1.192624230941581667e-21
-1.051690557710882502e-21
-1.204541110847491639e-21
-1.159907541728239902e-21
-1.223964136335410519e-21
-1.278713714655414182e-21
-1.260200728810684539e-21
-1.273370529856883964e-21
-1.138813646591127576e-21
-1.309489785273093185e-21
-1.482521333362433977e-21
-1.177563006396596849e-21
-1.307695979212026315e-21
-1.400609068142990368e-21
-1.668437277025094253e-21
-1.365149698675688314e-21
-1.331336457586280097e-21
-1.557800780976888912e-21
-1.486195469748513561e-21
-1.434437431167509221e-21
-1.341903432204504688e-21
-1.415298158985085745e-21
-1.172870054317378169e-21
-1.235350978839223822e-21
-1.293514099081237566e-21
-1.146266836684026667e-21
-1.115971556733149990e-21
-8.699806401606792343e-22
-1.074029418756685162e-21
-8.872137890651007650e-22
-6.319338866305854751e-22
-8.167018742423255128e-22
-8.596299848281716562e-22
-6.343721777261560635e-22
-5.843043868410614254e-22
-2.776998936845226432e-22
-5.562673823523265488e-22
-1.692147834143738538e-22
-8.876873286515374573e-23
-2.420794963527727693e-22
-4.435838723799221208e-23
-9.522077615804559416e-23
5.832339510498639864e-23
2.433747938300795973e-22
4.947054285772671239e-22
2.320930647836469596e-22
5.122405444811413943e-22
5.603852474168608293e-22
5.254064978712090510e-22
8.828197058908626506e-22
7.174290439426838552e-22
8.152568788278415776e-22
1.000289256409922427e-21
9.019360259574781201e-22
1.109323576696717343e-21
1.146895259856561858e-21
1.501577691477066984e-21
1.208795389219985404e-21
1.413809880842357434e-21
1.484422753182365467e-21
1.328277723878589753e-21
1.640141419079243788e-21
1.399460191309442164e-21
1.563132559436236289e-21
1.465358937891946641e-21
1.530517662722995194e-21
1.700847674494804530e-21
1.738189346927432559e-21
1.530625065196934549e-21
1.419469618095125784e-21
1.375525223458328658e-21
1.472165640722347690e-21
1.502843787459849246e-21
1.405190709165934891e-21
1.288618219824631631e-21
1.462536904064924783e-21
1.411213364636459887e-21
1.253786622168643069e-21
1.195690749268633446e-21
1.244587181492371454e-21
7.371860102101879251e-22
8.308407336541387847e-22
8.629514318269449506e-22
5.919980425550681880e-22
5.554032856561031655e-22
3.191233284476530184e-22
3.036848226890086864e-22
1.730307000602987137e-22
1.625679821944179507e-22
1.418905829084763816e-25
6.691588605494481226e-24
-3.055338058443188041e-22
6.304134667401554114e-24
-3.491928088235762155e-22
-5.861795706026056694e-22
-5.203825730568301290e-22
-6.454392646280855687e-22
-9.346730526613700195e-22
-1.107825024048286054e-21
-8.075464956862373617e-22
-1.199486353225320741e-21
-1.078654905416212020e-21
-1.203291238357120298e-21
-1.489392037037093888e-21
-1.391725562803013350e-21
-1.516502451354204404e-21
-1.440206014178432150e-21
-1.548007518670682472e-21
-1.413044238094209638e-21
-1.663419624282801675e-21
-1.532035462669501666e-21
-1.759123611728779422e-21
-1.555828367077247812e-21
-1.423499426012682050e-21
-1.525655326497178663e-21
-1.563781607794971618e-21
-1.760180076935202315e-21
-1.424162967539833248e-21
-1.493196597374363748e-21
-1.515219100301489458e-21
-1.446842696361865635e-21
-1.241257486364475454e-21
-1.422833644743496798e-21
-1.390394058618896778e-21
-8.405653433496882300e-22
-9.356146251723429732e-22
-9.308437878047294180e-22
-7.652486887326671769e-22
-5.143294390848365403e-22
-7.775394889288909487e-22
-3.004196573338206023e-22
-2.650421391968217935e-22
-4.061660189781021876e-22
1.748441979739493553e-22
-2.405004862005057052e-23
1.649406596568506354e-22
2.202698278958051066e-22
3.928376218439293800e-22
7.132189271472877708e-22
8.354415294188734587e-22
7.412962447454247200e-22
8.598875291945648342e-22
1.238139839285133802e-21
1.231457467757059606e-21
1.164580603451098846e-21
1.160805110969618980e-21
1.722950913396527945e-21
1.244677727482713524e-21
1.611726896582495222e-21
1.806828026497800705e-21
1.652024930274759907e-21
1.973678035882108608e-21
1.590623282896288260e-21
1.998576516317974532e-21
1.861966012950029556e-21
1.730644773598859500e-21
1.635289719498389659e-21
1.691615962808062533e-21
1.532650881167404427e-21
1.622967340543631248e-21
1.573742056092055246e-21
1.416079959821418456e-21
1.380034470843512658e-21
1.188669071101030549e-21
1.099291077909490414e-21
9.752158790510717291e-22
7.048448062633252384e-22
5.834071204473453524e-22
5.047277646981198782e-22
2.953223401814723065e-22
5.319762216307321075e-22
-4.785004695265011553e-24
-1.402411502257807935e-22
-3.159259300151031260e-22
-7.109389674852091268e-22
-5.527175269591412268e-22
-7.497347777430567113e-22
-8.987444261028833013e-22
-1.318286499059429607e-21
-1.090922978066169144e-21
-1.612510877155421420e-21
-1.466956065285222495e-21
-1.670085291148715835e-21
-1.640260100405881319e-21
-1.820369256755885040e-21
-1.963054688649920600e-21
-2.140620217405550666e-21
-1.974214937855052367e-21
-2.035177908731068409e-21
-1.959024549382958592e-21
-2.030573979804790187e-21
-1.924287228987345327e-21
-1.830332348759085597e-21
-1.726339445332886077e-21
-1.586207219381529634e-21
-1.380934799347266310e-21
-1.339861657379503068e-21
-1.161200891564070608e-21
-6.845900773602453971e-22
-6.841102132041879579e-22
-5.727159760916021519e-22
-3.793593541556337341e-22
3.696520916952051834e-23
4.461647303307115092e-22
5.581630430670130017e-22
8.988320859387577664e-22
9.976901009253637887e-22
1.352543925249607803e-21
1.517722933551561204e-21
1.766380787582143259e-21
1.901308885721415291e-21
2.096192367209210665e-21
2.207474702200094775e-21
1.999627366875813686e-21
2.347212278118119101e-21
2.546302430353284355e-21
2.351685613350262108e-21
2.358049209928018967e-21
2.043962826365130937e-21
1.882235626013147865e-21
1.680974080884299884e-21
1.412197758493996219e-21
1.364351092413276077e-21
8.837709358307268156e-22
5.593214078054212016e-22
-1.279489109592967111e-22
-4.119360970567371561e-22
-6.066194949014000639e-22
-1.296674854183322271e-21
-1.406853108271573203e-21
-1.956246710866684241e-21
-2.061386912931279101e-21
-2.265982460362248389e-21
-2.522869072963264304e-21
-2.600442765469815956e-21
-2.868186885248585655e-21
-2.522684639985340351e-21
-2.487707064592854319e-21
-1.979621607403870980e-21
-1.643810445846101886e-21
-1.230767870586441991e-21
-7.690081893158869001e-22
-3.395153077438116031e-22
1.925562658551848919e-22
7.528474196450672561e-22
1.540030288195198997e-21
1.642952075526672223e-21
2.025487341215271979e-21
2.314650826448482095e-21
2.284226738763345994e-21
2.281556795557243629e-21
2.330646315561484780e-21
1.841853057999460656e-21
1.465664294537322268e-21
1.058732495427944105e-21
6.676240417792688699e-22
1.473414520091987769e-22
-4.479146811218104138e-22
-7.241303809874914987e-22
-1.334372724702583222e-21
-1.364037646421571154e-21
-1.593757988783639075e-21
-1.684981097126178185e-21
-1.295020099699637057e-21
-1.376825100506397418e-21
-9.037488388042159700e-22
-8.129206161689684996e-22
-4.438460442676095005e-22
1.120417704380127182e-22
2.192595315241172384e-22
4.512554933741381218e-22
9.521332912833781511e-22
7.303487600359923886e-22
1.204233642878950875e-21
7.245996070703503667e-22
1.028705011307462425e-21
6.716766361816706974e-22
3.707240291669084204e-22
5.439964328720366103e-22
-1.552214017870616802e-22
-1.161445372141031497e-23
-3.979964633423959342e-22
-2.667641971711947899e-22
-6.568772466973852349e-22
-5.096134712114004546e-22
-7.675833931443224576e-22
-3.667500065590733446e-22
-4.143302606193161312e-22
-3.038894320495217592e-22
-3.771618148563007281e-22
-1.549974669693847577e-22
-1.840361724316680992e-22
8.551667798184328476e-23
-1.323902949876036925e-23
2.284541390270541737e-22
2.911099869025528521e-22
4.465585097487170645e-22
4.930751633723027912e-22
4.231900567046225823e-22
2.307498854816198704e-22
2.675855963635792166e-22
-1.424916291987005461e-22
1.509386195283637697e-22
-7.993097717565723255e-23
-1.696706946093051299e-22
1.167723305376666546e-22
-2.298255509089649455e-22
-4.044330226110363697e-22
-6.423889880058155950e-23
-1.949877224550925642e-22
-1.953408217765396745e-22
-1.205182670124185876e-22
7.750748156796799461e-24
-1.088309027322364970e-22
9.472620472816736724e-23
3.649534599902975323e-23
4.339568203994208522e-23
6.621299818857979607e-23
2.680820830508602328e-23
3.436455793096710754e-22
1.339893330294882619e-22
4.903971289321804633e-23
1.446204687752306028e-22
2.287766556000013539e-22
1.509652609502124613e-23
1.861263534687838923e-22
-5.724702379885052834e-23
-6.963074433325603862e-23
-4.302350776167543419e-23
-1.837576366086925718e-23
5.919724309645567088e-23
-3.614925196681386728e-22
2.207163286792209133e-22
-1.108307034345601978e-22
-4.415737717602709073e-23
-3.072280516343945199e-22
-1.238899497174710489e-23
-1.548232418264919010e-22
1.497007165469126664e-23
1.067930348191666523e-22
1.083039669334979736e-22
-6.792009883754459536e-23
-8.569586056015569684e-24
-5.430379765193679190e-23
1.029544707781599587e-22
-1.212065301571799355e-22
-2.560975641994086250e-23
1.994062894523930699e-23
-2.007866300143221100e-22
6.865626229687188461e-23
-3.351179319340752047e-23
-1.448469449069249657e-24
-6.398679593242988816e-23
2.240127781417332225e-22
-1.178929946996833759e-22
1.288553655719691147e-22
4.025953691663535081e-23
-1.407828660904928927e-22
-9.979857036113053815e-23
-9.751293339700065724e-23
-1.280608111658397759e-22
2.857619867707994336e-22
8.581571980865447156e-23
2.270685458829677535e-22
1.754237884303955434e-22
2.317076499315746526e-22
4.369439814917459492e-23
5.982428776575390435e-23
6.300240323913478245e-23
-6.752962895633336248e-23
1.154403732243614647e-22
-1.434437470223430150e-23
-1.845484982254502768e-22
-1.012544052632616866e-22
-2.071442623080690856e-22
-6.893778432846405807e-23
-1.000765342657021090e-22
-1.265978434868511774e-22
-4.828254039598459661e-23
-1.003840949835714549e-23
-3.157661077293387749e-23
1.512646363016901389e-22
-9.243145868371826962e-23
1.689552231886484425e-23
-7.941848430657963361e-23
3.855027398010061419e-23
-8.447008024096938980e-24
-1.051265974917686591e-22
1.695164210472596034e-22
1.671401648334353518e-22
1.068164394519300138e-22
-1.967790774214753955e-22
1.945747689568680713e-22
-1.816942274258412714e-23
1.127477338978035529e-22
-2.218326559436848358e-22
-1.091821997303255401e-22
1.283320412776527100e-23
5.231974854850503527e-23
-1.422832744519559966e-23
-5.720184271264616417e-23
3.198896437163357535e-23
-2.881950872884183341e-22
1.337707690441453951e-23
-1.634130514659107650e-22
2.379440530364637038e-22
8.358279844349586434e-23
4.157490453062936944e-23
9.292448465235742450e-23
-5.555091211996894470e-24
-1.506262260802808771e-22
2.596447835925914743e-24
1.044458693828139820e-22
2.259312746894167858e-23
1.069769358507331205e-22
-8.749858772742329252e-23
-5.063009466490593995e-23
3.161794491799237810e-22
-3.549747055402431877e-22
1.224013641075813720e-22
-5.910237749404947797e-24
1.009129466167497907e-22
1.539971430709006757e-22
-1.434375641851095805e-22
-5.018052361454937012e-23
5.624284426202028178e-23
2.448929262997305853e-22
-3.094188554402852445e-23
-3.414960641803395107e-23
4.021119295239349355e-22
-4.996065689193587953e-23
-3.723588928075209557e-23
-2.454695624402886817e-22
2.305215042387564688e-23
-9.470647450202058632e-23
-2.954923761892238198e-22
-3.379622054156335737e-23
7.543154637095437261e-23
-9.809597778477195891e-23
1.712463094304589352e-22
-1.343154958856281304e-22
6.961911717140146253e-23
-1.860562242253602608e-22
9.701942039441593649e-23
-5.192832023762235904e-23
3.147964479019943895e-22
-1.999279123806551867e-22
-1.491151520799893608e-23
-1.401552151946358086e-22
-3.707828538807940940e-22
1.325720052929955858e-22
-4.083529942439061945e-23
6.097664753447436625e-23
1.771548238278032566e-23
-3.289934169493828784e-23
2.020548024280581402e-22
-1.568107523545343712e-22
3.546001544534257253e-22
-1.718120664366133493e-23
-1.173255096337597507e-22
1.990836136339258049e-22
-1.538189314571752261e-22
1.527846871260190809e-22
-4.148172870595198137e-23
-8.466033146242683768e-24
1.467254640781264480e-22
-2.012282354406649390e-23
-8.369606959961743732e-23
7.767042958479568677e-23
-2.290360247680830904e-24
-6.493481195275342024e-23
-7.036736106335145978e-23
4.560612679923894634e-23
-9.727445387125598485e-23
8.166192947321164491e-23
-1.081911294324361771e-22
-3.006785442758812704e-22
-1.274121517823245437e-22
-8.071807948445426028e-23
1.914047897573606004e-22
-1.199163428068509301e-22
-9.221555902863577938e-23
-2.650046638949770674e-22
1.312033093704929566e-22
8.291198799837251975e-23
2.993643406559385452e-22
3.592225561559210832e-23
1.638596146155536790e-22
1.094344833326209301e-22
6.040352513143496357e-23
2.843737441557427546e-22
9.072547833139801722e-23
2.359132248604816307e-22
3.044787533448475104e-23
1.663482533565434982e-22
2.924640351126187975e-23
-3.358408068052206485e-23
7.486823481371270020e-23
7.968036907998455415e-23
4.573496663272821520e-24
1.715321837125484025e-23
-1.349608584197370322e-22
-1.174913543741114714e-22
-2.534187030381364429e-22
-7.662700300928213714e-25
-2.630122091994699843e-22
-2.311012582342214769e-22
9.280297626999264966e-23
-1.001847372544614022e-22
3.999091040958695290e-24
-9.816193815473153112e-23
-1.155852174307464156e-22
1.966470400483522708e-22
-4.673638514971255158e-23
-2.185196342121048959e-22
-2.651957785971342139e-22
5.126289667434754084e-23
-8.362985370410695637e-23
3.047932532271923538e-23
-1.283495438059549884e-23
-3.038211463760945764e-22
1.476716469498251824e-22
-2.558576745190323802e-22
3.069018103223721865e-22
-1.240878252650357934e-22
-9.415359758489658118e-23
-4.627295652948180839e-23
6.696396374860150737e-23
1.130921525267165646e-22
2.076606744579141240e-22
9.909335130307359304e-23
1.157713742470408252e-22
1.058734672734618629e-22
1.580020875127505617e-22
-5.515129464057378588e-23
3.356871921779334549e-22
-1.653571904980400044e-22
2.183852969208154037e-24
2.631809919704788982e-23
1.771682744315087828e-22
-1.061217423941747179e-22
6.612622511038388587e-23
7.865283274147796735e-23
-5.406863448649584985e-23
1.422575216915776839e-22
7.592261748294402453e-23
1.123812354241173630e-22
5.925799707770739793e-23
-6.439022614670211876e-23
4.581809667453246299e-23
7.049709630298512869e-24
2.746990393524996496e-24
-1.789305069397764616e-23
-1.636227454179012034e-22
-1.231258213337957844e-23
-3.378359849090855538e-22
6.660373524206516892e-24
9.220549744044900306e-23
-2.332388913860974910e-23
5.538391209046985731e-23
1.598109570810135684e-22
-2.986570964960432668e-23
-3.393846058646654718e-23
-1.752913163827823051e-22
-4.456137089369987383e-23
8.387656901020616924e-23
-2.591263523980289804e-23
-1.054796592761645153e-22
6.513025191225937896e-23
-1.543512781753380398e-23
-1.068013199606649864e-22
5.367707141259062578e-23
-4.393104167505838366e-23
2.389943979566584604e-23
-2.380181306467965857e-22
-1.558639403443326190e-22
-9.574082549400745403e-23
-1.103431016769226575e-22
-4.890810512494720580e-23
1.284336820313683907e-23
3.881935848389096849e-23
1.171302825297876810e-22
1.832811826220758242e-22
-3.270783091649053731e-23
-1.802720916407815999e-22
1.029347100687335478e-22
-2.036268817536783919e-23
3.647911613225816950e-23
3.492932490965672076e-23
7.676791063460423435e-23
-2.621533727420404139e-22
1.492133131125590231e-22
4.452831546179222692e-23
-7.505071435748977494e-23
2.081507670654355695e-23
-1.629041802191609852e-22
2.933112141282468135e-22
1.369883757936118020e-22
7.231535106125539197e-23
4.625729511468491939e-23
-1.914309954369878608e-23
1.776950564076367442e-22
5.834067800742546159e-23
1.749318756075275534e-22
-6.053287062623257750e-23
3.244535868237826120e-23
1.901257720062889408e-22
-1.915592126057901486e-22
-2.736514014643235989e-22
2.099169715855449140e-22
2.704464799833904831e-23
-1.209029967714923550e-24
6.795319325812981626e-23
-1.178335068420619341e-22
-3.019983629660719229e-23
1.339354617552040462e-22
-1.463119431745896109e-22
1.779901555231481483e-23
7.297371043756395898e-23
5.107370504624152505e-24
1.519930898040348450e-22
-7.376239905651219538e-23
5.618550882965622682e-23
-2.156601611903387980e-23
-3.245364583264607157e-23
-6.079046837654089739e-23
2.212739211555920093e-22
-1.950777122541250446e-22
6.306164371697388143e-24
-2.443239561519141877e-22
3.074956549271155122e-23
-1.918718705758476545e-22
-6.359335767816187952e-24
-2.125472899085048839e-23
-3.647613768637004189e-23
4.181491858035088757e-23
-1.716290966792432007e-22
-2.349177292669541488e-22
-6.402525956622235262e-24
-1.130493375324216148e-22
-3.942451462226053783e-23
-1.986156373830304098e-22
3.546583166745184638e-23
-1.210600280347232680e-22
7.351254214977549670e-23
1.540839904491011756e-22
2.402210212282883381e-22
2.119475613671993173e-23
-5.227856152537476443e-23
9.394915598975054922e-23
1.120158798911853213e-22
1.710504901712864674e-22
-2.542027236653336725e-23
2.637008363347680643e-22
-5.531239455208467767e-23
2.006245754833038622e-22
-1.843737317694679094e-22
-1.547523353615801004e-23
-2.350581140657293937e-22
1.056133525451497577e-23
1.498869511422640030e-22
2.254023896573470681e-23
8.779878453139204480e-23
-9.847331015852155280e-23
-1.107658093038244179e-22
-1.417785795292448179e-23
3.525718499570918766e-24
-8.189170834496258306e-23
2.059285676113426970e-22
1.822322381611429450e-22
1.508579439097828917e-22
2.806472145754834249e-23
-6.414329452951762095e-23
4.016980291746002561e-22
-1.118841857671666885e-22
1.187693640979603284e-22
-9.366670138009184982e-23
9.305565043813312462e-23
1.623938891703533683e-23
-2.861940283834272366e-22
-4.785519567109828321e-23
-2.894787727853522912e-22
6.169513698060547559e-23
-8.099709113974645204e-23
1.658145340073922309e-22
-3.449344044566038299e-22
-5.066075542607864593e-23
2.302649555156787222e-22
-1.764917738820821322e-22
9.906803865605105350e-24
-3.981792576543760316e-23
-3.266778197637840764e-22
2.645678455252413722e-22
-1.826756645696443117e-22
-7.892105186339749313e-24
-1.040401203690697372e-22
-5.988916054134854732e-23
1.478260004286385804e-22
-5.164024841777100189e-23
4.779294852896648608e-23
1.504300928915388974e-22
-1.344809184950984312e-22
-7.295410217805745842e-23
1.968430074793861494e-22
1.925635149199199951e-22
1.676079178967169096e-22
1.848957869376677782e-22
-1.649469417092248176e-22
-4.587214777592462935e-23
-1.236103027655953165e-22
-9.520750527005230235e-24
-1.560553965144973716e-22
-3.495756383197216537e-24
-1.833575797951803127e-22
-4.063672892408639625e-23
8.711616559392832103e-23
2.217214406109445506e-23
5.254176106376705779e-24
3.733547601155853045e-22
-5.881879285896576634e-23
2.017107140652747340e-22
5.308295737349487808e-24
2.266241644159001358e-22
3.384558385923439831e-23
1.486271683188174493e-22
-1.018020535650568423e-22
3.982959427805809557e-23
-2.437394107072304817e-23
-9.779963173820821917e-23
-1.461730572776532570e-22
-1.221371345775776549e-22
4.578956122658907292e-23
-2.368710708831709955e-22
1.069170702825170246e-22
-2.994912204613226640e-22
7.105575963685372371e-23
-3.441105788567078796e-24
1.733724762856269845e-22
-2.939168124881146921e-22
-4.866340417990294956e-23
-1.818274013368147099e-22
1.905742655824756217e-22
1.634457787170278923e-22
8.890170741710048581e-23
-1.613483469948114245e-23
9.139182060345220816e-23
-2.288646177113066700e-22
-6.715882620825025586e-23
4.959482447897773977e-23
-2.114266632405872411e-23
-8.519875108157147670e-23
-3.636820325439579427e-23
6.846187983576329541e-23
5.678929612556742621e-23
-6.071621317868952377e-23
3.714395535507712212e-22
4.421075805857141714e-23
-2.253879727890665797e-22
3.370040658046976594e-23
2.481334415807996632e-23
3.365488609375594888e-22
-1.431396052263209428e-22
2.343727613286545601e-22
6.444933103576438664e-23
3.077826115271384785e-24
1.693219467873224629e-23
3.176336010271628343e-25
-1.823334098989628562e-22
-7.611180062698337791e-23
1.179442478005123476e-22
-2.373285312981193596e-22
2.087416401411414974e-22
-1.708211576501989220e-22
2.403942151586975414e-22
1.723753866888773080e-23
-1.893890595785990582e-22
-1.163290833565826820e-22
-6.089505676437961522e-25
-4.261267374602624491e-23
1.278457619766666675e-23
5.233234404250883658e-23
-1.119334834725150516e-22
-1.284751675859431299e-23
1.225007260692519622e-22
-1.543562444716514443e-22
-2.155470972195737803e-23
-2.410028004702968688e-23
5.514714294283369040e-23
-3.105536803836247535e-22
1.958219768732426455e-23
1.941806119245090873e-23
-9.269883753734575536e-23
1.518055251122144512e-22
-1.056208160403060321e-22
3.797870552922010448e-23
-4.349122472207207567e-23
-1.748301734023672115e-22
-8.839222823019651025e-23
-2.506235513859317402e-23
5.870872844317595298e-23
-2.195148819597933967e-22
1.592113867103273349e-22
9.907014043692937380e-23
1.348443227626871402e-22
2.850839369031619029e-22
1.069710486012640187e-22
2.166384679828977743e-22
5.652217502704069884e-23
-5.775777184834480180e-23
2.104459004350897566e-22
8.709405119847638038e-24
1.054999733790480598e-22
1.131575031299458607e-22
2.174784347352621866e-22
-1.759403929088594056e-22
1.450197108548701296e-23
-3.597177323193915030e-22
9.252513421101640356e-24
-1.068236068559631199e-22
8.628594817733809770e-23
-8.984313756876372176e-23
9.026375580299684241e-24
-2.326152083847482929e-23
1.644038011887981523e-22
1.543758568935270233e-23
-8.995706164178220706e-23
8.185289504718851228e-23
1.426019461626113850e-23
7.409437513129369747e-23
-2.784798266976658799e-22
1.321645679453682119e-22
-1.977473637236057971e-22
-1.880827991563873984e-22
-1.137510344165388845e-22
-4.566190393868547496e-23
-1.412224616274896924e-22
-2.397745231382131012e-23
1.000515163568807861e-22
-1.303495442818050083e-22
2.740056928691187548e-22
-8.326444922490025848e-23
-2.037167918451576146e-22
9.048499768135243678e-23
2.218276200440366176e-22
-2.383151137588990589e-22
1.772547570457725700e-22
-9.612149944322848042e-23
3.044281429228038629e-22
9.298221327048057313e-23
5.377498153147306827e-23
-1.706303003589559424e-22
-5.667792250682691308e-23
-3.499342001474803293e-23
1.227766513726160095e-22
-2.165335199372030723e-22
-3.117279678783217472e-23
-1.263173669632097661e-22
-7.285766551502214919e-23
2.309757253303415506e-22
-3.020627011186683713e-23
2.620148250777980943e-23
-7.460824841219066387e-23
-2.967488804690593870e-22
3.009963057200714441e-22
1.100494310392722909e-22
9.883445226238397377e-24
-6.471460272838383050e-23
1.483467729147948821e-22
1.998144619616086495e-22
8.859134275212193902e-24
1.795505947941277660e-22
-1.803327385980090570e-23
4.633224601950012462e-23
1.351505719014485751e-24
-1.298446321751264770e-22
-1.566277320781284361e-22
1.700858592439164307e-22
6.410611804563993818e-23
5.971829659624308505e-23
1.428441320722403361e-22
2.442114533079562502e-24
-6.327870370060636008e-23
-1.788138550413439499e-22
3.551393166053921920e-23
-1.895795105931925277e-23
-6.877506225380748600e-23
-2.745803263458254436e-23
-1.713399172624520892e-22
7.230761119998294488e-23
5.257149996676502948e-23
-8.986566044808685957e-23
-4.194979127891519268e-23
2.112099464779038136e-23
-1.720913901145765385e-22
2.355699502346026476e-22
-3.102600085791383043e-22
3.087351959891874356e-22
-1.076361368395997973e-22
-2.041863864272605152e-22
1.394066362014665746e-22
-3.924158891917459924e-23
1.094302198763348597e-22
1.071681493153370670e-22
-1.730905022940713736e-22
-1.738674187420090012e-22
-3.265753876934173670e-23
8.225009482123499769e-23
1.330568402845958758e-23
-4.188625883210773594e-23
-7.836349150924264626e-23
-2.593286390284152475e-24
-1.523051679830562616e-22
-2.970230728848046967e-23
2.300487681558396386e-22
1.302860231118535895e-22
-8.708619333479110381e-23
-3.591766380010166583e-23
7.803039938262781413e-23
2.866902918580580785e-22
-6.298402555510804307e-23
-1.234004122362278801e-22
-1.583534144309320155e-23
9.342220084286393466e-23
-6.914841189851636272e-23
2.510419906888938430e-22
5.107766166990735789e-24
-1.647602138998629326e-22
1.986853329537551022e-23
-1.833445185838392718e-22
5.532999956925940504e-23
2.968506916422006898e-22
1.005606546160475834e-22
4.476598133265619746e-23
-9.760699833597684850e-23
4.519654013168430179e-23
-5.241965488593655063e-23
1.127545133621905983e-24
1.409409780331022274e-23
1.007688373071677473e-22
-1.185933419860456414e-22
-1.634620050991233327e-23
-1.182503605607498058e-22
-2.741641082235204261e-23
5.090160862594115960e-23
-9.332545547347386915e-24
2.729735618079540079e-23
-1.151984696820231300e-22
-1.535041530839812050e-22
7.185944635165993847e-23
-1.439946848764755684e-22
-6.670995064139222706e-23
-2.542602628806034580e-22
1.999161310092102319e-22
1.399174332312917738e-22
-2.485631916404010081e-23
2.622960929972901950e-23
-7.081184501223464592e-23
1.667570792552262895e-22
6.410816229874482393e-23
-8.347033724226307947e-24
1.079151266261615952e-22
-3.520983711570400538e-23
-4.028584199555030299e-24
-6.719726798300327815e-23
-2.549060770630041906e-22
2.504051710082147206e-22
-1.340506849603702596e-22
1.384301635251609186e-22
-4.710399610681265277e-24
-3.251239299618792104e-23
1.268527973241980448e-22
-4.851065019441734559e-23
-7.377944599547155602e-23
1.291037158603172704e-22
-3.756620239292213952e-23
-1.381889234917371097e-23
1.070735822935148031e-22
-1.343451916047854965e-22
1.325194116524175357e-22
1.273645372963081217e-22
-2.336107917307969947e-22
2.962103957958806870e-23
-2.796974895487060994e-23
1.146957462574008424e-22
7.015983525431559132e-23
-2.460822168783688935e-23
8.940062562231357357e-24
-5.042159255416715901e-23
-2.948464013719412312e-22
3.113213418496263124e-22
-9.387132970788344012e-23
-5.001924373826298871e-24
-2.215289107250982772e-22
4.713428036237319529e-23
4.702577063758207513e-23
-1.081584939839714960e-22
1.389846117675290561e-22
6.636542199812037935e-24
1.450781859899215768e-22
-4.992472312387328998e-23
9.780117374370460715e-23
-1.273633482477509333e-22
-1.916653142542808580e-22
-1.125594054365648619e-22
3.773528612846495717e-23
1.165168673549515852e-22
-7.136736356680741386e-23
-1.368404564504534105e-22
-9.895721418779783381e-24
-1.529429026567422839e-22
-1.170633032229640880e-22
7.267927390756404098e-23
8.856245958886304601e-24
3.135887896530229894e-23
1.913333766906292584e-22
1.179287917547126251e-22
-2.324601513356401942e-22
2.862250600974415846e-22
1.535823292347525693e-22
7.463929967422807341e-24
2.203331065034616088e-22
3.316862502402418536e-22
6.268657688961643167e-24
-8.765495935632350815e-23
-8.484988299820632823e-23
1.154372122355364813e-22
6.831382418105056824e-23
-1.787951322328961520e-22
1.578884875505662226e-24
-5.597965449948997651e-23
-4.968486236583908434e-23
-1.294369843121397086e-22
-6.468820454539546813e-23
-7.756383999409207227e-24
1.387701553209884358e-22
-1.323507949821085182e-22
1.562362531389911198e-22
-1.762899194919368123e-22
-7.082680579441267403e-23
-8.370597242788015165e-23
1.334627948726745445e-22
-1.067493495847670520e-22
5.765947932031026172e-23
-1.821927393946705617e-22
3.065398442918156588e-23
1.373366979887773097e-22
-8.586524865052486982e-24
-1.155764617990900147e-22
1.436167673413788917e-22
-2.418089524790756946e-22
-1.341874274997936176e-24
-5.872528553241623392e-23
-1.705034186374617003e-22
-7.610890806038727013e-23
1.329784792670150754e-22
4.271390425969581581e-23
-8.627215099774299154e-23
1.638195840246431694e-22
1.378633095087483187e-24
-6.419524283282265559e-23
-1.750508305102232101e-22
1.379250735669129051e-22
8.484284187693207577e-23
-9.554772844355807077e-23
7.264452437962505333e-23
-5.877508814176318686e-24
7.715610008879504422e-23
1.103225177173745349e-22
6.936337712704262215e-23
-1.432842034801352528e-22
1.575138376054428410e-22
2.707756279124205610e-23
4.229583417678466319e-23
1.204838364855862256e-23
7.146906752573718371e-23
9.515391986210140331e-23
1.606349517333108891e-22
-2.986799773654511400e-23
-7.335578814692218632e-23
3.054683112751873918e-23
3.917535639653213612e-23
9.154167973752460073e-23
1.369424729083505239e-22
-1.193024297882335861e-22
-1.389696597977789864e-23
6.472067315457564060e-24
-2.563208892187890633e-22
2.154932653079245939e-22
-3.017263430759538013e-22
8.772971657834500191e-23
-1.686798940775198957e-23
-1.714329594318117612e-22
3.720673019409187682e-23
-6.182282057725173631e-23
-1.929807417246199006e-22
1.610494682617836687e-22
-1.338252328477465791e-22
1.269306107576227161e-22
2.972023120267271782e-23
1.250009391101161299e-22
-7.254194232737227146e-23
5.235590325956210995e-23
1.043641048668698913e-23
-2.557369856811867746e-22
1.314887645945583533e-22
-1.083579065342273424e-22
-1.143330183874929027e-22
3.179736842691386006e-23
-1.661607235832136377e-22
1.069465669207258568e-22
5.033396913735253564e-23
-1.130551086577932926e-22
8.947790293123884521e-23
1.354837819774180305e-22
-2.946024074831006421e-23
-2.308810366305311656e-23
-1.191746064877981277e-22
1.329836088550156595e-23
-3.174262340294890619e-23
1.508103044218888203e-24
-6.023701368872800529e-23
2.028190034361484915e-22
3.325953144522648645e-23
3.007161339068950335e-23
2.082028299063664490e-22
8.924681269125853395e-23
-2.210749636938096952e-23
-1.136810504983311772e-22
3.985337890723059821e-23
-1.566362051107573583e-22
8.892837666289899206e-23
-2.900046371872351888e-23
-1.572705819722256894e-22
1.680311384970488347e-22
5.364342455439254533e-23
6.256441327635475936e-23
7.504896635453566889e-23
-7.807502381897332737e-23
-9.870056568405888155e-23
1.335111783692274566e-22
1.237789317108778444e-22
-1.055898505830661035e-22
-2.987570484917256712e-23
1.042923406369538881e-22
9.744278789526412497e-23
3.708081838430367589e-23
-1.391235560016596514e-23
3.398669063014205489e-23
-1.977580583370794995e-23
3.934133590226439934e-23
-2.029241137548846668e-23
-1.398444437217234374e-22
-4.846351992866195254e-24
-2.529555116843715955e-22
-6.541544189614556593e-23
-3.217464968086243400e-22
3.944584171214361177e-22
-2.310292798664965495e-22
-1.064986720791584380e-22
1.352925350391624486e-24
-1.050010204712721245e-22
-1.135244627901038976e-22
1.545262136175449135e-22
1.596147055187045407e-23
4.849412264886431758e-24
-1.208732728544033746e-24
1.854486200477521095e-22
-3.714758559068409559e-23
9.721329329411567288e-23
-1.551549388540726704e-22
-1.705628494856548384e-22
1.670274686867989264e-22
3.108460063468393086e-23
1.226952052350426711e-22
-1.076900292817335762e-22
2.495896461033193087e-22
-2.023735623839797635e-22
1.636391476269855689e-22
-7.038341436699214240e-23
1.755635953126010306e-22
4.369174134484570634e-23
7.200352411984741264e-24
1.077537590445527192e-22
1.732739340429006698e-22
-8.448124883735457659e-23
2.935616663460746069e-22
-2.249450944393190988e-22
2.219024708397767032e-22
-1.220747181164066805e-22
1.154868977611534587e-22
-2.761311208127376600e-22
3.532406258612853914e-23
-2.603478993231097659e-22
1.154798300129831317e-22
-8.413913603599877797e-23
4.864085170833285192e-23
-1.130468472791377093e-22
-1.536762353622017426e-22
-1.464202311620488065e-23
-4.160091190638750910e-23
1.827223373923360206e-23
-1.441729718679760350e-23
-7.569448037487862521e-23
-1.158199690652342286e-22
-6.766054109769836044e-24
-8.541733322367729272e-23
-1.210514329491361046e-22
-1.263551174827353359e-22
-1.715958583428273033e-23
1.646561011023560335e-22
9.298109483790922445e-23
-1.448825551599475427e-22
2.488949895412385571e-22
6.864310207820538971e-23
1.294438887578332871e-22
-2.898357842497027842e-23
1.404540339537472882e-22
-2.026735137554154354e-22
2.372502544615423157e-22
-2.276364520269421062e-23
-5.462724759938456092e-23
1.475118837698083962e-22
1.743527513005173037e-22
4.502228511976787513e-23
-3.571380413173065247e-23
-6.619872027054357636e-23
7.158163342634781286e-25
5.415244053184892521e-23
2.998593034727459777e-22
-1.043956931117848839e-22
1.283532944301769967e-22
-2.092577462747844556e-22
-1.319967305565325409e-22
-1.222312950271601525e-22
5.003266905951852537e-23
7.999724942450710488e-24
-1.739105340825089125e-22
4.941416940113968985e-23
-4.345335919364668504e-23
1.011636686716758235e-23
-5.321413729170454330e-23
-1.253606025384498923e-22
2.406945283020804638e-22
-4.252079732295403826e-23
-2.471681526012700092e-22
1.247754422811377534e-22
1.155217706473134551e-22
-5.236886988155217376e-23
4.545946056192053232e-23
-2.163719213710679066e-22
-1.913665416363406595e-23
1.590585172036714637e-22
-2.074401298588620415e-22
9.804026441783511500e-23
-6.163281342843237284e-23
-1.440392050094604663e-22
9.115315212344566848e-23
-7.253725664878806655e-23
-1.649860656809479519e-22
8.022401738612646385e-23
1.068941611741747189e-22
1.814631538720716721e-22
-1.336498451485883373e-22
3.395267513837925862e-23
-8.684402388807412395e-23
2.502430974647267215e-22
1.546569091734638512e-22
-8.323390574176482227e-23
1.515866226680051256e-22
4.546889565458773465e-23
1.202346203184971904e-22
1.706745743760392795e-23
3.398144727148779189e-23
6.500712554382076234e-23
-9.426501133795635270e-23
-1.870841705123445846e-22
-8.759066602299630954e-23
-1.159541295074657090e-22
8.890815425748340138e-23
-1.593849718212433287e-22
1.862074502239071798e-22
-6.624542299822754239e-24
8.420770002225671056e-23
-3.049285052553606698e-22
9.615666151393281394e-23
2.772143894761577099e-23
1.100004654409122698e-22
-6.521663413045301081e-24
-1.090347237001416203e-22
-2.044659403453698423e-22
2.477102404884887621e-22
-2.241908387123179150e-23
-1.178485127078736833e-22
-2.421480666754398773e-22
9.008723668431957085e-23
2.838458594592015454e-22
-1.371928266025945907e-23
6.442400924626132379e-23
-4.392310666117282622e-23
-1.351451667867812397e-23
-7.138746205553961731e-23
8.556832350397627020e-23
5.216620007942948138e-23
-1.006685730899281892e-22
-4.479066664602131126e-23
2.121557149632593123e-22
-3.698609346638257450e-23
2.333113449302132115e-22
-1.857674517075788067e-22
-3.062295137665520467e-23
2.068988042970395859e-22
-1.350939791314025318e-22
-1.171234802056680484e-22
-1.388735840796912963e-22
5.954089965827516127e-23
-1.266009078000585975e-22
1.197338638122192187e-22
2.540243167327739694e-22
-2.190873873592879806e-22
-7.599382073420427405e-24
7.162596561253534156e-23
2.234341149875552748e-23
-6.274873521673716176e-23
-7.955279736130989824e-24
-2.690772183125167292e-22
4.555780335804218129e-23
4.910969286054895044e-23
-8.962376635588861023e-23
1.894949338510224735e-22
1.503632589998269593e-23
-2.200025739732807182e-22
1.482782930292879433e-22
-1.285098058928362066e-23
8.808388834976159537e-23
1.878683656686812974e-22
-4.421743858101751901e-23
-2.525231536630887152e-22
-2.682206260000719779e-23
1.143050492043570769e-23
2.681723358105829237e-22
-1.411012781904432088e-22
1.537661604638788378e-22
1.250302079834203585e-22
-7.483834622275233746e-23
5.569832924407180785e-23
-3.872310491434915220e-22
9.353954830655225934e-23
-2.326002925505522199e-23
-2.310917153290511174e-22
-7.948989835105107724e-23
-9.168521869281413065e-23
3.007686216209530404e-22
2.726710328858030508e-22
9.027511249590380657e-23
-1.508411795077141197e-23
-5.831479262316867893e-23
-8.721668396960939515e-23
1.280202047014028326e-23
1.596695213475593512e-22
-1.414501833729249827e-22
-3.195074269950535642e-22
1.382934032080572690e-22
-1.208348603953193429e-22
7.614841313037196120e-23
-6.739508425848453945e-24
2.041672445824888483e-22
2.956583703777974633e-23
1.229538739493444108e-22
-1.987221210073855523e-22
-1.156511129530295488e-23
-1.078043237683938395e-22
2.416608830003074733e-22
-7.682647903163607499e-23
9.662089914186608661e-23
-4.805556575002191303e-24
9.125791073060988389e-23
5.166897874475714121e-23
2.375594055321137566e-22
-3.269724448185850426e-23
7.598024151094118444e-23
1.255375243778188882e-22
-1.986422627172829161e-22
9.866055807940049776e-24
-6.203970623162413379e-23
-1.327530951963857701e-22
-1.625289205248428350e-22
-1.368401767872537299e-23
-1.107074578585386345e-22
-1.542005214226043342e-22
1.388692824753742084e-22
-2.370836702135422705e-22
8.376769086828523898e-23
-5.041988130179103076e-23
1.123499448169051653e-22
-5.312970183165851748e-24
7.539533562009421159e-23
-2.660827419549167014e-22
-4.984171117193147498e-22
4.517581779649849200e-22
-1.530930170954611973e-22
-3.541758929193585582e-23
2.040182423785736618e-23
1.291692008378033279e-22
2.874873262370675520e-23
7.707017608618061171e-23
1.107353265798371535e-22
-1.716605580876307572e-23
-1.868640207780646025e-22
9.725181610417293827e-23
1.572296194605868582e-22
-1.758776185087906914e-22
-3.270841924405374165e-23
1.308225143670563600e-22
-1.012552592527191760e-22
3.073307813498003668e-23
3.263862202747809618e-23
2.756806278884617434e-22
3.314714975627013842e-22
2.366735305291174872e-22
-2.437674225748627727e-22
2.068323212843373725e-22
1.028412745005669635e-23
8.305587932152991471e-23
-9.293587261296364759e-23
-8.180177807896529139e-23
-3.363508044838870873e-23
-1.162215396463647072e-22
3.310557855096507986e-22
-2.088233350864065599e-22
-1.143485225078232099e-22
4.193588116997417383e-23
-1.744378629931812643e-23
-7.270305558648269096e-23
-2.373632398583928695e-22
-6.509033642247416838e-23
2.263814731803726613e-23
-1.748219539846294895e-22
7.161077747753252845e-25
1.111431438064782114e-22
-1.911486481093053694e-22
-3.527155672459629820e-23
-2.410033507210553617e-23
2.631884938057189038e-23
2.970586039399693892e-24
2.833830352959128975e-22
1.806830166808401827e-22
-1.051793474852680005e-22
1.001855688126965010e-22
-5.166814018070659110e-23
-2.740120077042430187e-22
8.816533160327054674e-24
1.107289428245022181e-22
-5.314653654801980039e-23
-2.575328872532161791e-22
8.787261220855325642e-23
1.691046354894760454e-23
1.436548526387629524e-23
-1.680377529180675381e-22
8.733506201206362302e-23
-1.417340400539874903e-22
9.785511393070522419e-23
-1.060342280420079863e-22
2.017255287399123630e-22
-3.744055153306905125e-23
-1.823621325063531793e-22
7.323370031712424545e-23
-9.582369722803927933e-23
4.043522591036703554e-22
2.811132616592170302e-22
1.361080834296547438e-22
-1.649082151535539803e-23
8.036190043418010939e-24
1.870488771844484426e-23
-8.292496711979697531e-23
1.211716505170638150e-22
-1.240526856831584575e-22
-9.620409457473664375e-25
-4.590616831586893306e-23
-5.183028019413022830e-23
9.024439353171367947e-24
2.065823797619823197e-22
-3.214643975826112824e-22
1.052810688702486869e-22
-1.887044710249802906e-22
1.163367946002789670e-23
1.738117560038123765e-22
-1.823021702576127716e-22
8.318838410289401058e-23
-1.104784653145876737e-22
-5.319570803886535330e-23
-5.170452599210517209e-23
-7.493705908060975441e-23
2.034100152390491757e-22
-5.968263928369625208e-23
2.081022362334360116e-22
-7.120840044730251202e-23
8.918081849646810685e-23
-4.002230860626469433e-23
-6.133726611758972073e-23
1.635308337092622345e-22
-1.297827078116217885e-22
-4.689766752625280068e-23
-8.731712640428791357e-23
2.429266021785732742e-23
6.345662129180043579e-23
-1.546002121224767498e-22
-6.590333968220294911e-23
-3.409538645442358064e-24
1.481983418923042481e-22
-2.490073465663088662e-23
9.720536343327938410e-24
3.333992076706402881e-23
-5.650644134659846796e-23
7.779976650334784195e-23
2.385659972668846350e-23
1.268203131916390391e-22
-1.639333978401460289e-22
1.403570182839380611e-23
2.129197697266812422e-22
-1.603325405199968208e-22
4.963266318891634668e-23
1.345055974743542889e-23
-1.304115902613701189e-22
1.364695954722718380e-22
-1.396230068015313219e-22
-1.197408652578054002e-23
-3.412992822328051623e-23
1.386289556100490221e-22
-1.718339398893075624e-22
1.503553471418675443e-22
1.838898444214158580e-23
-4.957093059430517580e-23
5.842962087794697750e-23
-8.273606637535899865e-24
-1.780401695152329811e-22
3.981699193178032808e-23
-7.647432177773271862e-23
8.896122241992954909e-23
2.202375617908775157e-23
-5.797132220187248729e-24
-7.819233477552435778e-23
-1.083619972371529965e-22
7.080853460471279591e-23
2.198910666967354133e-22
-3.259399595735638280e-22
3.394630105018553230e-23
-1.104073141740436874e-22
-4.035858877765395949e-23
1.591173015562161596e-22
2.262007803948163005e-22
-4.509422469360338819e-23
-7.727552859642633798e-24
-2.140160008518448853e-22
9.931478576848802619e-24
2.359717676214129383e-22
6.253773220348508155e-23
-2.966551367290977229e-23
-3.368418115852786789e-23
2.352723981943352748e-22
1.619495606059570084e-22
-2.679429269168023611e-23
-7.761918964231914020e-23
2.021753630390316253e-23
-7.678239594883590957e-24
6.481669300900133724e-23
-3.915070708292626593e-23
7.791904605384280610e-24
-9.151011035348886571e-23
-2.231476100880786718e-22
3.043276714993880753e-24
1.664723963249185329e-22
2.944676508307192566e-23
-1.553731196184010721e-22
1.583792619662186722e-22
-1.296274981088432043e-22
1.258775496898174818e-22
1.298741863374141062e-22
-2.628369299852496781e-22
2.467842823263360706e-23
-2.973841915423231176e-23
2.439508999605986430e-23
9.061029665261287335e-23
-1.034700198075596399e-22
-3.887725941705646436e-23
1.579760578112510010e-23
-2.148010955076164986e-22
1.495052005613428417e-23
8.480390762604195486e-23
-4.738816665230654537e-23
-3.544953459181675045e-23
-3.565477307246085761e-23
-8.606814492405687240e-23
1.400988245901536601e-22
-7.777106052645962564e-23
-1.988166895622291735e-22
2.186815364867332379e-22
-5.537419423567445938e-23
-1.179003980951306438e-22
6.704245358267085110e-23
1.287707162069918089e-22
-3.036642886710557214e-23
1.011447719101863808e-22
-1.296977616692787209e-23
-8.808703916642718271e-23
-8.762398071694843522e-23
-1.482685965322933793e-22
7.672572112001376023e-23
-1.256672189032009508e-22
1.868806782366873614e-22
-3.807445000057193830e-23
-2.438253486512306255e-22
2.072635015078338011e-22
1.344472397984652239e-22
1.496781235417681647e-22
-3.576606875883379626e-23
2.712030107236405310e-22
-9.630472034781284793e-23
1.132913436889544962e-22
8.736495356020160594e-23
-5.099812782969618390e-25
9.974045075193823749e-23
1.628859606536435029e-22
-1.921210539428198927e-23
2.454728467795193997e-22
-9.237957353673451739e-23
4.111871844246771993e-22
-1.216849809967453811e-22
-1.978455931150647738e-22
-2.015084513412737598e-22
2.016780919628312208e-22
-1.678113807032267223e-22
-1.322288006602269466e-22
-2.810843875411292045e-22
-1.400816186796519727e-23
-1.629699545455090802e-22
-1.132506373838016279e-22
1.049725606784226111e-23
-1.737482066162633463e-22
-1.167820564478071143e-22
1.331442141454173503e-22
-1.158285895575872795e-22
2.404566809042356716e-23
3.063761194270953180e-22
-2.594527130607902764e-24
4.314098972035137200e-24
3.938197283443617072e-23
-2.980323194229587368e-23
1.319028974122547753e-22
-1.623022220770171822e-22
-3.345665592884524465e-22
1.551116117087340537e-22
-1.316435625414576428e-22
-6.376206272214604247e-23
5.442104748246929772e-23
-2.899423965579885936e-23
1.006972054212354288e-22
-2.250324428049559521e-23
-8.587104769699350591e-23
-7.152063973523129887e-23
-1.015026431893392905e-22
1.862336476589722509e-22
-2.354995781090690441e-23
2.581134254523638365e-22
1.508614633624406024e-22
-1.084578832477210284e-22
2.111404123443919897e-23
-3.508072538943833094e-23
1.902620572036588737e-22
1.261792710947858637e-22
-1.291547090750380073e-22
1.467889870894250211e-22
-7.411874066453818491e-24
9.141320765189122085e-23
5.043436721665595610e-23
1.108729143211887643e-22
7.155914561561757329e-23
-2.541254755150467569e-22
-1.949849643837520470e-22
7.927418788454429407e-23
1.409710600618642711e-22
1.450494547121251004e-22
-1.592199200373362735e-22
1.273725178409425141e-24
6.684489966605368205e-23
1.924656317379731539e-24
-1.586280334613176123e-22
4.885363835423609744e-25
3.033240836500783719e-23
1.595259961615214119e-23
-6.625967663136458624e-23
1.055667938301786320e-22
2.130688927916258854e-23
9.525479307904417599e-23
-1.986981911653308098e-22
-7.317984031601385510e-23
-1.574806539147967502e-22
1.656423960842240831e-22
-5.299096460708189174e-23
2.372956043775679834e-23
-2.098838700904779978e-22
-5.930756367494599893e-23
4.169451201005301043e-23
-1.077847257175974271e-22
9.922359726398008175e-23
1.940516552498931396e-22
-5.704560516749660789e-23
-3.078527302208034479e-23
4.853645712274761177e-24
-7.031242980561788774e-23
-1.042900492997495799e-22
1.216307576497059296e-22
9.960724845941612400e-24
-2.066163136544425507e-22
2.102876436886457423e-23
6.284287336069940447e-23
-1.035628034469158679e-22
-3.256721769455053271e-23
2.595614846628442249e-23
-9.425024137624450256e-23
1.195019738900379098e-22
3.165472422947405657e-23
-5.099550460885193311e-23
7.692382394734216633e-23
6.234883425336447903e-23
-6.683481650344055379e-23
4.014982199310885897e-22
1.727948746139016609e-23
4.673263120239149397e-23
3.678571513111122552e-23
-1.873810954376216541e-23
-9.185880024429340440e-24
-1.901338636095103788e-22
2.261294687207739073e-22
-1.990790357364805284e-22
2.029224279759592684e-22
-2.128789481695572922e-22
-1.524558343790417342e-22
1.104977416572266680e-22
-1.093273665720418055e-22
9.897565135528947075e-23
-2.197226400384326983e-23
1.529627494648916381e-22
1.323571587202588383e-22
-5.699301234674233687e-23
6.933597640297153814e-23
-4.751857358249986383e-23
-1.595156642042885329e-22
8.331092198586351523e-23
4.380199972077724909e-23
-1.317422923573350483e-22
1.400506115325978103e-22
-1.715627263434840653e-22
-6.752975847679883591e-23
1.903298229501931502e-23
-5.801434039480874686e-23
2.332792584977778076e-23
2.946858234923631938e-23
-2.011295488723178277e-23
-1.419673556838471071e-23
-3.552627984559663731e-23
-1.087483309275082894e-22
1.902816181659597692e-22
-4.231972591430679262e-23
1.398418206383691025e-23
8.515253107783656021e-23
1.347119103779026041e-22
-9.106150382516348963e-23
1.194297890314986043e-23
-5.660895322196728114e-23
4.113039549629786214e-22
-2.550340926489764873e-22
1.213201212290667627e-22
-1.247471146242976809e-22
6.706519652441601091e-23
-1.823745054846461457e-22
-9.017787931888860318e-23
1.552835602352848476e-22
-1.666904936523704578e-22
-1.157357199465184508e-22
-1.679336729092908132e-22
1.253255903672892276e-22
-1.244176518897978241e-22
9.338296620059395788e-23
5.315672517726494000e-23
-1.693548766903722660e-22
1.768827198984251912e-22
4.117641582791502889e-24
6.350932565823036276e-23
3.014352501339669300e-23
-4.691498668794290753e-23
-1.419552655740130120e-22
1.727395511506161538e-22
-8.331646534629393761e-23
-8.640884961029607632e-23
1.298551620382014700e-22
-1.083345652591681461e-22
-1.893987377146717309e-22
1.134143884397930611e-22
-2.599474895571426654e-23
1.156545603963996502e-22
-3.015887425236554011e-22
2.408771462535695989e-22
-1.215895793826058198e-22
-2.961228604396380267e-23
1.262867328533221563e-22
2.417228277678865511e-22
1.623891865433919431e-23
1.618250846817214359e-22
-5.944839824077522568e-23
1.216406936516796597e-22
3.935800914129712950e-23
-1.684437245154884258e-23
1.934284577463856394e-22
2.994068227312114690e-22
-1.323954757481443925e-22
4.371623161938646219e-23
-6.051452160343694524e-23
-1.238166626826662917e-22
5.944677312227065008e-23
-3.398615694357051945e-23
6.739589622823580251e-23
8.862629947691239439e-23
-5.746996537312326785e-23
-3.164261425935269724e-23
-3.324135735172723772e-22
2.740640059771915288e-23
-2.331173227896400689e-22
1.205458179264188602e-22
4.492076423149597006e-23
1.556799956735154239e-22
-1.677775695927635782e-22
-1.281603402057030167e-22
-1.782486842757347073e-22
4.771210137760926074e-23
-2.079222564717504656e-22
2.761224243726321768e-22
-1.310774371748975861e-23
-8.364716096432449311e-23
-3.741081534836071757e-23
-2.581336082910934016e-22
1.149341425913919010e-22
-1.162176370230978467e-22
-4.007306943721885667e-23
8.262153054273386183e-23
-1.948136511598942610e-22
-1.998295817549652868e-22
3.201066672001426538e-23
9.502444145488348020e-23
2.166443136984272603e-22
5.912520897620649815e-23
-1.108670221219852662e-22
1.129079682210056493e-22
2.901376349473627096e-22
1.026863076287206891e-22
3.995361463487561247e-24
-2.108969903360300774e-24
-1.719421789446722782e-22
4.095136922968618640e-23
-7.570325493551317532e-23
1.209354989840561276e-22
1.460424458338622176e-22
-1.067328557400181467e-22
-1.152779801922245775e-22
1.045076556727112217e-22
2.852296987071219539e-23
1.622038229831449699e-22
7.246261948851396710e-23
-4.050017249309926737e-23
1.203025772929317687e-22
-3.904927325813042656e-23
1.123273548191140838e-22
-1.859879928567115454e-22
-3.417215073762837304e-23
1.036232251358028064e-22
2.451989308167701920e-24
2.764900505846854422e-22
1.561475515519327317e-22
1.051397347423283469e-22
-1.388944204946654973e-22
9.261069422642329212e-23
-1.349210943146779422e-22
-9.707147337123212099e-23
6.208476220380872305e-23
5.315155059538167389e-23
-1.286616014859664589e-22
-4.646676075130392373e-23
-1.244323257266390734e-22
-9.107247630444028830e-23
-1.231069652556937393e-22
2.058921828098085739e-23
-2.489162748251087579e-22
-1.723828953190480439e-22
-1.445202247568842350e-22
1.633605425350511198e-23
1.589499588616735465e-22
1.009621698777096384e-22
-1.591533061459682891e-22
-6.872604169303195912e-23
-6.090905055265453448e-24
-1.088121651703311003e-22
9.211854248533233434e-23
-1.348650034066127746e-22
1.101827910612747229e-22
-1.493999433936257211e-22
6.900918431034211111e-23
3.672173667925926625e-23
2.828690327050747839e-23
-2.780491592075976883e-22
-7.622445758465839853e-24
-6.254590738751227607e-23
1.719315248316162634e-22
5.270102225390625015e-23
1.298889256730543962e-22
2.809414195137239195e-22
-1.166973176493881308e-22
4.573475781400473750e-22
-8.620571293851654712e-24
-2.032938438123494176e-22
9.668460262139755611e-23
-2.851920481053504648e-24
2.828098343224651427e-23
1.621145168965650894e-23
3.281866314686578495e-23
-2.278227799390049589e-22
3.450440233879273993e-22
2.368413909004379421e-22
6.450413127388966273e-23
-4.348359586527596919e-23
-1.479706934934295387e-22
1.796423857780294888e-22
-8.713236639074577370e-23
3.914098516573802494e-23
-8.690071622575371398e-23
1.931724345468725786e-22
1.329712523692821013e-22
-1.735686177053359736e-22
-1.176522501943824544e-22
1.696628049308708437e-22
-3.345376568405181370e-22
3.603232758350294179e-25
-1.448069402180824115e-23
-2.701862036543493786e-23
-2.417595440296361904e-22
1.117186325363231024e-22
2.690625792181403891e-23
7.925742399172110415e-23
-1.367481507522747628e-22
4.433324595434063895e-23
-1.619710148027001978e-22
-3.135215936186782988e-22
8.862863871908373189e-23
-1.036329858858540240e-22
-4.225000163964779300e-23
1.434152313243380153e-22
-8.955952520468918001e-23
1.594336472087961382e-22
7.541206715300090146e-23
-1.183498684948772396e-22
1.341049602725262112e-22
-1.016163855973184869e-22
-6.518125980325330978e-24
-2.885876788501225669e-23
-2.191072439890437090e-22
1.286778800939803705e-22
-2.603355713569508181e-22
1.152142048509683373e-22
-6.259400002316837599e-23
3.597297071777644693e-23
-2.919132565959790406e-23
8.744113781483766014e-23
5.758348683879777687e-23
2.410714491298957468e-22
-7.363885773571265079e-23
7.830740895161078997e-23
3.335890149399853566e-23
5.704784128395548038e-23
7.825912357983744294e-23
1.489415755851618542e-22
1.950857697801720673e-23
-5.187676709703694085e-23
-7.447634196348390286e-23
5.005027092990833499e-23
-1.121051303727841645e-22
-8.846254961842832455e-23
1.365623975441983950e-22
2.935854653686050620e-23
1.827894780903071213e-23
1.945246267235836639e-22
1.134397537034272282e-22
-8.371872618552830018e-23
-6.055480313376591676e-23
1.005398081426845832e-22
-6.821623546767457508e-23
8.232598180639315530e-23
2.439486972169918603e-22
2.683251874737410111e-23
-1.219312378044479954e-22
4.524591953724710020e-23
4.593564690827546414e-23
-5.912243218429953596e-23
-1.447764585487626906e-22
6.410195107575844136e-23
-2.724291361088508536e-22
3.320793373008048421e-23
-7.256444154385990928e-23
2.244618521195080171e-22
-1.695715993800349673e-22
-1.405972972525150160e-22
-1.649744785916566043e-22
-1.504105642678467272e-22
-6.621985774115867632e-23
3.211143175780912308e-24
-9.823450535865620958e-23
6.417791918941678486e-24
-1.981907842867960653e-22
-8.218502762427744181e-23
-6.439160340874666334e-23
-1.033293851255925229e-22
-4.779574007399431499e-23
-1.158817648081396306e-22
9.741930701593677377e-23
2.313678110814386531e-22
2.007985014406269898e-22
3.524920217078601103e-23
-6.253920543908864274e-23
2.934868507328310237e-22
-2.037515377192827322e-24
1.972332302651579423e-23
1.327952017739537609e-22
-7.373177105179654258e-23
6.417775593438060220e-23
2.780715118721919817e-22
-2.188747983631101105e-22
5.706662035040800421e-22
-6.764080654003723354e-23
2.282342649784657448e-22
-1.769733664844324134e-22
-3.952743554266066272e-25
9.719227182433269706e-23
-2.294383922553659909e-22
-9.975149559032024282e-23
1.113672281886887903e-23
-9.956535693647596528e-23
2.767160251846288413e-22
2.330782634489571587e-24
7.013680874292380794e-23
8.910661605231735672e-23
-3.340496682894060627e-22
-1.394012209115144268e-22
-4.490490332580999901e-23
-1.801356763362993163e-22
-8.420731890039428349e-23
1.220090073958626825e-22
1.220056034540323933e-22
-4.155129809873306504e-22
5.086008254716750655e-23
-1.289538547568085357e-22
1.317230378365323930e-22
9.689163204710087522e-23
-8.413512979983404382e-23
1.284440029391866204e-24
-8.073102845795640994e-23
-2.366626683622021890e-23
1.226798342225480764e-22
-1.534054281147050939e-22
-1.084750913689360560e-22
-8.560388273308144851e-24
1.271252798939396585e-22
-2.225479262881766101e-22
2.667326506599612233e-22
9.975500296115718453e-23
1.060515765601367425e-22
-1.923863050063516717e-23
1.826592050426424165e-23
5.520197313381236947e-23
-9.427190592509362007e-23
8.126373130818385151e-23
-9.609699354673231119e-24
1.431923717167364859e-22
9.623692257996568765e-23
8.348242758974185988e-23
7.390737157893064250e-23
-1.385592108620372918e-22
-8.063982728691167430e-23
5.512310058739582304e-23
-1.137654731322920917e-22
8.032659739823551955e-23
1.220577599848456857e-24
-6.555457909930734010e-23
7.307500761616022961e-23
-2.855944016402252551e-24
-3.001550433699290064e-23
-1.259694703242393159e-22
1.940258829637236667e-22
2.406632036362062412e-22
3.855464318663079398e-23
7.388519641733177775e-23
-1.696911937220362362e-22
-2.041356034446217734e-22
2.420264635928573522e-22
-4.232864496057515584e-23
-9.681065839386531423e-23
-7.503867064118446255e-23
2.733657074457760336e-23
-2.753518694994414503e-23
-1.706563382617082839e-22
-2.118352128134772538e-22
-2.915413761967234381e-24
3.482284468886538458e-23
1.160741817048777586e-22
-1.538963324845460021e-22
6.535235679802410022e-23
-5.740114782998287697e-23
-2.043195873500996909e-22
5.299761880314625052e-24
-7.059063703162706703e-23
5.537008529623810928e-23
-1.077304843937872621e-22
1.844511158929542201e-22
-3.445265160416990156e-22
9.510311075332019794e-23
-5.619290350264512323e-23
1.489008192390431079e-22
-3.521744543353436045e-23
2.324975317018149110e-22
1.038103921457892031e-23
7.863894431383272871e-23
1.549938047911969072e-22
-4.333655556278546361e-23
1.282502921694356415e-23
-2.272619532778134202e-23
1.155722317870041565e-22
-4.998715879130936450e-23
-7.894468151541261561e-23
1.172484545912730499e-22
1.579847534257902625e-22
-1.569162334736124089e-22
1.931136410338827965e-22
-3.206967556408683917e-23
4.780795886498567434e-23
1.378246360235246968e-22
-6.030917294684761576e-23
2.882783414959051129e-22
3.676061742731704607e-23
-1.728747493217564674e-22
7.094513077421020481e-23
1.069526750214780857e-22
-8.931110820630179008e-23
1.088063436396954319e-22
1.161584549722182282e-22
-1.317891788054400567e-22
2.049248187667594514e-22
-6.876527938657029692e-23
1.121619796682767593e-22
-1.003409034736649225e-22
-2.911545842469560840e-22
-2.678633478521082694e-22
-6.865871733088145496e-26
-5.716733390647604511e-23
-3.659153912938124857e-22
1.357570248691994522e-22
-1.546347505997964478e-22
-2.548552019375030968e-22
-8.297331217637270506e-23
-1.582755868403298579e-22
-9.783094548303337995e-23
-3.571768522699716343e-23
2.510346850250082689e-22
-1.068282844116738623e-22
9.628690543616515602e-23
-2.650770103073278426e-23
-6.468738231207722803e-23
6.592860774083579544e-24
1.396907154525265971e-22
-8.763119728712826635e-23
-1.097789659591086532e-22
2.265760880147292430e-22
-1.117476478085813619e-22
4.647437158209749148e-23
1.098176731764244545e-22
9.279288515358976588e-23
-2.551876510277779624e-23
1.974299448187419561e-22
1.078065983627986557e-22
1.174861343983440503e-24
3.384396166092851238e-23
3.971623968526988804e-22
-7.568970610751099091e-23
2.718054052515784721e-22
-1.781008968992218764e-23
-1.092026458645702584e-23
-1.550789494366378732e-22
1.117999037373099505e-22
5.025448839245965710e-24
1.019602369075303070e-22
6.697912110031140177e-23
-3.192195073650497581e-23
-3.660913602004071679e-23
1.591602817432527159e-22
-2.154102600598468099e-22
9.427146256721797954e-23
-1.392139199677354849e-22
1.598090770926419211e-23
-1.589738008696637783e-22
-1.934094468773610713e-22
-2.174861400081356211e-23
1.486539844333740996e-22
8.961488077934634259e-23
1.124234948442437931e-23
-1.411265001402583930e-22
-8.269450674191049037e-24
-3.281200874509347065e-23
-1.619013596614089682e-22
-7.635777006687854216e-23
-2.309101218575822621e-23
6.453542960278399094e-23
-1.772114420291738975e-22
4.204028921151317212e-23
2.945926851402088382e-23
-1.244398815170249719e-23
1.183512330890312114e-22
1.222111957643139732e-22
-2.319522333747623073e-22
-8.887589890167576367e-23
2.588385579496516612e-23
-8.683396923453038938e-23
7.732528699952188825e-24
-5.577391079527197213e-23
-1.625743808860145267e-24
-1.709643343842349109e-23
3.788448890986412441e-23
-1.625396585528538161e-22
2.840531266673774273e-22
7.331535416173005683e-23
-5.310828509893612743e-23
-1.512971866587811177e-22
1.452499014459082107e-22
-4.042386286456745116e-23
1.522047529758432580e-22
-1.695309212057763755e-22
-1.269161028082435259e-22
4.110982156604088057e-23
6.062041303646874832e-23
1.090212238605729502e-22
2.295266123990406786e-22
-9.887788277636926553e-23
-1.984012363891688652e-22
1.559720045401980242e-22
-1.307011596956970577e-22
-2.405293433976274518e-22
2.036485364214216078e-22
2.222148830968763835e-22
1.646576313014316059e-22
-2.210196662377968072e-22
-7.041313139051128782e-23
-5.454860817443745117e-23
5.778678239268163962e-24
2.020854522734993505e-22
1.254353331310654195e-22
4.070766522546544576e-23
1.680179625571478121e-22
1.184382359221664310e-22
8.239855834000168640e-23
8.446727585987145968e-23
7.090469938871435698e-24
1.206471910104855486e-22
1.578583160812173410e-23
-5.129427099167287701e-23
8.076217006293409632e-23
1.713108865817316415e-23
-8.629526717915280171e-23
-2.794205798866394167e-22
-8.906574405191140150e-23
1.040460646947878253e-22
-5.833844768717580748e-23
-1.778680790262397218e-22
-3.948732497799430373e-23
-1.282353395183601358e-22
1.033392546624248216e-22
5.943373659848045708e-23
4.434378466993451868e-23
-2.932215832924978476e-22
-1.783902675425884076e-22
-1.491669287529466568e-22
-9.048834041966631563e-23
-1.552693439751689776e-22
1.458963526140042097e-23
9.032817557058740088e-23
-9.195539342021564901e-23
1.789942188564663827e-22
-1.067574045295746530e-23
-2.978933908941936131e-23
-4.565480351486075949e-23
-2.467280127061119914e-22
1.930810413847159933e-22
-5.803399200505537973e-23
1.025249694927453988e-22
1.099924543690460824e-22
4.554301195615380360e-23
1.746568457751203976e-23
3.906146678765430588e-23
6.895143694713902866e-23
-6.465213491243305336e-23
1.867241412136585306e-22
-4.107369903123221709e-23
-3.311496425203031445e-24
-6.428982502094892372e-23
6.451767671890316507e-23
3.767804499523489600e-23
-3.906263268580537928e-23
3.771663036926532826e-22
6.614102282946305852e-23
-2.079666900568044951e-22
2.731925844142652079e-22
-3.129087722663361171e-23
-1.353185585715476264e-22
-1.105291812160886224e-22
1.488996098617380311e-22
7.136509682509673565e-23
4.474155528225851946e-23
-3.611669480759214122e-23
6.165987592638179966e-23
-4.373181438058498764e-23
5.364667533839959619e-23
-1.131430478031840868e-22
1.409021685596395006e-22
-1.173532583852080497e-22
1.011191639404304969e-24
2.909202784720044110e-23
-9.032362133733265200e-23
-6.565838581161394375e-23
-1.225571049001027815e-22
4.171505091409351817e-25
4.495561221970899179e-23
1.168293586049873122e-22
-2.847348752160158588e-22
1.826093119327750203e-22
1.442683971684506860e-22
-5.445446959052511245e-23
-1.737607542372253518e-23
1.821084194490060411e-23
-2.738595372218011984e-22
2.741040460788219187e-22
-5.134262076824406975e-23
-2.192409256485598751e-22
-1.159568490273906160e-22
-1.700787637236315345e-22
6.090678366934887314e-23
5.863780356195757522e-23
3.387065843543163757e-23
1.201285752613908135e-22
1.683961130181666317e-24
-4.545967297941175893e-23
-2.003843853208119520e-22
-3.978279333588768873e-23
1.160980282517929250e-22
-2.878850525516950886e-23
-7.961551096709036536e-23
1.592878013868297629e-22
-8.652657527920580144e-23
1.313514289462832548e-22
9.739721012512608121e-23
1.939132893789246347e-22
-9.454573311361023574e-23
7.633506357852997836e-23
2.068478269827674821e-23
-1.564455330405217507e-22
6.020588050929309958e-23
3.507089927762385403e-23
-2.072382628319988602e-23
-1.652708393090781765e-22
2.220533499464541548e-22
-1.822108283003928560e-22
-3.655800943323633457e-23
1.328638606459930408e-22
-5.874001803456072727e-23
-3.103389510920367211e-22
1.864385884740808132e-22
1.845601199819543946e-22
4.064828271669509014e-24
6.665244092296721444e-23
-1.730202590417214523e-22
3.331346190093969073e-23
-1.569297302050875460e-22
-9.390855837398220202e-23
-2.604363997395895096e-24
-1.532014514478456245e-22
4.918537837724085653e-23
6.941822021422105352e-23
-3.699970668165206945e-23
1.948308109314537338e-22
1.568749871417336460e-22
-1.997470802115595225e-22
1.092751126712640573e-22
-1.148167029064401711e-22
1.482967426304252325e-22
-8.526950368537767336e-25
8.840938615789106085e-23
1.440399709744654663e-22
6.000482904734610002e-23
3.358905083286144289e-22
-8.767067328222863261e-23
1.356414377058873006e-22
2.502610417674275743e-22
2.274276009412633349e-23
1.182228998735300443e-23
-7.927707218942557532e-23
1.067679623108664903e-22
-2.611662822579633448e-22
1.638311582785286759e-23
6.081080427641415702e-23
-2.194309677051874671e-22
3.733201722081529145e-22
-3.117938441016669324e-22
1.798535474514170692e-23
-1.717119803837937362e-22
-2.752981047989230284e-22
-1.602914443085912585e-22
-3.331857120122732376e-22
1.667787805558544814e-22
-1.742650966337418545e-22
-2.512658017381213889e-22
-1.164858787488735688e-22
1.235682999627723515e-22
-7.759021660219667434e-23
-1.117356925656717192e-23
3.208055209499646434e-23
-1.694943773496153855e-22
1.676743580488416445e-22
1.106576386629710582e-22
1.491546447406883689e-22
-1.503563719874206876e-23
-1.245543079211761066e-22
-4.267603542600814498e-23
6.706169404037867344e-23
-5.158671425131050911e-23
6.064584503174100024e-23
-3.617809605775994812e-23
6.971207747205585872e-24
-1.396563936638575488e-23
1.843007980260612689e-22
6.879577648431663753e-23
1.968128791979489453e-22
-1.576866893369299031e-22
8.577553323382474724e-23
1.557946662636168794e-22
-9.569664267008662136e-23
3.337039435804122831e-23
-6.419121953175730804e-23
-8.228907869460512187e-25
6.875203670868778711e-23
2.025115480151953514e-22
-8.313874411252781974e-23
3.040344973973526243e-22
-1.246250982272053249e-23
-6.049659354234822764e-23
-1.612931553106490666e-23
2.410060960694666623e-22
4.131109200656334452e-23
3.167848535009140138e-23
-5.663396673424959581e-23
5.798037643173183185e-23
1.762558300481797247e-22
2.722657526560408014e-22
-8.704084201007883171e-24
-2.343999392097972193e-22
1.576892306236443244e-22
-1.860540407321706162e-22
-2.192885884842346261e-22
8.387931621944247150e-23
-1.140289740834580062e-23
-8.694641672130721161e-23
-1.734428663029160706e-22
1.324375962560234332e-22
-9.779057735469788038e-24
-1.048369914000882732e-22
-1.749532914643149994e-22
-4.477523776953945750e-23
-7.245489903754435694e-23
-7.092210150747426275e-23
-9.596963838838621653e-24
-1.346251250152010763e-22
-2.868484592468741113e-23
-1.179266357309489299e-22
-1.462841996540002838e-22
-1.586360746511377235e-22
1.975089793754268007e-23
-6.216536313835036045e-24
-1.248387655009920882e-22
-3.163917350555725290e-23
-2.989692330475814015e-22
1.071336019400294908e-22
-6.310170135709744098e-23
1.970065492775800531e-22
-6.813549532438022847e-23
4.456338610441531864e-23
2.787696808771702217e-23
-2.063723089775999232e-23
1.743754765016839121e-22
-2.785768069120461666e-23
7.764246501346973581e-23
2.142930031531923313e-22
-7.110931690819992403e-23
-3.127504779519236544e-23
4.306330946744505693e-23
3.789062729389579923e-23
1.458431026990389890e-22
2.023594048878033033e-22
2.897246026725368590e-22
1.740074920394211014e-23
4.049629598929424805e-23
-6.682586323987926012e-23
7.298402413851821211e-23
4.535537284984686693e-23
1.183354594353090040e-22
8.580475346827364596e-23
-9.588941446407330135e-24
8.841928906974670496e-23
-4.728166730192834608e-23
1.734903700724798333e-22
-1.234553266908100702e-22
1.532665245247113699e-22
-1.150144785323717153e-22
9.019646445084164784e-24
1.317856634341829915e-23
-1.349014873656438121e-22
-1.261293475328606375e-22
-2.374756353142413301e-23
1.062657880465623083e-22
-3.631529770347116234e-23
-1.369783386109615663e-22
2.165454290429235152e-22
-3.436014282004092233e-22
1.602752867233595164e-22
-2.472222330931458509e-22
2.128834675210904186e-22
-1.944914003922302238e-22
1.279025808948388753e-22
-2.789437532116640347e-22
-8.479667631527588240e-23
1.870295619655649232e-22
5.317592011912795338e-23
-1.004173564362623541e-22
-1.643370004673442035e-22
2.234649932028358252e-24
-1.356134901663995858e-22
-1.208434115950749390e-22
-6.280799366651740872e-23
-7.760083677138484637e-23
1.801328109121797922e-22
3.051333909812085994e-23
-2.297881667539923264e-23
-1.648697382140704776e-22
7.754846632307121839e-24
2.219566532525919689e-23
-1.179328835204320387e-22
1.053383905481816959e-23
3.143321353106009798e-25
1.270899750966127043e-22
-3.313810904879886950e-23
-1.560609854331966055e-22
-1.671395956824475047e-22
6.264443790466070643e-24
1.275081911350935017e-22
1.088741769300010062e-22
8.619830622521701966e-23
-7.607236109669564440e-23
-3.234684708325353642e-23
1.407190138012714760e-22
-1.326643031325853086e-24
8.412433735440626981e-23
-4.624178875656464113e-23
9.552704719011260178e-23
5.605793515264236565e-23
2.065667930080252911e-22
2.344502769723105845e-22
-6.840641727077632694e-23
-1.913956515828518211e-23
1.242081742814373955e-22
2.227956226150964921e-22
2.620656818813245515e-22
1.088613887771625753e-22
-1.402327983374012457e-23
-8.054681377935668016e-23
1.095665647687584734e-23
8.757845466999698869e-23
1.574091461356350356e-22
-5.019035473484089925e-23
7.902899460914985861e-23
-4.599577250468548800e-24
-1.653730702318385397e-22
-2.391634235432593771e-22
6.756953376894181285e-23
-2.797597651010784138e-22
-7.132067412754777882e-23
-7.548414137242002963e-23
-2.454747844599125339e-22
7.775568523345655448e-23
-1.015769445057907138e-22
8.272063330989239408e-23
-3.381506494329017346e-23
7.504390854511096873e-24
-9.009575704384994180e-23
1.077855184454964859e-22
-9.401974823854503681e-24
2.302750758176210210e-23
-8.190843207360940479e-23
-1.958907186804293659e-22
-7.103792807881684844e-23
-1.999782648948484271e-22
1.502565171257218365e-22
1.369932158290530233e-22
5.406415422441545173e-23
-2.337534709364447220e-22
-1.767716026888514342e-22
9.140949843432466602e-23
-1.349776201853908758e-22
-1.306580046779750495e-23
7.112140525433566054e-23
-2.411519608367198309e-23
1.567642639469577910e-22
7.353707379350163050e-25
1.689651366418279420e-24
-4.478090818981232551e-22
2.455314807328475417e-22
-1.063504294902804540e-22
-3.815136502315841579e-25
4.575937028703760641e-24
-1.133766578179004285e-23
2.276173750293854616e-23
1.351690775290284582e-22
2.095149403266941690e-22
9.586561095877585248e-23
1.400715883062284300e-22
1.403888893575172801e-22
1.411386408962314460e-22
2.335030931137670537e-23
7.796470007162734055e-23
-1.551494173364549075e-22
3.552375713451557019e-22
1.279833934528298486e-22
-4.957504976934264598e-24
-5.150043157795315105e-23
4.061658935095309820e-23
4.463389612749449462e-23
2.502182405449571784e-23
2.515311926648985681e-23
-1.102148091844873530e-22
-2.509927922715472701e-22
-1.604538200750979893e-22
1.862161025810738268e-22
-2.312178530292715365e-23
-6.769229472187514445e-23
1.972684393108747416e-22
-1.529652169434962026e-22
2.639603310224930619e-23
2.268617649904071571e-23
1.438728273502689688e-22
-1.675944996011889698e-23
-1.150002555393638275e-22
-3.393314505514872767e-23
-1.384228205653941771e-22
-1.031620955487552542e-22
1.506833644643117059e-22
-1.466818114053492328e-22
-3.011989019152645896e-23
5.962649822821684606e-23
-1.386691380960348942e-22
5.737997365953746550e-23
-1.552477957764665287e-22
-1.932890636443663928e-22
1.000645642801078970e-22
1.034262540556971574e-22
4.795311653021317756e-24
-1.291087458478167922e-22
-9.983835936881664543e-23
-1.324688591731092065e-22
1.282544526291201039e-22
-5.462551714548073929e-23
2.358950599112250383e-23
4.925935164039831670e-23
-4.959644001849715226e-23
-1.931785193097208900e-22
1.133466029907953373e-22
-1.555978548087787502e-22
-2.545641789504177133e-23
8.223309358297861709e-23
7.393275486225025936e-24
2.455346926805279160e-22
-6.094391682815963164e-23
2.055254062269771693e-22
8.935842900760936196e-23
-1.432778958178975950e-22
7.559318556378035716e-23
-7.213916063009705373e-23
2.748647456171470593e-22
1.197571121553986407e-23
-6.801556562292272737e-23
6.570202454227035224e-23
1.268037646098283678e-22
-3.540229351903175789e-22
9.688750616715470040e-23
4.694628173381872934e-23
1.626055019488015282e-22
2.617431117030110249e-23
6.393823145601692262e-23
4.174305433337822649e-24
-1.336938960374920539e-22
-2.134762163285284473e-22
1.712906624075838727e-22
-1.961550463225517041e-23
1.857785757827214939e-22
-4.369061460166111729e-23
2.900234828708116697e-22
-2.414119519104763717e-22
2.269779780316375538e-22
-1.117445699847601489e-22
-1.950190330651080031e-22
1.268967902053145857e-22
-1.952432761677984725e-23
3.964402168461472842e-23
-1.669031900486754950e-22
5.463564219378254713e-24
2.342785506431034970e-22
-4.951093636244123312e-23
8.488503582025368173e-23
-1.718699822411800753e-22
4.457160560265939265e-24
-2.669394580131533284e-22
-1.226225042525329195e-22
3.009658771621499409e-23
-1.172947522187460961e-23
2.553990822819633316e-24
-1.624667819809169055e-22
4.029752416771284590e-23
-7.383835321414069528e-24
-1.432559224124725609e-23
2.514583790195865830e-22
1.241127609227272173e-22
-2.016242083512220535e-22
1.774678336310430085e-23
1.900203533576093560e-22
-1.361152898573475245e-22
9.765140169701814101e-23
2.883007541968334216e-23
-1.311994134196989738e-22
-1.567445274280361144e-22
-5.989504266942226279e-23
-2.017191564658160394e-23
-4.187980571333318541e-23
1.561732996470092764e-23
5.637354833337146544e-23
9.977091490783613197e-23
1.183260712964233525e-22
-4.565042866126542794e-23
-3.534455302435690025e-23
-8.607211037768114884e-23
2.624090844874384732e-23
-9.059756059649660997e-23
7.515721608564462873e-23
-8.447210130865295211e-24
-1.949357965567031912e-22
8.306899250842127293e-23
3.692360515915759149e-23
-1.943963173686815913e-22
7.118483030404869043e-23
4.647205569073433102e-23
5.744766135176935682e-23
-1.367987531937521747e-22
-6.300245011589233042e-23
1.351864006254378634e-22
1.480585917870519919e-22
-1.150323450840213356e-23
1.078283670514036256e-22
8.917418449301186401e-23
4.240635135238138653e-23
1.211339797729644880e-22
-5.428812607471055549e-23
4.208266269839277324e-23
1.475899123784830533e-22
-2.337715671000695704e-23
1.422277686932288029e-22
-1.459193233292297097e-22
4.785902362971954978e-23
2.279715049827827766e-22
8.836748566701305800e-23
-5.667263694502981330e-23
-1.443012778179307797e-22
2.581967536676531702e-23
-9.441049237748683755e-24
-4.102690388211068856e-23
-7.501881713775686459e-23
4.513398483091547965e-23
-1.353854423125591256e-22
5.287403013286962961e-24
2.045178570216272418e-22
-6.965070750640841744e-23
-2.183044624699859991e-22
-1.046573057954302740e-22
-2.289639889884457186e-23
7.680573854629211423e-23
1.819344103689697034e-23
-8.036373163370442908e-24
-1.387823586262566303e-22
-2.103068972475331654e-22
-7.445241399764214715e-24
-1.932067277262321523e-22
-3.269698011820782206e-23
2.558215536693611430e-23
-1.593761823117948567e-23
2.406867947592714724e-22
-6.980371566846933628e-23
1.952652785841356186e-22
-6.168654681718125340e-24
-1.866196717146161088e-22
-1.191371549659095163e-22
6.495504454782167901e-23
-9.151942177158713049e-23
1.712565066534678906e-23
-1.291705787265466636e-22
1.137232980641203624e-22
4.853715139268146024e-23
-4.782033882270580734e-23
1.477650172353736134e-22
-1.368004244804927073e-22
5.196675635260161925e-23
-3.922155925138360384e-23
-3.598794522671507762e-23
2.174137494228122408e-22
6.633836927213866890e-23
-4.728319695589339251e-23
1.048242564644651563e-22
1.732997088987281003e-23
1.100508543853931686e-22
8.677486221798882085e-23
9.245402104492671806e-23
8.775722933128068136e-23
9.072812620970961174e-23
3.995450779799863323e-23
-2.133934876434111587e-22
1.119729065187043972e-22
9.357368443171077175e-23
-2.699838091633396649e-22
5.895486902802521804e-23
-7.282532912237836414e-23
1.379649153467753273e-22
-4.166220951369588392e-23
-1.203039203275671254e-22
-7.368940005642062903e-23
3.199478114241326104e-23
4.082189534522861060e-23
1.814284968516622542e-22
1.850860129830225513e-23
-1.644921097524621102e-22
3.002112764439990063e-23
-3.996723791594370578e-25
-1.315746194950367075e-22
6.196313289188007939e-23
6.092181851829396314e-24
1.109743712686088736e-22
-5.628316407366070024e-23
-1.836174913575862396e-22
-7.293216648113484277e-23
-5.015699919176506558e-23
2.526811442705207688e-22
-1.670640920741019055e-22
2.072644763469485857e-23
-3.576592306668238508e-23
5.931655438349106679e-23
3.901516050492011106e-23
-1.879792462580585965e-22
-5.307214785811539144e-23
-3.919810190204327033e-23
1.153157151773457531e-25
7.987300800155658592e-23
6.285305100109082875e-23
3.078146265370692491e-23
-7.314319568059431489e-23
-1.545749767850355149e-23
2.714705687200726457e-23
3.520446218130689938e-23
-1.905154061152744971e-23
2.612521766522817402e-22
-4.698419303413001854e-22
5.822375775828118579e-23
-1.345529829898135556e-22
2.388180461086063906e-22
1.091113341182833306e-23
-3.824497677252956404e-23
-1.741464827563528395e-23
7.225669545356916295e-23
-3.075879272288662966e-25
-1.358450963391307609e-22
1.705331521229869811e-22
7.339182953623429689e-23
-6.875858707239680023e-23
2.480611945329332072e-22
-1.200409941399637479e-22
-5.232975304843612623e-23
-2.015357649623761529e-22
8.065475458540181374e-23
1.791199152779521359e-22
2.315338960465242843e-24
-5.163593249665308742e-23
2.241935657485017664e-23
-8.824917031422391335e-23
4.696004614345535396e-23
-1.747171886273208197e-22
1.516348199845730880e-22
5.204964866495555204e-23
1.393486425065805358e-22
1.559198175401162657e-23
9.870673922014883148e-23
-2.728339739121572561e-22
-2.898238088835108980e-24
8.222509399057480481e-23
-3.337189816126591580e-24
1.702729069515840462e-22
-1.204262106983668691e-22
2.005995748599265522e-23
1.028684409105119014e-22
-4.425910165175991203e-24
-3.291201329674567693e-23
9.994563350092448180e-23
-4.799151508145622757e-23
-2.595817722108755455e-23
-3.418345521277130558e-23
1.393783376767965927e-22
-6.007159150017272663e-23
-1.522101248467135952e-22
4.475778867947736341e-23
8.148848125614003543e-23
-6.062390446395060793e-23
-3.943765818558806091e-22
-2.805818834482578371e-22
2.224917263693536073e-22
-4.922017842620649496e-23
-1.821213101076894020e-22
2.528084172924149370e-22
-6.643701261892461298e-23
1.935362960821418670e-22
-1.653802832094620386e-23
-9.836586299814163533e-23
-4.049675506895930250e-23
2.002940375655690040e-22
9.520936839769499710e-23
-6.139009018223593954e-23
5.152563506521603536e-23
5.199861336251641646e-24
1.770803778196008104e-22
1.768544369960385092e-23
9.218849777583338688e-23
-3.061472625283620205e-22
7.440719022853437125e-23
6.404128963732458920e-23
-2.951341652106007614e-23
1.455116841760912323e-22
-2.514782289225276465e-22
-1.683837850635254126e-22
1.245322004200694511e-22
-1.857728392812325480e-22
2.219437581260888976e-23
5.033372512298980114e-23
4.563141811790548063e-23
1.446756263607013093e-22
7.992399199459712708e-23
3.911516309633438308e-23
1.722863039830713882e-22
-2.234474703402226315e-22
-5.931228714742682085e-23
-1.595310186699993640e-22
-8.295203613833826258e-23
6.759488222225055596e-23
-2.708722141494426993e-22
9.289469875263688177e-23
-3.337879358653390556e-23
-8.768144915226771682e-23
-1.610247794506615927e-23
-1.868906975641604894e-23
1.590860181938441995e-22
-1.157828533885331363e-22
8.083923083520234771e-23
-7.316439553367877428e-23
9.739768687441462043e-23
9.385518251961295115e-23
7.439576298549413621e-23
1.179971569176128263e-22
6.805906208370616519e-23
-4.693400085272727112e-23
3.108120780575789061e-22
-7.967320860703305938e-23
-3.384169866732811546e-23
1.176164204876718955e-22
2.493582651627002218e-22
-5.224653484130890427e-23
-4.493322029053604602e-23
9.447688571457013449e-23
1.810471592462135618e-23
8.925835993308176055e-23
-1.917318795442245675e-22
4.396951089070060774e-23
-1.237012543881871000e-22
1.640572578895454635e-22
-4.009930272861911910e-24
-7.026563879883492573e-23
-1.384133198010904213e-22
-1.001282975858282573e-22
-8.397779448088154526e-24
-2.234313774158758335e-22
-7.337153289964564673e-23
2.573935186873003240e-23
-6.634520110303300418e-23
-1.314414438417544760e-22
2.489957508759457602e-23
4.318794060748376346e-23
-1.953958130434101900e-22
1.048006629992635188e-22
-3.011569433922932912e-23
1.409434402593781092e-22
-2.360824645791195710e-22
-4.247165969221456213e-23
1.236043709638845421e-22
-1.401883177775262619e-22
6.054243625511110317e-23
9.323087906683739670e-23
1.103375756575227134e-22
-9.402376114067199676e-23
1.945573123503271507e-22
-2.710476024106116081e-22
1.492020167082389100e-22
-2.828392847233998829e-22
3.459704180925543898e-23
-7.483317869337216081e-23
1.165779272114004957e-22
1.833292881459119250e-22
-1.486999182317193180e-23
-9.615438166311034612e-23
2.018295911322789570e-22
5.659148100099282971e-23
-3.037102906839665960e-23
1.428337339837720315e-22
2.174106618485174608e-22
-2.457876199049280355e-23
-8.427252134723123936e-23
-1.303660742507419027e-22
1.467850646553062350e-22
1.049121026011789910e-22
-7.440881305499402234e-23
-6.930641601417458032e-24
-1.760837061602668832e-22
5.692143062940654744e-23
1.881845811538918857e-22
-2.970299280285778737e-23
-5.665592143103991105e-23
3.347217974148582892e-23
-2.137627294352099115e-22
3.533766317141446811e-22
-1.716448347350181221e-23
-2.004760799300076190e-23
-1.869132565224692035e-22
4.300422979161194234e-23
-1.504385905168750226e-23
-8.533887147036596905e-23
1.879322987078682696e-22
-3.480290554481983837e-23
1.176606500487001014e-22
-4.007706106628111596e-23
2.220854808424829470e-22
-7.324301037853147689e-23
-2.589700000054630104e-22
-2.429559472689646787e-22
1.081084820286642437e-22
4.052848549402398020e-24
-6.033331357679421713e-23
-2.654444375306684201e-23
7.535940261572402358e-23
-1.373339692397938757e-22
-1.045934074550186596e-22
-9.409423485791347745e-23
2.020541607114055851e-22
7.927570997623983097e-23
-6.939001522808243903e-23
-4.505857974536489735e-23
8.582660767557006995e-23
9.345539177615210039e-23
-2.624311183786694168e-22
9.550656980577728895e-24
-1.336556435024268552e-22
1.501830625443002860e-23
-6.630214629436541319e-23
1.814696220352833538e-23
3.952096256849437052e-23
4.931034473544614676e-23
1.365237482522136133e-22
1.111018683421987964e-22
-1.569811139186250931e-22
3.185144102513968309e-23
1.755156120413569768e-22
-1.179062234160784687e-22
1.123425829686113628e-22
5.807130082653606989e-23
1.783069139348370954e-22
-9.115745633177896804e-23
-2.164875337522969477e-23
4.462133722030841370e-23
-5.136487678883848273e-23
-8.043544684219555232e-23
-7.780066630513548832e-23
-8.324027094441863843e-23
-1.835505894148191688e-23
1.305737546711482751e-22
-2.602581001765265530e-22
5.589429195605688439e-23
9.083130646273101378e-23
-1.325830729848161350e-22
-7.179221659963774425e-23
-5.144388826601643115e-23
-7.380681458706845121e-23
1.234151753258661957e-22
1.070817104097840855e-22
-3.261049349187175403e-23
1.046146082656565031e-22
4.945313845346344706e-23
-7.273813257106392623e-23
-1.983442986464242063e-23
1.503235238949714981e-22
4.874758953946574414e-23
-1.759431777299508969e-23
1.360512004267484861e-22
-3.066634188750942863e-23
2.361238115433222649e-22
-1.039245862931522557e-22
1.363932202813077810e-23
4.506241316256090938e-22
-1.813747546875218215e-22
8.219719686174691703e-23
8.955578173399574862e-24
7.049444787095218297e-23
-1.076125827558844980e-22
-7.067038328634545172e-24
-9.835785802948569294e-23
1.092981178397316519e-22
-9.931288633197315626e-23
-3.275284889503222058e-23
1.591392406690950310e-22
-3.776299598984705689e-22
-7.306617869299787831e-24
-2.395838162864157597e-23
5.996112507546878173e-23
-1.021606122837884661e-23
-1.113053872309430801e-22
1.104873846438498484e-22
1.235130064528878397e-23
1.829660961550333071e-22
-2.343335063427402545e-22
-8.902226451789779933e-23
-3.705784832869965557e-22
-1.719307428212664005e-23
-2.056464164145437300e-22
-3.564888168384640795e-23
-6.182404548176521892e-23
-8.443199219475504305e-23
-3.634861608602681266e-23
-1.039955216322724290e-22
-4.627443719222333994e-23
-3.270768004792843892e-22
1.540875202956329974e-23
-8.012631961043796885e-24
4.846936720831273237e-23
1.814019536477030242e-22
9.272338457014082442e-23
5.926561281641581626e-24
2.114523779294697039e-22
6.584410224968517365e-23
7.887670322257484871e-23
1.556416787083183016e-22
3.250744633257648127e-22
-2.883320307907759363e-22
1.323808479745321898e-22
-2.836522878910489820e-24
2.250253523971876278e-22
-1.131271673555160608e-22
1.135603260758516996e-22
3.536423510232423758e-23
2.764442071895137716e-23
-1.062328446233610804e-22
1.470609967575070629e-22
1.984289116727756353e-22
1.774283579432016782e-22
1.557230115709355359e-22
2.677828572206023128e-22
-7.176826299274035891e-23
6.738554858241793355e-23
1.783196668943870220e-22
-4.453475087001303783e-24
1.794428875445088179e-22
-2.077910262536082506e-22
3.235251976898705399e-23
-2.359585134213862649e-22
-2.356748400181180560e-22
1.153148406838357760e-22
9.570792331975207953e-24
-7.892170530518430092e-23
-1.929963032504473212e-22
-2.092708388762198368e-22
-1.045779785798785856e-22
8.665185414179996207e-23
-1.227053361184325617e-22
-8.145056328982735296e-23
9.978024383728959836e-23
-9.837825799278771397e-23
3.221426653345682590e-23
-3.079380725598960030e-22
3.981661265371510295e-23
-8.207322405390821559e-23
-3.844419452409945500e-23
-3.009243526006055486e-22
1.677168762632093538e-23
-1.815013328431112455e-22
-8.066509937275592861e-23
4.606448732582150267e-23
-1.824674062025113206e-22
-4.275842303269167816e-23
-4.536954126965329839e-23
9.730348945217239360e-23
-3.088317775654014857e-23
-1.268213736739190740e-22
-2.527572985499928076e-23
-3.471239533240230844e-23
1.428082946108925450e-22
1.513912211200333003e-23
-8.723607145912818295e-23
2.943689197662449642e-22
1.758546581920412100e-22
6.889728088272227426e-23
2.225786996607295787e-22
-7.040670878068067094e-23
2.683025248279550902e-22
4.610559931374957646e-23
-3.664709425976459010e-23
1.422264778489432451e-22
1.129060023722445366e-22
1.529484847125830126e-22
3.074977514541900571e-22
1.958965140780668409e-22
-1.047251676014760197e-23
2.104866725514196266e-22
3.319405258772333860e-24
-1.881755820575446822e-22
-4.010063009398711932e-23
8.122314347101856890e-23
-2.593324881699366602e-23
9.563363184258913386e-24
-1.474088290746546927e-23
5.878089531549645034e-23
-2.191104348808274737e-22
-6.391273632734763226e-23
-6.015037198654310769e-23
-1.458179145613149810e-22
-4.950428699484365875e-23
1.996644835459899010e-22
-3.230617162633492428e-22
1.996579585134437042e-23
1.502976104505967540e-23
1.382759693475095364e-22
2.808637768097558865e-23
-9.825152422306899162e-23
4.049105835127283950e-23
-2.507503320549531929e-23
-1.876214362601036657e-22
-4.990498610812602841e-23
-1.234861554066990641e-22
-9.466794046520263224e-23
-1.089559019828830244e-22
-6.195739393762987068e-23
-2.494278907430006571e-23
1.782513664906250841e-23
-1.362751781772359805e-22
-2.419983372747096249e-23
2.850977146624600839e-23
-1.185360284489742031e-22
-2.645697320177786630e-23
1.903994252929374478e-22
-4.664842055659170199e-23
-3.356552706696859830e-24
-1.152660721858963699e-22
1.659478952094280442e-22
-1.428056924591343679e-22
-1.050059690411768626e-23
-3.072926666689815003e-24
-1.713381474709570984e-22
1.986424709372040396e-23
9.272717861242640651e-23
1.419570773288148917e-22
-1.900239797577879779e-22
-9.124455810191984166e-23
1.290099085331021034e-22
8.727653921553068688e-23
-6.480028227729151151e-23
1.589148437645630569e-22
8.262053067941436444e-23
1.082100744472268196e-22
3.026589306141759385e-22
-5.263226681310378885e-23
-9.206895638288396283e-25
9.013146294696928551e-23
7.380584962449038059e-23
-1.416854795467684510e-22
1.764295634359120124e-22
8.211613043108543866e-23
5.670042457415650541e-24
2.196812099634397982e-22
-2.452825165920186885e-23
-1.383195224439164489e-23
2.958946092064919792e-22
-2.355007871426390486e-22
-4.409297009723731576e-23
4.569929297788916086e-23
2.132373396605623345e-22
7.610236239860174038e-23
-8.447347198963121851e-23
3.823485728055875010e-23
-3.773301844759571223e-23
-5.126240031055245403e-23
9.309238315274055576e-23
9.755807744087288397e-23
-1.737406423211907014e-22
-4.639601523898884321e-23
-2.847296949576224359e-23
-7.881056372562631276e-23
-1.168849052106183927e-22
-8.086966059354615817e-23
-2.176415803758526629e-22
-2.817122980592617752e-22
-1.157450302185276968e-22
-1.335158354061896575e-22
2.816947208292279496e-22
-9.127258079973258938e-23
-1.241549590409348535e-22
-3.701868253829694890e-23
-2.256654295213097527e-22
-1.648129546793455255e-22
1.993215593546194204e-23
-1.511023398030493398e-22
-5.529401372677782533e-23
1.394868231361597722e-22
-1.116889073644290497e-22
1.451280702152731182e-22
1.278396283455458080e-22
1.694731654288885585e-23
1.610474461089585948e-22
2.933917411580256871e-23
-6.723172077637871594e-23
3.172091600846178539e-23
5.210255832537920579e-23
3.316009508320173425e-23
5.181565427412694365e-23
-9.122653785239688971e-23
1.925899215715848101e-22
1.945583545010409618e-23
3.077627364893702965e-24
-7.563313623649994172e-27
1.515374906620793867e-22
1.373713604380407253e-22
2.757655103028807043e-22
-7.816335804038673326e-23
-1.836914694214973585e-22
1.138035581807140661e-22
3.061012757115023747e-23
-8.226006235558349377e-23
2.656035869798141486e-22
-1.766860137228042843e-22
4.223659119617122505e-23
-7.936405458732926970e-23
7.031166041205463905e-23
6.629280278575121951e-23
-2.187591969260524694e-23
2.428527993277656831e-23
-5.694314614004359688e-23
9.884373848301811607e-23
2.003801030942395873e-22
-3.589582969701095165e-23
5.389725670128296695e-24
-8.163828142639937605e-23
-5.965246654904846029e-23
-1.421382485168085960e-22
-3.404171390749769649e-24
1.173295579796907641e-22
-1.150132267429684666e-22
-1.954831304266469401e-22
8.336872835452790818e-23
-8.516022523359101431e-23
5.168645844120165892e-24
-5.562517715431283566e-23
1.411694823616990421e-22
2.290013579053925801e-23
-6.748381730405313152e-23
-1.928835715264045978e-22
-7.180211968208429063e-23
-1.623862709308352851e-22
9.588110832752875423e-23
-2.595464580790288372e-22
-2.519716327847783675e-23
-8.658890264974422166e-23
2.084769662096782267e-22
1.956054138395514587e-22
-9.004914212125115357e-23
6.288119822621270338e-23
-9.739663842642790800e-23
3.025298628293270212e-23
-1.883096688394627388e-22
-6.040287220124794738e-23
2.562458790690220893e-23
8.416317462357317476e-23
1.371727171485291972e-22
-1.210171617123506219e-22
3.533410941036195679e-23
8.821541347814385615e-23
-1.066571138617930071e-23
9.886076591116786271e-23
3.613605104661912652e-23
1.684815960956236732e-22
1.877956376245821156e-22
1.396349598677681071e-22
7.469062264629745975e-23
-1.401405396169743653e-22
-1.413172564243591953e-22
7.098085560850326255e-23
-3.149813719277773780e-22
2.401227141683849600e-22
-1.950377683407491804e-22
2.277532790457225607e-23
1.575127089937575660e-22
7.734820696943810812e-23
-8.351961230917697502e-23
1.938491942290498031e-22
-2.156923188936088662e-23
-2.681248439612481071e-23
-8.842563188972775168e-23
-1.838294700816308838e-22
1.265055168502129778e-22
4.106219755158970794e-23
2.512623798978873032e-23
-6.546653584042315338e-24
-8.131421791699482040e-23
3.019602982185874038e-23
-1.130045292133183960e-22
-9.336537790671882283e-23
-8.438814122019194756e-23
-2.239883940932665800e-22
2.573184827684119601e-23
-1.649382706333219585e-22
-3.983175529830236480e-24
7.947295154677913023e-23
3.539693044519733140e-23
-7.887639401198273934e-23
3.578734151151343146e-23
3.335735726923771140e-22
2.384564886443035715e-22
3.026241922430533394e-22
-6.316259813939405229e-23
-8.576551245695143879e-23
1.078747450998901953e-22
-1.072172075745974965e-22
1.116091179205152889e-22
1.691362194534917215e-23
6.706299828585824927e-23
5.868579837359081669e-23
-2.261260393510071361e-23
2.218078420573004560e-23
-7.744171447393008448e-23
-2.909563748003869800e-22
-5.596149169884816724e-23
-1.756440598449547791e-22
5.477263572381738117e-23
-1.193873137062387969e-22
-2.215623300234745641e-22
1.681289322968011320e-22
-1.505677742117693203e-22
-7.238045143552551374e-23
-1.116424763254190180e-23
1.287704808530991560e-22
-1.685591377619322380e-22
4.420208078815150720e-23
3.724960054585874752e-23
1.206126078184192780e-22
5.370528991046823987e-23
5.554527498225159221e-24
2.715171078174950621e-22
2.371783525566363213e-22
1.054469908571800346e-23
6.052801016694578678e-24
-1.857195272451963142e-23
7.519981026560624738e-23
1.004483315013556827e-22
-1.073965867736676557e-22
-1.496698922015466398e-22
-2.025481889545584448e-22
-9.038461245729252359e-23
-3.830719672063238538e-23
-2.420098576669276055e-22
1.515491679382057375e-22
8.058280392754239980e-23
8.943937412412287101e-23
-8.699035799180658505e-23
-1.635768412320438702e-22
-7.810576818886924589e-23
3.380782574472746820e-23
2.260270367009667733e-23
-1.926452767078505469e-22
-3.472707391494010568e-23
-3.954188985236949574e-24
-1.892609302723248894e-22
-1.304588887443072835e-23
1.323833117105368085e-22
2.439628144297114724e-23
2.358488119114502029e-24
3.103306938423336567e-22
2.830170688982590871e-22
3.988238534556886595e-23
1.072286367499534079e-22
2.330713356298898024e-22
-1.009646493862638034e-22
3.122553465164977752e-23
3.978225778919329554e-22
-1.818694974221605256e-24
1.275004914715739966e-22
1.171306792765620661e-22
-5.105165914682752461e-23
-1.950070013989935634e-22
-1.179048522317498361e-22
-6.574048584444254740e-23
-2.232284099974084790e-22
5.407950549387325967e-23
-1.121184491869686121e-22
-8.129831188824820140e-23
1.077962675064216964e-22
2.976739888626805131e-24
2.008409517411655781e-22
-3.258534580593533813e-22
-9.169409406588788648e-23
-2.014478183188227971e-22
-2.254975962560827798e-23
-7.495332426401277791e-23
-2.156602764459901410e-22
6.966841823223358557e-23
-9.545177033318994054e-23
1.462147955918160826e-22
-8.985261843418711753e-23
7.500707374902477536e-23
1.038691827062048184e-22
3.970134648721211421e-23
2.010371425409706798e-22
1.281108678799602980e-23
1.724795824055329050e-23
-1.094557583146465548e-23
2.874197434869118756e-23
6.665295313704615464e-23
9.556472512258008951e-23
-2.040737735196594836e-22
-4.610809246823930385e-23
-1.147640937579054914e-23
-2.200025535351495070e-22
-9.962951887123990426e-23
-7.210086189111647071e-23
-1.742747721816515731e-22
-8.607317770367394231e-23
1.100310835445312937e-22
-1.819222765472825770e-22
1.798584046729193988e-22
-7.977025190305778814e-24
-4.331191317476443440e-24
8.026491175178700709e-23
2.099236659057226071e-22
-6.710811214727363896e-23
7.672005392839519465e-24
2.049211673074625532e-22
-5.582215755255747809e-23
3.618598408896871786e-22
-2.850371862321901561e-23
1.168792894530892934e-22
-3.502350789139653054e-23
2.800654180044106790e-22
-1.123760309948949358e-22
-7.746130887096688763e-24
9.276436704639809148e-23
2.453684224493354735e-22
2.192665054891113616e-23
1.349496204330079212e-22
-2.040790403680166786e-22
8.353423353100157804e-23
-1.625307330446768448e-22
-3.768659812853202692e-23
-2.911250547833494122e-22
-2.527377491690848465e-23
-1.350476967038320337e-22
1.660992740338273473e-22
-2.870437481613896725e-22
-1.696621402183467635e-22
-2.743182089424246279e-23
9.809789689262780536e-23
2.162216530990312293e-22
2.712172777871905385e-22
-2.160820417747423575e-22
-9.079619541179638827e-23
1.107299175163164344e-22
-5.748778433547431084e-23
3.041026482996309434e-23
7.377157333237643178e-23
-1.575990072127352390e-23
8.810015803750649784e-23
-3.010069751401801962e-23
7.237857521948221716e-23
-1.332293950587284844e-22
-1.550095335214380118e-23
-1.689868949932227419e-22
-1.948391675213964054e-22
-3.482912577662536419e-23
-1.992728195994404826e-22
2.926671024730016846e-22
-8.805389627050864007e-23
-1.765067850130788165e-22
-1.099902516269115240e-22
1.224229463389090456e-22
3.783922300434979375e-23
-7.158606260635477507e-23
8.033602518620241521e-23
5.734522565141143988e-23
-1.574538197453432576e-22
2.080566106660556858e-22
-1.107538268089805774e-22
-6.332330751477114884e-23
5.305740295949291960e-23
5.590738685347215746e-23
-9.307851839865525175e-23
7.631347886334764122e-23
4.005620401104213853e-23
-7.574399060853404808e-23
-2.431712289051361953e-22
-1.077159907710022240e-23
1.618439220740299516e-22
-1.203801149507797472e-22
1.380934060589263177e-22
8.901644999935754330e-23
4.900245444139584624e-23
7.983853765963297611e-23
3.705274218250575273e-22
6.059762068182384837e-23
1.961144665952411430e-22
1.554661098847791591e-23
1.623661205324665999e-23
-2.766727535869302714e-23
-6.734469484297218096e-23
1.830687215789484573e-22
1.235313405530404859e-22
-9.255700765205524517e-23
1.384699487585959072e-22
-1.212612830820143418e-22
-7.802452173687559478e-24
1.482494169780279056e-22
1.688370881330848378e-22
-9.966709362885275088e-24
5.299633897495561970e-24
-9.573841431722490088e-23
-1.162401549555065757e-22
-2.156743077594994341e-22
-5.468528762691640400e-23
-1.064000206640976055e-22
-1.511408442590517521e-22
-6.354330030149859325e-23
5.712383282110500306e-23
1.423443021626539210e-22
-5.054849385005057754e-23
-1.726709362014437543e-22
-1.969239473423210021e-23
-8.229655803086790074e-23
-6.532436666841871593e-23
-1.486636526319730249e-22
6.852354739297546072e-23
-2.644891161873928893e-22
-8.084157207526038781e-23
-8.482312760223177477e-23
-2.562375920563718241e-22
2.731004294108165869e-22
-3.346389673562661298e-23
-5.172853057165979191e-23
-1.459909146919914602e-22
1.623366988052587422e-22
1.694303623783032895e-22
-9.410710529360145289e-24
5.479302643347177863e-23
-1.926469434175329671e-22
2.051286163644679467e-22
-8.551049461314428642e-23
1.191714063378068441e-22
-1.279415874982805280e-22
9.580710274575072753e-23
-7.717387609570616753e-23
3.052771624457589644e-22
-8.160327437005885250e-23
1.732420534623922812e-22
-6.066108182682679628e-23
1.363791615161164847e-22
3.505264236227174758e-23
-1.426299653133739258e-22
1.940165644905815755e-22
-2.611179891305895067e-23
1.214535899231062873e-22
1.995022004017385435e-22
-5.871954575695593863e-23
1.169424226022478080e-22
-3.851668901683172028e-23
-4.540392207545584589e-23
1.805883818379396513e-22
-9.933238961655708522e-23
-6.793067210804379798e-23
1.625094463687968132e-22
1.840340715324584552e-22
3.572119338513841135e-22
-6.713926975795817780e-23
1.055969136853688403e-22
-1.368789444054517337e-22
5.010974960219262199e-23
-2.419284100546717069e-22
-8.001295013465923957e-23
-1.721267790491323567e-22
-4.123495584925191663e-22
7.505770813942118175e-23
-9.199965341656358574e-23
-1.330805165891710813e-22
-1.761348949169680350e-22
4.055900093301315532e-23
7.720141784245139190e-24
-4.347097006289934996e-23
1.017448204063658516e-22
-9.274138524995689953e-23
6.053953254795491788e-23
-1.049124494710399480e-22
1.608372365603969102e-23
-1.200464784096420343e-22
1.492607431173206565e-22
-2.071321856164664473e-22
1.221460236535702607e-22
1.344997026722510166e-22
9.673269642719990723e-23
-2.832421040012410515e-23
-1.765925754308695530e-22
1.139257925423891395e-22
-1.938795859717590185e-22
-3.506444588534540483e-23
-3.087085435197375237e-22
3.963454674784217710e-24
6.365113077139366496e-23
3.899025716024166965e-23
-1.289990752619867403e-22
1.715208657999161949e-22
-1.937914166683786091e-23
2.400275814906695456e-22
1.594487677499913493e-22
1.613439253389404884e-22
2.746393059496172998e-22
1.327917427766446894e-22
-8.581234701123545437e-24
-7.007004554632654670e-24
-5.159907790023366795e-23
1.472770933968624513e-22
8.365313690924118187e-23
-1.781872795723894330e-22
1.304329636904754883e-22
-1.913750010816226444e-22
-5.933863629069341627e-23
-4.212037310535106692e-24
1.184339670456999831e-22
-1.059509834317378648e-22
-1.008874284288323030e-22
-1.115708553845387212e-22
-1.273192577718022284e-22
-1.292639885276248403e-22
1.776936288578411685e-22
7.067069064205362539e-23
-1.162908807673659321e-22
5.453922302985438788e-23
-1.097022265531693642e-22
5.078817729870301900e-23
9.669631582941598413e-24
-1.095628775486067118e-23
1.576836046267153069e-22
-1.289422537799953787e-22
2.155556759899710553e-22
2.567987422622727411e-24
-1.016377862859303537e-22
2.015691607152267857e-22
6.444181527486618468e-23
-1.647707898504300689e-22
-1.095976000957761137e-22
-4.699553924886910036e-23
3.885526534345293590e-23
-8.520599163842643842e-23
2.508322462932641314e-22
9.962128365889229799e-23
-5.328937075695232699e-23
-1.157024386952156254e-22
-6.675487422982589905e-23
-1.007021903185111143e-22
2.876526258948236321e-23
8.132885544274393823e-23
-1.679841569237394589e-22
-1.430550180838373842e-22
2.768182946352029334e-22
3.097786509214324824e-23
-4.984312953241010695e-24
-1.871631211876782141e-23
1.086145287834172364e-22
-1.835007236939666908e-22
-1.473260133606073717e-23
9.390000930608637449e-23
-1.663011080500688451e-23
-1.963874478372089535e-22
5.371326258734703427e-23
-1.781141770277688603e-22
1.017279315298291391e-22
-6.930773034215784579e-23
8.509219157938893558e-23
-2.937934973322162806e-22
6.126814837236394900e-23
2.279126745491117095e-22
-1.385653740644179526e-23
-3.281011778612669732e-23
-1.017847531391132558e-22
8.886643023784008332e-24
1.052228242004359108e-22
-5.687963106930186315e-23
5.656279146412271549e-23
-8.832686646353455564e-24
1.252295453774928522e-22
-1.561869905768464443e-23
2.035994008524355700e-22
-1.023461996091618811e-22
-7.425840510497638453e-23
3.022223762682278669e-23
8.029254915263743980e-23
9.223853001884643618e-24
-1.518449927309650119e-23
1.249769910418638440e-22
-2.555702439399712774e-22
8.675008052406180265e-23
-5.368045835779296645e-23
2.835420853116842018e-22
-3.278488616901608738e-22
1.772421402612803030e-22
7.448505864409910839e-23
3.373087306643799928e-22
-1.226077600407810667e-22
2.274977716366482997e-22
-6.934547821911694901e-23
-7.160138513982434925e-23
1.296354876653382538e-22
-2.784976104263162393e-22
8.121435783830555028e-23
-2.349638662276052062e-22
-5.793433572397940208e-23
-1.879749641711989781e-22
2.034389023915353693e-22
-9.504387221949054614e-23
1.686399142156953162e-23
-3.819355616646532036e-23
2.336185921153856934e-22
-3.204894699707276632e-23
-1.279360095173902722e-22
-1.413294422298297075e-22
8.838225888333647682e-23
4.155461359683465938e-23
-1.429362517818127899e-22
5.142345092931218221e-23
-1.672270305716895933e-22
-7.214996282467771515e-23
1.071733264238501311e-22
7.765018793645405426e-23
-6.360434125094643223e-23
2.276499997869122815e-22
-6.151909495933081415e-23
4.620678618911195453e-23
-6.504278419136922972e-23
-1.069268987701006233e-22
5.923123818173511383e-23
1.174276795482143475e-22
-1.616443905727076299e-22
1.597870259627655282e-23
5.128104093345274600e-23
8.199408110859548017e-23
-1.748737322867187708e-22
-1.123074470264708113e-23
-2.311586245887932126e-22
8.344394255167909512e-23
-2.452907275962489171e-23
2.863035568412161630e-23
-7.511345769915661066e-23
1.852174985496331522e-22
-9.262496757604183545e-23
2.305917764778346806e-22
-6.604384273227630301e-24
1.704552264612829266e-22
-8.132095901252514789e-23
4.239095622133650591e-23
7.698611083032991896e-24
-6.675602119983836133e-23
3.973224063935999362e-23
-1.899999316442578717e-22
7.696322785867265068e-24
-1.521985713223185758e-22
1.233144982264609253e-22
3.024441391435771292e-23
5.458454651685027840e-23
-4.556209198989538885e-23
4.875974807422548758e-23
2.390457385802916887e-22
-8.958018581849634052e-23
-1.061159416640525996e-22
3.145818047718974544e-23
1.664126497410027237e-22
7.817917399822716533e-23
1.536106765782447261e-23
1.124719741563404345e-22
-5.775314879170783681e-24
1.043645376093827415e-22
5.925690453637258825e-23
-1.915434728634721448e-22
1.833976300327827755e-22
-4.396774955038522416e-23
1.178853265498821543e-22
-3.010288678168841256e-22
-2.068547867512496094e-22
-1.531190126037588319e-22
-1.045422685454863795e-22
-1.546278837006129033e-22
8.422996084651967325e-23
1.055131037210440120e-22
1.879101052441586832e-22
-1.349814656270843740e-22
-1.796830320255723877e-23
3.434036420508256885e-23
-5.872822844380966698e-23
3.951733565993721114e-24
8.009298950419234276e-23
-2.202528559987214066e-23
-1.497404458095047568e-22
-1.149007030123613373e-23
-7.282391574401319089e-23
1.666317020739389367e-22
1.351735896290278000e-24
1.290782484488786122e-22
3.740349828274436579e-24
-1.446225322925351804e-22
3.701162342303932727e-22
-1.018440940853458932e-23
2.958592540913054341e-23
-5.151346670363139278e-23
4.724772587872198446e-23
-9.435169181766971114e-23
-2.388032454894835721e-22
-1.915261821254636866e-23
-1.442250357590322890e-22
2.003724990998838728e-22
-2.168726749333503223e-22
-2.409113707011742490e-24
4.213843978806344026e-23
-2.327479795401443087e-22
1.322434468581297076e-23
-3.496820241501372833e-23
-2.179683797218703225e-23
1.120536895028853519e-22
-5.982271791846894023e-23
1.071542524411544247e-22
-7.346412469357163775e-24
1.498651454444763771e-22
-5.837329551267402121e-23
1.498134612659901547e-22
1.151201025142113349e-22
1.156876915941234377e-23
-2.109754741165766640e-22
8.148264728747709486e-23
-9.887960625813201071e-23
1.398167803571132485e-22
3.188831461381287250e-23
2.420993214854542973e-22
6.485139075998338345e-23
1.762377376281548974e-22
-4.302087559849796310e-23
6.733364109209720269e-23
-9.476097166650471790e-23
-3.481088927077165416e-24
-1.270919819104687707e-22
-3.881117689159833333e-23
9.904734305558872268e-23
5.277539055304725639e-23
7.217090074252596905e-23
2.938770147163984795e-23
-3.145530545036796685e-23
-9.809041255184086202e-23
2.060935748193444378e-22
-6.921213338089235053e-23
5.421648566312982848e-23
-1.321198194748219908e-22
4.646856123647075681e-23
-2.041217634302238066e-22
-4.691605915685143252e-23
-1.348129808433658433e-22
-8.085698171609695313e-23
1.156083402391005145e-22
-2.970223516869374648e-22
-1.257784571915536431e-22
2.162229186533702118e-22
-7.621377562350625769e-23
-7.476619499858155817e-23
4.176524061750767150e-23
-2.617611110958078990e-23
1.839888173813273804e-22
-1.211783651203316913e-22
-1.988067177409487239e-23
-3.512261488740532330e-23
-3.454770304100299880e-23
-2.929665565376256070e-23
-1.779646710478132543e-22
2.189495034150199977e-22
-2.466604992914003507e-22
-5.597574716914111679e-24
7.764709431473920182e-23
-1.735308400739628065e-22
7.706526615655131597e-23
-1.056389691347015910e-22
3.109093443006454533e-22
-9.699364339038747336e-23
9.694214600556158415e-23
1.709962536916201319e-23
1.595075690917762351e-22
9.319838197516903743e-23
6.908845581210168164e-23
-1.995977131795603558e-22
2.194162893851707484e-22
-7.652273824732765323e-23
-4.386809687006468702e-23
5.886990756812162808e-23
2.833224538760334782e-22
-7.654698364461041305e-23
1.163188940266956545e-22
1.245328487788026888e-22
-1.684135013557736895e-23
5.456508483126506361e-23
7.685097966152773510e-23
-2.214485547473975782e-22
6.969035934217820605e-23
-4.279376140070858426e-23
-2.451021753322069568e-22
2.059669147186434516e-22
-2.349521541396005580e-22
1.219042314372234746e-22
-1.762890187385903093e-22
2.319403137094441734e-22
1.510647826425494855e-23
-1.201493438419057187e-23
7.742757879059551549e-23
2.023831311662276797e-22
8.742999196772993384e-24
-1.965790979606868361e-22
-3.048286793781645929e-22
2.608690633043910059e-22
-1.807842283504702989e-23
-6.130383527168350575e-23
-1.591675633011751447e-23
6.790828872954165636e-23
1.544217218999607658e-22
-7.204478299669707906e-23
-1.617955366768673139e-22
-9.015020706387986860e-23
-1.945111859579811881e-22
-9.045897280124177984e-23
-8.473953332081669019e-23
4.065686647822896546e-23
2.742051693086193973e-23
-8.024217227759458202e-23
-6.299643744328326933e-23
1.985849176364786152e-22
-1.809967391589864552e-23
-1.310902398204841093e-22
9.397923643575417716e-23
-1.971246292975823108e-23
6.624082407701454990e-23
-5.851840621007128210e-25
-9.058135036611444736e-23
-2.824473507272303226e-22
-3.047947783739793473e-23
-1.212847455770599784e-22
-5.377396073490576125e-23
-4.218687985785125194e-23
1.356468476069714426e-22
2.996480787456645308e-23
3.566402055040148073e-22
-1.325083116219378324e-22
-6.907801469202623121e-23
1.613796712515052088e-22
1.199679166116971551e-23
1.941572274677059148e-22
4.279977809286471849e-23
-5.419888455437705090e-23
-4.009821976397864561e-23
-1.023574860537963994e-22
1.423412646630448503e-23
1.349458712793403719e-22
2.848807344320084284e-23
1.459526044506920841e-22
2.746394690794043831e-22
2.171604281036350882e-22
4.909487212567883668e-24
2.694916917912236670e-22
1.861767134254755934e-22
5.825049214868010311e-23
-2.022072082801915522e-22
4.722158670226232205e-23
7.296130187467769858e-23
-7.151752557054620894e-23
4.216470663880409206e-23
-1.329733935038930560e-22
-2.252059329622430865e-22
-6.482929327830072235e-23
-2.225574867842146192e-22
-1.103183744074609784e-22
1.607982931508797931e-22
-6.261092880775711847e-23
-2.843898262877623648e-22
7.002684970467453677e-23
-3.589332733471443147e-22
-1.477994063469664303e-22
1.901593507817442050e-22
1.617599507660387888e-22
-1.949453954155944922e-22
-9.481309580031562740e-23
-1.060344366564653098e-22
-6.099768634859661361e-23
-1.609130931422823810e-22
1.241700538614570859e-22
-7.831841023627572760e-24
-1.142624127608074441e-22
-1.856454360295253660e-22
5.758383759257991373e-23
2.503356935173438610e-22
1.352911169429917701e-22
-1.189429226493443847e-22
3.444982942679290358e-23
-1.797141331001265649e-23
2.426469220630788151e-22
-8.836841341462772459e-23
1.756811205980863162e-22
-1.150660748389019308e-22
6.290922763626393900e-23
5.124734657556472788e-23
-4.118269085594827433e-23
-1.390775422936857971e-22
1.724589810789460038e-22
1.657916124628001651e-22
1.175670544968557597e-22
2.946845729725963001e-23
1.827006825351750674e-22
1.113777565415947179e-22
1.498805458046872768e-22
-2.436762470927018869e-22
2.401443949854985488e-22
-1.573221142085751863e-22
2.419265294809496466e-22
5.941662375779273209e-23
-5.156345932198533908e-23
9.024933604228582076e-24
-1.083802570080732207e-22
-9.021002442737555996e-23
-2.151510197524836020e-22
-9.677595817100505814e-23
9.090310531450399598e-24
-6.970274867865972735e-23
-8.201170901400639349e-23
3.375381932304396137e-23
1.488298328072837793e-22
-3.627472646888394194e-23
1.442152466254503249e-22
-1.549302098090232117e-22
-1.207120011020849996e-22
-5.620006403894685327e-23
-1.626279250609367415e-23
-3.295645550501001426e-25
1.374593428044503136e-22
-3.044507439133252050e-22
9.420099137865393749e-23
-2.330117966216456660e-22
9.357910094579024575e-23
-6.854960617221868917e-23
-1.193143368838188163e-22
-1.202130708986444252e-22
1.211361066770022754e-22
1.984842757058207539e-23
2.449615921395104198e-23
1.114754231019082874e-22
-6.616557096928041442e-23
8.777221826931098796e-23
-2.020802650105195026e-22
2.973808680884956356e-22
8.466716496793334036e-23
8.275881637486079666e-23
1.597029599273921631e-22
-3.273562534593454512e-23
3.188580190877386395e-23
2.389203173547031057e-22
-1.406923949924285937e-22
1.004102988593659116e-22
2.340089894071457140e-23
-1.215446118407325872e-22
-7.971525631121629834e-23
8.966654256778390939e-23
-3.300594279525144056e-22
1.911548639096768633e-22
-6.737486124867436359e-23
9.746846608609779270e-23
2.799978340802066273e-23
7.633745868397772953e-24
7.341293724681160344e-23
1.379358795561613764e-23
-2.112859117334569053e-22
1.029360516245047820e-24
-6.694859871951774417e-23
6.285463959213306044e-23
-6.304107882917683054e-23
-1.291204987488983848e-22
-1.008195706253398142e-22
-2.130886544426072728e-22
2.877335993488616249e-22
-4.832358140092897789e-23
-8.994112067923808464e-24
-1.481860657802091345e-22
7.445372444088473693e-23
-8.247086973316068911e-23
1.617261524931084605e-23
7.338543481347008861e-23
3.503661119318156828e-23
1.032849189954247274e-22
1.207459660283527110e-22
9.142358099265900777e-23
1.344507349425085599e-23
1.924751612817104155e-22
-1.038144371613237453e-22
1.476710322012317574e-22
-1.681115533768273503e-22
1.245352088961690600e-22
-8.964231111883893430e-23
4.515509203991795131e-23
-2.279032391137966319e-23
1.502581732898992150e-23
-7.521545800618486259e-23
6.510713749883582516e-23
-9.574063361303521673e-23
-1.688589940690369993e-23
1.614517162986160043e-22
-2.654417417197904703e-22
2.009101593289593460e-22
-1.656133931404549838e-22
-8.950384258906225171e-24
1.317540276398696259e-22
-1.520067374152053851e-22
1.916060173399521055e-23
1.866318094698159826e-23
-5.042461683245041518e-23
5.809440183011834014e-23
-4.270874260467456080e-23
-1.184038113406170448e-22
-2.212304831332913055e-22
-2.150195633492083269e-22
4.172862495439837236e-23
6.522226682541734122e-23
8.796122025265114377e-23
1.125264902289884601e-22
1.905261073284205020e-22
-1.814529741827449759e-23
1.073753929175407186e-22
-2.740798861856449968e-22
-8.394187267277203768e-23
2.834024627644334511e-22
1.986166479770525205e-22
4.774855938457108027e-23
-5.162254654132241254e-23
3.384391151813401500e-22
-9.590302325514266914e-23
-8.895907924402893757e-23
-7.003943824334891148e-23
-2.527659163921081510e-23
9.811488674686512247e-23
-1.867772399541261672e-22
-2.562154645966405315e-22
-8.256092496266755305e-23
1.781135919915472736e-22
-3.587288303356524863e-23
1.200114702067204183e-22
1.172604975670323438e-22
-2.341782837679031278e-23
1.980164011507187527e-23
-1.026594071133322946e-23
-7.018534087684061776e-23
-1.094875015832247638e-23
8.139681118461097622e-23
-1.603659572624202270e-22
-1.250511934702449613e-22
-7.848948773793356593e-24
-9.201688179258624959e-23
-2.830603852864788289e-23
5.181543439939271335e-23
-1.193751506639426863e-22
1.771375046308463973e-23
2.590307089254567159e-22
-2.717718977916547049e-22
-1.121084296033579216e-23
-5.730498185777689714e-24
5.050036459092588956e-23
1.539217662098620683e-22
-1.903546220347415442e-23
2.585822921678451630e-24
-1.225257126976799451e-22
3.085926808434372138e-23
1.840584285220317812e-22
-1.798109663900890265e-22
2.701729898124674668e-22
-7.058345797721692891e-23
2.104453110215641166e-22
9.298746260871581298e-23
-5.590545326148186525e-23
1.351868709227598906e-22
-1.760998159051864184e-23
1.672010743942283141e-22
1.117464138961134098e-22
-1.262436385526955267e-22
-4.167437643878662756e-23
-2.279972504692127904e-22
2.490488323500088248e-22
6.323401266291925788e-24
-4.746192319988162236e-24
-1.179386863659269120e-22
-9.767052114541785081e-23
-5.696584607491517573e-23
-1.672301963070442503e-22
-8.490394687722746591e-23
3.604347324184209750e-23
2.226682076520157585e-22
-2.504057745731771323e-22
-1.618626464433100336e-23
-4.814887440559164205e-23
1.562178336743808473e-23
-3.413924312269266958e-23
-1.571517364231665220e-22
-1.707561668487987828e-22
9.046248799745313662e-24
4.342588552511205858e-23
-1.284315095379942872e-23
-2.085503936332348204e-23
-1.001224346744192993e-22
-8.091144803287222757e-23
1.917262194211770765e-22
1.093293215778532778e-22
2.840243929873884206e-22
-8.644761271048710288e-23
1.438023838621350763e-22
3.719640448423060632e-23
7.757345528923418053e-23
-7.113566404707835743e-23
5.740523548859177332e-23
8.921471597432333756e-23
1.063265321208680408e-22
-2.669026170969299829e-22
-9.707545570155516959e-23
2.408989813332416476e-23
1.884666807487259349e-22
3.528658965131582618e-23
-5.507160766222258564e-23
-2.080229126602130257e-22
-8.692632660163947004e-23
9.382022888065843110e-23
1.664001776765279810e-22
1.877953179156183852e-22
-8.823242432154728440e-23
-1.942870740270158830e-22
1.192991539192761946e-22
-1.028424950202868128e-22
-1.423425351143649754e-23
-1.615953807784942882e-23
-7.759937195755110514e-23
-2.460768864317687573e-23
6.788657613873259856e-23
1.239296804211113500e-22
-7.584035534812261085e-23
3.466696588588536176e-22
-1.455628188666265981e-22
1.018777951310496645e-22
6.240416942909308469e-23
-2.296406563968108261e-22
5.254907293449139094e-23
-1.624950747336805445e-22
8.302697191282649087e-23
-1.071831818207170607e-22
5.139214553989721716e-23
-1.795633831392896975e-22
9.342701195691084140e-23
-5.879602734328067097e-23
1.352989977259419812e-22
1.379512436093457798e-22
-3.049992670318416549e-22
-4.589405087256316805e-23
2.675114384259629220e-22
-9.651758640026505012e-23
-6.519081573884027338e-23
1.026266456067814889e-22
-1.533979933339471835e-22
2.962330712184100970e-23
-1.358061876366390912e-23
8.317876675867571212e-23
-1.925892241945795093e-22
1.193636726150549534e-22
-6.333286832318053637e-24
-8.873979666659250868e-23
-1.300715400240518952e-22
-1.718349533106422509e-22
2.131554912306988174e-22
-5.972538269249099389e-23
1.355381408150483615e-22
-4.008319099042994687e-23
1.122701547288473015e-22
4.540566976481262698e-23
6.560482396264611086e-23
-4.413456313522159782e-24
-8.031037781349670073e-23
-4.419912723091590259e-23
2.667027117105543532e-22
2.729997253184625278e-23
3.457236472920716540e-23
-1.612220614465252967e-22
2.101348212932604053e-23
-5.482156617246118209e-23
5.496255041209248344e-23
6.020961657832373313e-23
-3.270356791980920460e-23
-6.762852023755139426e-23
-3.068573070674255954e-24
1.232965830117314345e-22
6.095727404041828517e-23
6.526491306410046604e-24
7.259236886006325512e-23
1.746389912353161308e-22
-1.634617835916522227e-23
-7.331348635102829433e-23
-8.449998106375788299e-23
-8.402851674200661607e-23
1.716116664513795451e-23
-2.456702824002517122e-22
1.143266385479338802e-22
-6.827414435543966567e-24
-2.578415197056158562e-23
-3.143832712571040288e-22
-2.227565628429830339e-23
2.089143625340640778e-22
-1.728399695545213178e-22
-1.360563506911435353e-22
8.233970214112739897e-23
-2.329170996740203226e-23
-3.967098639518964302e-24
1.172614463486057452e-22
2.106612692998627097e-22
-4.119807992493546250e-23
3.485553934136689633e-23
1.687600713553824567e-23
2.735470433604249895e-23
2.785288990642883436e-23
2.302573903703158121e-22
-4.096338564026368199e-23
-5.942640498370854135e-23
-8.783323181982000926e-23
2.426348195887280920e-23
-1.399928411773342141e-22
6.339381358307810381e-23
-7.719274280132666661e-23
5.023435678999954598e-23
-2.994179434077394515e-22
1.324382558659278751e-23
5.371659632521378530e-23
1.039537420533638364e-22
-1.403558111877603875e-22
1.388580489318342690e-22
-2.092479393420872954e-22
2.427082234765348422e-23
1.441294190081651728e-22
6.940450765636463031e-23
1.466825236644105561e-22
2.412155564884594109e-22
-1.178606136155041181e-22
-3.501010062385545928e-23
1.163720760518171050e-22
6.682380312411533964e-24
8.410823341075854856e-23
4.900161644037941904e-24
-1.926417209956848527e-22
2.046490872382783892e-22
-1.090679780438359356e-22
2.080076815735559019e-23
-2.673271160858789623e-22
1.459484515160346608e-22
2.524319498470955382e-24
7.689044307228450828e-23
-6.826326760982327017e-23
1.939646029669868246e-23
-3.253242548883653541e-22
-9.614790213324224607e-24
-8.055197041921255518e-23
-1.389126358548665157e-22
-1.440000552175512804e-22
3.957928550005701332e-23
-3.515322306502757996e-23
-4.286538158054886497e-23
2.182610734984755053e-22
6.176774907933099322e-23
-7.759187907068046574e-23
2.165973943423142898e-22
1.063244376199569501e-22
-5.843378082478741691e-24
2.982910013069766407e-23
-1.135817435848759897e-23
-5.835422547816252474e-23
2.319968307744760748e-22
-5.667469422674999909e-23
-1.914857733355981254e-22
-1.160769997301411094e-22
-5.362472466165652694e-23
1.561146035323361802e-22
-4.914316615313256660e-23
-1.945054093486739397e-23
2.189382987831304885e-22
6.716244689184463751e-23
-1.482018050126790802e-23
-2.415181398619618607e-23
2.474994574850923128e-22
-1.208598330620050145e-23
1.906103495176884646e-22
2.741902513375246463e-23
1.179563445507900850e-22
-1.064731939513077570e-22
-4.239141512423894834e-23
-1.702012365017661796e-22
-7.530735171684022916e-23
-4.135069304789029909e-23
-1.233455194139822775e-22
9.235283225209709682e-23
-1.257771153231434175e-23
-1.039873562626934124e-22
-2.600889680008150215e-23
-3.259479766253080397e-22
1.874201331227625900e-22
-2.974687854397792033e-22
1.469042170197080624e-22
1.343205476260443342e-22
-1.854992719786254498e-22
-1.142190401693077585e-22
-5.521975464656050970e-24
-2.156195908168718721e-22
2.176047661870838908e-22
1.805898747258785613e-23
8.580185232126798472e-23
1.787018711035773079e-22
-5.823371691314059520e-23
3.580538976320099810e-23
1.946151033922773586e-23
1.792785605556335115e-22
-2.473542519676539902e-23
-1.296762259316317547e-22
-6.598191716180784576e-23
-1.912357226051074168e-22
1.458855035069115646e-22
1.300918197372256411e-22
1.289039636486341516e-22
2.693090788804841879e-23
-3.011424086186417692e-23
1.884254045628296514e-22
-6.841017687794201131e-23
-3.054242531119519653e-23
2.986447286436865273e-23
2.002612581606697322e-23
1.276866192852608561e-22
4.206903695192966229e-23
-2.810179925310636924e-22
3.068220071248379300e-22
-4.079676498410447146e-23
-1.175478238914177753e-23
-3.091768730906991682e-23
-2.481908781334429127e-22
-1.067834267439997847e-22
-1.000927445763929995e-22
2.290487507175355759e-22
6.883687614057906561e-23
1.734470148185314918e-22
-6.567522235308988547e-23
-1.655481251537584407e-22
-5.728540146559623485e-23
-1.163925071638395488e-22
-7.719550451119988595e-24
-2.870211238596438089e-22
1.180847572188568041e-22
7.919678526017546931e-25
6.311335836750388858e-23
-3.170771899058059327e-23
2.694848363130890212e-24
8.326166995282374876e-23
9.605127745500390733e-23
9.171309635682778214e-23
-1.192952508744160283e-23
7.261439308850903077e-23
8.649612852151729868e-23
-5.245001781402833312e-23
6.239635888397870468e-24
-6.272539589483470996e-23
1.029234692864145253e-22
-3.273132313439924056e-23
-2.426837866833441683e-22
-9.898666522711796539e-23
1.207942794810253020e-22
3.793808540061249581e-23
-6.997089425940768307e-23
-3.238626488462156449e-24
6.462281979260968121e-23
6.647204661697985115e-23
-2.224657106909835528e-22
2.495623213820497628e-22
2.972821185251924061e-23
2.383385535446539087e-23
-2.110985692006476999e-22
1.186809874879308020e-22
1.115827620639885129e-22
-2.264519102602984890e-23
3.100632699996412055e-23
1.727403722084476015e-22
-1.418024778224301519e-22
-1.142149746490886593e-22
-2.345838555000542595e-22
9.644481215422164687e-23
-1.048082739903092281e-22
1.661721921670426045e-22
1.562874829112803501e-24
7.013386899494898437e-23
-3.255732049321882313e-22
7.897848866988272909e-23
4.719568087475171186e-23
-4.341523217903758429e-23
-1.094903241091253878e-22
1.729940851976339820e-22
9.822153088209454342e-23
7.315890453867271766e-23
-1.175411513031292392e-22
1.324128279948490238e-22
1.182080564365942787e-22
9.458179984168098379e-23
-8.590584511558853742e-23
1.457225121111260100e-22
1.307443093059353204e-22
-1.268557957680011499e-22
4.267533144420177751e-23
1.805793469776256747e-23
-1.662523700750507823e-22
-5.369607449513212701e-23
-1.907147596379761222e-22
7.806074060823910425e-24
1.569161985161429648e-23
-1.815028282261460009e-22
-8.570118356347635038e-24
-1.076529457848957049e-22
6.768294324880408949e-23
-2.128974927578817591e-23
-5.169841901930386667e-23
-1.093284911986629930e-22
1.206876405874958026e-22
2.014875745870463551e-22
-1.261839937466965734e-22
5.648098744346894017e-23
2.031976046535932167e-22
-3.175049557083798869e-23
2.398747563384246084e-22
-1.620576445491619799e-22
2.798486034783898767e-22
-1.774163509939784136e-22
-1.254717493037749949e-22
1.234406611183503327e-23
1.257452720238375632e-22
-4.793398058762169172e-23
-8.945936727056638534e-23
-4.196255905244357371e-23
5.799086743432362184e-23
-1.255530361345904707e-22
-3.216447040641655244e-23
-2.578074487275804480e-23
-9.209624624564586603e-23
1.155574654961362449e-23
8.373722859267198514e-23
2.473154468636430616e-22
3.632697360667257364e-23
-1.101017246939421093e-22
9.253909252770620008e-23
-3.290805062465392174e-23
6.516989650543528796e-23
-9.933860851195244867e-23
-5.691324705252562429e-23
-9.853880179784705999e-23
1.037080225314178786e-22
-1.279809405147299031e-22
1.311657611060828627e-22
7.429676577324805214e-23
1.113168245881709151e-23
-3.018211086102204074e-23
3.944600368848739571e-24
8.196311670905554135e-23
-1.562457676287458482e-22
8.472659219491290762e-24
-2.825450929045361001e-22
-1.882714489133368172e-24
5.280782619682895259e-23
-6.251846792903537707e-23
1.409289861280222204e-22
-1.385292930847581731e-22
-5.769337835279395227e-24
-2.416920022984512185e-23
-8.009296933904116525e-24
2.689911119761207569e-22
2.340961573166900238e-22
-2.777915608036361509e-22
9.494685464306060918e-24
-1.375674371393373932e-22
3.570948403703663751e-23
-7.695328322520515679e-24
-2.622549924626581978e-22
1.311228056836167079e-22
7.396275730032627062e-23
1.197845483036476893e-22
-5.022046428149363106e-23
1.931052752696702847e-22
4.066751384015105353e-23
1.558086742441833819e-22
-2.849193629652114846e-23
-1.480810534455035562e-23
4.723702123056239197e-23
7.491974327597472607e-23
-5.279591996234959349e-23
-4.651040861250419235e-23
5.894114251486173920e-23
1.609786704841792788e-23
1.025552419453533395e-22
-1.361788942862338577e-22
-2.365217538073425629e-22
-3.666986151442748015e-23
1.397661487577243239e-22
1.509306909104997272e-23
1.925953868704823815e-23
-3.987910051103354104e-23
1.488121930277578463e-22
3.100557195316582525e-23
-1.546682376919492056e-22
6.541603713489468119e-23
-1.072506190584264001e-22
-2.353032900865090070e-23
-3.826613744083933571e-23
5.498829471002681450e-23
4.988108895206960735e-24
-2.329243599652340193e-22
1.071644957152107200e-22
-9.691612136804706507e-23
1.507047203767415746e-22
-1.707265600434890127e-22
-1.960948879121210155e-22
-2.835085499533116319e-22
5.434566392951057524e-23
1.099798215909406016e-22
1.348195076989847712e-22
1.092239836123695706e-22
-1.037100245329096171e-22
1.484726467654092332e-22
-1.419799487097932903e-22
1.860072766559725885e-22
-5.369961614102442800e-23
1.822203162583135382e-22
8.178258352730865045e-24
5.783240283053380380e-23
-1.097022455396727980e-22
3.904892759455193344e-22
-1.888473784072225285e-22
-9.739675964290443963e-23
-8.564549065573608194e-23
1.037785611267157328e-22
-8.631392517163420210e-23
-1.003845553649449405e-22
4.121186958983439108e-23
-1.045682752909311123e-22
1.974278066445174215e-23
5.635442847352574019e-23
-1.302872475723872639e-22
2.081708906896724698e-24
6.452126051309517897e-23
2.360572915927570887e-23
1.732014660833335688e-22
-1.622839858868446783e-22
6.554154238877141421e-23
1.244022746784146032e-23
1.518910040101656404e-22
-2.223175071882069861e-22
2.484864396464601991e-24
4.571338648367286271e-23
2.678945146762235610e-22
3.503102818290993407e-22
1.191930990079499169e-23
-1.400606772653913165e-22
1.176624275227017576e-22
5.514933600444830350e-25
-1.662353579019763631e-22
-7.687282186047608930e-23
4.138668669488892159e-23
3.782199163096570553e-23
7.598008958841541921e-23
-2.836934842336723101e-22
-7.291623265356692841e-23
7.043639900779844385e-23
-1.930145783517971742e-22
-6.167580637014220610e-23
-3.111927831402549859e-23
-3.496963652206604404e-23
7.744871723102411177e-23
1.645624405951573724e-22
1.349625197074770794e-22
-2.300123040360810884e-24
-4.597540063980829726e-23
-1.358064358656388254e-22
-1.572496703690611643e-22
1.348937741307765061e-22
-6.658666269891571509e-23
7.437863487146815679e-23
-2.953780974009477436e-24
-3.901815268896952014e-22
2.306150176370317997e-24
-9.814530237157396525e-23
5.357215931198025677e-23
1.501513217895788124e-22
-1.147386895253227890e-22
-6.147837788334622411e-23
-1.563575601849342048e-23
1.265336401356146204e-23
-3.017364110925667338e-23
-2.646442495199561163e-24
-1.660831750179624177e-22
6.392537995340070843e-23
3.280112454020938824e-23
-2.147927846196880592e-23
7.611187904854062011e-23
1.094066268378382828e-22
2.074155669235316017e-22
-1.446639313966970046e-22
4.250673975843083329e-23
1.590468587266680469e-22
-2.016749331661322613e-23
8.856194107295400099e-23
4.677876296140750331e-23
1.760234345886040084e-23
2.129684044882162739e-22
1.933362948846622797e-22
2.060483315884788873e-22
3.009632974160718141e-23
1.614980643887868487e-22
-2.290130986943091044e-22
5.264798514634550723e-24
6.951469565202753703e-24
-1.423174202244209554e-24
-7.984867321928285163e-23
4.951399729057212273e-23
-4.358168638755850987e-23
-1.537213728453149732e-22
2.228570298079423293e-22
4.706975791863246733e-23
-1.194253510308856637e-22
1.590710562516024644e-22
-2.913976532497557777e-22
-3.566529645614806464e-23
-1.943849271917426242e-22
1.442270370567048840e-22
9.229796739862215406e-23
-1.101707824418659676e-23
-1.908874335267625954e-22
-2.228942549314878437e-22
-9.581308730036797323e-23
-2.016100873122009619e-22
-8.961827814794153813e-23
-6.880206567998499032e-24
-1.650822163450349858e-23
-1.935515641992959690e-22
6.450906561449710924e-23
-1.635149554209991716e-22
-6.393068726565599083e-24
1.763961783192971409e-23
1.770623721472713489e-22
-5.732781122306618033e-24
-1.782989123051447622e-23
-7.077845640997149146e-23
1.072637302225987494e-22
-6.206816223601470445e-23
1.062196065695815890e-22
1.435513366356251226e-22
-1.492359551164707395e-23
-1.052502038728449742e-22
3.309965518093076976e-23
1.586798802310088173e-22
1.291613781816773392e-22
1.478238293252656230e-23
-1.464489221705154908e-22
-6.082573634100888976e-23
2.296618659890992824e-22
4.920062890872262364e-23
1.589326412985720498e-22
-9.445095122974763289e-23
2.321008260346674500e-22
1.728863882544034834e-22
-3.268270329843528078e-24
-2.956908652875710546e-23
2.583002183263028147e-22
-1.270064872919869164e-22
1.842555425914729173e-22
-2.804147642792510554e-22
-4.691284789511622810e-23
-1.338810495947642726e-22
-1.344738571016578998e-23
2.215070560685875569e-22
-5.962917897597990587e-23
-2.891779592515013092e-23
-1.830614107381341814e-24
-1.619467241834336860e-23
-1.731700608447257894e-23
-1.009973920407000255e-22
-2.215051754860533503e-23
-1.581671202895949280e-22
1.549561977309609436e-22
1.418166400819447029e-22
-1.563028096417121146e-23
-4.066255433672540554e-23
-1.990548816521152999e-22
-2.946311140922789825e-23
-2.586910305751709972e-22
5.063541452506178692e-23
-6.552653794201981901e-23
-5.259000477052201351e-23
1.939122446279355992e-22
3.594059794735812126e-23
1.145198351604213513e-22
2.964007357472646756e-23
-1.847409764507146780e-22
-7.195384779132480222e-23
1.132205031299144188e-22
4.212821871571653227e-24
-1.284724068842449362e-22
-1.757515954179152844e-22
2.030639073791137539e-23
1.104520126582043255e-22
8.467229538588719696e-23
-2.459011651019262951e-22
-2.047045643665382444e-22
7.545036940023346592e-23
1.792201569164249671e-22
1.274135071661512089e-22
-6.221243805982074571e-24
1.184824037241954911e-22
5.574352990960183701e-23
-2.224993925498291360e-22
6.465681497063079716e-23
2.091782417485096229e-23
-2.354042967251947481e-22
1.369135824385047557e-22
1.138883359622903141e-22
1.311141988500729631e-22
-1.814136415035378229e-22
2.226386830480251607e-23
1.342127975757223941e-22
-9.837388826810521969e-23
-1.537966427636561224e-22
-1.095355932330539722e-22
2.081256612468522019e-22
1.793729703128751971e-22
-1.768230029384332169e-22
3.704369561561877902e-22
-5.665829870721728039e-23
1.423571543267808507e-22
-7.693085150837468850e-23
2.911592557880472782e-23
-6.378389628237357608e-23
-9.517910032846247927e-23
3.262022643033037684e-23
1.578181755004294168e-22
1.066024741304783371e-22
6.622746512379069337e-23
-6.958553830236563383e-23
-4.997063711900361664e-23
2.956988926174915223e-22
6.543662795736271681e-24
1.162114648426004424e-22
-2.255742007677314262e-22
-1.259758975653228368e-22
-3.646443767501581553e-23
-3.019595845684245306e-22
2.493670903715027506e-23
1.132466852173989049e-22
-1.608061254068882252e-22
1.543481645296395715e-22
-4.917981238412255294e-23
1.261230446407611644e-22
7.519056534914485778e-23
-1.679093481152721471e-22
9.958220809525985924e-23
-6.465862490087148781e-23
9.275199963614859776e-23
3.193136357915461623e-23
-7.306785316328516294e-23
-4.567369759957404055e-23
-3.624452795907612125e-22
1.356125402074559326e-23
-1.220321114489894689e-23
-8.519532763576542745e-23
-1.825896656561020440e-22
5.416378280811341568e-23
1.347340371598730063e-22
-2.240770578295104092e-22
-2.445031463151635431e-22
-1.604788870228695317e-22
3.713902026757340620e-23
7.110648664625882331e-23
1.379060609498030707e-22
-8.583108006771593038e-23
1.100403843242512118e-22
7.087028607769111266e-23
-7.855821200971789687e-24
7.813325477141403327e-23
4.851843965134480915e-23
-2.905615948219931306e-23
8.580037978448856229e-23
-6.869607194771356754e-23
1.751392824841548513e-22
2.166417235696400676e-22
1.505823878667659408e-22
6.833041050441594949e-23
1.267125347481470225e-23
1.284749962999250637e-22
-1.233631869743363197e-22
4.653382681557898017e-23
1.240160695477566988e-22
1.947328340158060705e-22
3.183554432938006174e-23
-1.456431340392284093e-22
-1.512248316347304930e-22
-2.566235855648528241e-22
3.670623161932576034e-22
2.289566126095404691e-22
-2.931654398258887806e-22
-2.212783696540994612e-22
1.540962622803427698e-22
2.727123205251084641e-22
3.826793658643782111e-23
1.144947769454315715e-22
2.027351852122971604e-23
-1.189066234332377862e-22
-9.957602929399267367e-23
-1.705023180062704079e-23
-9.633112181879949280e-24
-3.829284208816631669e-23
-2.605286952695925703e-22
3.527468198480102426e-23
-2.753750219232116848e-22
8.188225141444517051e-23
-1.063849451751089919e-22
-1.334464287768469052e-23
-1.437259743582951989e-23
-5.102521676324633077e-23
-1.798376118042158144e-23
-1.381853409525864071e-22
-1.182076501494510365e-22
5.658837487330925927e-23
-4.471741516688865501e-23
4.210778895490308875e-22
-2.730219465518175575e-22
1.630702905583546612e-22
-2.366841655968438406e-22
1.170670782454383218e-22
-3.110304563297696404e-22
7.887044386239448746e-24
2.160772761090465832e-23
2.002811339960634463e-22
-1.700908297688089796e-23
8.745727016596465065e-23
-7.564234504902285468e-23
1.270641039853609908e-22
2.103530895169494530e-22
-2.868979549734270220e-22
-3.724241270309255364e-23
-6.217322780137924373e-23
1.862743244594994084e-22
5.872944229756912426e-24
1.770581916527034758e-22
-9.386991488534617988e-23
-1.358518262985041894e-24
-2.080797403050596271e-22
-9.894046310927368458e-23
1.048534288114059498e-22
1.359366511536757957e-22
1.040042032180592658e-22
-6.884406079513492166e-23
1.677258708144967649e-22
-1.849348290592741990e-22
-2.487218554036191128e-23
1.715116248149935215e-22
-2.395972463181651327e-23
8.962902441904874956e-23
1.154375690452050005e-22
2.539447534933096501e-22
1.683660315439298833e-22
-1.043453011921714528e-22
3.431861569175789379e-23
-1.828164816440191035e-23
-1.320957501073011549e-22
-8.593239355250419741e-23
2.665070139771625781e-22
1.114787078247072083e-22
-3.564903474063744085e-23
9.681030452823055456e-24
-3.098329060621657002e-22
1.454307632157861756e-22
4.985428125997096429e-23
-1.005680063796742930e-22
-5.859624079223190790e-23
-3.210433464920413589e-24
-9.081721816013815612e-23
-1.152839622271530960e-22
4.800793190756255337e-23
-3.511659949979353563e-23
-2.678294986381415752e-23
1.655618926189129560e-22
-1.131983187277396628e-22
-2.174364686667112472e-22
-2.219991495997745245e-22
-5.197820376697684325e-24
-2.063067213149412188e-22
-5.018194389324660361e-23
9.689972196833167353e-24
8.744414014725415402e-23
-2.269485895180339339e-22
1.738265420062227424e-23
-5.519666476923721742e-23
9.162350169991725380e-23
-1.012515792394357167e-23
-3.665891226218295916e-23
1.178221434392151142e-22
-2.752469708115613538e-23
1.045196365108859933e-22
2.161734618749493242e-22
1.070739812114047787e-22
-5.283858821031051536e-23
-1.588810972694505786e-22
-5.107314471926850473e-23
9.694001191341420960e-23
7.306909021360715569e-23
-8.424234529076785592e-23
1.811579120463996975e-23
1.548235808208202754e-22
-8.118056951349191879e-23
2.359704634566087505e-23
-1.302639098226741348e-22
-9.530113941448457867e-23
5.945639815260511043e-24
1.949463645908939358e-22
1.364224179862644660e-22
2.624471536059798574e-22
2.250711924107682438e-23
-4.262589331372364241e-23
4.429201253457122968e-22
-1.022896597647953756e-22
2.513154592376872069e-22
-1.775345154539936522e-22
-1.201882084111123408e-22
4.810291885153542698e-23
3.391396001203549224e-23
9.730878227063331155e-23
-7.419162036517184419e-23
6.078390625366467204e-23
1.492420689768210860e-23
-1.564156051182665309e-22
4.891096007333455411e-24
-2.152690812371854940e-22
-1.459187138189699431e-22
-1.541339162497026014e-23
5.776165944152828098e-23
-1.187056713287884846e-22
-3.451254985087910600e-23
9.151962608264142662e-24
-6.727150296045649756e-23
-1.397808405474201313e-23
-1.332097759587634042e-22
1.272037928869189020e-23
-2.924105713876238820e-24
6.001623908635479804e-23
1.478293210838510397e-22
-7.012161062240452289e-23
-9.958513275389901591e-23
-4.406026993761837986e-23
-2.164873208385318074e-22
5.423954358924938846e-23
1.729673431761800103e-22
6.046903929567972930e-23
3.345569398464178596e-24
-1.057440058072225282e-22
7.111984984073233688e-23
4.892671603056416187e-23
-1.699704734750309022e-22
-8.692175828649429774e-23
-1.308691290234173622e-22
-3.118868836062502182e-22
1.324547783610249493e-22
7.016007780736039007e-23
-3.664376292408199394e-23
1.139683806595136424e-22
2.531940833416440214e-22
-4.358742017781364620e-23
-5.931198157056715313e-23
4.786927761191368062e-23
-1.247109501715895974e-23
2.279585547168168652e-22
-8.396705241865899029e-23
2.677247195668552749e-23
1.294404760197113444e-22
2.021244672491105334e-22
1.637450510759100701e-23
9.592318285543453454e-23
2.090242877961294931e-22
-1.456984738604086682e-22
-2.834544949452997660e-22
2.184458190917458327e-22
7.886078030592008155e-24
-1.768251338051067065e-23
-4.699029594896383508e-23
-1.676897896224575528e-22
9.070729078324067784e-23
1.256277745534545870e-23
-1.046244579636695380e-22
-6.216639141405955492e-23
4.942595187159616678e-23
-6.542945955295234445e-23
1.049632838591526857e-22
1.134094960478484300e-22
-9.814817278294230670e-23
-5.452744563262429533e-23
7.133732137001258793e-23
9.336264829643055360e-23
5.932931104135997294e-23
4.336121874574429706e-23
2.456092374829701232e-22
-1.352580190525490579e-22
3.943573643744274859e-23
-1.189865548448999353e-22
-9.360903163944288032e-24
-1.837918025105037497e-22
-1.199960074342613137e-22
-1.213391407096181945e-22
3.656272618055168669e-23
-3.538162736891643823e-23
1.020710303271573178e-22
-1.563005010651070902e-22
-4.871904358048726763e-24
-1.182859268605497714e-22
-3.618531434807315347e-23
-4.456037415738822473e-23
2.110606078371773991e-23
7.159063723975116754e-23
7.191173531087427839e-23
-7.701751715262249615e-23
-4.444526327272301126e-23
1.347383495748320011e-22
-1.232401067251423233e-22
6.630435328587388147e-23
2.997367537288578585e-23
8.634477977726042725e-24
-8.174269211973362945e-23
-2.109041560408080935e-23
-1.546064637919820764e-22
2.562366761815568108e-22
-5.395607407384913989e-23
1.553069902630542866e-22
8.951577540781099230e-23
-5.135728354411460218e-23
-1.559740171391447311e-22
1.384927711400486740e-23
-9.494600358516236879e-24
-1.182428367192314856e-22
3.780147330253025589e-23
2.182573951656463616e-22
-1.338598643257416349e-22
2.899322612606042266e-22
-7.466737473583702142e-23
-1.977492232343952557e-22
8.024602534408059429e-23
2.599643783246895282e-22
-2.139785483347696615e-22
1.204888134640610359e-22
-1.031453334856128721e-23
2.199058540420772220e-23
-8.672227772635633667e-23
-1.445465350150208963e-23
-5.278667722820017827e-23
2.341229786814388841e-23
1.495484719138448334e-22
1.216778725384836869e-22
-2.134451530830375991e-23
9.937851042054953653e-23
-2.835553803500312553e-23
1.607601634008410008e-23
-3.605185887163227990e-23
-2.164429071515280391e-23
-5.279980559458851348e-23
7.445576242141036647e-23
2.467617251857424665e-23
-8.798465584359310068e-24
-1.375693227220145499e-22
-5.148021433751743253e-23
5.666479381320056959e-23
2.490736290408301287e-22
-1.965845432281008438e-23
-2.872107668028005593e-22
-7.066010326593606990e-23
2.889373396236409453e-23
-1.509265134288773830e-22
-4.297531916689289036e-23
-3.372173528227683983e-23
9.048812472696315228e-23
3.543427852529345697e-22
-1.256477288035686389e-22
-1.048066249977824470e-22
2.300023513967973407e-22
4.686628547583283544e-23
-1.899047285083988605e-22
1.430072170403298338e-23
-1.619863272921254598e-22
1.681929270663665956e-22
-1.706390609601573694e-22
4.734582513632683672e-24
-6.212384523906488126e-23
-1.113945810697149839e-23
-1.708151133616194733e-22
-1.143131373798947986e-22
-2.501868813021610587e-22
-1.407566959106485840e-22
2.729131601492070431e-22
-1.509367823922344055e-22
8.825887816534322662e-23
-1.769070812189825448e-23
-1.065320109435051170e-22
-1.631113439638050169e-24
3.094585190357617855e-22
-5.306046301604238499e-23
-3.200497580209788703e-23
1.644602430051164406e-22
-5.099694256890369120e-23
2.822828764724788163e-22
-1.813287536412555690e-22
-3.174611234167654776e-23
1.446246406687628757e-22
1.575639970757230912e-22
-1.133698079203247085e-22
1.190721738874217630e-22
-1.181578200200500745e-22
8.304929698489232922e-24
2.120271261121806831e-23
-4.148954367040853184e-23
1.456422779403963364e-22
3.573207008272908236e-22
5.712825572640633382e-23
1.084687034658775086e-22
1.852631087054441291e-22
1.330720348417976049e-22
-7.681317412494324037e-23
-1.277345184260507019e-22
5.232324170396873925e-23
9.884638237959656273e-23
-5.866889395647811778e-23
-1.966281400158637396e-22
7.643924590092803790e-23
1.493906709276072362e-23
-2.505005040925446095e-22
1.864751809850181462e-22
-7.795278327916926363e-23
-1.949087829698985368e-22
-1.620413690308289163e-23
-1.550367151179944182e-22
-1.328816864818602790e-22
-1.401533244598041520e-22
-7.985582574175834472e-23
-1.467688320437932577e-22
-5.419755111300481129e-23
-4.982884909097876169e-23
-8.034519814897982892e-23
7.295480993320622861e-23
1.292209440088840289e-22
-2.335382124286908640e-22
2.350041719768944211e-22
-6.096693867750818793e-23
-6.983623535822230857e-23
4.597191672904064516e-23
-7.783244405799189889e-23
-2.139639899818127273e-23
-9.951237132322527009e-23
1.241289149866654323e-22
-2.029706387604594292e-23
1.871629558623363545e-23
1.049689866673361931e-22
-1.939357348884200550e-24
-1.379231125151899898e-22
3.854866244323163675e-23
1.916047131885123599e-23
3.677346054188641016e-23
6.283264334245365505e-23
5.152141242777431377e-23
2.455295808418406409e-22
-4.991955883453331281e-24
7.904011783268076645e-23
9.401712980115655168e-23
1.521963276928837971e-22
1.337968611360731760e-22
-1.263957285409262729e-22
1.057072119252944029e-22
1.123273713170717852e-23
-7.726013344187111777e-23
3.729349178778562676e-23
7.327601775025655254e-23
-5.356845245142568366e-24
-4.580309868147877130e-23
-1.411596916283218111e-22
1.060703757044026171e-22
-9.632680896095302383e-23
7.181125819726606173e-24
4.600000295406337912e-23
4.505119906257516135e-23
-8.404775250111089199e-23
1.086205571260653778e-22
-1.331060677261410088e-25
-5.015243940696658819e-23
-3.522326054030172272e-23
-3.959151387793297065e-22
1.287246702625561618e-22
-1.160426863157638288e-22
1.510406769636025131e-22
-3.029497282641318144e-22
-4.415368600182475591e-23
1.812093396859728815e-22
-5.218121990383763677e-23
8.527571105912742386e-23
-1.492087158564918245e-22
2.317600520506597094e-22
7.658684990890431308e-23
1.965466863069211783e-22
-1.398172964095156018e-23
-1.050775077504405311e-23
-4.776656183482244842e-23
-1.740443922425525889e-22
-8.965233131685303890e-23
8.388784394250094610e-23
-1.265267529175130003e-23
-4.040486434478865212e-23
1.308957362766170779e-22
-1.294892831620995680e-22
-2.323306454569790206e-24
2.624896724408527370e-24
-8.943175275742996048e-23
5.901844618517055584e-23
1.874158738776307235e-22
-9.875601799420287483e-23
-3.118024041902376245e-23
8.756349266027112205e-23
-2.581083468911847392e-22
-1.291102482950787004e-22
1.828241413024502369e-22
-1.137600189141157875e-22
-1.436083440285988381e-22
-3.672896720797021076e-23
-2.244468968862710084e-22
1.526473508047887480e-22
2.204624485296408554e-23
-1.451946580815476717e-22
3.461414722407986443e-23
5.784705156944672593e-23
-1.456597730380856010e-22
-7.787233898906074899e-23
1.354311218455305990e-22
2.418733260738433643e-22
3.174538984586103840e-22
2.185189852736579758e-22
-1.734471714543819894e-22
1.465740114240451565e-22
-1.217677875163482344e-22
3.312666743611476180e-22
-7.159860258967550774e-23
-5.223593069263447595e-23
1.545371537587987003e-22
9.319607613025626149e-23
1.835782617973057636e-24
-4.033189239607746523e-24
6.230926210908912010e-23
4.717748245802397470e-23
1.755710788985976205e-22
-3.878865815810780144e-23
1.545162131223189041e-22
-4.902506694811240431e-23
-4.786309814946009848e-23
-2.982365514048499022e-23
-3.896243932861273861e-22
-1.190517485623101657e-22
-6.450079650711635046e-23
-1.980976765394319791e-22
9.460572846202160765e-23
2.585783842390968333e-23
-4.337496925935634425e-23
-1.524112338281923681e-22
-5.619863563988238769e-23
-1.220915884265814707e-22
7.670299202593061899e-23
1.705764850631161356e-22
5.654706245780243337e-23
-1.433454278540368499e-22
-1.202275769443700883e-22
-1.465721501244247176e-22
5.973014165337151536e-23
6.399139855946146717e-24
8.490465691523156895e-23
6.209227117405719223e-24
1.543115081298196122e-22
-1.443657372341005757e-22
2.001707075602520765e-22
-3.942868075104108372e-22
-5.138988862970481088e-23
-1.560289414387344022e-22
5.230728820512781545e-23
1.489574343757588933e-23
-2.501120477340538859e-23
1.090066113857775716e-22
9.002031485726617275e-23
-1.488506760486598213e-22
2.073865863587825994e-22
1.387406199365027415e-22
4.372721577734623219e-23
-1.150139333570426301e-22
5.792356765954673831e-23
-1.744113791607025927e-23
7.619525193511785374e-23
-5.589217757927115113e-23
2.319234374050816901e-22
6.434469384619189029e-24
-3.026955289030679442e-23
2.864276911610555165e-22
-1.164625824582388388e-23
1.265548044929245755e-22
1.004786026222934106e-22
6.971843137862070387e-24
1.614686545842295494e-22
1.015010124031773471e-22
-3.612421908667496799e-23
-1.988080015560914506e-22
-4.668464909179350480e-23
1.049539384222266434e-22
-1.699828726389951175e-22
-2.039687250427492906e-22
8.012954575332133213e-23
-1.935434547119782640e-22
-2.505944618346965219e-22
-9.420696916057247167e-23
8.235047289047537077e-23
2.206640061104308099e-22
-2.267507064547825344e-22
1.374305670464483627e-22
-1.107764829351906999e-22
-2.663677563894007006e-24
-2.573341815867327495e-23
1.029615406703186052e-22
-1.097358541368556227e-22
-5.079384425704072222e-23
-2.947661382154672852e-23
5.725059731395760566e-23
-6.845539163742163709e-23
1.278720296988311920e-22
3.384036054726862912e-22
-4.602060626308732548e-23
-3.900992285356105578e-23
4.790708848645833014e-24
-1.217942983008539269e-22
1.217362285140811110e-23
-1.353146407677947045e-22
4.000172135377176789e-23
-3.346991548652490990e-23
-2.103695653069518382e-22
4.899690393622464872e-24
-3.610897812160226126e-25
6.738423141056367718e-23
-9.584263608886675599e-23
1.631366548186642260e-22
7.532917355690657990e-23
-1.030393739331682362e-22
-2.452259675743661610e-22
1.795224803539687472e-23
1.273060006243797641e-22
1.030679060022138938e-22
1.580320644563959608e-22
-1.021998991048342656e-22
1.570164940181282249e-22
-2.423535789503957645e-24
2.359401917514866296e-22
-4.750483190019243931e-23
1.591646520118402196e-23
5.306198521130653262e-23
-1.360960725518257742e-22
1.421179400759418331e-22
1.964937639517507027e-22
-2.454423387281340982e-22
6.350116670778146965e-23
-1.383955410887230960e-22
-8.484718668885818862e-23
-1.845545208080319836e-22
-5.572617738317069250e-23
2.155961978315900179e-22
-9.498828014851100228e-23
-7.004994993402991309e-23
1.246740888514199298e-22
-9.666394267563058251e-23
-2.541236069518321613e-24
1.275994837656155461e-22
-1.307290306046900809e-22
6.530012842187562569e-23
7.812472887678769763e-23
-1.338157217623640092e-23
-8.711057410335063244e-23
2.416673981251180959e-22
1.306287940677446421e-22
-1.144842171140505853e-22
-1.189152946731109635e-22
-1.416878898259204782e-22
-2.621408967117071396e-23
-2.023161231374999092e-22
1.568596692339386909e-22
-8.021534017714058057e-23
9.243244865322410143e-23
4.087463581782813775e-23
9.083228194688711501e-23
6.878915482825276185e-23
-8.117874924594734775e-23
-3.710214418525102280e-23
-1.361843847536736886e-22
3.238130387452173694e-23
1.426730060800873267e-22
-8.608950928945905941e-23
9.639578066632413702e-23
1.131568133611183195e-22
-5.551974243040465316e-23
1.719855591536001117e-23
2.709581180725382845e-23
4.889926580484580645e-23
-7.002067320244821858e-23
-1.625457336705263822e-24
-2.013376446209964313e-23
4.810717113745509731e-23
1.291132523701017400e-22
-1.439309575524666156e-22
9.839770272396411763e-23
2.767340038568149949e-23
4.585160266515982052e-23
-1.797951481517161560e-22
3.140451426624409590e-24
-9.627535406919086531e-23
-3.461817964807122220e-23
-1.087609436502875135e-22
-4.301033914205845259e-23
-3.785972310859187094e-23
5.839607184953569800e-23
-1.436157173362587527e-22
1.321315730146646981e-22
-1.086617754382542159e-22
5.207319906250891669e-23
-5.793449997970523870e-23
1.921587367784935062e-22
-8.212839214011327503e-23
-1.198495317690068147e-22
-3.884248008281000984e-25
-5.663927156641090321e-23
-8.160809591757068463e-23
2.529131513391546332e-22
-1.012909030363818247e-23
5.138637463730329505e-23
6.060834221876111689e-23
8.520779502017064316e-23
-6.947743518860382437e-23
9.828407157552659705e-23
-2.440752178914533111e-23
1.712831262889430270e-22
-4.248266455995501153e-23
-5.824044407083824886e-23
-7.748836590385637370e-23
6.095036761141463941e-23
2.346346199427469410e-23
2.410398517909011402e-22
-1.721119065737875504e-22
5.911470291753169580e-23
-2.229656995018197073e-22
-3.536514561614442617e-23
8.934563213130800562e-23
-4.636345387057607925e-23
1.226023950047129587e-22
-3.056731581021713345e-23
1.131077947703935539e-22
5.167761995827568708e-24
1.370095719595478048e-22
-3.499768791473701892e-23
-3.905846785589905834e-23
-1.031309850630843594e-22
8.931716006312061393e-23
-1.189996069034138691e-23
3.017154846683695774e-23
8.619500032781054790e-23
7.429297919535822757e-23
-2.755707740474775081e-22
7.662864044281098484e-23
-1.094825519209291817e-23
-8.498234744527483250e-23
-2.755654677684314724e-22
-6.460653667710547006e-23
-6.093608956039738865e-23
-5.964528146320839363e-23
1.012022714638778068e-22
-1.414669724621497423e-22
1.248670933902592968e-22
-4.206840046292441706e-23
3.758354944671627128e-24
7.655023374739554196e-23
-4.439967385173204240e-24
-6.982247484190211991e-23
2.114622509457330138e-22
-7.456597995332772841e-23
-1.301542819400351165e-22
-1.285243461178357099e-22
1.073933577410324875e-22
2.067486846194930479e-23
-4.100647518352165141e-23
1.438884861132680578e-22
9.802405039135422507e-24
-1.273187049704994924e-23
-6.374141018996317794e-23
-8.864336590049677394e-23
1.208675444750200347e-22
2.349807351737967603e-23
1.230975307152759282e-22
-6.123768592512216051e-23
1.535090643182278748e-22
-4.329125586832712142e-24
8.342260574754022265e-23
-1.432430732615084856e-23
2.989923108567740494e-23
1.566550771520583172e-22
-9.284760883602983348e-23
-1.493654689271564150e-22
-5.266504782346751926e-23
-7.228586018871757518e-23
1.418822193197626907e-22
3.327219563195183402e-23
-4.824764410420506120e-24
-1.077707963987983331e-22
9.181057023832650357e-23
-1.772719381872355197e-24
1.829098086361678403e-22
2.536660507084102531e-23
-1.360960513374563512e-22
4.609861434874207655e-23
4.985682518245044771e-23
7.050804770198047491e-23
-1.314801984428697315e-22
-1.084206182934630776e-22
1.679892038594317306e-23
4.966916926488182340e-23
1.819167434238311186e-22
-3.127075060637395881e-22
4.906287861476908843e-23
1.054956599579178576e-22
1.541804840605713371e-22
1.553615446199285267e-22
-2.783691022115913780e-22
1.265424410646720341e-22
-1.964015263166584428e-22
-3.937492297025749181e-23
-3.286411862892746281e-23
-1.365318466873764563e-22
7.454107876145589472e-23
-2.610810117464636831e-26
3.384486985048276514e-23
1.315586596256347240e-22
2.486106192059847096e-23
-2.592601153246967013e-22
-2.417319575627316005e-22
-1.928093761766444676e-22
-1.221704908934476136e-22
1.249060116983836932e-22
-1.240165452364392029e-22
1.682206400239577688e-22
-2.420813624974194108e-22
-6.731744399414680385e-23
9.522008162286970915e-23
-2.797954131811394602e-23
4.182871266176536704e-22
-1.249775356900422760e-22
1.273856642721145593e-22
6.038316972501210496e-23
-4.776792733801353196e-23
2.953498094715519413e-22
-1.444208346983905078e-23
-6.288694972149699685e-24
-8.321610700444937626e-23
1.398197159396281077e-23
7.897109882297874228e-23
8.988416831396808891e-24
-1.296206625697317568e-22
2.430879133243318715e-22
8.833898475484314434e-23
-1.875339627862192261e-23
5.675448614941670745e-23
3.511439660225586167e-23
9.068803884837584810e-23
-3.779524245744623124e-22
3.031204551502971323e-22
2.190835159593826365e-22
1.163673794701900138e-22
-1.838310969235910158e-24
-6.744923284249879450e-23
-6.307124117831919642e-23
-1.646681481788003808e-22
6.516215080135796683e-23
3.572713315392893115e-24
-1.633680536059126253e-22
-4.191917990364881520e-23
1.368943817671499863e-23
-1.282980557961655928e-22
4.576368901932326564e-23
1.116647680315454845e-23
-1.522272491969970346e-22
-2.456481253992198022e-22
2.125861320538649546e-22
-3.121370384696721998e-23
1.123293101625561687e-22
-2.041330272000212306e-22
-2.287120471136859286e-22
2.450440626744932690e-22
1.145639737418636323e-22
7.085009837027049257e-23
-2.125410316980548702e-22
-5.592171404882251991e-23
-5.566482787004228997e-23
1.078176076501466258e-22
-1.378087779299878378e-22
-7.517615317699331209e-23
-2.602818589522515685e-23
4.696788353439621231e-23
7.122764846139435527e-23
1.310266454860755330e-23
-5.224254810740589484e-23
-2.645542093600320533e-22
3.619841387642307020e-22
-1.616588386749063967e-22
2.139810744814622985e-22
-1.715663009083987222e-22
1.909041359468994593e-23
-1.209789222680703273e-24
3.210553828417104900e-23
5.761312317392473658e-23
1.468229071979660605e-22
6.674039733121853582e-23
-1.251775396704327046e-22
1.981657403427258043e-22
1.547553328201840867e-22
2.181426904152365212e-23
-3.783090480575096465e-23
-7.886032911997457333e-23
-6.715083625049231039e-23
4.077759162260857040e-23
7.747893796890840331e-24
-8.816375107333361657e-23
1.240206688175773288e-22
4.511052017262432243e-23
1.817515077892150006e-22
4.963437183917515686e-23
-3.846090611958803124e-23
1.758674067669200955e-23
-7.943861750094988366e-23
1.998609308970398466e-22
-6.460779396116536201e-23
5.953098876875796342e-23
8.507699110982330049e-23
-5.596174161611320072e-23
-2.448154081313253188e-22
-1.867862758256619567e-23
-1.589170031377059936e-22
-1.153770823518994548e-22
-8.138938422111360761e-23
-1.867305002465992611e-23
2.096536878486576141e-22
2.965757552170634657e-23
-8.319031590888046867e-23
-1.467762417319649925e-22
-1.595541001446122899e-23
-1.906618869635456302e-22
1.843210087459681687e-22
-1.234852164645235436e-22
3.296911325506021989e-22
-6.854746648935391949e-23
-2.638633519205217061e-23
4.156829818268263523e-23
3.213250604832587550e-24
-3.532210914946212133e-22
-2.606233352814235048e-23
2.567688174640419650e-23
9.089122531105094826e-23
-2.012057061575402063e-22
-1.478135462171184618e-22
-2.735012817788533591e-23
-1.061087590981495246e-22
-1.630161524314089290e-22
1.725651504552260563e-22
2.296973865386268819e-22
6.878039365111948809e-23
3.639909832877204784e-23
1.123540044231806587e-22
1.548693928789308444e-22
-5.644835648501998870e-23
1.371678779104048468e-22
1.691015554669439008e-22
1.831589499134801658e-22
1.732641171995694250e-22
-2.605619333431426225e-22
-6.382046289225086958e-23
1.098200295487341202e-22
6.267073038069028196e-23
-9.041082360548521350e-23
-1.098347427413890756e-23
1.016052368467287938e-22
9.290206695984263023e-23
3.944479481010130062e-23
-8.412002833719487644e-23
1.880328412223427532e-22
-2.276001314917210979e-23
-3.517030302838096515e-22
1.388857920159640953e-22
-9.140745262444376277e-23
2.341070458679015912e-23
5.046259568376491972e-23
-2.663040624819195770e-23
-1.164595799803193956e-22
-1.766071243069208303e-22
-1.179692711170749786e-22
-4.434480486247926097e-23
7.230629222735323974e-23
-3.672885027751552033e-22
-5.445613708707337713e-23
1.696753983393838732e-22
2.931583938821170627e-23
1.082549932107722940e-22
-4.071885868618272405e-23
1.366133084777783566e-22
-2.515913110777673227e-23
-8.418329029479895525e-23
8.622783024299040670e-23
-1.431273998549368976e-22
-5.453255617521885782e-23
-2.824600204325626524e-23
2.581693009354052766e-22
1.303509919033005836e-22
-7.965297778897396354e-25
1.394873493413951836e-22
4.655466978138077818e-23
-1.845545043008671757e-22
1.000555984515214018e-22
-1.751751017554142167e-22
-1.452656773821719879e-23
-9.695470692525169870e-23
-5.380177370948473183e-23
-9.353791884111995609e-23
7.921922635039537549e-23
-1.164533640975660602e-22
1.180566504336309973e-22
5.486201972342269377e-23
-2.563286717640895529e-23
-8.404689163167279953e-23
1.843575315359067010e-22
9.287713530973844738e-23
-1.744469276078853247e-22
1.580031284712277616e-22
6.133095135089027769e-23
2.151796682782810054e-23
6.061033100208397780e-23
4.222688754314271774e-23
-4.160403243053143194e-23
7.178091463974522490e-23
-1.222983156488202892e-22
-8.161219417910679301e-23
1.755017499727062085e-22
1.391071046609381245e-22
9.912009877594423607e-24
3.983200049035130040e-23
-1.093363586267767924e-22
-1.119901685782408432e-22
-2.919800997903161269e-23
-1.334032003293816691e-22
-3.295744709538858711e-22
5.218254892282688423e-24
-3.579826437542346644e-23
2.608568744705947144e-22
2.302551779374837373e-22
3.914697426634701861e-23
1.000168005196216410e-22
-2.056058351904827124e-22
2.597223030125822898e-22
-1.573832619725735554e-22
-5.673053923994045686e-23
1.343176560524317508e-22
3.205849421351343137e-24
-3.863743193957163445e-23
-1.087606353854453321e-22
-2.056315185746127827e-22
5.994159661314116441e-23
1.194589618459320082e-22
8.802839019380131380e-24
-6.982280324284045582e-23
-1.824752884472271720e-23
-9.138397527770152575e-24
-1.819983560470017469e-22
-1.229519662016200427e-22
-5.947309881509759974e-23
-2.293509484034092380e-22
9.105624164928230435e-23
1.338575681842443074e-23
5.357917170631702947e-23
1.939032638301106269e-22
-1.357843601182972850e-23
-4.542204086061472690e-24
-6.120004211521578303e-23
1.393589783450062781e-22
-1.723403573912682154e-22
5.081241611136926555e-22
1.004771785805007055e-23
1.334363377418710206e-22
2.101095357102395574e-22
1.623386347368445392e-23
-1.007544975900886730e-22
-1.172536585772943751e-22
-6.091896857735299361e-23
5.899584716964345768e-23
1.401355487062048437e-22
-1.401162846097113482e-22
-2.019155377590708738e-22
6.210493093703253588e-23
-1.272910512543454187e-22
-1.069493366013102256e-22
-1.192488109306201994e-23
2.498097578912839269e-23
-1.038241299273170015e-22
-8.946729876992780561e-23
-1.593544350962186251e-23
-7.262550720450025608e-23
9.477844644578829325e-23
-3.103352253817990509e-23
-6.208618345369445800e-23
1.382309937180835314e-22
2.089511496054656483e-22
9.832203743997288980e-23
2.882885838873521719e-23
-4.979070465617390517e-23
-1.647226331676901862e-23
9.041299885266561171e-23
6.560182040643777678e-23
1.830930570934771076e-22
-2.486082630045319488e-22
-3.504956817991024705e-23
-2.102365331560197574e-23
6.383060024548076960e-23
-1.143304313926233256e-22
-2.581690704771198544e-23
1.470989676577874939e-22
-1.703548961367270842e-22
1.254915673692192347e-22
2.181322390614009511e-22
9.315002695378356840e-23
-1.523985688846470761e-22
-6.984765530141489509e-23
2.789410688702155687e-23
7.807828552822928149e-23
-3.002637476026654806e-22
-9.466234831394187025e-23
-7.868847407295381740e-23
2.101191993968843433e-23
6.372899034735303783e-23
1.575197409474414075e-22
4.498307289159926074e-23
8.006520448584312948e-23
-2.121634489805346401e-22
2.322514505036646713e-24
-1.887192456638284567e-24
-2.640870596698705364e-22
-6.610271269630360258e-23
-4.528128622997680061e-23
-9.763245658389196533e-23
-4.299871890880614683e-23
-4.517500069204433672e-23
8.428116026409231493e-23
-9.877835765299726134e-23
-9.748340972940707257e-23
7.883031393598397576e-23
-2.369299888951204133e-23
5.804039700737173657e-23
1.061886275018593486e-22
2.359063038678322902e-22
9.754465134121080689e-23
8.327820533220165027e-23
-2.647341137199185105e-23
2.207902951400393074e-22
1.458645628553157104e-22
-6.428550639173810294e-24
3.517414481042037049e-23
2.451985971310807117e-22
-1.359327958442658409e-22
2.248794192810142773e-22
-3.615262345894368943e-23
3.955697544461464046e-23
-1.130931389727460469e-22
-1.768947413102859075e-23
-2.780527036430910744e-23
-1.552287753947371875e-22
-2.577187009569080272e-22
3.338264496564280219e-22
-1.495877750857831765e-22
1.889973216934280778e-22
-2.183450474747195318e-22
2.823727513440090288e-23
-1.642807385389842889e-22
5.127665573655825425e-24
-7.292557597847622851e-23
1.747387521205432377e-22
-1.121190378509388217e-22
-2.354697154042796155e-22
-4.734097280917029136e-23
3.377785454741043658e-23
2.482231193443676181e-26
2.226477799144346365e-25
-9.776591951658465987e-23
-5.126426040569842162e-23
2.145414866030719822e-22
-2.704616616406192289e-23
-1.662212835335471793e-22
4.140834204123342409e-23
-1.413709147318155975e-23
1.007947265303949939e-23
3.844841801487135831e-23
-9.456068783574493378e-23
2.591185346788679576e-22
-1.865685661798363990e-22
-1.503282455831826927e-22
-1.018142591359194812e-22
7.342762194635453625e-23
-2.618654725338744532e-22
1.087830512134767511e-22
1.142386323272641447e-23
2.332463890159885772e-22
3.787944970701068239e-23
-2.774239385692302501e-23
2.083326799672523901e-22
-3.047040789141082725e-23
-1.288968181169856518e-23
-5.726917872236962918e-23
2.468996983712988852e-22
1.796753063938124475e-22
-2.360537192566961125e-22
1.739269719509106084e-22
-7.303178589074671392e-24
1.313691681952534446e-22
1.446306702372464072e-22
1.455947716117614062e-23
6.438807931722824911e-23
-6.961788719434466944e-23
-3.058349091182296785e-23
-9.083719554309274055e-23
-1.085659722094210088e-22
1.303229439147445104e-22
-2.219325630581273976e-23
-1.116773977413943951e-22
1.074486390931084551e-22
4.450750173597156586e-23
-1.792332064416122646e-22
-1.589844069989275921e-22
9.617133297417714670e-23
-2.017414852620157065e-22
2.993729594110231582e-23
2.549275716969835393e-24
1.308289477970318269e-22
5.319684213375768624e-23
-6.077158982637666697e-23
-3.126953996618113884e-23
-3.196042139534193972e-23
5.653952704266656839e-23
4.567308863908106225e-23
-5.548989581206966397e-23
7.167463747842929213e-23
9.636568754321829237e-23
-1.502331612456437408e-22
3.001490869683649756e-23
-1.047771004325015129e-22
-3.165906986936705395e-22
5.586284633031567712e-23
-6.460523143372841551e-23
-1.524877399785295223e-23
-4.771067712095184598e-23
9.684357268617443719e-23
4.282242213135751019e-23
-1.050806823038030772e-22
1.272437573131715490e-22
-1.444132073517845551e-22
1.799927771413960381e-22
-5.675010329393968970e-23
3.259751333387945280e-23
-1.703189968933129515e-22
-3.858257910665590847e-23
1.369076167830773275e-22
-8.640270634995095918e-23
-6.395088464244679244e-23
1.214003242695177566e-22
-9.801433573247590577e-23
1.618234923800257624e-22
-1.345336801531550398e-22
2.046981977315439152e-23
1.838735211457727138e-22
1.021379758445190353e-22
-2.386862822053003300e-22
1.031460200373665169e-22
3.401192749187914767e-22
1.236863644923286725e-22
-3.833788125780288169e-23
-6.083476721952640635e-23
3.027901814404561051e-22
1.247798708829386517e-22
5.882558659110183415e-23
-3.748513714859294058e-23
1.343761600541536191e-22
7.395594793863972058e-23
6.758633733273599710e-23
-5.840787004692201389e-23
8.364398559721229993e-23
-1.596802734938710467e-22
-1.224930313088200402e-22
8.966720170627953444e-23
-2.256808216281213788e-22
-2.714729726770814849e-22
-2.760637891488590337e-22
-1.111591938468670657e-22
-1.597429477479132820e-22
-1.920308919302826449e-23
-2.182268115834966760e-23
1.253885520517785619e-22
-3.053663340550071217e-23
-2.345901959631299419e-22
1.801668029517501748e-22
4.510519916771192071e-23
1.827223243598600797e-22
-8.802611601004030863e-23
-2.526813417720533463e-22
1.541246129528085736e-22
-6.450367337282891161e-23
-1.005890430769255002e-22
4.821215788547975888e-24
1.146781975420436008e-22
6.399676088146156057e-23
-3.842628499960487560e-24
1.094707072334855668e-22
-6.620963023800087502e-23
-3.849856769188639127e-23
1.540023850110934052e-22
-6.467198220987533652e-23
2.872513631517237981e-23
-1.343034045078540597e-22
-5.140844530704739889e-25
1.966219454251318086e-22
8.193470890299614021e-23
-1.874280610189340504e-22
8.958020733285116956e-23
-9.722106213130970303e-23
9.144990532661397066e-23
-1.676656770339558677e-22
2.677349938952032387e-22
-1.008942936663475657e-24
1.793538890341673509e-22
1.113434731086187903e-22
4.958837108242704451e-23
-5.450544784472983420e-23
-1.727683728782699840e-23
-1.165654665233542027e-22
1.122183693710201467e-23
-2.379222232055779033e-23
2.281749299975787360e-22
1.097161690348069105e-22
-1.986722677055589388e-22
4.579951335558366414e-23
-1.680718690776302617e-22
-9.313840070113220139e-24
2.241316786339054556e-22
3.994471873575558748e-23
1.160249809104621200e-22
-8.245026866044611982e-24
-1.063607350113445377e-22
1.924159311051363504e-22
2.752795524171145324e-23
-6.746936031881201560e-23
-2.766663536881387775e-22
-4.427450393380815501e-23
-2.993277785422108402e-22
-1.507352103846903749e-22
-2.729524886173576051e-23
-1.987502462659119444e-22
1.871411722093540175e-22
5.208911018630849329e-24
-1.849408859772411264e-22
2.357995949990422110e-22
4.699474933437739103e-23
-1.036652651151465017e-22
4.991216438481950024e-23
-1.210214925651847519e-22
-2.081346029165334021e-22
8.743324628761753851e-23
1.024358041860187603e-22
1.708060015764077982e-22
-1.948128334402476810e-22
-2.921155169654771492e-23
7.028536247317650977e-23
-1.156976381660090458e-22
6.810276583483039340e-23
1.178883795264875080e-22
-9.704580003115481463e-23
5.178741161059108401e-23
-1.115705539863674788e-22
3.246582181052239406e-23
8.662650301510192690e-23
-1.136426359134871112e-22
8.457175739124546846e-24
-2.028111366935011596e-22
2.028080515144859451e-22
1.114517104890614549e-22
3.547248743946767880e-22
9.253905934949222985e-23
3.158803776569200249e-22
3.038001507194311562e-23
1.689489348934390667e-22
-1.665924759867414967e-22
1.702585320101434147e-22
1.587359823190280520e-22
6.430706061774728111e-23
6.994578123627627446e-23
-2.291212660231876409e-22
1.969367301063633206e-22
-2.710842955933272350e-22
6.537271523840569533e-23
-1.559219559883634565e-22
3.466415917864324626e-23
-1.878353059649174590e-22
-2.729279056545726908e-23
8.699477003145406059e-23
-2.536791335136024080e-22
-9.235917509463255349e-23
-3.749003209348563730e-22
-4.673941212882561658e-24
-1.771590720110792354e-22
3.336520907817805528e-23
2.909002863325581123e-24
4.416490808377860347e-23
-9.563498098182795508e-23
-6.445741490592707163e-23
7.082326079515290259e-23
7.989720422770805439e-23
1.626855578983205150e-23
-5.423396132166901353e-24
1.049751619551698181e-22
-1.118784966686494157e-22
-3.388260263056459410e-23
-9.527340993188871929e-23
-7.053135576690027362e-23
6.244853429759905566e-23
1.301337468206711457e-22
4.007851720197958172e-24
1.820106412093042040e-22
-4.580520098996830350e-23
-2.169764096339724601e-22
6.250664030820403640e-23
-1.340834999609328553e-22
4.729534596767813339e-23
1.015959897494035683e-22
-1.013051670274131429e-22
1.269409604106323716e-22
1.002188773425613277e-22
9.848083293971312352e-23
-9.902877674878865307e-23
9.011009033594597689e-24
1.669363247822350382e-22
2.128857930165112020e-22
1.868754977865169957e-22
1.438241765057872199e-22
1.102951229841448878e-22
1.941882718585620957e-22
8.669702919017480662e-23
8.344851052104256540e-24
-1.462217052480530109e-22
3.380140663864390348e-24
-5.972487365758657803e-23
-3.122136453344822611e-23
-9.736902784226503559e-23
-9.097090208050974119e-23
-7.978688973975078203e-23
-2.008302532580127621e-22
-1.971091940989626293e-23
1.530283370316647629e-22
4.364657363770049588e-24
-2.364385249529813723e-22
1.828274855011109110e-23
-4.014070449280491744e-23
8.900433542610868085e-23
3.973593145356144121e-23
6.182896017799249820e-23
-2.000172125415968679e-22
-2.981240670922233441e-23
8.207170982887690882e-23
-2.365395992176116495e-22
-1.597331960877609386e-23
-2.793315943467230938e-22
1.334930500575317018e-22
-1.870458648046789138e-23
-3.688559725153126137e-23
-1.432791518966144429e-22
-5.241575527390704365e-23
-3.070517222692177316e-23
8.027070196662586703e-23
-2.117762932759153846e-22
-2.422773847897653254e-22
4.659293301967686406e-23
4.217135553953857435e-23
6.135725323903535301e-23
2.709190808739180976e-22
-1.104780062686700217e-22
2.249447673396644468e-22
-3.326141357819578840e-23
4.107917953859634888e-22
-8.413375670706142725e-23
7.136652550926521316e-23
-3.927894007241458196e-23
1.243298611989615256e-22
1.501652474882066610e-22
1.003018389044280907e-23
-5.488590068575105346e-23
3.569445719402309739e-22
-4.756969782476418298e-23
9.202560591246966906e-23
-1.759547886010459071e-22
-7.540821458861998957e-23
-5.214576897326777035e-23
-6.941122932017897490e-23
4.803438302544247945e-23
1.430876544770143609e-22
5.902714624263393842e-23
-4.003765352739417852e-23
-2.141767944246416578e-23
-1.357189193972797841e-22
9.681648397818690378e-23
1.283109796852769136e-22
-1.495108699645246535e-22
1.740939388848869924e-22
4.988751161893803132e-23
-5.374854086988718469e-23
-2.418507202789229027e-22
9.775218483162606522e-23
-1.177802535211697990e-22
-1.369253188816873785e-22
-9.803276663042755066e-23
-1.240700514852600191e-22
1.732481742875198551e-22
-9.773416852782810676e-23
-5.267980710348131701e-23
8.147345369554836921e-23
-7.407067826744904956e-23
1.248191904514427366e-22
6.772099257390233720e-23
-1.342404717761902072e-22
-2.535339909015080846e-22
7.485254402854113550e-23
-4.492612143062043585e-24
-7.181826314159006140e-23
7.329391811240129814e-23
3.765736355151751670e-23
6.306994480787193638e-23
-5.272310779637141737e-23
-1.056575456319415690e-22
-1.173736869436171991e-22
-3.551947616112307683e-22
2.812814755296551045e-22
-3.953505316414572269e-23
2.202028529928061536e-22
-7.902140885819160299e-23
-8.557956588521463992e-23
2.664335407042358240e-22
-9.668330696093321464e-24
-4.561483177413730841e-23
-1.696437143541154829e-22
1.937519371460762110e-22
6.629745679387451423e-23
2.084662194806100536e-22
6.501781873699363521e-23
1.232327312935807840e-22
6.461491292187787767e-23
-2.891131041168803385e-23
-8.881673198794250570e-23
1.237275667647616062e-22
-2.183333385388971660e-22
2.760722103969056415e-22
-1.179705480275500869e-22
-7.082855412442145825e-23
-4.153837148688696959e-24
3.525826898709422966e-23
4.445963970729171938e-23
1.709421677251514782e-22
-1.357669112169855942e-22
-1.665948433291490425e-22
-2.876279916620894757e-23
9.433390504129481232e-23
1.176093269591324845e-23
6.067415450293739106e-23
1.196230960360577067e-22
2.799956641432019527e-23
2.689935114799649326e-23
-3.080330993403297742e-22
-5.443834322413753241e-23
5.312125613198904348e-23
-1.485985955706608133e-22
-1.166698652174860968e-22
7.906566725687879425e-23
-2.211180391856149864e-22
1.957731683140077590e-22
-1.506117279334591282e-22
9.558024272651833544e-23
-1.077212340627568230e-22
2.393783222671908179e-22
-9.827406595007333617e-23
2.403815035346051505e-22
1.318341535229346831e-22
8.329866801526445443e-23
-1.164939330333630756e-22
-2.854592803682234564e-23
9.781672917296949715e-23
-1.341627700243325824e-22
6.981287148341921840e-23
-2.360227100844939112e-23
-1.558708086803925918e-22
-2.088341034170818998e-22
-1.133172670073472636e-22
-9.504029151105989421e-23
1.936634763649964502e-22
1.194160212887472777e-23
-2.144685031245070227e-22
5.822560039943097443e-23
2.691889555004906629e-23
-1.798150080728983845e-22
1.253302822506117712e-22
-2.000575610507709269e-23
-4.631052666174789302e-23
-5.694898525868767769e-23
-4.918352344395092014e-23
2.836938808738668323e-22
-5.954570369954310571e-24
-3.835802950686317740e-23
-1.088257031988651452e-22
-6.780347211173189790e-23
2.544409720765472347e-22
8.945130365641911005e-23
4.687421326497617587e-23
3.595838392040190870e-23
8.070506937063912804e-23
2.424800210470115339e-23
1.835371411163720287e-22
3.147674120944658741e-22
-1.555970295009414350e-22
-3.727222340015326522e-23
5.542909339975295662e-23
-1.230237112676200135e-23
-1.127594621319332727e-22
1.299993802931454945e-22
1.369746801391954250e-23
-6.592988975938649912e-23
-1.071939013746723013e-23
-8.333869041047430153e-23
2.032866003335733261e-23
2.031771343636015569e-23
-2.171240969873579983e-22
8.203961688153516978e-23
5.085140321059142648e-23
-5.962907232747971945e-23
1.159382980246330895e-22
-2.612189783372552296e-22
2.450651684912725694e-23
-6.141556373546068826e-23
-1.687446636998664477e-22
2.184665230471109160e-22
-1.164330972612853242e-22
-4.052986599356574207e-23
-6.546812413929612312e-23
-1.754749864123157520e-23
7.460243335177662911e-23
-1.163964413737723692e-22
-2.345069117545689953e-22
1.799055367972459418e-22
3.370487067678417455e-23
-1.195647224160129657e-22
-6.004731228211115851e-23
9.623865937414013664e-23
-2.480298590307957443e-23
1.497754114685030217e-22
1.732440843632082044e-22
1.539932239149194260e-22
-2.180954200450344905e-22
4.187051988941477781e-22
-2.151026495480878855e-22
1.620457999211764679e-22
7.381619997237145759e-23
5.587351165109504979e-23
-2.844532981367438144e-23
-1.422926306302359593e-22
3.146389007901736940e-23
-8.811602438137873974e-23
-2.142323081091446136e-22
-1.948804463356760285e-22
-5.981475657522896731e-23
-1.850413720613756022e-22
-2.492435335031864073e-22
1.698756175534356129e-22
1.703983917310762290e-22
-1.361011172273486726e-23
7.566962458082651338e-23
1.478758619305656965e-22
5.334524994921489255e-23
1.374346777002256740e-22
-2.007570523858839416e-22
3.010847840182417964e-22
-8.133900223421065628e-23
-6.235757829883948690e-23
1.096177921674164418e-22
-6.168123980813151448e-23
1.579400186763988584e-23
5.746944798783525231e-23
-5.131392805618251150e-23
-3.252816860307416690e-23
2.200562782915180189e-23
4.492776003022495063e-24
1.938451497643156320e-22
-6.955221897991017942e-23
3.377030202505274088e-23
6.272988923520454244e-23
-7.637959419715013349e-23
-5.833390290328074506e-23
9.139438638720054695e-23
-9.104242267094716026e-23
1.079986504799837931e-22
2.037988344808754342e-23
6.974944609773187096e-23
-3.459121577550321516e-23
4.736564441441599772e-23
1.548632269661278472e-22
-2.638907717601270650e-22
2.227017239438780573e-23
-6.375833698803770249e-23
1.662627354148791593e-23
-1.338136453503893971e-22
-3.958947516498088406e-23
1.093591678328739257e-22
1.542287872634543091e-22
1.541737374395982281e-22
-3.183901465577438581e-22
7.170125398607339331e-23
-2.306176483200370169e-22
4.138259119675901175e-23
-1.507606587915200476e-22
-2.033315740482305822e-22
-2.706965271591424053e-23
2.582747061628677431e-22
-1.301346312276716351e-22
-2.367017905716287182e-22
7.470085882257131672e-23
1.094651222232189326e-23
-8.535764091051020062e-23
1.465462131061881816e-22
1.068698850599246752e-22
-6.169972776802198299e-23
-7.991236254384197983e-23
-9.992081856280171416e-23
2.087449838490166467e-22
-2.036443927433066862e-22
2.291184946847559111e-22
-4.242742562121914904e-24
2.301166928552743825e-22
-2.640090534637090068e-22
2.429173864512251904e-22
-1.834354878051223722e-22
-1.198163427978667615e-23
1.667369886409793621e-22
3.142933834361526521e-23
1.693536667813496228e-23
2.631157863532430006e-22
-1.420825092148756256e-22
1.724540012357234083e-22
-7.982339612575221198e-23
-1.690997692258831842e-23
8.103986721992849081e-23
-4.638143234659539472e-23
-2.250568185666464283e-22
1.731800125683190334e-22
-3.659632093303881763e-23
1.211259851389641195e-22
-1.442034589902076796e-22
5.205107624702497754e-23
-2.835526587496361482e-23
1.160796949782390783e-22
-3.714568696846808723e-23
-3.621095985480507171e-23
5.635360312418603357e-23
6.931899652271587254e-24
-1.836771775823498250e-22
2.679937862964184698e-22
-8.099462158023809454e-23
7.835795659782459562e-23
2.303428581533519082e-22
4.042888088986997508e-23
5.182607440793896051e-23
-2.186292138201790091e-22
-4.849489853234787565e-23
7.066940036342850342e-24
-7.144155187087357619e-24
-1.339462722627755499e-22
-2.393521840314073031e-22
-4.900591524060730704e-23
-2.607853659858321949e-22
5.712315489316919086e-23
-3.174825625887357814e-23
8.267538358605703145e-23
-9.159255987411622924e-23
-2.206460530812682162e-22
6.580840367446049155e-24
1.411323218219661738e-22
-1.735560829739252713e-22
-2.004157891372059847e-22
-4.619867877509902983e-23
-1.000536745958534997e-22
-8.337143607466085905e-23
4.257126921653250977e-23
2.467875415217225235e-22
1.127327144372235474e-22
2.558241457735525216e-22
3.018338377348549447e-22
1.889493483908890343e-22
-2.012113036319190610e-22
3.181436027972241597e-22
7.999518212261060831e-23
8.865875194137687762e-23
-1.515139738464095014e-22
-3.193898368139471983e-23
1.712446325990000410e-22
-2.604109449210171076e-23
8.591494165494491020e-23
-1.483996832347443586e-22
1.836331958446654940e-22
-3.586220228874048245e-23
-1.061762227401936443e-22
-1.678989033807985040e-22
-2.170312780208154433e-22
-1.139112239112828212e-23
-1.325135099355532393e-22
-1.201610420191950193e-22
2.207681151344221912e-23
2.013258573027369462e-22
1.126435316468241997e-22
-8.584404754152803428e-23
1.469142557520660093e-23
-4.509036148094128328e-23
-2.399187125712166627e-23
9.353878421839368481e-23
-5.139568015824101002e-23
1.234990478107805818e-22
-3.281027710297040141e-22
-1.923561336183155546e-23
1.014819870608908096e-22
1.814165252379801074e-23
1.251462826553204780e-23
-4.335500525937908306e-23
1.777131082645136984e-22
1.156561508926309573e-22
1.522548777673068925e-23
1.723621989949609005e-22
-8.939265521449431047e-23
-3.179702225525864359e-23
-3.406826318412533916e-23
1.438941853299847752e-22
-1.676534740219847515e-22
7.729756772359273166e-23
-5.358176115920791267e-23
-2.228892708041288552e-22
1.552587234428553662e-23
-1.960712250772629318e-22
1.270705594204535249e-22
-2.355324863351510667e-23
-9.093884047145073626e-23
1.265651129946096099e-22
-7.270582312425399959e-23
2.407814685385948690e-23
7.329328757857401390e-23
5.999326627050389541e-23
-4.561518906241691606e-23
1.111889974170297604e-22
-2.608777013779943758e-22
-4.272877974419998960e-23
4.041153730098997528e-23
1.023439262437466942e-22
1.847090530585037971e-23
-2.181831002559746834e-23
5.411237544442469318e-23
-2.377697215021078054e-24
2.084154787165927054e-23
-1.147583412919406041e-22
9.369664680068662172e-24
-8.750333581087044743e-23
1.730754387364793725e-23
-8.013140551348173749e-23
1.443907820321415746e-22
-1.865080201870544372e-22
-6.598554169110423907e-24
1.200248734832197959e-22
-1.517227612779111609e-23
-1.570470414135786836e-24
1.969772610285901912e-23
3.160303701706771502e-22
1.057670924103992048e-22
1.530856159516650359e-22
1.187278897584413987e-22
-1.021314917659083189e-23
-3.542061843180654882e-23
1.511584031285610036e-22
-1.113551071085669328e-22
-1.714544140771033764e-22
4.615499605485810232e-23
-5.468878953749752109e-23
-4.606188130200902567e-23
-1.287926614293968447e-22
4.165388975036932350e-23
-1.018341314165905602e-22
-2.155651769135299629e-22
-1.536360944386217276e-22
-3.222235210076729797e-24
6.592287458302194000e-24
-9.836271215500703027e-23
4.137809686795258456e-23
1.990373847818041993e-23
8.303656943379197421e-23
1.167386542471969386e-22
4.294549119683253091e-23
-3.170509891977348282e-23
1.926475657131776462e-23
2.378544399300140565e-23
8.933891317989022848e-23
3.598694048432073946e-22
-9.406608719510509750e-23
-9.943338505517334727e-23
9.708344583143847239e-23
-1.587344956953037568e-23
6.973091428535044023e-23
4.324096583943481033e-23
1.911898689728457920e-23
-3.277860670850996112e-22
-2.516478912650459756e-23
5.752688034284643245e-23
-2.596925944584152947e-22
-1.701496069299379752e-22
3.223074652099962953e-22
-1.086337871013850863e-22
-2.413972608114113017e-23
9.121626259959016295e-23
1.288667756847248135e-22
1.973541569573994496e-23
-3.410373026992704361e-23
-9.662626810889048866e-23
-1.791332650130964652e-22
6.393038862054882425e-23
1.257848359605942156e-22
-2.718195144499371972e-22
-5.566616741011909303e-23
1.225271682995680649e-22
-6.501499700859529275e-24
-1.579486325417569626e-22
1.787814218140550724e-22
1.149761868420466289e-22
1.361838349726005263e-22
-5.011419630892011916e-23
8.875645371748421395e-23
-4.244711018043373888e-23
-1.030736474449214494e-22
-3.234919925951518199e-23
-4.522403065674716948e-24
-1.063622388254437469e-22
-2.014797745296648020e-23
1.558916355839200808e-23
2.202606276334540710e-22
-2.190072831762776480e-22
5.378573273567423690e-23
1.201335701151143593e-22
-1.283682005925369244e-23
1.243045716470712290e-22
1.208046295946674182e-22
1.730210954233730767e-22
5.341203304547111429e-23
1.738041790688822423e-23
-7.567029078823015669e-23
7.571601149283490264e-23
1.129288462852249764e-22
-1.197059222346735061e-22
-1.399733336120299728e-22
-8.432251065684381835e-23
3.758774602120422818e-23
1.448708029539819331e-22
-2.205707820541320525e-22
-9.796262671523422132e-24
8.653972406732473316e-23
1.435161125238518291e-23
-1.610218044136904669e-22
2.802218065603694552e-23
-7.195851401136330606e-23
-1.153058619719011965e-22
-6.436379599686896679e-23
-6.182136284472881881e-23
-5.560219553207951858e-23
-1.175932878686819821e-22
5.319007339444820816e-23
-8.151137652270060374e-23
1.566976922764850767e-22
1.264359420362855412e-22
-6.504047904340758336e-23
-1.714595086565646118e-22
-3.527022446830781608e-23
-8.084754748295454090e-23
2.096688437186541286e-22
8.087404323785498449e-23
2.154779564576375076e-22
-1.638463569837500535e-22
-4.206476896196439491e-23
-3.127917980299948959e-23
1.777277321152606288e-22
-1.165167726041183764e-23
-4.939410890357729922e-23
-3.113352821068256110e-23
1.209573786890525897e-22
1.261799242625742364e-22
-4.821955625783388361e-23
-3.094125784093592892e-23
-9.018571736811020063e-23
2.107477002015075703e-22
7.151820564159832363e-23
1.330279592469935383e-22
8.178007739954433365e-23
-2.450604004739038970e-22
6.229804040763307256e-23
-2.628641890744092029e-22
-7.007483474644690040e-23
1.045247846811176381e-23
1.358147390715291514e-23
5.309280837258940017e-24
3.982557365453825895e-23
-1.054008389429022406e-23
-4.176266097749286006e-23
-8.198222466359378137e-24
3.950144028817552149e-23
-1.505315198421045580e-22
-9.466001569756739787e-23
7.876048842496740136e-23
-9.598885358158184627e-23
1.440550884641287588e-22
-3.409341439881588025e-23
7.762659588342465581e-23
1.640542043653083484e-22
-5.524605052211525742e-23
4.043581870581335752e-23
3.740478076059551285e-23
-5.971684392309650719e-23
3.262638075475313652e-22
-7.207572135776519175e-23
4.647786735309525929e-23
-2.663584343866994292e-22
4.441202436635885658e-23
8.126477798616138759e-23
-1.765017268731988623e-22
1.817197971069599571e-22
-2.162653415413180966e-22
-1.382815538053998317e-22
-2.897150044946545038e-23
2.033313046070372649e-22
-9.375664452337072281e-23
1.122971228309546556e-22
2.360706466831400878e-23
1.538514107051571348e-22
8.491226212912424556e-23
-8.879447962042249458e-23
1.351269939944001029e-22
-1.444658294616820109e-22
-3.238463646341639066e-22
6.108574261799848322e-23
-1.325409232712738508e-22
2.477485665249322553e-23
-1.596753771863499606e-22
-6.806241604375189736e-23
-2.911198307688057111e-22
1.440547239677323974e-22
-1.899434037764076014e-23
5.019302018190733139e-23
2.596412298986650536e-22
9.392021091460679826e-23
1.239062692769405711e-22
8.760163958490925928e-23
7.582864205821273412e-23
-9.761587363251033504e-23
-6.037229330939967945e-24
-1.544712588191951277e-22
2.058979353561169954e-22
-7.529014775503914009e-23
3.730940177376363034e-23
-8.476235481334453634e-24
-2.306731276060902559e-22
3.153272698593267352e-22
-4.350030202920798631e-23
6.444315211223438629e-23
-1.116840317068894233e-22
-2.638714491089043183e-23
-1.044159156992011718e-22
3.088588331133548684e-23
9.722578974977170160e-23
-4.609128572749929141e-23
1.443099223863804738e-22
-3.370238784224366985e-23
-3.482834482447362445e-23
4.361636703845120778e-23
-4.017850487177719183e-25
2.488886371209010371e-22
4.618790542064112529e-23
-4.237800537614242651e-24
3.033961800140076261e-23
-1.193735282135060456e-22
-2.499279996854934058e-23
-1.924707069161110597e-22
-4.589033590225704663e-23
-9.676534562464467901e-23
-2.115647261788467350e-23
-1.435988721944173719e-22
-3.301247621290056765e-23
3.050894650231973080e-22
1.393272725313820221e-22
-1.273641108785485388e-22
-1.638182207662930247e-22
-5.491636170766954827e-23
1.588880899977637470e-22
9.812967711384915532e-23
-1.586484938874224232e-23
5.929624824405819564e-23
-1.508010558978818999e-25
-2.051941320586460461e-22
-1.540141846781171065e-22
9.791706082807033396e-23
-6.408102604989409981e-23
2.189025750716573978e-24
-1.160102746573745285e-22
5.803356046195681500e-23
2.959551408258073748e-23
-1.298041772252852282e-22
-3.545104931013058467e-23
3.579677354935844771e-23
1.713436849439148959e-22
-4.790840632906445081e-23
-3.885896097780861258e-23
8.073385054791487998e-23
-2.782477005458182990e-22
2.633851841754106682e-22
5.547247417607237945e-24
2.778020142596305794e-22
-2.291714478290637928e-22
-1.587483200745592736e-23
1.892605634733336828e-22
-4.491206967228790094e-23
3.772369686325305078e-23
5.407308284290547742e-23
2.148696279976990843e-22
-8.593189351455274066e-23
-5.935005482918197324e-23
1.117976535315369258e-24
-1.753298827138604744e-22
2.206857906878489231e-22
-2.127283703695332760e-22
1.157131243633921984e-22
1.752629806370854842e-22
-2.079713271433237582e-22
9.781716747970159606e-23
4.274619150162842726e-23
9.857272182436588860e-23
2.167549312201039495e-22
3.124855474512124442e-23
1.028841835780669106e-22
-4.535813032853213307e-22
3.791459577730943725e-23
-2.246420197368084702e-23
5.274756489108151622e-23
-9.344944028971598266e-23
-1.292697629069284630e-22
9.743694177260910593e-23
-1.304513457355170562e-22
-1.641424055826943005e-23
1.458331645035312748e-22
-2.555662332521602657e-22
-2.281841007486583800e-22
1.348449802642080227e-23
-7.823995646950303239e-23
-8.479012325182637932e-23
-1.834340152315414425e-23
-3.516151649913089831e-23
2.048603147474364761e-22
7.791558773572362651e-24
-1.898531105733575041e-23
4.101001405830144800e-23
-4.534130494073216329e-23
-8.232839190903938071e-23
4.562773025565270757e-23
1.274547778423888611e-22
-3.644270920433886774e-23
1.089399088917962434e-22
2.070786446227292754e-22
-3.962653596356896983e-23
1.420505212544787914e-22
-1.074117760513235764e-22
2.040313502569049429e-23
9.480469737236056385e-23
-1.939172135252959753e-22
-9.259426661266588931e-23
1.505928344821512214e-22
-7.758690419343508287e-23
2.101238536441952360e-22
-1.682247571921566532e-22
-4.626706221670466113e-23
4.018610450674414396e-22
-9.140097498454078146e-23
9.745546406414168011e-23
9.787196888965489136e-23
7.771577950527901712e-23
-1.250008666959272462e-22
-3.367649417628108651e-22
-1.020509177683254988e-22
5.186848529111404161e-23
9.345512141230086570e-23
-1.337249783921208655e-22
8.405647500589406112e-23
2.182485504297121154e-22
5.114213829685960788e-23
-1.867722471306966689e-22
-1.341433128332571885e-22
4.018125918109247809e-23
8.728963572309129002e-23
6.472121509956142162e-24
1.364013531481719726e-22
4.610054217441479035e-23
-3.982807897033710572e-23
8.966194075604555438e-24
-3.574882302275833434e-22
-1.147317228220968684e-22
-1.420493546778538785e-22
-8.579713311599414487e-24
3.022187805357300843e-23
1.165816033275581179e-22
1.715355567568654437e-22
9.989855204182666633e-23
2.576422146781550669e-23
5.856804137055920780e-23
1.902670405702163832e-22
-3.618387525255205708e-23
-1.085251941991306314e-22
4.777119619316636578e-23
2.626775084201347625e-24
-1.780534767920068143e-22
-2.851354459323496080e-22
1.184829246363005406e-23
-1.544761180223525577e-22
1.628111325144681925e-23
-1.549281112730449490e-22
6.680598807617742963e-23
-1.665927922861064209e-22
3.504286463676731954e-23
-8.003881406795360520e-23
-7.404868871041432220e-23
-5.521349147539538384e-23
2.955278901961233657e-22
1.985346477737755195e-22
2.322705949749925600e-22
-1.456935345682807323e-22
1.054775404843178501e-22
-1.571351912783593094e-22
1.001302490495750764e-22
1.803048422627787172e-22
3.007737469090972750e-23
-4.021658428523121490e-23
2.592581064712418444e-22
4.411951516120631857e-23
1.039199860208017707e-22
-8.947173930212403038e-24
1.018642404905518815e-22
-5.568542771665008278e-24
9.091543833641648040e-23
-6.648133817551443313e-23
-8.558017255437338585e-23
-1.086851702468887568e-22
9.822967031599536472e-23
-1.033777686323390516e-23
-8.792057068004278756e-23
-1.894323735200452938e-22
5.262163964341233610e-23
1.105879489058598125e-22
1.484548584833762286e-22
6.861301062252131932e-23
-1.871483728177496717e-22
9.501243361682502047e-23
-9.930051824530260056e-23
-2.724473283885421909e-22
1.131596848031363863e-23
-2.549104397570938345e-22
3.052854717860528415e-23
-9.339619248567993676e-23
-4.574496652025760518e-23
-1.689335712603172403e-22
-4.671652403293042267e-24
4.025764470380592847e-23
1.431970015663175840e-22
-1.195957441234305253e-22
-1.893406617192639301e-22
-9.878987586958342564e-23
8.683424285241915184e-23
-2.002329206596216793e-22
6.874683952494836961e-23
-9.161639542746135005e-23
1.243983189029948244e-22
2.819127033990064243e-24
6.325732428887526004e-23
2.983563468727333944e-22
1.722481732608732360e-22
1.315216010933354648e-22
1.793375492663387939e-22
-4.729127032318834345e-23
1.806148333289168529e-23
2.676379886591491078e-22
-8.426289028919565961e-24
1.498283632794937641e-22
6.896250836670444306e-24
-2.278233616199655301e-23
-1.220301906486143796e-22
6.928553735834652003e-23
-2.355515051293734768e-22
1.556334872202269083e-23
-2.612836856382428704e-23
-1.401440913683531042e-22
2.124696482101081448e-22
-3.598423586949984799e-22
1.926592815248546417e-22
-1.628457933220586732e-22
1.127077565651915205e-22
1.469735438801057423e-22
-4.465886435264067749e-23
-2.169599769847301349e-22
-1.632188623747360675e-22
3.609857528763883093e-22
-5.047646947475546165e-23
3.059075895387070822e-23
-1.901268040454609194e-24
3.150188964242744849e-23
5.096433978483903344e-23
-6.023338482848317543e-23
-1.223283511647975207e-22
-1.482024847886776695e-22
7.206323967600566989e-23
-2.707197003354106194e-22
8.975588548347848485e-24
-2.086784901482710389e-22
-4.043608418070982487e-23
1.425415294262527342e-22
2.609879239521325014e-22
4.351796015244277643e-23
-1.811616503283861266e-23
1.536717177125908558e-22
5.115352169077909354e-23
-4.222404074561279733e-24
-3.427287284340581182e-23
-1.039895077510541540e-22
6.316251381909929348e-23
1.673293270497906514e-22
-2.485711802545407457e-22
1.379377533789464052e-22
-1.522420608428695315e-22
5.563857932447211281e-24
-1.464179508181483767e-22
1.581674645312923510e-22
-2.484288427323462165e-22
2.990605329594722881e-22
1.025846453955832383e-22
4.526675964135754225e-23
-1.558163179160724408e-23
-3.340034875262391393e-24
-3.936641056613031291e-23
9.948075055314227609e-23
5.672972820721615434e-24
-1.004353846008694298e-22
1.721693661250673463e-22
4.557026463331046226e-23
-1.788403557466406401e-22
7.169964501871413191e-24
-1.869351352111192615e-22
-7.279289833942194951e-23
2.474557046191012661e-22
-3.129870056398310688e-22
1.237276786929300171e-22
-1.320485560314116709e-22
-8.678108441590013354e-23
-7.716306166640018176e-23
3.988264840615457299e-23
1.992453041747309578e-22
7.939122874984085359e-23
4.257819144798383643e-24
7.570774054871318764e-23
-1.924294397832721529e-22
6.361297338163741943e-23
2.752314510915824840e-23
-7.920653540356427106e-23
1.162860943574832877e-23
5.375708818761733250e-23
5.608854867124030215e-23
-1.025111923202586997e-23
-1.689217215501559823e-22
-2.081741142390212812e-24
1.494106271294863356e-22
2.199260975262854663e-22
-3.678186886723212746e-23
-1.140051419752787534e-22
1.026377796820813362e-22
3.355053377812709511e-22
7.229009757658312689e-23
4.196481547555816429e-23
-2.602785049937651648e-22
-1.328570190188052855e-23
-6.257100414953140293e-23
-1.237215487163799109e-22
3.286278180659094224e-24
-1.374224480126503349e-22
1.637538036193834379e-22
5.242892501713842660e-23
3.850338809365435331e-23
-5.018661172290197052e-25
2.744280489059536347e-23
-5.470338835934480830e-23
-9.826319003741729230e-23
-8.953575057708593527e-23
-1.191770968023360329e-22
-1.285022531578403931e-22
-3.887707059924138513e-23
-1.450557311237053579e-23
-3.002018579086460867e-23
6.958940730793516982e-23
-1.029352550178304932e-22
-5.861813728782294500e-23
2.690349414055310949e-22
9.317416212041976428e-23
4.478994531630080585e-24
1.428461551406441360e-22
-1.425776388087433493e-23
-2.247415503860499839e-23
-4.894703506522242982e-23
4.101573127402870904e-23
1.036427308678182362e-23
8.869426621993817555e-24
-1.543348799049516919e-22
-6.532251363583024065e-23
-3.187826714056828217e-23
5.427232175127298662e-23
4.582931399879338439e-23
-1.497657845489028735e-22
9.624150886548197065e-23
-9.436784773515453724e-23
1.432141666184757321e-22
-1.200994047045664152e-22
1.500586901064333275e-22
-6.570147454257383701e-23
-3.327854798942602611e-23
1.161081145166782208e-22
5.869049084900571526e-23
2.492157896548150650e-22
-1.753504993696820967e-22
-1.775706083473088253e-22
7.064534115599359640e-23
1.375538799028198987e-22
4.700015989023909916e-23
-1.212445729710034321e-22
1.270945849248859056e-23
6.777605853743978256e-23
-1.682942571324248563e-22
5.487726879860529826e-23
2.632273237019761199e-23
4.441756232656812548e-23
1.538049718491541861e-22
-9.917974098102353542e-23
2.685393544270511025e-22
-2.489554538358277751e-22
1.139146036338700077e-22
-1.505178706007079295e-22
2.632103612467404037e-22
-1.145778151168833797e-22
3.242553694665563078e-23
-1.103616255083470713e-22
-2.761967335982102715e-22
2.205756024733683073e-22
-5.896523606827163679e-23
-7.713127778581534710e-23
1.364554733578184479e-23
-9.124046884147312770e-23
1.022636576988252991e-22
-1.932302627729405252e-22
4.830213701187626090e-24
-1.454892367998413112e-22
8.335471289075853783e-23
-8.294055508979692658e-23
2.306699438530740918e-22
9.294081839308256578e-23
1.595479508537782393e-22
-9.948621845551896404e-23
-2.083594140635851620e-22
3.876958944976098427e-23
5.787316170201143890e-24
-7.558423243134818547e-23
-1.006210470982458712e-22
1.611430481167967219e-22
2.225886211161476915e-23
3.535041808329212771e-24
1.286795019667475134e-23
9.701911803673579285e-23
-1.107545048390712920e-22
-6.909499852434132372e-23
-1.229031034695983886e-22
1.015708312369182679e-22
1.243503201153177337e-22
-7.983912722797423140e-23
2.136953236627873834e-23
-9.705035616437016932e-23
2.459919093602918847e-23
1.996833431744130542e-22
-8.293859935139387667e-23
1.077390454495765468e-22
1.156413039144936569e-22
-1.591571569226268647e-22
-3.390276340291057329e-23
1.543480657336517564e-22
-7.257867539589393298e-23
-1.284381040394159532e-22
7.582948057388949351e-24
1.721329938937304941e-23
2.794081970902016013e-22
6.915754237181868893e-23
-2.424334293298197712e-22
1.776504993765184943e-22
-2.116993140964783081e-22
-3.320126341930714236e-24
1.979471836856523585e-22
2.501553817347633204e-23
2.438814039083199645e-23
-7.265351552672676270e-23
5.473171935705313179e-23
7.228636487482168912e-23
-2.550610275912822622e-22
9.400694422379474472e-24
8.913312903172341615e-23
-2.095200704559524670e-22
-5.174195424592315242e-23
3.676069226458568397e-23
-3.499202017016509962e-23
9.319026300063862370e-23
-4.101303302184090958e-23
8.087253010638631914e-23
-1.542671046250457119e-22
-1.372401769096715472e-23
-2.164812915639822840e-23
-1.121612655047933706e-22
5.631775104294651839e-23
2.131527859398462065e-23
2.034713158018998818e-22
-1.265705419013053871e-22
9.775123083928420690e-23
-2.280308920247942930e-22
2.330656779165676446e-22
-5.904430955786555298e-24
7.965025100081147381e-23
1.301525802170236079e-22
8.066371712345630127e-23
-1.914427940864594299e-22
2.004138691805594159e-23
-6.144753275902799970e-23
-4.345385247740828236e-23
4.155878596394170925e-23
1.273023036074414156e-22
-2.130797226971777656e-22
-1.358222053783616483e-22
2.282151735571410854e-22
-7.149889309290733936e-23
-1.168154290454806884e-22
1.783219443050897049e-22
-1.919890765127894840e-22
2.731801377686183353e-22
-1.461920079999639734e-22
-1.136208415096073148e-22
2.261431879573731422e-23
-8.483107119807059187e-23
-5.339679874928311215e-23
6.259356742938264450e-23
-1.202680724856107593e-22
-1.420252698865666938e-23
5.402824679132954370e-23
4.221113515206641079e-23
1.001816777663036927e-22
-1.588758974704715527e-24
9.820560158955273095e-23
1.758304347767365928e-23
1.535927053350225088e-22
2.402316153881413451e-22
7.686854221940377257e-23
-4.880138849608729435e-23
-3.321441692661557993e-22
1.409701485428420467e-22
-1.097211317139566308e-22
1.368108657390876950e-22
-2.646025903846382007e-22
3.463288651469671134e-23
2.505641257229875117e-22
1.348503862198281192e-22
-7.485493070621227294e-23
-1.553604534147427397e-22
-5.612315454533357832e-23
-1.459141836097806371e-22
9.791351068521138094e-23
-2.128473690948713779e-22
1.565613308735881086e-23
-2.979136185697371396e-23
-3.499317973238562361e-23
1.324622503684155020e-23
5.052734186493981713e-23
1.175280561968307594e-23
-2.152820135288908660e-22
3.525135609636471812e-22
7.114240894574195837e-23
-8.877724045893057115e-23
-1.629103131815578198e-22
-2.629671871978684981e-23
3.665168449664066341e-23
8.421963791024236639e-23
7.081654752380222235e-23
1.611768370942594989e-22
3.831984490431575556e-23
8.303555569879834126e-24
-5.807632709825923968e-23
-6.163968789083945815e-24
2.325709797494598332e-23
1.802305653810374765e-22
-9.168125453813643202e-23
-1.245510073362404524e-22
-8.164239136183121974e-23
-3.148377099740025410e-23
4.032201893491977730e-23
-1.662925911440995818e-22
1.191862356895659625e-22
-1.619139431214970864e-22
-1.348227358412698377e-22
1.494345127199058721e-22
1.167168965908935775e-23
-7.182349663445546681e-23
3.671869768188711541e-23
7.270217300886665546e-23
-6.268090144086858423e-23
-2.159508254955283477e-23
4.599990825406393575e-24
-7.524680920778174896e-23
3.704617200646405308e-23
-4.177080036865304766e-23
2.609121407055758101e-22
-1.304997613066584777e-22
-1.540366868882595999e-22
1.886188272015407672e-22
1.590202944595295025e-22
-3.596571854211799629e-23
-2.394013044261513409e-23
1.486637699337563679e-22
-1.708904385583127105e-22
6.787421514676970535e-23
9.322217415189054544e-23
8.206967381651449049e-23
2.050458663072718994e-23
3.420345842765933263e-23
-5.446627226796069388e-23
-5.758091968570431681e-24
-3.758189401176345493e-23
-1.861170677420801100e-22
1.744329790300577148e-22
-2.150344751281506750e-22
-1.388988632218026788e-22
1.810639887639523948e-22
6.876444590658753338e-23
-6.791054921188947874e-23
-9.648277610496533465e-23
1.065746631581853215e-23
1.835723727287361024e-22
-5.832157326264544644e-23
1.155896622094831740e-22
8.843998212765036067e-24
-6.323100993991740043e-23
-1.440424180764759254e-22
5.980378127515046596e-23
-6.462717007489846034e-23
2.409982514854714528e-24
2.255820981192240187e-23
-4.527011791749324784e-23
-1.030685949437319903e-22
-1.055129482238418772e-22
9.467165007229325556e-23
2.283202863046871208e-22
-1.765171240306497664e-22
-2.503652265137312258e-22
-5.041600738242768545e-25
2.040433846488448328e-22
9.954721893893709775e-23
-1.489115767763591702e-23
-3.798457208602493538e-23
1.142324556225720431e-22
1.341452204050329979e-22
-3.166812566901435323e-23
7.074915758831415766e-23
-1.504297479032888208e-23
-2.427482377129995239e-22
2.959167670408590119e-22
-4.815559152594622412e-23
-1.266303524109399128e-23
1.226042426980348935e-23
2.018605959937105083e-23
-1.450550919209359986e-22
1.290271687311336418e-22
1.821051775913106046e-22
-1.793538267839001988e-22
-6.399077529275704438e-23
8.158586255698751400e-23
-1.646644888289541124e-22
-1.833899332594470695e-22
1.457681049153835772e-22
4.265401588878671470e-23
-1.819350352285786452e-22
1.167758477385659832e-22
7.951320943689128774e-23
2.040232640936278451e-23
-1.194308583838727182e-22
-1.102497063778627330e-22
-4.930747890515971709e-23
-3.249579539751120726e-23
4.070892124190657773e-23
4.476302988925146369e-23
-2.489041943092009468e-23
1.343062542406361562e-22
-9.716052206777357983e-23
2.431462701297357489e-23
-2.384775426526807102e-23
6.727306306481849450e-23
-9.601188999872005577e-23
-5.109247536446807897e-23
8.844613649642510995e-23
2.691349025454626714e-22
-1.280364438309730401e-22
-5.484680931088183308e-23
2.098592333680054172e-22
-3.258003597324313341e-22
2.277351556762666675e-22
-1.645390709522622304e-22
-1.261887111768249379e-22
-1.332843270599992262e-22
1.371568395163873492e-22
8.839846862284442366e-23
1.083867352999255875e-22
2.299235246255377645e-22
5.295768026434313939e-22
-5.183275516414619646e-23
-1.580471462275063175e-23
-2.660379113044942644e-23
-1.835190629260774218e-22
-5.175144984400409776e-23
-5.770682934977098768e-23
-7.090161629628920128e-23
-1.282672508769421659e-23
-1.999294946787991193e-22
-2.099191564921188851e-23
-2.431250015685104136e-23
4.263816756451795530e-23
2.550851830465547059e-23
1.166689767976285782e-22
-1.808265962560342850e-22
-2.769719094680736858e-22
1.395157427274177183e-22
1.383448843932074186e-23
8.877560249542067967e-23
-1.221503945847819317e-23
-2.315158968243966416e-23
3.749078041508504232e-23
-2.593313004059762494e-22
-1.758328611925457959e-23
-9.791035506338438957e-23
2.175575565084909460e-22
-5.217391839643250793e-23
6.233360046481265434e-24
1.004651963674332523e-22
-2.221453137436505778e-23
-1.424072100010849896e-23
5.234705964977091795e-24
-7.430229691911265494e-23
2.480434486690922959e-23
1.073036679832469393e-22
-4.784686636732046352e-23
2.504015965895534251e-22
-3.956738450533698155e-23
-3.304650779324695271e-23
7.361050194974581034e-24
-1.703357238889275272e-23
-2.121277156875301715e-22
1.700653261970378912e-22
-1.267205866051509754e-22
-1.419744034059676871e-22
6.889250752765046889e-23
1.062718389826727133e-22
1.535425742944302484e-22
2.494498262547120067e-23
1.531174263547313664e-22
-3.397246640045213801e-23
2.894437537613111875e-22
-2.924229977353299518e-22
1.850744886179773677e-22
-2.264550461350464390e-22
9.623959242614879910e-23
-3.765910498576690900e-22
2.475186378920734962e-22
8.198003211534659186e-23
8.541733122724947265e-24
-1.295896721614520290e-22
5.944403903499516055e-23
-3.688040605074602637e-22
2.123962577140242077e-22
-2.942371812141979477e-22
1.024613372313892443e-22
1.019618745744507016e-22
7.928145573544255295e-23
3.925578087039683239e-23
4.968517860105689392e-23
9.786617733321083415e-24
1.039195755317132648e-22
-5.068158762917745365e-23
1.053045707965684427e-22
-7.429726700742226849e-23
-6.101991565829634743e-23
6.827230679113018359e-24
1.987439581271895958e-22
-8.690234688331762155e-23
-1.866620616688427156e-23
6.452412704946307320e-23
3.941111357603793557e-23
6.155014657261716168e-23
-1.075143335908371191e-22
1.215242714973151448e-22
-1.529705974919552458e-22
-8.136022593326178572e-23
-1.275556909817205689e-22
-2.358961302373208616e-22
-2.641264055249732040e-23
-1.052533706653207135e-22
-4.398778011967151823e-23
-2.972893930647728691e-23
3.002438481305249060e-23
1.704614200314876198e-22
1.163157087943064257e-22
-4.941063484887616499e-23
1.211577377089900074e-22
1.186263722364667319e-23
-7.306177632622674303e-23
-1.867541621983285164e-22
9.018670349170091248e-23
-3.851293425186880682e-24
-2.241739251620238523e-23
2.419107109967075800e-22
-6.712501210041941020e-23
1.074600984062256993e-22
1.405930815235185697e-23
-7.847767833402183262e-24
-2.047242836664837013e-22
1.227716840164187702e-22
1.439930466090589746e-23
-9.052276991849789643e-23
1.510952149698326621e-22
-2.010159466246061395e-22
-1.609525032640811277e-24
1.342229624039463486e-22
1.834307122473670402e-22
-2.326150432143808578e-22
-8.926288742686899505e-23
2.943441887214196551e-22
-2.512307745719218506e-22
2.482290615287237232e-22
-1.858382781428980592e-22
-1.585559289839374703e-22
1.431744488620734436e-22
1.013878215735493017e-22
-3.419789190770761825e-23
9.577196656984370523e-23
-9.659351252377460840e-23
1.866420202059926452e-22
-5.788630510602274089e-23
-1.271395326694409846e-23
1.398293460521211519e-22
1.634027919923165805e-22
-1.989573666255384756e-23
1.535957181794056390e-22
1.113734130400705752e-22
-8.407399350819103450e-23
-2.942047400508903325e-22
-4.829193679197193525e-23
1.086824049463637060e-22
2.225325562325936384e-24
-1.876715243619134196e-22
-1.398719161521863771e-22
-3.054341578594818398e-23
-2.274959450853521157e-22
9.886793245381267333e-23
-5.189736955924888632e-23
2.668782553307056458e-23
1.315353728940072310e-22
2.659638406995996649e-24
1.646402664568507379e-23
2.827793670690279972e-22
-1.254409639289161620e-22
-4.172819832371524992e-23
9.011483201220549016e-23
-3.249669316038963163e-23
-1.520572341533846406e-22
-9.135374244397739024e-23
-1.004301538769484646e-22
-2.294165364779952406e-23
-5.889501482210614330e-23
-1.554091758477752690e-22
-4.683369646046469991e-23
5.556573285662767304e-23
9.678325585306753470e-23
3.250975584341713730e-22
-3.384834702608736916e-22
2.395952696059227487e-23
2.945732499594207823e-22
-3.670112097033310873e-22
7.093742435532788500e-26
-1.432964345997562792e-22
2.904769536348748106e-23
1.232777865952758323e-23
1.025749539607237464e-22
-1.562119978923645626e-22
7.745995094020781495e-23
3.059296482411770342e-23
-3.015639508606018052e-23
1.549158852747957520e-22
2.373788986539584652e-22
2.100061837018161202e-22
-5.518722419322333779e-23
7.268225992207473727e-23
1.402921141663823624e-22
1.790362881954936796e-22
-3.791690448574297336e-23
-1.420058166492667193e-23
-2.422150063956115909e-23
2.068589151127942156e-22
5.687755660111850291e-23
-1.700412240904553260e-23
-1.493802685918631616e-23
9.122275880920433200e-24
-1.702665992784673058e-22
8.054571395516812044e-23
-2.271168091839970888e-22
-5.568860968500707252e-23
1.131902841822464865e-22
5.913574675033803031e-23
-7.753333653278566949e-23
1.185158336168832983e-22
-2.614298600075354196e-22
3.571588108599676702e-23
-6.433835944966742739e-23
-1.835359661784584315e-22
6.140508595971847242e-23
-1.545972466447016805e-22
8.072924183279754223e-23
-5.294060930818976558e-24
-2.226386435639479176e-22
-7.917280587972357582e-23
1.127319403702933112e-22
-1.143453014410120499e-22
-4.984808182833824576e-24
4.377431419279405841e-23
3.248935207130356565e-23
-1.227894516546976139e-22
7.990576785402180062e-23
-1.189586910691803225e-22
-4.659939888412584152e-24
-1.045894250051377968e-22
1.788786166568483118e-22
6.878969658194198205e-23
-2.168866274491302513e-22
3.491335333627173741e-22
1.067036192961535738e-23
3.368240386661812131e-23
-5.894663927289746364e-23
3.045091131553171498e-24
-2.103395853939582794e-23
-1.105966785075384859e-23
1.540254168099684287e-23
1.571723382766809265e-23
2.576097181778385248e-24
-1.017071695895938948e-22
-5.030687804481992179e-23
1.031950038630666383e-22
-1.333241151445808340e-22
-6.530299071930655398e-23
2.684047754066564077e-22
4.046741033763252164e-23
1.651288447022454742e-22
2.107991873589562390e-22
2.078507325420846808e-22
-1.655242989930026360e-22
-6.749729987918259732e-23
-5.559283924569437150e-23
-9.377502626063628406e-23
1.855885292962448280e-22
-1.600630644066279456e-22
2.498137178456405894e-22
-1.073877025633910345e-22
-3.466022654423682426e-23
-4.994357670564909381e-24
5.833841070552242982e-23
-1.645701702636110396e-22
1.909779480715274031e-23
-4.799793782913788981e-23
-4.586596022898486918e-24
2.888873747334820900e-23
2.223187539376861755e-23
1.707049162017741841e-22
-2.239900972406237707e-22
1.123870792110514947e-22
-3.069610756474294723e-22
1.176973379040814195e-22
6.757135664251896803e-23
-3.931870586048076156e-23
1.320969168986167103e-22
-5.618083776458125836e-23
4.205619564918661639e-23
-1.553102977361768463e-22
-1.599405507669159057e-22
6.759010365774862924e-23
-2.419203997768365074e-24
1.925879796047689700e-22
1.848126581655436431e-22
3.959170297570544662e-23
7.463831566571272828e-23
-2.348045795632084893e-22
-3.991853920899258658e-23
-9.395903922623345926e-23
-2.188255065611179341e-22
-5.935036669153684118e-23
9.944366493784508366e-23
-2.153625193001369116e-22
2.393379055057947406e-22
-2.403811642189723225e-22
-1.007137060898491409e-24
-9.898343598644384221e-23
5.244160196259697356e-23
-8.042460559752906883e-23
1.555718177050416102e-22
2.397874562484459406e-23
-3.564027682067545700e-23
-1.339779532886207496e-24
-1.430809862595110567e-22
2.808276265597410272e-23
1.275440836910749455e-22
7.739581881714364693e-23
1.287938282067787484e-22
2.580844300918821680e-23
-2.682323941070329784e-22
1.865361514893113305e-23
1.554763087542689036e-22
6.046946024916931544e-23
1.002823917884976860e-22
1.252547831873634158e-22
-2.226019052896802280e-23
1.948166576593514535e-22
-3.391325829778510477e-23
-2.657522754440601127e-22
-3.344300057892193695e-23
1.413298696051795027e-22
-8.592556353645966933e-24
4.873882977800983373e-23
-1.530505994509957830e-23
1.217084419605350648e-22
1.196771730370159944e-23
-5.983369319710099384e-23
1.466037809154106659e-22
-7.216538456531047402e-23
4.057203993384693900e-23
-4.261836383803241068e-23
-1.177220470661966153e-22
1.974885433959543713e-22
-5.131712979037256765e-24
1.384475140453799453e-23
9.419713696546473825e-23
1.947438935046564533e-22
-3.079280960694064186e-22
2.292234415958386862e-22
-1.345862618229288051e-22
-6.319013665989655379e-23
2.256609223384629838e-23
-9.977582243622793958e-23
4.741735602006438678e-24
-1.045056253282728908e-22
-1.382822391804716179e-22
-8.305144326708054995e-23
1.622151800681860585e-22
-8.093450465833343136e-23
-1.056388315645548226e-22
-7.401526696098173295e-26
-3.573069689515668556e-23
-3.243271968087295176e-23
-2.028375388592737028e-22
2.052139178618918202e-22
1.973009467951114729e-23
-4.347127840935647443e-23
-2.030418777444686190e-22
-1.271141463498628588e-22
-2.286763475283410128e-22
2.717734967361029032e-22
-1.391705341594547339e-22
-4.400702596838097430e-23
6.654827636382568417e-23
1.281784113635530170e-22
2.543612562270458162e-22
-7.529904697160387495e-24
-4.058390246276614647e-23
-8.802044324520314474e-23
-8.779350474130368731e-23
-9.761398002105783885e-23
1.101632470308809024e-22
-8.724629791127596797e-23
1.926730573358894379e-22
7.063812277209744025e-24
1.127040524247515522e-22
-1.791107725697268730e-23
3.662696806167006465e-22
-1.594911745287658744e-22
-5.591041460800410880e-23
7.909509736454714367e-23
-1.104235636540579272e-22
4.181910577499518439e-23
1.070694788302454635e-22
2.445668274417418437e-22
-1.415179254583982150e-23
1.369160031303370991e-22
-2.327625269115662494e-24
-3.364716950380455336e-23
8.885814677802714831e-23
9.946839519775724424e-23
-1.800297783385355577e-22
6.901348157833487709e-23
-2.025798068167471951e-22
-6.879705625610097210e-23
9.266828379844648520e-23
5.342537244500569739e-23
7.270665464321840641e-23
-1.219812219764569312e-23
-2.138556285957056676e-22
-6.845072446239859221e-23
5.116709336342269249e-23
-2.176875113780729201e-22
2.381642047532737950e-23
-8.679655098493888367e-23
7.409708512241422549e-23
-3.488352311280980051e-23
1.207931326788915944e-22
8.774305076681884141e-23
9.284326422282427325e-23
1.599014583903198222e-22
-8.281455881041143183e-23
-9.027980012951141755e-23
-5.166168436148737659e-23
-1.177274510733379528e-22
-4.076262598746375196e-23
-1.574423710685508890e-23
-1.030476405938886184e-22
-4.951099535513454145e-23
-1.137476829677726163e-22
5.437143887021669125e-23
-2.416387089173386631e-22
9.632330476102783333e-23
5.834699504904092512e-23
4.532118392667583754e-23
4.154334936749378799e-23
1.199183609230124165e-23
1.519694175506951133e-23
-2.832096862518685400e-22
-1.308242562743204108e-22
-6.998522485588756767e-23
-1.445414001156647214e-23
-1.012100677413804503e-23
8.096050162937317777e-23
4.169804626611913631e-23
-4.909390602937174716e-24
5.241868426684039647e-23
7.309787218807100308e-23
-1.177063665215422643e-22
-1.904118626719926820e-23
2.475292328363353882e-22
2.374814862240878300e-22
-1.359294350951587627e-22
1.166602987375597234e-22
6.410600095307363057e-23
1.247188060402074388e-22
9.114214234656331110e-23
-9.136343947327609223e-23
1.289329879090343583e-22
6.034646119646909576e-23
2.615179471278435380e-22
2.217786935467148325e-22
-1.461911362002172973e-22
-6.582697968923013328e-23
-1.016062654156986849e-23
-1.035082972743256633e-22
-3.955978376198968690e-23
-9.896887567829086889e-23
1.648085632076480361e-22
-8.881869973011929494e-23
1.036120611553429354e-23
2.032809377059050470e-22
-1.256950079083069281e-22
6.815549787243446083e-23
-1.422340968025794126e-22
2.501524821119602933e-22
1.450572283422184593e-22
-1.016044857417218294e-22
-2.734802254409400380e-22
-3.467889554454436120e-22
1.279205570539226553e-22
-5.864740578540948616e-24
4.191017999229992198e-23
-5.602442253730473472e-23
-1.733334250718469433e-22
1.018695046975124855e-22
-2.208831246265395798e-22
-4.242605436866292001e-23
-1.788323832728128490e-24
-5.403862070105462851e-23
-2.989145130013583592e-22
-1.483881626793483194e-22
2.007535857298550382e-22
-9.066208285879731046e-23
1.534996905042711937e-22
-6.202579386990397468e-23
2.657299050575125881e-23
8.569604217177680785e-23
-1.498412967036598848e-22
1.621973680253084320e-22
-1.127333408608698409e-22
2.469395424872811575e-23
-4.987697653894621699e-23
-1.027418118247087470e-22
2.036086428738931164e-23
9.564641908674750948e-23
-8.942487893626873805e-25
-1.731652013113158664e-23
-1.248519292484414432e-22
-2.097924378440314790e-22
2.231219245942026088e-22
1.658369953704780938e-22
3.360876059206673220e-22
1.143640690202856119e-22
1.868722561516778438e-23
9.791416069842368292e-23
-1.074006527526218737e-22
1.075027177455003481e-22
1.093424513962467124e-22
9.141644151520332034e-23
4.362002553434384169e-23
1.466778923534400933e-22
-1.231505828200171016e-22
3.595181105279866418e-23
6.344996591763229330e-23
-5.307783872801926139e-23
2.064673232313303846e-22
-6.724564845321810134e-24
2.826527838286550516e-23
1.149538484099564521e-23
1.251852226949766106e-22
-9.679395711714942602e-23
-4.457156467205000484e-23
-7.370209421630540384e-23
-2.919731826855817317e-23
-2.845340533952001676e-23
-1.054206721769929040e-22
1.327980833401719594e-23
2.469324820237984928e-23
-1.320881165275239591e-22
-1.604095315945664620e-22
-2.323453805666266063e-22
-1.875248277300946394e-22
-9.646992498062846876e-23
5.007577321959301986e-23
-5.281144133105016781e-23
3.069430821940240933e-23
-1.608417433334773393e-22
-6.118563524119070894e-24
1.660144976207778679e-24
2.925260354576121714e-23
2.153623022930869484e-23
-9.741649849217765096e-23
2.356461847027177093e-22
3.426547563189481738e-23
2.782760998118124529e-23
-1.739560254175671426e-22
1.853297120493283150e-22
-2.033876064253441515e-23
-1.257304612661261624e-22
-5.370912761232205181e-23
-6.129363915042488608e-23
-5.530260161406434750e-23
3.442246191591421112e-23
-1.037578668482523644e-22
7.656013068941625638e-23
1.954622434086422154e-22
6.143465266137900715e-23
1.369817831301859677e-22
3.691318914437227202e-23
1.930070033565314134e-22
-1.996343901968655979e-23
9.755655542644401310e-23
1.051803105285115081e-22
1.500918025861773100e-22
-4.918724210184562087e-23
-7.895109347015666774e-23
1.071791072363972621e-22
-2.174191544879593377e-22
7.192961314332260342e-23
-1.176905102810281103e-22
1.949998384911301468e-22
-1.013507719295366714e-22
-9.060088725756065215e-23
-9.625544135863326440e-24
5.790461240390310212e-24
-2.399754208164704153e-24
1.225108468514359658e-22
-1.909070136938673694e-22
1.268118387139723841e-23
1.406480914557226358e-22
-9.928741458182999989e-23
6.537631830906148651e-23
-2.627592726113050690e-22
1.422737990154326661e-22
5.557832001003292474e-24
-2.495706709398220235e-22
-4.975129326862026821e-23
1.028162480458595451e-22
-1.474390817778471029e-23
1.236521923847919288e-22
-6.444488901009028172e-23
1.897599898078939493e-22
-1.257865613368551148e-22
1.278068396179318369e-22
-1.774000716973091299e-22
1.313553992563106148e-22
1.104607544455508180e-22
1.433865822756744945e-22
-4.722275795058313381e-23
9.243893728528953255e-23
1.290191055841231078e-23
-7.873565542596921544e-23
6.966185630465241650e-23
1.150707394044316421e-24
-3.253722397390227547e-22
1.326854253206233093e-23
-1.884971513418404616e-22
-4.445456138703743039e-23
-2.109056907564542361e-23
-5.865602588556962616e-23
-9.005794159696485019e-23
-9.595553379799843681e-23
-2.511086590366271797e-22
1.915006881941286915e-22
-6.375100693785251754e-23
-4.697538093610581884e-23
9.455869290029468836e-23
1.794279414405431380e-23
8.439602877783381504e-23
-4.682953895612249960e-23
-1.021648261734811200e-24
-9.438831374079408915e-23
5.338649703729272133e-23
5.841345238142297658e-23
2.665781674064325511e-22
3.243141503502855764e-23
3.323363884326116537e-22
5.561289614352088076e-23
-1.724283595087378567e-22
1.459597087129183360e-22
-4.218526041587465362e-24
2.958551520777669297e-22
-2.278009090199641226e-22
2.449638202572807307e-23
4.972644156675047131e-23
1.653204653874821613e-22
3.054250037877012008e-23
-7.474952214970197406e-23
-6.008532136833379271e-23
-1.786054091827388813e-22
2.171517294731027582e-23
4.440986344729549281e-23
-2.656563200309731502e-23
4.823423269556267237e-23
-6.606385487202402667e-23
-3.695404565219507137e-23
-1.374143787632826473e-22
-1.090999893651470127e-22
1.046707116531138720e-22
9.480334636100764584e-23
-4.541527057399036805e-23
-2.365133454384407891e-22
1.881056071561428110e-22
-1.489510342064963291e-22
-9.258022647593684735e-23
-7.497691688618275732e-23
-9.781475040186664877e-26
4.259218914272079787e-23
6.895341585346783193e-23
-3.089679805322262005e-22
-2.159338495356125871e-23
-2.245427135580474317e-23
1.419551469187356629e-22
-1.212075044477232861e-22
5.142117911510141056e-23
-2.837005976969589058e-23
1.867794376780921750e-23
2.094157742337899891e-22
8.147640770547257297e-23
-6.299995781569842397e-23
1.766716306411760518e-22
2.420845868964202527e-22
6.576869620920996526e-23
-5.866755518629594774e-23
1.243928194078114410e-22
-9.691301384630893844e-23
1.612752350692065625e-23
5.476907604234990909e-23
-4.313022261705869605e-23
-7.873463738182505769e-23
3.450519450819414835e-23
-2.665215387930318070e-22
-4.111780919483070709e-23
5.400476470136237085e-23
-6.868361357601086636e-24
-9.268690290781803854e-23
-5.444834698006775642e-23
6.982422805687556169e-23
-8.111222971025641629e-23
-4.915309185149770328e-23
1.015567499544073311e-22
-1.423061342018251026e-22
9.742707058243655012e-23
2.106999095532594629e-22
-6.694872155800579815e-23
-9.318077281893765325e-23
-3.312379191881521703e-23
-4.424519580297747595e-23
1.157347059701555552e-23
-1.226808359147337170e-22
3.006877527426300633e-22
-8.947341895052706619e-24
-7.685282023914271777e-23
1.195044994701894775e-22
-6.748579753794641627e-23
-1.380556619651093845e-22
1.776848373241239275e-22
2.042334022348212671e-22
1.433514596401031461e-22
-1.873298626089704930e-22
1.809852050781762677e-22
-7.771697022423876310e-23
1.182600163552431696e-22
-2.774831282906900036e-22
-1.884784938349308453e-22
-5.671585360819590905e-23
8.582207453511339035e-23
2.525044305073938441e-24
-1.233823369514541467e-22
1.322515139901491278e-22
1.970394767135654837e-22
5.651784787612986098e-23
-1.465643814942938762e-22
1.455098257203061433e-22
-2.457859230653769748e-22
-6.830203705720216763e-23
1.379836853211545757e-22
1.570270864483675427e-22
-1.435093217010666776e-22
-3.062571762259506762e-23
2.552056899432470857e-23
-3.790351082865464435e-23
-2.867596630768750341e-23
-1.972181865659391421e-22
9.877651803709197571e-23
-2.989791558547570332e-23
1.358771190541370068e-22
4.151516063419613038e-23
-1.915530352179323041e-22
9.298873907436386380e-23
-2.396603081209777297e-22
7.344852731058475747e-23
-1.637800646946767111e-23
-1.971973284415988437e-22
2.184000130667481827e-22
-1.296402588818005667e-22
7.589628159450681334e-23
-4.915823928461989901e-24
-1.047290391296618633e-23
4.111071600392875008e-24
1.156160463940834356e-22
8.779486140135038100e-23
1.583540361548556215e-22
-5.728658997344269039e-24
-6.208188141774970355e-23
7.474132694358708323e-23
8.590375677768747566e-23
6.281498784829472359e-23
6.203833693532629695e-23
-1.017409874678686092e-22
1.245395635866726919e-22
-3.882260242905708541e-24
3.827991483055141933e-23
-8.427967923826780287e-23
9.671214359852124420e-23
-1.707739883253325727e-22
1.478898386069137631e-22
-9.269365567644681055e-23
8.589894713002891139e-23
1.579005519617314178e-23
-2.177754965978596516e-22
-1.652996328874280899e-22
-1.257589069934374249e-22
-1.292725343617040409e-23
1.935099882728305960e-23
1.175630994451735411e-22
-1.700714256608574379e-24
-1.580299858085978269e-22
1.033939418431545115e-22
6.021686421198201495e-23
-3.702294293147487350e-23
-6.324193418457549547e-23
1.729778634381253604e-22
-1.863446367817934607e-22
6.475625746872583973e-23
-1.612246205938285196e-22
9.558447098994380495e-23
4.304199969732786839e-23
1.629949852466856091e-22
-1.755404317324527846e-22
-7.892450346090707813e-24
-1.043869048095139678e-22
1.029099987395277717e-22
-1.148024436613483225e-22
1.282568405717696647e-22
7.774934846724250909e-24
-4.336740085499198184e-23
-3.512519056450526788e-22
1.458195447866227087e-22
-1.272621215830293636e-22
2.626330756469765784e-22
4.092869538755023867e-23
1.729966768171219142e-22
4.398461902391168439e-23
8.114131658870280859e-24
-2.802676225421621946e-23
5.562711564753675654e-23
-5.661566704709806379e-23
1.007326916075444173e-22
8.607622799501686446e-23
1.918211853465529398e-22
4.721974267803730603e-23
-6.739729126895203890e-23
-1.834859440643776428e-22
-1.053548120237440141e-23
1.094329223143052575e-22
-5.894295545176090957e-23
4.756802428102391532e-23
-1.540612353491351316e-22
-2.544627156261693492e-23
1.788576830186936464e-22
2.288570704478582977e-23
-6.950687946347562785e-23
2.255103882245046620e-22
-2.831632899165641363e-22
2.501521327211281917e-23
-2.591272461528560786e-22
-1.950537801164430644e-23
-7.514647357061157291e-23
-6.297851805180473076e-23
4.238990952610594536e-23
-6.646789473164404633e-23
2.772876296663451447e-23
1.543500393191079492e-23
-3.557094713487395524e-23
5.203052154959396700e-23
-1.154778207250281586e-22
1.558164511629817364e-22
-5.727251794056129059e-23
-4.243916035610474411e-23
-1.543081949889554018e-23
1.617130810431815665e-22
-8.245631435512319364e-23
3.405611509056459804e-23
1.624666567415906788e-22
-1.062104822169994013e-23
2.216545816938776372e-23
-2.936153214986440319e-23
1.322141386807632643e-22
-2.149365294528000867e-22
-8.607340335293087791e-23
5.796025567275662824e-23
9.792045025366174573e-23
-1.906476199082426794e-22
-4.361696409934583593e-24
-1.470157141164037814e-22
7.237851004419452688e-23
2.358294540640685240e-22
-2.661956007234860724e-23
-5.616373473611412890e-24
8.922511562720954841e-23
-1.136709713120670800e-22
1.146251969225808641e-22
8.648041167005904313e-24
2.365683206769235590e-22
-1.070738371350488404e-22
1.616576159643348770e-22
-5.475595353691510798e-24
-8.970596171039610515e-23
-4.969039462649093113e-23
1.022942981800603273e-22
-1.816223880935369451e-22
1.695941709868272303e-22
-5.060055747495175918e-23
-1.287230835866333702e-22
5.407626266732280141e-23
-8.099976255290061999e-23
3.071179476763041114e-22
-3.625357100736271483e-22
1.328219302724874542e-22
-1.106865126439890250e-22
1.065872896576638275e-22
-7.581589970255994347e-23
-9.893207663547014762e-23
7.848378400450757578e-23
-1.177159001662316753e-22
3.076005838545970582e-22
-1.418624120861402738e-22
-5.363509295232369434e-23
-1.642925746428849761e-22
1.708964972202047121e-22
-2.055575423507034884e-22
-1.495301570215431820e-23
2.117248060267525072e-22
-1.452629841069199178e-22
-1.962237983782549479e-23
-7.224474161707618626e-23
7.006759178901059974e-24
-8.884423377027046963e-23
-3.169181121456784533e-23
2.477874676659889401e-22
-1.525336598616462825e-22
-1.137949522263361586e-22
-1.260622511545585766e-23
3.655115325943580479e-22
-1.360669896226592349e-22
1.781018009039312050e-22
-1.080263560051058940e-22
-1.253252735853171278e-22
7.421950376268348929e-23
-1.131111782632007598e-23
-3.732564594962458023e-23
1.002960158934017205e-23
2.409426125596846021e-22
2.458767297864864801e-22
-1.231013403600612344e-22
1.260277031967951247e-22
-1.952723054439542220e-22
-1.752386393937532358e-23
2.099528805852227933e-23
2.227232957382006397e-23
-1.144291806857479008e-22
9.946656680342657780e-24
-9.804674678215545166e-23
-3.494984118154509647e-23
7.695920646883669148e-23
-5.297503948634928832e-23
-1.885200459397489865e-22
2.214023608129008543e-22
3.047386084575554355e-23
-9.458770128747328539e-23
1.404424781078145672e-22
1.262844793075132834e-22
6.701613380367269666e-24
-1.863092716932758649e-22
1.283582456080239742e-22
4.649913348253729803e-23
-2.429636277489616667e-22
2.213742579343590289e-22
-1.250962192345905579e-22
-8.974682019277351948e-23
5.361441730477944575e-23
-6.989556143685274907e-23
5.801159044604067150e-24
-1.405070067848679207e-22
1.756636647300948840e-22
-4.849422178741273916e-24
7.236671950198296357e-25
-5.965700000985429282e-23
-6.468969344535261964e-23
1.121780977839542440e-22
3.324491899571753707e-22
-4.891758086200031960e-23
-1.302881125489089870e-23
9.470332614086557850e-23
1.202083896482584711e-23
-1.636369192060576041e-22
-2.805977061642267164e-22
-8.634253520861480754e-23
1.501167374534942621e-23
-2.016862230064635429e-22
4.992630596112433432e-23
1.680893785975661047e-23
-8.771463351429599554e-23
3.140527469567088462e-23
1.971677913824136663e-22
-1.548112378518291614e-22
1.884447349970574358e-22
-3.110034644517112806e-23
2.186307675779930743e-22
1.328989206714214283e-22
3.366662455510191942e-23
4.395642798290880214e-24
-6.631933476714662828e-23
-1.332138020251533747e-22
-3.636896870288162345e-23
-3.256398830237780423e-23
1.361111699536139122e-22
-1.785941481505149392e-22
7.464763996509549704e-23
6.265990200307541687e-23
1.585997326366568108e-22
1.257406275286739592e-22
-1.728554614955477913e-22
-1.297822627119495296e-22
7.940164116177192265e-23
-2.550678624817591184e-23
2.837222850302088083e-23
-4.743221668679934841e-23
-2.797233088976246677e-22
-1.067474978225803313e-23
2.292140635941674876e-22
8.862836070415656412e-23
-4.122138331400925603e-23
2.753260399707187877e-23
2.003721559609257406e-23
-1.627155351033595585e-22
-1.075646152868678257e-22
-4.290920683894729057e-23
2.093249025038166037e-22
-7.922594454492248465e-23
8.636359458342731726e-23
-7.305289393180095648e-23
-4.969865387391494764e-23
-4.665004571921867551e-23
-1.702937368364702497e-22
-6.238522613683003985e-24
8.502761532154676094e-23
8.748614981799285953e-23
1.232342481517550776e-22
8.695547984259566952e-23
-1.197799281079263950e-22
1.076017018856479856e-22
1.115327851596775609e-23
2.521898979260637647e-22
3.559692181838879514e-23
1.486544518104688080e-22
-1.609067492004853923e-22
4.580223213292777774e-23
-1.923949533904046948e-22
7.209340921807063752e-23
-7.212405243765409216e-23
1.669916737747068814e-22
8.189771341952702199e-24
-2.905214095231101676e-23
-1.127567482915975889e-22
-1.408111307030048264e-22
1.038004231717880373e-23
-4.032322302314725338e-22
7.568402475257546121e-23
1.235883771981039940e-22
1.001560494148080002e-23
-1.858437647111199435e-22
6.058377518138887977e-23
-2.728907970187606862e-22
7.152359668838585883e-23
4.263848185359130258e-23
-1.750170021371909439e-23
2.161993434873320612e-22
7.243743006850455617e-23
-1.781511084740531042e-22
1.910534446331529218e-22
1.182332669930770047e-22
1.374540211655536712e-22
-1.516450198116581465e-23
9.980936280333616459e-23
-9.315285170861532061e-23
1.104183619048989081e-22
8.326951345875872458e-24
-1.256712257537181179e-22
1.354054954994400357e-22
-2.447275021194930513e-23
-1.104063918141565384e-22
3.250311311816597910e-23
-1.035339126471314519e-22
-4.254248299280836986e-23
-3.613395269251070486e-23
-1.023137780717468105e-22
2.199412105010380689e-24
6.321993558346637822e-23
-6.283985725315256100e-23
4.801808235518282783e-23
-1.119619465521236001e-22
6.775563562507631394e-23
1.569112709904175734e-23
4.354589523914080270e-23
7.439205310635579899e-23
1.534477025076016094e-23
-1.110343791322156538e-22
2.170522114183909428e-22
4.575850247132314533e-23
-1.468052299281989626e-22
2.571417814007877062e-22
-2.381175843288755955e-22
5.193129690285276559e-23
5.275603509590822023e-23
1.142439328307276670e-23
1.913559919903549594e-22
-1.199739377407644630e-22
2.243627206414202515e-23
-9.867766022069016417e-23
-1.043769859714773316e-22
-5.051344798314893235e-23
1.259531574350172607e-22
-1.594225134924836963e-22
-9.744857411436772450e-23
-1.873354282854486986e-22
1.747558577727663762e-22
-2.411331398218702662e-22
2.409163257817530548e-23
-6.466527169114078644e-23
1.307120771505512469e-22
1.679888093640608695e-22
-8.589965287130315084e-23
1.081131080145143473e-22
-1.595710368445848132e-22
-3.367212392086413886e-24
-2.794024401084932686e-23
-2.143131557288412990e-23
1.324443947137612139e-22
1.762515600617229489e-22
3.346188542472456728e-22
-3.005592878541649709e-22
2.825388527546106314e-23
1.891614453073322442e-22
2.042181334013382110e-22
-5.454846353899045654e-23
4.864365180801984328e-23
-7.963295065688356234e-23
4.750142926724822032e-23
-4.470527501230051022e-23
1.250792249438846642e-22
-3.044360796091641629e-22
4.914624723064658775e-23
4.290160261648910719e-23
-1.280639540432410034e-22
2.845630636301232531e-23
-5.702559199994929777e-23
-7.733147715566456433e-24
-2.653998762184963701e-22
-1.313580818689122725e-22
-2.058818538148275891e-22
2.169517597786215337e-22
1.436394581870510507e-22
3.466106545622412781e-23
-6.159101925839254733e-23
-2.341505307536940600e-22
1.651597723568144610e-22
-5.274312996778798385e-23
5.122019731867190022e-24
6.879241273437802862e-23
6.017178172573235192e-23
-1.063553497768851989e-23
-1.241283703148638897e-22
-9.308775383020439860e-23
-5.385616417424929659e-23
6.837065848908136140e-24
1.716806191825641484e-23
1.899969610228173935e-22
-1.811533032319165057e-22
3.318482974270790948e-22
-2.246931465574468789e-23
9.833434292415914765e-23
1.256272044194479457e-22
2.272985787332611768e-23
7.557593507435496813e-24
1.361988202489444891e-22
-2.443316881205706398e-23
-2.922492124889470273e-22
5.046905001688198155e-23
2.054035356470439949e-22
-1.009448749533288186e-22
1.435316391000127019e-23
1.986396971771050590e-22
8.457645755024037637e-23
6.813754050893156814e-23
4.688765371253061710e-23
3.427974284371301890e-23
-1.064713565537823270e-22
-8.285886589341754888e-23
-4.412073359175062101e-24
-1.762006123869243896e-23
-1.108457354209581896e-22
7.462401140865103070e-23
-1.068700012564029288e-22
-1.177668705961754102e-22
-7.216680302961148244e-23
9.734819089151276990e-23
-1.218675294692006951e-22
9.100800681197542292e-23
-3.527134001809644147e-22
-1.877985454404432586e-22
2.598927055110678616e-23
-7.950743538268516866e-23
-4.548519324745115949e-23
5.061783799774450272e-23
-1.478041366108135193e-22
-1.032183556636061069e-22
1.297496239622791992e-22
2.307346043439608505e-22
-2.726007044598610969e-23
2.212487324748784786e-22
5.561850663674512583e-23
-2.540352239592247081e-23
-7.250468952672069593e-23
-1.340442403531032321e-23
6.538696014311700594e-23
-3.368386932599819510e-23
-5.561823252441833086e-23
1.204167142877727145e-22
-2.780444862547514145e-22
-6.835848105356333832e-23
3.147050150271087248e-22
7.942327697880414213e-23
-2.037190164829483582e-22
1.862289156780743571e-22
1.623809810403080271e-22
-2.372801230206625755e-23
2.261692575804088521e-22
4.526853815545841722e-23
1.605638125638850917e-22
1.381271835515601999e-22
-4.533646772523133648e-23
3.574686743261225248e-23
9.948750319086759752e-23
-1.961290191466734144e-22
-2.486212502078246624e-22
3.413422073742196092e-22
-3.484301475243471750e-22
2.664905108272827703e-22
4.430834904590553808e-23
-6.874248161803983873e-23
-2.563757960785945290e-22
-4.595854117835122759e-23
5.248249202284638058e-23
-2.653703927144049489e-23
-2.522564370392260423e-22
3.505561153758128323e-23
-1.377020931818780580e-22
-2.229067676563499147e-23
1.552543113136168011e-23
-1.444841243077581180e-22
-7.863398102772576330e-23
1.157675258125788177e-23
1.296444476909332926e-22
1.958931675894211845e-23
-1.942526350041090780e-23
-8.567234487262099956e-25
-5.045477339794364340e-23
3.204185635232151302e-23
7.418166391446640058e-23
-7.797933882588234831e-23
-1.057122715655155138e-23
-7.079633563815449502e-23
7.475279523858326415e-23
-3.121497481469013019e-24
-5.147479256661639536e-23
2.283541116778375617e-22
-7.159115754074505694e-23
-4.034743745922891856e-23
2.751661140363563998e-22
-8.115437401176078426e-23
3.068616164784721593e-23
-4.102566955500822784e-23
-1.995740022979370990e-22
3.398873209508504854e-23
-1.330729647494481342e-23
-1.356019400985110749e-22
-5.868683753058950466e-23
5.254585093219407315e-23
1.571328044968897520e-22
-2.438849138931162896e-22
2.549225283353376191e-22
7.176668297945530698e-23
1.633051619372221101e-22
7.474062378444738090e-23
1.322380975473392401e-22
2.370008239615209251e-22
9.661168714529131165e-23
2.490769617034995155e-23
4.115780187831482628e-23
-1.564322578112716098e-22
1.770986788380907603e-22
6.197649650455465723e-23
-1.686500972017684120e-22
9.371298254252249395e-24
-1.910723878439383154e-22
1.442120383659727198e-22
-5.313196356662622686e-24
-7.193748543524626456e-23
-2.356581136079980440e-22
-2.334049472381559923e-22
1.129776410743476282e-22
-3.756828174433396156e-22
2.868531015133700624e-23
1.336934971989152918e-22
3.619844116157592256e-24
-2.291582863920415313e-22
4.299597794432798242e-23
-2.474334377130499853e-22
1.423515537081688766e-24
3.561363301496251949e-23
-1.475514121935001862e-22
-1.213773763995113913e-22
6.614106298009111376e-23
-5.937334038315650814e-23
1.064368190740340608e-22
3.475226082072476926e-23
2.042339785926546942e-22
8.203980296856893816e-23
2.966936910847374560e-23
1.597679038888799782e-22
1.223422717749295308e-22
1.248148172939426016e-22
-3.575621486725574966e-23
1.946658323733365703e-22
-1.621758582022145877e-22
5.326502480821069023e-24
-1.421203793057001263e-24
-3.868565550231367518e-23
1.032394581993608214e-22
-6.960184350490690190e-23
-8.332743357866433007e-23
7.094494321092130001e-23
1.590300700296894129e-22
1.165643198622633133e-22
-8.474937846369575795e-25
-2.743076984278599312e-22
2.644516908151873677e-23
1.186397854666002477e-22
1.087384817406006802e-22
1.664466545626042629e-22
-2.049491092023350581e-22
-4.439434553745049379e-23
2.884813230492325706e-23
8.694315849530237840e-23
-1.946505641834148306e-22
-2.002250771720733865e-22
-1.989871678631158142e-23
6.646412298559600559e-24
2.063046591793131948e-22
1.369549389186208344e-23
-8.277308898448413461e-23
-1.224132485232255467e-22
-1.336201553141034040e-23
5.205027654045518862e-23
-8.574278028290944607e-23
1.336301742790738696e-22
-1.911702962642250380e-22
6.202724428086485081e-24
-3.582632874476358806e-23
-3.829096691576764623e-22
1.492034362262888248e-22
3.163525105860085767e-23
-6.724867963466044640e-23
1.552215926393536390e-22
6.283525532038252171e-23
-1.461433324946646690e-22
9.998091341519510659e-24
1.121106657079878179e-22
1.575028903156908995e-22
1.004876560598163715e-23
7.372835358793844561e-24
8.614155917674226131e-23
-2.017151792899689334e-22
3.392620827248772533e-23
-6.275470655260959650e-23
4.144624433902659364e-23
-1.390962218956587928e-22
1.756225412999363907e-22
6.130397400082287067e-23
-1.156596987220498072e-23
-1.262541271774431888e-22
1.196989089675848754e-22
1.713534463467658515e-22
1.471673620728557991e-23
9.302298640652028919e-23
9.659759319606010071e-23
-1.214327518146950822e-22
-9.403374344136903292e-23
3.293096744260419255e-22
-4.843666307752837222e-23
3.258793742390116972e-24
5.026728891653546391e-23
-3.336256174946424830e-23
-8.162221652295501358e-23
-7.243560351756363007e-23
-1.475012319811324518e-22
2.047289895942731716e-22
-7.518203897695788487e-23
-1.335215761881767473e-24
-2.402520918731859519e-22
-1.553685465840932863e-22
-1.541486354458066761e-22
4.375893206202929817e-23
1.715503100636691149e-22
1.152333775184753428e-22
1.097709325197125674e-22
2.018813447342701989e-23
-1.268322485261922739e-22
-4.778351977609223135e-23
-1.822027571905378628e-22
6.091338115803413790e-23
-1.298687549439767454e-22
4.386406022380857013e-23
2.402906954985133026e-24
3.474456204067961729e-23
1.158168134797910796e-22
-1.168663424906298968e-22
5.986845873009055546e-23
1.343466986669460790e-23
-2.653820610544987584e-23
7.807360474713087662e-23
-1.397493236071205425e-23
4.759604167862441779e-23
6.131177651336344225e-23
-1.995323592986976458e-23
-6.890430434515195486e-23
1.193965905017469151e-22
-5.618101495019196621e-23
5.435383279339262836e-23
3.151594097485275433e-23
1.155850085966158346e-22
4.071774914384668016e-23
4.075347022380887569e-23
-1.626486718099144230e-22
1.415246034288248401e-22
-1.624045679124277711e-22
1.497846760334639574e-22
-1.421380377190443478e-22
2.872371445068718768e-23
-7.348757981573442204e-23
6.242298223781938396e-23
-1.689074713772759557e-22
-8.040937070832638354e-23
-8.204745986817278207e-23
-6.305719833316218524e-23
5.268660700077637612e-23
1.464498245385202818e-22
3.668635101895509996e-23
-7.580021245614742437e-23
1.821687302441652162e-22
-2.141055296338232188e-22
9.988704921741806149e-23
-1.785514527791938870e-22
-1.057434048016483677e-22
1.428930621141386649e-22
-1.632121893233255500e-23
9.962094311505489450e-23
1.219336533121933702e-22
1.060477006734152116e-22
1.554895467842428711e-22
1.996309009500337400e-22
-1.387475041138724149e-22
-1.319744631952468106e-22
-7.815605476907486593e-23
6.739749788457803264e-23
-1.033463149964752610e-22
-1.994472404311841268e-23
1.116218530555245468e-22
-1.244454059730277032e-22
1.166128384559903281e-22
-5.752563795931632663e-23
6.949650736345511743e-23
-2.607791774814852468e-22
2.423865471985780940e-22
3.426145404329221444e-23
-8.449371968427515760e-23
-1.363424176222161316e-22
1.207690983126424958e-22
-1.421754399531536841e-22
5.486964428841001446e-23
2.103451725580999633e-22
-1.576211803995139034e-22
-8.666241249083586953e-23
-1.119258912324548893e-22
-6.363144133393505966e-23
-5.288440575619048276e-24
7.614402700021313703e-23
8.671026371861986808e-23
5.999512208905831003e-24
-3.142016108338354839e-23
9.090301444103570608e-23
-1.588193276110866717e-22
1.250363543359851329e-22
-2.978974607033784239e-22
1.685985778752609612e-22
1.885451311984420861e-22
3.528077433068928967e-23
-1.475302822045267682e-22
-1.557081253397875995e-22
-1.857345060237445199e-22
-3.359036843503943929e-24
2.473419586194660956e-23
-5.745355481071019564e-23
3.758972910915752547e-22
-3.380737687457317811e-22
1.482016040708165126e-22
-1.324713648253686611e-22
3.265423446785406295e-22
9.086920573864860600e-23
7.934542361103527621e-23
1.263742068629235407e-22
9.730787490806160434e-23
6.112909296782242031e-23
-1.683637895800086870e-22
1.029263632302838555e-23
-1.805412781692973202e-22
1.331561345608333346e-22
-1.759095860582100223e-22
2.214032181895889499e-22
-1.621336312425497793e-22
2.378983261933193241e-22
1.778386636843749885e-22
-2.644147837460920421e-22
9.449699474185260267e-24
-5.195602981924215765e-23
-1.766458854881455998e-23
-6.056770117029759441e-24
2.390464570198143126e-22
-2.461831005751215496e-22
1.522760499315599344e-22
-9.925396987914288067e-23
6.073498757106144568e-23
-2.044667631865023452e-22
1.702144609708466758e-22
-1.433345029210945804e-22
-1.060797992515265180e-22
-5.403116667540926991e-24
3.939479770461601743e-23
-1.255710683842099923e-22
1.546709925380943830e-22
1.736794545854301188e-23
-1.569060002763823771e-23
-1.258250401630673534e-22
-2.308112686339303075e-22
9.831374282940048895e-23
4.771677770294283207e-23
-9.930632771704882039e-23
-1.462125448669702373e-22
-9.342553107756807757e-23
-6.897313471556502371e-23
1.366504862168609207e-22
-1.169540371592024511e-22
1.015352531134244200e-22
8.433060122638274381e-23
8.701047566926322075e-23
2.533066492630341345e-22
-2.471709953052567742e-22
2.151877398139416179e-22
-3.252329832580357342e-22
7.597979107489860334e-23
5.543925055751353797e-23
2.763754971276118326e-22
-2.307175031121617192e-22
3.866048636046987840e-23
2.335506147939412872e-22
8.797765631718770984e-23
-9.573687349828368956e-24
1.965152737970864752e-22
-1.875164388802441408e-22
2.166063259415790679e-22
-2.332936774927374259e-23
2.103129964135292049e-22
-4.134754146733962316e-23
-1.580184486790047436e-22
1.759019849812509892e-22
-3.149777602947625955e-22
1.808721972175771595e-22
6.874982485912604102e-23
-5.417787153252868307e-23
2.884645183226927772e-23
7.317009750857997393e-23
4.706649587303005178e-23
-1.860323204948656100e-22
-1.018585170990261122e-22
6.578110514165634462e-23
2.686128234177150371e-23
-7.689159098139552829e-23
-1.248943129943035817e-22
-1.344317313558395791e-22
-1.689915136531771707e-22
-2.604680756000907866e-22
-2.140646409519750679e-23
-9.741850907838912798e-23
-2.258654244720958977e-23
-2.795683276061616250e-23
6.856202796627236133e-23
-9.174614385155400986e-23
1.265503267800971870e-22
-7.506398146410210469e-23
2.560005925489517010e-22
2.972783203745614030e-23
5.662185058925615887e-24
-8.010506157862722653e-25
-1.678690120385116929e-22
4.771278812232869634e-23
-7.832868082310594090e-23
2.049745484622153541e-22
-4.873124221287584639e-23
2.344088589217620570e-22
-7.615204051369484371e-23
3.080456961004402736e-22
-2.689063281756534963e-22
1.656013362786166352e-22
1.038933767477945456e-23
1.425231864665475955e-23
-5.344742603276867304e-23
5.859453555882958230e-23
2.582526982491307260e-22
-6.533576578671962169e-23
4.626929048390825141e-23
-8.843802657483895505e-23
6.869147749466951885e-23
8.181916642505213623e-23
4.004331494673503904e-23
-4.744450800060318054e-23
2.319244073023951312e-22
-1.150915905132122641e-22
-4.614909949547224913e-23
6.201388174227697428e-24
-9.759838765863332111e-23
-1.884953888297720906e-22
-2.219139506398368797e-24
5.467617077520100262e-23
-1.753885279700408059e-22
-7.865888585717872469e-23
-3.733059484162936891e-22
2.113927226698721461e-23
-8.025370255574486772e-23
1.063295143648826058e-23
2.395679011693018298e-22
-1.056874677308674698e-22
1.745954011056663559e-22
-1.665989658248583719e-22
1.494658036628034743e-23
3.533223970771188729e-23
-1.916345134954719740e-22
2.508852432352660954e-22
6.827119693685434406e-24
5.980382589688629492e-23
7.894431893452625230e-23
-1.136361574069167128e-22
1.062995523725998707e-22
4.299639206570963115e-23
1.468419822638365060e-22
-2.153826869331147628e-22
2.549458723348617955e-22
-1.536767616776668328e-22
6.509376573699177642e-23
5.661609096315194946e-25
7.122626874131346996e-23
6.224459956248218316e-23
-2.986246591262441888e-23
6.901022677304015158e-23
8.976102685900290774e-24
-9.596981269257342639e-23
1.713484199575505050e-22
-2.728738987970498210e-22
1.802319533819840132e-22
-2.042191881613301544e-22
2.125127334070305654e-22
-4.552309495481979951e-22
3.081684833509098454e-23
-5.033560395781112041e-23
-7.180509070463559107e-23
1.035291409662494706e-22
4.893447494032676333e-24
2.457153666967474763e-22
-3.162680804582401897e-22
-1.361966377501291904e-22
1.467713447658327122e-22
2.655783420506928347e-23
-2.082560654042790896e-22
1.312479923012812120e-22
8.714198966196523371e-23
2.890226492337268088e-23
3.340309416098663716e-23
1.999858952806114698e-22
-8.248134018246659690e-23
8.821067297435190153e-23
-1.902361319122207731e-23
-2.414228733271998643e-22
3.147938505052557293e-22
-1.223290936401367577e-22
1.213034579609895971e-22
-1.120631701735520325e-24
-6.311436287731961294e-24
-1.785544722306810771e-22
3.009610526153639317e-22
4.664086729721787387e-23
1.157962262016544265e-22
5.479695331794325777e-23
2.265645224945700794e-22
-3.510811466024438901e-24
6.756645880729516629e-23
-1.558918979691939106e-22
-2.529256970369128478e-22
-1.154585187144225545e-22
-9.105380999543931739e-23
-1.370143984591566241e-22
2.021471541616402492e-23
1.594350192999831155e-23
-1.736175684562396139e-22
-9.534432189157276136e-23
-2.191277632462983827e-22
1.669846414295363307e-22
-9.925514097205611584e-23
-4.827381556555060061e-23
3.275165925797111111e-22
-7.951032455413222287e-23
4.705830622847571175e-23
-3.485900227019064518e-23
-1.055825348462820039e-22
1.035417660166347765e-22
5.892504998351159639e-23
-5.997082175060924422e-23
-4.001330521335364225e-23
5.780439294882418672e-23
-1.284974003487471507e-22
6.730700739760645730e-23
6.843449737906735707e-23
-1.416805101480573598e-22
9.195719342866298155e-23
1.309565442000107211e-22
-6.684993554861001252e-23
1.609865936105710921e-22
2.456373065438549947e-22
-2.327123700654928310e-22
7.416344592131929066e-23
-1.889289983747294696e-22
-2.181921085553920911e-22
2.772028819081994624e-22
-3.070032407255707256e-22
1.791539114531662803e-22
3.222756037349861400e-23
-1.381401189482913467e-23
1.483283813762931000e-22
2.017662479864807676e-23
1.219010407265466905e-22
-1.961329772733060087e-23
9.806894219899918957e-23
-1.177859663982892757e-25
2.205527526272953882e-22
-1.643442077976324221e-22
2.783852494073390690e-23
-9.374597731733642552e-23
-1.062438803632806411e-22
1.656085942792848092e-22
2.256246653189461349e-22
4.304169701658921016e-23
-1.755073653180488955e-22
1.089217052815563534e-22
-9.268889532813002469e-25
-1.888620808892333769e-22
-2.379322643458416122e-23
-1.623832495174230324e-22
-1.006097864275443702e-22
-1.390669666307923386e-22
2.379441351417623968e-22
-7.291071872908334816e-23
3.830895314955421331e-23
-8.315752587988885645e-23
-1.753317124244813854e-22
1.612172941150766328e-22
-1.307205371353808366e-22
4.576159897897966699e-23
-2.213281491305419994e-23
-2.280793527689131188e-22
6.951372018171948806e-23
-1.381316861623895997e-22
-7.117187330950302712e-23
3.613426255054337952e-23
2.452125428739312855e-22
1.447478049771927908e-22
-1.007171400837277350e-22
2.550854664644832946e-22
-2.871635849720804906e-22
-1.776940017472622694e-23
1.721810258302075125e-22
-2.323701326606398378e-22
1.380664579799517449e-22
-9.497181229589610033e-23
-8.133273156046839984e-24
3.440352822785043988e-22
-3.339848549044600592e-22
7.809057309907973192e-23
-2.274225302673619720e-23
1.178344263472126688e-22
-7.201757657834500799e-23
4.571407149590270933e-23
1.084613073521297024e-22
-1.750313620720401079e-22
-2.479178468412017538e-23
-2.360459255362119001e-22
-1.423005378505721667e-23
1.668572720287377815e-22
3.242929529342212997e-23
2.238079622175914904e-22
9.926904793772862013e-24
9.307150839627728480e-23
2.757172452784171125e-23
2.569318146214903226e-22
3.538936310801865741e-23
9.854398549864470324e-23
-7.337502163619826341e-23
6.723795645988405903e-23
4.274779753623857494e-23
1.220060576221074258e-23
-1.485714613154014649e-22
1.319674569876973200e-22
-1.774608719114434078e-22
1.906560116395485083e-23
1.431018805703365598e-23
-8.071193297099509549e-23
-8.985969099409036744e-23
-9.572561529736886493e-23
1.146906182526367595e-22
-2.959467068145783804e-23
-3.363560434846104900e-23
-4.858066486087093079e-23
6.290613267599892858e-23
-3.799918137332324853e-23
4.656656808600404036e-23
-1.245130162591728486e-22
1.160901740723327798e-23
-6.597154125744203319e-24
2.555725938847487856e-23
-1.467215625288419137e-22
-1.674626230608280572e-22
-1.514150899103701299e-22
8.914456305007593335e-23
1.759151023745931516e-22
-1.558996304902965728e-22
-2.676675831572490807e-22
1.564463030969789778e-22
4.683605813551342412e-23
-2.456810200593846902e-22
-1.184878961754968254e-22
9.967911599052261227e-23
-8.398736188354035365e-23
-4.344721083265764178e-23
1.449814862486381937e-22
-1.306450673036314449e-22
1.029979888439081043e-22
-1.149976005934594166e-22
1.386992450979225951e-22
1.643326826108692972e-23
7.966075502320659975e-23
-1.695830616469245303e-23
2.218927662702730848e-22
1.441203740554696983e-22
2.084539712617633557e-22
1.312279436436728996e-22
1.982524778239447521e-22
3.889441392067039468e-24
1.470477169960126745e-22
1.559270633585669199e-22
-7.939176414700776682e-23
1.006014159902143931e-22
2.462215161144335504e-23
8.263196690588616445e-24
6.814255161838352569e-23
-3.447791440257427412e-22
-6.547321026759210419e-23
1.622104047273616968e-22
-4.449615270062819506e-22
-1.308999239540279709e-22
-1.746639062385100219e-23
-1.742685908691711392e-22
8.455385379644260439e-23
-2.222747242784560190e-24
-1.725144678538996377e-22
-1.204578430692799964e-22
5.534877557592416548e-23
-7.199933702419700817e-23
1.903620353311140892e-22
1.992582106175419789e-22
-1.003036773725119376e-22
2.527650192835276440e-22
-1.169462817645717409e-22
1.282420546107454280e-22
6.115348645823564700e-23
7.133215104841847261e-24
1.953031099127470333e-22
-2.786947934987955418e-22
2.382343833470842420e-22
5.926502826763141740e-23
-1.118720125641645052e-22
-1.943882706211350039e-22
2.602768982193372938e-22
-1.850482484346904254e-22
5.135411556579965627e-23
3.745316913034309856e-23
-3.855193739432228472e-22
-4.506261721398132792e-23
-1.939094200231441810e-22
1.093939478575644609e-22
8.005586095702443311e-23
-1.662312069406065894e-22
-1.377078036026697515e-22
-6.476334248552603188e-23
9.671532946177273580e-25
3.018409485996981830e-22
-1.224584009116813900e-22
2.475596889632042244e-23
-9.207346631351585056e-23
2.425577799477342615e-23
-5.407776975134136048e-23
-2.515241285344795256e-23
3.867472331291488592e-23
-1.780849044216916070e-22
1.364271545419520268e-22
-8.749667351214220703e-23
-7.276375226995448183e-23
-4.906943814709555367e-23
3.091789063900029102e-22
1.440110263976343300e-22
9.758589575308414045e-23
7.986344862997290413e-23
1.807031996104320522e-22
1.374375881032187451e-22
2.431203813913189070e-23
-1.402306306770485616e-22
-8.287476931131136337e-23
1.010689891749612097e-22
-1.522023196574142476e-22
2.475886186004919632e-22
-8.865979733894264291e-23
1.296024724750926709e-22
2.612538317144282982e-23
4.430737259804915180e-23
2.131509896472903186e-23
-9.557229308686246544e-23
-1.099533796975342044e-22
1.266817749077607885e-22
2.712520395965306749e-23
-3.504970258383976547e-23
-8.705850473004498394e-23
-2.164224229619035161e-23
-3.025562809083204845e-23
2.196866019951970309e-22
-6.173228226975033676e-23
9.562436365707318922e-23
-1.123367416359680471e-22
1.711374856936700002e-22
2.601816165770098760e-24
-3.657041235290006371e-22
1.555686199359438867e-22
-2.402600828117823552e-22
1.632516424355987558e-22
1.962455524980950274e-22
-5.956123304931806414e-23
1.063796511528372984e-22
-6.384560605587087537e-23
-1.905772054063701476e-22
-1.892079983798736038e-23
-6.371197476667992797e-23
-1.562556704940348949e-22
-1.769655702040381596e-22
-2.556760459895307977e-22
-1.388200155220161723e-22
1.599014697846982118e-22
-6.603150048396013387e-23
2.151324653069758483e-23
-8.386015178687361269e-23
4.266359331166956777e-23
-3.462716953716699293e-22
-8.185147362072981957e-24
-1.306093526812001049e-22
1.887274931626509510e-22
-2.231779590792198538e-23
1.305155221371824351e-23
1.232431215225378944e-22
-1.162557584305835715e-22
1.086652826827918010e-23
7.209027746161213257e-23
2.145896263095556802e-22
2.070420355147590162e-24
8.509215791007121081e-23
3.788033879964285364e-22
-5.743444403422611491e-23
-1.176269277162165316e-23
7.416061781281723715e-23
-4.452097098954925388e-23
2.682028822967511331e-23
2.200850089894545108e-22
1.303127150350494050e-22
3.231637041398007526e-22
1.381836328950346885e-22
1.114499063659767503e-22
1.549706148515725087e-22
-2.255814163697440055e-22
5.169191419444760757e-23
-2.160646653888956533e-22
-3.810299920821302405e-23
1.319610080483557470e-22
2.063732872865016282e-22
9.140310830040988338e-23
8.151890878381577199e-23
-2.026606251531657073e-22
7.454058200673508583e-23
-1.917681920698094354e-22
-1.465781853481177899e-22
-3.528825404738513879e-22
-7.258355384672097128e-25
-1.588318778564953979e-22
-1.578841464979631907e-22
8.814033740156358588e-23
2.548263960145788172e-23
-5.985223982281857715e-23
-6.088561674672576382e-23
-7.235829001980805426e-23
-1.181476334192707359e-22
-6.232884726853514110e-23
-5.622213686880963928e-23
2.735591523913770322e-23
3.162802832284861389e-23
-1.814226782564995961e-23
-2.513183599143656353e-22
-1.620473301599239167e-22
-1.510653026211351085e-22
1.950878950468996260e-22
-4.283273087547465402e-23
3.002099884742683213e-23
5.616662034854481692e-23
4.646189931281963003e-23
1.194180469042621838e-22
7.885896162444500298e-23
1.056443225863959224e-22
-1.334172402465079009e-22
2.621769937542684249e-22
-8.421835114875173137e-23
3.127397838764935118e-23
-1.857140221338327412e-23
-7.333596986636441982e-23
2.753554795483814749e-22
-9.159143381264149809e-23
1.620863645615989648e-22
-1.775029025084891225e-22
-7.298791194300665149e-23
4.976128605452867246e-23
1.320037360238761070e-22
4.397501250660435208e-24
1.736620872179110458e-22
-1.038459941050500329e-22
2.630648756155804020e-22
-5.466129182269621899e-23
5.762968466814264114e-23
-3.812532741026952762e-23
8.220001747271837828e-23
9.864460419917426394e-23
2.429988536723779835e-23
-1.640969714423149017e-23
1.009174223192505725e-22
-1.997583157235438396e-22
6.464333434945100561e-23
-3.294624303115259157e-23
-1.074327739138763196e-22
9.508028260583225941e-23
-1.063232249978361927e-22
2.288215961492807501e-22
-2.165527479901971676e-22
-1.201491578106672128e-23
1.790628227713414663e-22
3.811442007278979758e-24
-1.410550234384935112e-22
-1.794376796538852178e-22
-8.818598011809209935e-25
-3.067958093691915223e-23
-5.836496350103375087e-23
-3.881342305427720522e-23
-7.663753274285117775e-23
-4.935960087376464584e-23
