-3.460421025961342403e-22
5.069725222722442935e-23
-2.567497723915118984e-22
1.575988065280412599e-22
-2.290434196758332432e-22
-2.360953761050923429e-24
-1.491856742916658995e-22
1.972154874259375992e-22
-6.901966753655617121e-23
1.974355763288598731e-22
-1.634648885587084718e-22
-9.552915798165716302e-23
2.938184932836019139e-22
7.470243931833445145e-23
1.785392987310276682e-22
-3.633319910558232525e-23
2.082814233267101947e-23
3.247832292119478913e-22
6.602826415641481658e-23
-9.892268358759285156e-23
3.502042098590740170e-23
-5.782462275344767284e-23
5.912671835678104709e-23
2.122542370181130253e-22
6.805989972056765506e-24
1.306971548785516409e-22
6.779541316757964580e-23
2.223239396878548464e-22
2.378407047019459917e-22
-5.264973444055731781e-23
-2.140911896281064085e-23
1.693155403662449626e-22
-1.259636751606238642e-22
1.942389814541078243e-22
8.286070905980693080e-23
-1.881140501414453422e-23
2.063556151413149892e-22
2.022015148938236769e-22
1.357588120901763572e-22
1.743470392345545687e-22
5.079434021745086364e-23
1.184939710499544145e-22
1.248796834693353466e-22
2.733258539602107152e-22
-1.702000501536692246e-22
7.249007506426840130e-23
2.767919152105046751e-23
1.131156349970638823e-22
2.772194848224442686e-22
2.309908355619626990e-22
-3.294907696122674688e-23
1.114000173020680103e-22
1.553948082470277407e-22
1.735674369461859429e-22
3.342124939957501862e-22
9.512261625963825566e-23
5.132343106332568011e-23
3.218799800984020010e-22
2.404636210405256037e-22
-1.214226354881908181e-22
3.321633625806533132e-22
1.497005646863392033e-22
1.488192137908401575e-22
2.012530659363032602e-22
2.521749135311940279e-22
6.362684089882352266e-24
-3.409065098299357736e-23
1.017336654519335464e-22
-2.855569963258327015e-23
-1.115694140468025171e-23
4.488554891154587644e-23
1.195047525347302799e-23
1.210440362748414510e-22
-1.105298281537014995e-22
1.690121778063690572e-22
-2.427734281072891921e-22
2.344429757867247406e-22
-2.330748240410098879e-22
4.714306867026426746e-23
1.311263946259659533e-22
-1.587331987191815278e-22
-5.875522676198038351e-23
-6.023835109513106389e-23
5.041371678239833659e-23
-5.558497053371182521e-23
-3.083381810066102260e-22
2.417716270059232200e-23
-3.243315940751063195e-23
-2.646068211577268059e-22
2.993102588414387777e-22
-1.788461647749171458e-22
-6.886711382003973140e-23
-1.097788071234335841e-22
-6.399385235232977058e-23
-1.812162112271205170e-22
-1.374073422026804098e-22
-1.196155500873704842e-22
-1.705274358404606757e-22
8.344570995575218285e-23
1.475390362875157234e-23
-3.226530200982447602e-22
-6.804455888019987641e-23
-1.568041398050170029e-22
-1.538289555845116641e-22
-2.138092312700847950e-22
-1.567265670177957919e-22
-5.693724987909682214e-23
-3.403252760952564529e-22
-1.294980888877134615e-22
-4.548741735810365369e-22
-2.572565632832189485e-22
-4.070162176950214513e-22
-7.641492417274916076e-23
-1.131025742964538839e-22
-3.716078017382656674e-22
-5.726680015192975666e-23
-7.053111054476390771e-23
-2.643008063157454993e-22
-1.310636733325583791e-22
-1.972126559736409486e-22
3.364287678704308981e-23
6.925417661159122481e-23
-3.164881436282836452e-22
-2.343646170020019719e-22
-2.838636652050401940e-23
-1.561007434319784329e-23
2.463651264789877445e-23
-2.737331957424370069e-23
9.444833970340540996e-23
5.586330313092350913e-23
3.482911100151686388e-22
-1.622712952232627027e-22
1.170517335957236301e-22
-2.425804426886435480e-22
4.513327926076125598e-23
6.649590925323588324e-23
-1.072773946780363311e-23
-9.204014159967248323e-23
-7.190701536148740591e-23
1.100152759961435932e-22
-5.602874884436545304e-23
-1.156769231941785902e-22
-1.671151564434229442e-23
1.343457633472131763e-23
3.442267850659794504e-23
2.365201433595375865e-22
-2.102838799109252895e-23
2.206381999586372311e-22
2.090155683790261280e-22
4.823119046992548993e-23
-9.648733408624798031e-23
6.880222394063791599e-23
-1.547573113442603708e-23
1.490273157472370367e-22
1.889700013773159709e-23
1.147651953898540288e-22
-1.240219499080326484e-22
2.661312435136363120e-22
4.985077102196627942e-23
9.526420886117475117e-23
4.673264684252365879e-23
2.400455944778880580e-22
4.843253183407980228e-23
2.635293676302379686e-22
2.362379210912076588e-22
2.468572841452611272e-22
3.336699848075823855e-22
2.214817591836209139e-22
6.922228320207953671e-23
3.562709058396561031e-22
3.018230717067693249e-23
1.691946037011530760e-22
1.137716195479505615e-22
3.003609170406087472e-22
1.543314701135326332e-22
2.105626277927067226e-22
4.199712806693972913e-23
3.308066192915500427e-22
1.312502265797574536e-22
1.509027137006391648e-22
8.798437280385123131e-23
1.844758569245517465e-22
1.265056476136132287e-22
7.099297246119815984e-23
1.000440188956355821e-22
1.565203487511389600e-22
-9.104015803671319467e-23
1.926798794549653034e-22
6.368766106947148496e-23
1.062896802810844484e-22
-2.165216292820966909e-22
6.173312457706404659e-23
1.182934318075205715e-22
-8.508665500428898123e-23
-1.328045689208772351e-22
8.355207134184467202e-23
-2.519179432276245677e-22
6.277089561593236319e-23
-2.448952048555513933e-23
3.640446654576284014e-23
3.093641443814232214e-23
-6.482359476932357475e-23
-3.640294719178295518e-23
1.574971211775833580e-22
-4.317069597309025876e-24
-4.576167074566485546e-23
-7.417189655441235399e-23
-3.767417741974766020e-23
-4.410381615620242195e-22
6.490462708867494020e-23
-1.648291108292963143e-22
-3.996841517053686275e-23
-6.170981268866375498e-23
-3.470890719364726746e-23
-2.769483769800205140e-22
-9.022064290540806852e-23
-3.326478000827336146e-22
5.324833641072625810e-23
-1.504751061076832850e-22
-6.205262338769715843e-23
-1.918523140159550693e-22
-2.155002429577321599e-24
-1.991922177701093833e-22
1.979968505776328964e-22
-2.307121347982696966e-22
-2.119619204769286771e-22
-1.792023419150719041e-22
-3.775401484354189421e-23
-2.424542383433195897e-22
-3.026278812741918458e-22
-1.112084158002798782e-22
-2.460577599700289160e-22
4.224110838060899857e-24
-3.184671689818138115e-22
-2.110471984557512491e-22
-8.798304689593468967e-23
-6.456277860197171039e-23
-1.032646279558828276e-23
-1.030865108449099801e-22
-1.503520334739327789e-22
-8.437554100045540096e-23
-6.387209270671516691e-23
-6.615152220794857992e-23
-2.437860920151249536e-22
9.662121401484278979e-23
-2.477252106026853392e-22
5.873485892076413173e-23
-9.596306059227127400e-23
-2.266729426571702175e-23
-1.676320074620794091e-22
-2.754860534827450248e-22
1.247147849117014709e-23
-5.050556861355887376e-23
-7.635220263262274315e-23
1.836527135089797519e-23
-1.090019859802282394e-22
-1.759102344287789600e-22
-8.922003099782846150e-23
-1.269805981506249755e-22
-9.282628474005941278e-23
-1.065216755313217136e-22
1.453301178079608880e-22
-1.320155756531553052e-22
1.059430480201926307e-22
2.853618715485006017e-22
7.059430225175970404e-23
2.565249578916660390e-22
4.419716626896034221e-23
-4.548674411739416366e-24
-9.611392356419959451e-25
1.886414168544801743e-22
-3.611804383638718736e-22
2.561519112361702001e-22
1.766954289047091885e-22
-3.550228148459886822e-23
4.232004629508525279e-22
2.763282666985793282e-22
-1.891552820590632228e-23
3.254932080360882442e-22
-1.400844910641219300e-22
2.733218502842835975e-22
-6.682651811328548565e-23
3.586630140278630923e-22
3.477338107487874662e-22
4.531108763339215226e-22
1.751460139087814238e-22
3.398240179424617703e-22
2.611412278072143148e-22
1.728385058132858170e-22
-8.593917807499356988e-23
4.398123165683210777e-22
6.389995840290166107e-23
1.057594915903595084e-22
-1.767278251468531880e-22
4.117631362819732656e-22
2.069434245613021292e-23
3.943698489484713330e-23
1.194626827603156506e-22
8.814456227121332011e-23
2.090183096434689510e-22
3.889628420580531578e-23
1.711201705956753957e-22
6.391946716521048324e-23
-8.084353475472980378e-23
2.982537793309672201e-22
-1.170936859726600607e-22
1.009142951094908283e-22
6.345001016704983511e-23
4.824957192671296804e-23
-8.638902223452681237e-23
9.072009363689095885e-23
1.237729567582285454e-22
6.197136992298307284e-23
1.560228470979999208e-22
-5.685888149237158250e-23
2.756247281960199675e-24
-1.227584156894486777e-22
1.714329404028724406e-22
-3.326033965687729438e-24
-2.894417926935480406e-23
3.044428361749772900e-23
-1.051337452880079309e-24
-1.745907600023538503e-22
2.163300189424426088e-22
-7.730868167292389606e-23
-2.407557172663499809e-22
-1.205921142924466546e-23
-6.343779108582580548e-23
5.947968034935949215e-23
-1.855570244739524322e-23
1.144868162853017641e-22
-3.544425776878548362e-22
1.781257971026820418e-22
-2.799484811678555330e-22
-1.198236812816443244e-22
-2.708612719251471421e-22
2.247144857260865137e-23
-1.971635646856401418e-22
-1.198262143268204685e-22
-9.812010190972935727e-23
-1.350477512976013204e-22
-7.592030213495524363e-23
-3.461306030774415100e-22
-3.586420951100639637e-22
-2.260744705912773524e-22
-3.982662181341336772e-22
-1.863607705895057233e-22
-1.644890999973682709e-22
-3.129204034485570859e-23
-1.588028170618141337e-22
-1.450371743800881162e-23
-2.196546746471604157e-23
-1.230658119329102357e-22
-2.555903681349679316e-22
-3.172438555293632205e-22
-1.528131165441733976e-22
9.346399744715992072e-23
-4.202478843131299232e-22
1.284130890055226874e-22
-4.970681736953165533e-23
-1.174615760136785832e-22
-9.636376398541573342e-23
-3.205313555606920457e-22
1.396089186578380173e-22
-2.007917430770067487e-22
-1.373996123377085374e-23
-9.482607750633288439e-23
5.960384506185540779e-23
-1.329217878490144415e-22
1.346996324466245173e-22
-1.249912886827327945e-22
-1.799705800697545477e-22
-2.887241004783775793e-22
1.317121151807202346e-22
-2.001805862444201252e-22
-4.082922740703443930e-23
-1.507936330284795989e-22
1.059671203022523802e-22
8.437614653578870806e-23
-4.228267159455956466e-23
2.700885395689399061e-22
-1.303754277438950154e-22
1.042070890915754344e-22
-2.983006359216441169e-23
1.695827995870784239e-22
2.875283010152738866e-22
-4.894673192564821860e-24
3.565994392794847451e-22
3.591731257610782377e-23
-2.007148711978151549e-23
2.528627740126311025e-22
1.421769090119695943e-22
8.807286091729267803e-23
1.835975281370709364e-22
1.542650267025842278e-22
3.107096834321902580e-23
8.485663801544032456e-23
7.969348664152452397e-23
-1.477269856023401485e-22
1.965324190035548772e-22
3.152156663275388434e-23
-7.877488965163052312e-23
2.096170916987368709e-22
-6.292546009184136057e-23
1.117111950385622501e-22
2.866054509534697675e-22
2.531229505909162358e-22
1.978587625122220975e-22
1.489617724053210509e-22
3.560941906622004245e-22
3.219314381924071492e-22
-7.948973295725256439e-23
1.827398149412511479e-22
-6.588963719309788379e-23
4.724169529599202835e-23
1.429280642659765452e-22
1.220741217657977313e-22
4.990760873570581526e-22
1.107955494223058886e-22
1.383597404636378754e-22
2.031982268162344951e-22
-2.934259134424083267e-23
2.736708739475598858e-22
-5.228716454671473344e-23
-6.475725252481764912e-23
1.511750321467183468e-22
4.824605366854523830e-25
2.636747164505744026e-22
1.452834855939566907e-22
3.306243836323916713e-22
9.742415649391236164e-23
4.078879768616639198e-23
7.986257579587349571e-23
-1.017265459963593031e-23
1.845421088431941896e-22
-8.966397312907022152e-23
4.572103565501892530e-23
-3.948999986719993654e-23
4.478056919856292350e-23
-2.239602438007467633e-22
1.312139564423193548e-22
-1.275962695370262225e-22
-8.572827851111855415e-23
3.607835440599308555e-23
-3.108242933980049287e-22
-1.312165031468830307e-22
-1.131420207305212909e-22
2.663017195564171655e-23
-4.715722554458658362e-23
-2.855855624235864134e-22
-2.767092733086748404e-22
-8.089166670685728321e-23
-2.325651518736765994e-23
-2.931199996047300258e-22
-1.740528705500777458e-22
-6.713571421876808775e-23
-2.855091201669220954e-22
-1.693854060228997010e-22
-3.616263985382636142e-22
-1.458553438681515566e-23
-1.530387524740287437e-22
-7.931063507115408267e-23
-1.510713903279119022e-22
-1.298681845982904257e-22
-3.310621113384199517e-23
-1.203042020735823172e-22
-3.133848473576894790e-22
-2.817950183345223384e-22
-1.168092171623650314e-22
-3.170714873656171993e-22
1.075972612200302133e-22
-1.040490510004043608e-22
-2.092990637062499144e-22
-1.825154933151306407e-22
-1.102190945075095324e-22
-1.361233734979230207e-22
-2.938699285651019587e-22
1.854820235925390685e-22
-2.546345610280075889e-22
-6.829046560163149782e-23
-2.494537854216114101e-22
-2.952619908501094524e-23
-2.483554874885261582e-24
-1.659180832236560133e-23
-1.571669351107703426e-23
3.409072430028276207e-23
-5.926921249029269568e-23
-1.153630022938738058e-22
6.443192955227256707e-23
-1.784032886015317688e-22
1.173299625930831471e-22
-2.984515452494371704e-22
-2.064068391455089469e-24
-1.830508773853809581e-22
2.031443210208314736e-22
1.553810053062394885e-22
-2.097547578020837426e-22
9.934705550912446444e-23
1.022623543647135935e-22
1.075994466228764230e-22
-9.451721016794278930e-23
-6.033146427419216308e-23
7.496338021342140254e-24
1.670892756131263389e-22
-2.905699213229385596e-24
1.819904556729329118e-22
1.815856761720862797e-22
3.223164446137750105e-22
1.688092636715026958e-22
1.374990290816677331e-22
2.428028367880465735e-23
2.489139661897731675e-22
1.118480726222651921e-22
3.048331406133687805e-22
1.284643352209838946e-23
2.418680938773428925e-22
-1.202570506213191211e-22
7.404618524629474315e-23
1.873279444020798971e-22
2.718504238027579496e-22
-9.415455022800380195e-24
1.389365105710519699e-22
-1.066457599518412003e-22
4.277544472341220662e-22
2.560370430441866829e-22
1.631318026367516686e-22
7.036522019384013050e-23
9.070269919006723838e-23
1.577239142777698352e-22
2.109523798946414737e-22
2.172900006694558385e-22
2.037847259085412838e-23
2.126847944914156855e-22
-1.797144167276763357e-23
-7.556032135885161251e-23
1.192800423638564599e-22
2.378085965600500747e-22
7.906958659080385146e-23
1.603097152484927331e-22
1.857039048292588492e-22
7.051031938031104089e-23
2.250777387363791080e-23
2.771170046417654553e-23
2.834947794264146895e-22
6.012566573569476645e-23
3.611343798947015053e-24
3.156882582371630404e-22
-2.637893991597522749e-23
-5.967986294030977416e-23
-1.128004763149175196e-22
1.391147255062707847e-22
1.804411326603594984e-22
-4.553332681618820049e-23
6.678765976510896612e-23
-8.346212117396647691e-23
1.594031940119198402e-22
3.611388998397886316e-23
-1.970804954946512606e-22
1.212225623271253254e-22
-2.848022965738682169e-22
1.169418988906780415e-22
-4.356100565541567436e-22
-3.211204163735554171e-22
-1.850572678814442593e-22
-5.246630707310439878e-23
-1.822370209728861175e-22
-9.621355596879435005e-23
-2.520879375181358947e-22
1.016545727163201692e-23
-1.683582772270710815e-23
-9.897315056641734645e-23
-3.131502579255475220e-23
1.479593799930231940e-23
-2.037904518657557894e-22
-1.354509925132242529e-22
-2.853478490461322769e-22
-5.645302029896266276e-23
-1.837578177039777774e-22
1.769998785584099407e-23
-2.564460477347659057e-22
-2.130180377814664883e-22
-5.992620500938554317e-23
2.656121357768383678e-23
-2.395647570988589655e-22
-1.970620112524276211e-22
-7.030770164830972544e-23
2.780341376085090125e-23
-3.552534526139347909e-22
-3.360041979646345183e-22
-2.321420222688455467e-22
5.114910618554847107e-23
-1.740634302876991632e-22
-3.689878029173212806e-22
-1.787157681046405300e-23
1.531306406780832806e-23
-3.618992345555410973e-22
-2.449775241364408502e-22
-5.005787476807595057e-23
-1.926454000912294622e-22
-1.284205430241012208e-22
-1.087845847470300347e-22
-2.050653814769882101e-22
-1.276986772087061615e-22
-6.618636681809131726e-23
8.420649486734308178e-23
-4.150777356319120219e-23
2.340310083364767094e-22
-1.142675688776792880e-22
5.956052405875913796e-23
-1.258439957163213328e-22
1.954120630222224649e-22
1.847491612078553825e-22
-1.358006063744420956e-22
2.100516407284923273e-22
1.328819863593213868e-23
1.256473079807058860e-22
2.761183071312073529e-23
2.710108902864816190e-22
2.230114691547318566e-22
-2.749591272529914284e-23
2.976387874512821285e-23
-1.757361639450446022e-22
1.522389801564274169e-22
-2.688232078090016808e-24
1.459626196944478554e-22
1.366116226447829452e-22
2.353685026795846271e-22
-5.168732693426611637e-23
8.611113121582256523e-23
-8.951307992545309184e-23
1.919771089321831278e-22
2.412105971530583612e-22
3.233126164193988936e-22
2.380677319911829598e-22
4.565704109978027696e-23
4.700509776913830171e-22
3.828496119773466798e-22
2.161407712208990173e-22
2.757086039818582368e-22
1.515770964015956729e-23
3.196253781361888596e-22
-6.178753421763116334e-23
1.027338393981018805e-22
3.105310094573737191e-22
2.184529235533673121e-22
9.599676222957505031e-23
5.689913229346719816e-23
4.223869143478527598e-22
6.526907604401594350e-23
1.374260817987677780e-22
1.529078243125756779e-22
7.357261583787237514e-23
1.341355656383496002e-22
6.903199553834298924e-23
2.081723486325921841e-22
-4.561823246147601751e-23
-1.632205674293615950e-23
-1.951668111124550511e-23
-3.087571073421602575e-23
-8.546672787787221084e-23
4.439908586912282748e-23
-4.492012740560342433e-23
4.448443922180044703e-23
-9.118103127287591847e-23
-1.267747857807025580e-22
-1.514506536598877525e-22
-2.371153851118180881e-22
-2.191672543351499018e-23
3.376670206385864052e-23
-1.371882393448853170e-22
7.512369554812190078e-23
2.212063844109334665e-22
-1.260223028374329279e-22
-8.348472447174780171e-23
4.225119585614355523e-23
-3.057830250629911594e-23
1.862979668351155777e-22
-1.339097914432372861e-22
-1.401618874861470509e-22
-5.803437921617673240e-23
-9.486513288820827783e-23
-1.468471710525396545e-22
-7.638875797933197220e-23
-9.540736513693524673e-23
-2.984422813395268798e-22
-1.463618902844614453e-22
-3.435682373255827057e-24
-9.237209156288293802e-23
-1.582209103619028849e-22
-2.481578067351554114e-22
-1.111006338882640099e-22
-7.676207001890744225e-23
-2.757897285548402210e-22
-3.584173081557885810e-23
-2.071578872622491099e-22
5.018251769418433297e-23
-2.605108053065570469e-22
-2.179299655036199214e-22
2.083252640220110949e-23
-1.894295983054114441e-22
-4.013473600651822519e-22
-4.504665254612328933e-23
-2.216507735921261496e-22
-1.886248122943150665e-22
-6.856580953387009400e-23
-2.959438113562273077e-22
-4.431290966476157939e-23
-8.328416476564837706e-23
-4.145094672069840263e-22
-2.087876572134431432e-22
-9.139729438168388704e-23
-2.207033109575907672e-23
1.006265475956837854e-22
4.239561972442069805e-23
-9.069679709409263671e-23
8.025530106241261516e-23
-1.770188129676994851e-22
1.685594911138762955e-22
2.848849506438544961e-23
-2.093002098020056978e-22
6.490241065425051634e-23
-2.366995490463861445e-22
-1.536662735410272719e-23
1.313624257530880853e-22
-8.020099742140501241e-24
-1.159133288613803427e-22
1.160782978816960697e-22
-1.382133854954698920e-23
2.951123056769448660e-22
-9.410997034527084637e-23
2.452400088154509279e-22
-1.686913627426934595e-22
-1.505632960632239094e-22
2.133344553430907745e-22
-7.618529403560994510e-23
2.312105885892189071e-22
8.532281470730451582e-24
3.431670101339860467e-22
9.119398508548402270e-23
2.239428140093968929e-22
8.856849059091657534e-23
2.268544270968654793e-22
4.616161561912189314e-23
3.067431195104561570e-22
1.833981839566978392e-22
1.550564958379234879e-22
1.974824568240551191e-22
1.195667131960489509e-22
1.722074331544768180e-22
1.978335106757364167e-22
-5.182116411798996585e-23
2.575571203900990311e-22
1.980530398951929521e-22
2.191520796316340310e-22
-3.355269111565579099e-23
1.545701202060259067e-22
2.495508070204245589e-22
2.030265917497536929e-22
1.732824105872404421e-22
-8.306546200432208425e-24
2.636284496803317649e-22
2.048459285418680124e-22
-1.086756735984314631e-23
1.308471960452752475e-22
1.273116928422475269e-22
1.255791514224368395e-22
9.818349671922923386e-23
4.068661982827101552e-22
-4.994371879858299901e-23
2.401430514678679858e-22
1.043904943537120537e-24
1.988638307326233452e-22
-1.062786462859641301e-23
2.177389445718992296e-22
2.638532720947490679e-22
-1.307845113239009544e-22
-8.495846970276449016e-23
-1.208313571986930982e-22
7.870846517877326331e-23
-1.840900016380847098e-22
1.384210187563022401e-22
9.278453203743005487e-23
-6.859059493096414786e-23
-1.261051885088189420e-22
-4.250380107437977890e-22
-1.587375653561228808e-22
-1.067248659412546989e-23
-1.113417252359874641e-23
-4.582908802437810748e-23
1.315125160114543508e-22
-1.160943339161728954e-22
-4.658500819005477509e-22
1.198742094941870884e-22
-2.157572132683314995e-22
3.554668191929697989e-23
-4.218773499818193504e-22
-2.579704302565601543e-22
-2.309720366440122127e-22
-2.450662855056080090e-22
-1.955616174264726034e-22
-4.084663394081728144e-22
-1.309217909423420872e-22
-3.230403577970587323e-22
-4.253319439025885142e-22
-1.912475993099049563e-22
-1.295675172258606482e-22
-3.818814884725967633e-22
-2.673333289173709543e-22
7.833232110385051385e-23
-2.360362241623724292e-22
-1.245411602999040838e-22
-1.026908845614979842e-22
-1.289147990467073544e-22
-9.788789967023729959e-23
1.377894774112280693e-22
-2.706542862471550862e-22
-2.105070760355451885e-23
-1.086304648428751627e-22
1.432738482650478407e-22
1.090328554659723320e-22
4.875353629299519211e-23
-1.903624657217042958e-22
-2.845566632174093435e-24
-6.565374435950953024e-23
2.891525141055937526e-22
-1.168461299435687379e-22
2.497014314241944686e-22
1.699595330084992086e-23
-3.357549857858014873e-23
1.486761377595082848e-22
-1.811157526764770615e-23
-1.389954948282445602e-23
-1.318079772301899769e-22
-6.393821857884329870e-24
7.717502288117602018e-23
-4.088143537254600999e-23
-6.009319517488774358e-23
2.901231239275050534e-22
-1.859727678841868077e-22
-1.489583554255101454e-22
2.483448032171391406e-23
3.312695152284836342e-23
-1.307976877283644914e-22
-1.533336195089265485e-22
-1.094885760661364597e-22
1.924475299984240365e-23
2.270819160800925227e-23
1.793757844475346474e-22
6.851212683570476639e-23
2.714746375811197821e-22
-4.052725681605661100e-23
2.500155597869983028e-22
1.085396378358321651e-22
6.121508041510582979e-23
2.595008318597318988e-22
2.223056385484942432e-22
1.507076740325872844e-22
-2.247756990456589605e-23
8.847556692608629429e-23
2.846061448913199288e-22
2.951334372136281955e-22
3.168857155843042539e-22
-2.999078034843731170e-23
3.343835264607896048e-22
1.286930736640016852e-22
1.556155217013805780e-22
2.896556116428868080e-22
1.280099112407089265e-23
8.898263688424354941e-23
7.115926851057605670e-23
1.443592987524814413e-22
2.239459204397136116e-22
3.292973205638682070e-22
2.042223406572443998e-22
1.851444837140460098e-22
1.153943895997238368e-22
1.658906156792655406e-22
9.755142362868450790e-23
1.962705256092890212e-22
1.529004743042799935e-22
-9.994502497921091293e-23
1.858677246553280379e-22
1.535873358363320976e-22
-4.695848189285609892e-23
1.546771746849865515e-22
3.703843838956686184e-23
2.670921965278513284e-22
-1.709345938125518318e-23
-8.803769324149807416e-23
5.741716841492802229e-23
6.741812233682153840e-23
-4.524095174206733774e-23
-2.064483078595661245e-22
-7.142373264575219688e-23
-1.204748148403916679e-22
-1.358084517487998574e-22
-2.831460468790266571e-22
-2.751182811520909693e-22
-1.046860920535385934e-22
-1.124154298106119163e-22
-3.145857900730599418e-22
-1.746575929801684307e-22
-2.862674516134002341e-22
7.872470338913999624e-23
-3.628137630408038792e-22
-1.100364408083430843e-22
-2.531376738889268554e-22
-2.328773790322455921e-22
8.481888953266661547e-23
-3.708331022636454003e-22
-5.026349466463970706e-22
-2.015658067774177156e-23
-2.144648413481159542e-22
-1.972650611307980200e-22
-1.709716876873845548e-22
-1.947593004958725280e-22
-1.881787144912663027e-23
7.861726727878813053e-23
-3.289377456274971415e-22
1.032664973185814708e-22
-1.441502767346955429e-22
-7.765549993794475735e-23
-1.609858359799078615e-22
-2.365924577440655314e-22
1.915661516228912158e-23
-2.237648124709750297e-22
-1.191308409505512207e-22
-2.794121611136973512e-22
-1.103136864269662775e-22
-2.059059074680819222e-22
1.253960273433503024e-22
1.840078441309256054e-23
-1.796569636167611224e-24
-9.771498437954347722e-23
1.258679950477566682e-22
-3.711831865576409167e-23
-1.115156857752933447e-22
5.248874151976854139e-23
3.802896323153492777e-23
-1.272528389492667335e-22
5.275617482764320328e-23
6.324894916165944944e-23
1.320361115174146472e-22
-3.346666883575554258e-23
-1.419307658547536800e-22
1.728789644869668388e-23
1.096854605047261031e-22
1.230363497682702403e-22
-9.306509419326968930e-23
1.854847172444660547e-22
-2.200522503780881160e-23
5.697010280614742481e-23
2.537873496597059283e-23
1.516563517683966510e-22
3.948369499640893704e-23
1.895030298579777327e-22
-9.423049742487234995e-24
9.250137592188280773e-23
1.449879151736915694e-22
1.076953088994850815e-22
2.418275309840263106e-22
6.000075448382373525e-23
3.750941674587342024e-22
2.946738512010520000e-23
2.158268467484806526e-22
2.592970877331516216e-22
2.425087497639577968e-22
8.835344892755582434e-23
1.363137614946002754e-22
1.846891485476106608e-22
1.792551532445099862e-22
2.830619111744448799e-22
8.225073910552500011e-24
1.577818291276229010e-22
2.284789670588673970e-22
-3.559538037044786827e-23
4.662414560130782384e-22
2.961357604550697987e-24
1.930669979958229852e-22
3.971234862371378562e-24
1.001852203003324632e-22
1.235001572667329665e-22
2.713494639550814972e-22
7.390060962511745943e-23
1.322431912442021243e-22
4.703107754885503443e-24
3.486985362328030182e-22
4.134594670591053599e-23
1.662193729440378761e-22
-1.283742279562117179e-22
9.011466156646820200e-23
1.185994954053748026e-22
3.218106172829777039e-22
-1.767438917254309673e-22
-1.377665619957015465e-23
-1.852241614019627964e-22
-1.421389311754844420e-22
-4.184173547018557061e-23
5.239526510992122659e-24
-1.901610483107618229e-22
-1.733685902356749127e-22
-6.973338074647342579e-23
2.222831745747341922e-23
-3.372880447022750581e-22
-2.958532835705640169e-23
-7.727517810458623710e-23
-8.064631291906029740e-23
-2.593386724820399111e-22
2.915958196776775493e-23
-1.779331298193080767e-22
-7.399658589825597334e-23
-5.420460589563959225e-23
-2.557566357313545330e-22
-9.054852019370599105e-23
-3.347301663203294965e-23
-1.938000580337045392e-22
-2.974615442904425040e-22
-3.184716629379935958e-22
-2.142138543988675513e-22
-2.407245781972759553e-22
-2.880620788171018411e-22
-1.258496993477008187e-22
-2.184943691333901311e-22
6.912402879720416406e-23
5.885093397712411371e-23
-3.268759966811670102e-22
-1.760442202690029088e-22
-2.063022975590039922e-22
-3.119256512388059922e-22
-2.095898463352651573e-22
-3.464413447151280484e-22
1.169448912991034496e-22
-3.404187524304964930e-22
4.913077073824450688e-23
-1.785263091370972752e-22
4.878464548653121668e-23
-5.318229489929107596e-23
2.016731422253197989e-23
-1.868203620617651131e-22
2.124723331640823256e-22
-2.183147361903610436e-23
-9.170799831128325042e-23
2.718570375152864359e-22
-4.313038334095821773e-23
5.099239675145862389e-23
-1.709116528582416082e-22
-8.525512430352752638e-23
1.323046587638660501e-22
1.116192718527070054e-22
1.423635588054178361e-22
-1.216634354391276764e-22
2.246697156917225656e-22
-2.200183849131906843e-22
2.685972235533467686e-22
1.188594741516141524e-22
2.652536458918051925e-22
-1.989341639674347060e-22
2.318020765541100763e-22
-1.233699961724617175e-22
3.705645474205064364e-22
-1.146229993614372573e-22
-5.956295481447929016e-23
1.706663699175973624e-22
2.826363988430871235e-23
1.373865775491328997e-22
1.109155960894747786e-22
2.784042818327695431e-22
-2.398289768166669871e-23
3.747804449994709184e-23
7.611042182224958749e-23
1.735545978449388333e-22
7.070999152356901461e-23
2.410620427446929552e-22
-1.533707588057117278e-22
9.356914544552034461e-23
2.074682525838610463e-22
1.946801412897018878e-23
1.074926773172530337e-22
3.389197920320310912e-22
3.907842321347821171e-23
3.912474645931949148e-22
1.492284156194262626e-22
1.715276764533235825e-22
2.665060270189232579e-22
4.222739830717911926e-22
1.557424466165950854e-22
3.257139533571334939e-22
1.493958540932287619e-22
3.080847058612399103e-22
2.307207987537355436e-23
2.527785087159825513e-22
-1.005890857302678386e-22
5.943500631887576744e-23
2.429924886713444059e-22
2.976965173683043297e-22
-1.054436826247523886e-22
5.817721130157906688e-23
-1.027798159729107861e-22
3.210308525167044711e-22
-1.232108138889805132e-22
1.000322261086597693e-22
-1.278490931956205470e-22
-1.080494765244542619e-22
-1.383152671757708137e-23
-9.503014127763625491e-23
-6.930985141769379825e-23
3.659256128670871777e-23
-1.689820499227347990e-22
-1.005497971836664151e-22
-1.987593984350086981e-22
-2.602690908366595035e-22
-9.115596668159430897e-23
-3.739075005328573300e-22
-1.291160872878757783e-22
-2.327583865561776220e-22
-2.307195697006165109e-22
-1.837138440497353740e-22
-2.479467384796133445e-22
-3.578228334682998106e-22
-3.526801511499247172e-22
-1.221208342813709557e-22
-2.235194931492170400e-22
-2.983765238842385578e-22
-9.268511679219018642e-23
-3.077874877611913864e-22
-1.730290558049018597e-22
-2.224600527428876195e-22
-2.190883491744991345e-22
-1.211932607810214198e-22
-3.461642002730939789e-22
-4.083645660007143716e-23
-2.334813667183422278e-22
-5.953182092916382363e-23
4.429823488348874250e-23
6.362039352944674347e-23
-5.679485549709890358e-23
9.936252941726648519e-23
-1.741286584006884591e-22
-1.919115506138984806e-22
2.544643899128862756e-23
-3.738734995295924145e-23
-8.661829539562673703e-23
-1.734856152955745465e-22
-5.810008318023869232e-23
8.892502125076468866e-24
-1.235709643884469110e-22
1.216336196960090761e-22
3.389362404659184705e-23
4.909542477906563910e-23
4.223763607058901294e-23
3.658811914414355569e-22
3.692398286428962339e-23
-2.569018579562293207e-23
-8.747313018893276970e-23
9.403357096535668158e-23
-1.389599711978480179e-22
7.738404321619551142e-23
3.140111398724663368e-23
2.232811972698533701e-22
-1.562732782236516108e-22
-3.128525241531966929e-23
8.479258398023899950e-23
-3.813381279479548769e-23
2.320548846506990700e-22
2.176273018626309863e-22
2.788180281078683037e-22
2.389422381356672898e-22
2.355468205056875414e-22
3.477999915401589108e-22
-1.917958262180019475e-22
4.160342474323501895e-22
1.577134771689146909e-22
3.040293801411239565e-22
-7.339263499914953423e-23
1.687950922094645925e-22
1.196706585007008434e-22
1.354068968703858267e-22
9.518868529533769148e-24
1.919369651669301318e-22
6.772111791319337930e-23
5.064744428903547849e-23
2.702987585902424241e-22
-1.055496876511706658e-22
2.701161207711842781e-22
5.272764032208352501e-23
9.737869729748445483e-23
2.040368732491759019e-22
2.444043264073016795e-22
3.874791887749790457e-23
1.841902716326888777e-22
8.116314017460937249e-23
2.775246158952771672e-22
8.598441935878901510e-23
2.496744694907922725e-22
-1.473565007238840306e-23
-4.087750195157317133e-24
8.970174858805027083e-23
-5.895523531777190057e-23
1.795281689159245236e-22
-8.177138408609901103e-23
-1.500409084083880102e-23
-8.248628672236513675e-23
5.466674877215727477e-23
-8.894255677850605524e-23
-1.778085299165820590e-22
-2.698580711423281764e-22
6.933046109901873576e-23
9.416742539267571670e-23
-3.240223241765244416e-23
-1.050027744421992947e-22
1.345797244337718381e-22
-4.289573280619005024e-23
8.617990433097937060e-23
-9.097469788564244765e-23
-2.501051081221540408e-22
-1.537918924830781118e-22
-1.787879274431846898e-22
-1.908058724538430798e-22
-1.483764659695284398e-22
-2.444083844570480680e-22
7.480620169566432236e-23
-3.537929566834358560e-22
-2.323590308961054277e-22
-2.535792816359232144e-22
-2.405051044075046742e-22
-3.560230452944182353e-23
-1.897605074431525548e-22
-1.695994183209449422e-22
-3.984245065274395181e-22
-6.180035496329122168e-23
-2.688669400331580784e-22
-2.297358177801165311e-22
-1.896522529620624348e-22
-2.906870910589224392e-22
-2.641203724869927994e-22
2.368595755421092448e-23
2.036941125644784572e-24
-6.387933607465498341e-23
-2.586881018347377571e-22
-2.743719064810173973e-22
-4.521853847904620674e-23
-2.352126879405998387e-22
-1.048299484411944061e-22
1.832392931593023628e-22
-2.476288269147110392e-22
6.867990882239608707e-23
-1.127482011601745736e-22
-2.235289335639425035e-23
7.055744991230348531e-23
-5.845526114596021593e-23
-1.078579522691755328e-22
6.476720732102785369e-23
2.141166528327712719e-22
8.884786336987378660e-23
3.777966887460383356e-24
2.231183565247247034e-22
-1.614808398327158319e-22
5.197491379225839858e-22
-8.538412095683775410e-23
3.010184866994599461e-22
-7.156691072318776343e-23
3.021385466217198194e-22
-1.514161064158360167e-22
-9.436826830899470114e-23
2.252533279340902028e-23
2.461510745065092197e-22
1.047088665248817429e-22
2.256400996221338174e-22
1.263330628205450742e-22
1.876923448237214748e-22
-1.026861051026691878e-22
1.355411963878251947e-22
3.615608010544029644e-22
3.295847291682965021e-22
9.992707559804072992e-23
2.735718796393718666e-22
3.371018363461013928e-22
2.554047111087486261e-22
2.749884765436771853e-23
3.387408643678254337e-22
3.436822087479072329e-22
1.263902919671793945e-22
3.716786351341510564e-22
-6.956633097074989201e-23
2.905108987747304286e-22
-1.703062520956046893e-23
2.338737574369206695e-22
2.596515319404334139e-22
2.488560931441077025e-22
-2.606425884474243225e-23
2.645924413476480048e-22
-1.149436453353080773e-22
5.392411245402467530e-23
-1.830903599422566764e-22
-1.569795321036142758e-22
1.872328409906875842e-22
-1.085816223044095314e-22
-2.894666110006458108e-23
3.165299901236595294e-23
9.927098770876442981e-24
-5.200112738659482474e-23
-1.112474395786408571e-23
-1.976054912590864450e-22
4.014754408620627270e-23
2.200141712718807391e-22
-2.381458048721765394e-22
7.734070600038143926e-23
-1.967085645350439488e-22
-1.120737387945714683e-22
-2.058268495072534481e-24
-7.468626329929510198e-23
-3.700331172675968450e-23
-1.869762178710322509e-22
-3.496583669844285048e-22
-2.786871041199182168e-22
-1.443355670724280571e-22
-3.162774965740117144e-22
6.487190226034728467e-23
-2.727921818657152842e-22
-2.467145534849195159e-22
-1.083644506060739491e-22
-3.169032293756187968e-22
2.267057988182023807e-26
-1.669051939398011449e-22
-6.431324843136502645e-23
-2.078236980812733470e-22
-2.286352328219527073e-22
-1.439474387330478681e-22
-2.468114972038012660e-22
-2.179824974374002729e-22
-1.915955815488641205e-22
-2.454230087294395251e-22
-8.954931845845528256e-23
-2.681898162555546434e-22
-1.112890891272468385e-22
-4.299344251062031088e-22
3.438011942738762326e-26
8.190997005657224693e-24
1.096801911363527468e-22
1.320068724419031274e-23
2.912601314418531523e-23
9.594140687391316708e-23
-1.880088017213324038e-24
7.674442711230494153e-23
1.018436098028427088e-22
-6.403086083288191728e-23
-2.334318128169539499e-23
-1.765278625164876558e-22
-7.008670969656507344e-23
6.623161445817871958e-23
8.616872967402399716e-23
-1.987151989686119262e-22
-2.455907047278041841e-23
1.044981049602530029e-22
2.107889580509253802e-22
-8.555996334989895662e-23
3.024514690332173159e-22
2.804657120533385797e-22
2.227865562884375007e-23
2.309891679050711392e-23
-5.518616087749467981e-23
1.896323600681091588e-23
-1.192781454733136773e-23
2.393059032141748456e-22
1.730365944859422558e-22
1.055439593147329188e-22
2.339828757777755251e-22
1.854399777177887844e-22
2.562947460447056795e-22
3.874379796815848116e-22
-1.067281522783993439e-23
2.911412236947589603e-22
8.525033494237294544e-23
9.336364914429874516e-23
1.515915621521064294e-22
1.836361152771378290e-22
3.109072217224951967e-22
7.921761583444411161e-23
2.409321940735082446e-22
-1.135138075279122060e-22
2.611816949645006381e-22
3.034368402772769676e-23
1.516572644425129450e-22
4.151588087059330151e-23
3.914748443584524928e-22
3.735311267671292084e-22
9.960967936494688338e-23
2.324571544901994520e-22
3.175712042183510125e-22
7.678484245133084909e-23
1.095497444397707834e-23
-2.273874515114872505e-22
1.522304689397558551e-22
-2.326676623133806780e-23
1.160144463624707547e-22
-5.770862190877067785e-23
-2.061549046398948422e-22
3.246563916256830116e-23
-1.091154971989073265e-22
-1.843674745326650435e-22
-7.616029775014846468e-23
1.000886814429460958e-22
-3.437558853680908023e-22
-1.011674078256499101e-22
6.333451113986719085e-23
-2.062781349004138622e-22
-6.447237152149203416e-23
-5.487139639815169415e-23
-3.764815849108526172e-23
-1.082321580210345507e-22
-1.955897663562046030e-22
-9.176721241775958617e-23
-8.249562290629792964e-23
-1.663222469161905542e-22
-1.418054437007369596e-22
-2.234052084287101690e-22
-3.049298502167899123e-22
-2.988943044901630033e-22
-2.621342186004127275e-22
-1.165700169064836341e-22
-1.357832416500540674e-22
-1.504319867288984504e-22
-3.839363165228786454e-22
-2.380718876360008194e-22
-2.996491419345639664e-22
-1.724694365544189913e-22
-3.875078622178823830e-22
-7.932663352655239269e-23
-1.445864101466111635e-22
-1.550160554236780172e-22
-1.783241065993831466e-22
1.395135758936937149e-22
-2.573552432282010692e-22
-2.221466414862225253e-22
-2.938382217754910272e-22
-1.251747205447761145e-23
2.698400949767264918e-22
-8.481121744388561035e-23
-1.310364661243748324e-22
-6.362853184390379974e-24
1.235566280189989652e-22
3.030464558582551486e-23
1.705083910925715390e-22
-9.538222638330012961e-23
3.641503727740564588e-23
1.382929828069853755e-22
3.781431581116990382e-23
1.517971745767834919e-22
-2.412553177923831008e-23
7.453900900924459769e-23
2.409007203075671949e-22
3.130082556546234958e-22
1.299562509463526474e-22
1.126107178951667995e-23
4.988009391357119856e-23
2.573081943445580335e-22
1.562135795139875632e-22
1.711419819061505354e-22
1.472244509040819952e-22
1.128656669748447972e-22
3.293242484541715942e-23
2.059641247062689445e-22
1.011134462637532565e-22
2.198799075157005574e-22
2.387365703314603312e-22
4.057742749221009905e-22
6.740627339813195653e-23
3.598720897155370039e-22
1.619040526930612516e-22
8.818169715083355016e-23
1.820527238808414192e-22
1.546756173943852576e-22
4.244013753642582392e-22
1.133817880979454289e-22
1.325585384642601411e-22
-3.245860968393666885e-23
1.061633706689597325e-22
-3.432983027242516251e-23
4.815028404217778185e-23
1.293313968903872206e-22
1.577702454986845852e-22
1.104100674181176998e-23
3.215110310462082454e-22
-7.874548718883988253e-23
4.711238195107470646e-23
1.349663255017202965e-22
-7.693877207311909153e-23
7.476653730746943265e-23
4.553500543675275862e-23
-2.302707633104110163e-22
-3.908924423798132247e-24
-7.745772787126003206e-23
-1.386381333930016769e-22
-1.226025575330357173e-22
-9.033230603698772001e-23
-3.264068619526121612e-23
7.630948085822673500e-24
-3.972406263933115944e-22
1.199191890525470905e-22
-1.451179871233657753e-22
-6.809435007954472101e-23
-4.729823757111998500e-23
-3.074540690163949609e-22
-2.478373685320400606e-22
-1.867754397466157077e-23
-1.153003916740591678e-22
-2.676305143506306916e-22
-2.071314195058401257e-22
-2.014116789129867690e-22
-3.805992207806559404e-22
-3.421493699914829349e-22
-4.734049273997098091e-22
-3.858342481386545913e-23
-7.753183363559229591e-23
-1.493169502861782183e-22
-8.945813696003437570e-23
-3.653427154261972218e-22
-2.113584170831464130e-22
-1.528803108113788343e-22
-6.408514623600607001e-23
6.809033577383721023e-23
-1.871492939127986457e-22
-8.680485683042122885e-23
-1.104488492677393646e-22
-3.250744893988384906e-23
-2.020397793647700100e-23
-3.318537429560107028e-22
2.547409458016933642e-23
-9.647625478338316879e-23
2.445795765300226360e-22
2.560680568697923276e-23
-1.047700905352990458e-22
1.209689942629273722e-22
1.580025222330941708e-22
-3.470841362119896301e-23
-1.331345645346266891e-23
1.107405439195765955e-22
-2.659615837189856255e-23
7.661550021090731148e-25
1.380653476274886337e-22
1.296765768473559414e-22
1.331660784554627092e-23
2.214043163757326205e-22
-1.302380294897560846e-22
8.472022307937903527e-23
1.824187416347359133e-22
8.877966702738670232e-23
2.686347298486061915e-22
7.246785069016768543e-23
1.852814657906065799e-22
2.787825432750177626e-22
4.551226177917904206e-22
1.664221602353095413e-22
-3.590724757426585717e-23
1.950126009147126330e-22
3.169103952646605129e-22
-6.894756174131041051e-23
4.585355958634538614e-23
3.071612419807309021e-22
2.102129692921353881e-22
-8.702781648977663569e-23
1.565684270643333230e-22
4.100129989725600378e-22
1.624429864709558227e-22
3.378129190934518463e-22
2.494012172905724129e-22
4.132288536733469593e-23
2.032649106663411336e-22
-4.792537174000743191e-23
2.280826185283192011e-22
1.649800491114116418e-22
1.474871240784172359e-22
3.007065564734536668e-22
-1.152095311024309248e-22
1.311587762092815064e-22
-1.898780656982890554e-22
1.765812370279443834e-22
-8.343009579483685550e-23
-7.622333440964032655e-23
-8.490024130561702461e-23
-2.015983957611474089e-22
-4.846447622901255991e-23
-7.578414052968340436e-23
2.748470269186766420e-22
-1.922480535024726524e-22
-8.895524773817803662e-23
-7.345080969475018926e-23
-2.228192991129783817e-22
-2.048871942695925834e-22
-4.100624715102702018e-22
-1.489596330685129197e-22
-4.135814298627224000e-22
-1.794305613442172861e-22
-1.296224174981855686e-22
-1.925171531528934908e-22
-2.271155938532037654e-22
-9.500591355711664456e-23
-3.519639816944721241e-22
-9.410443909388156322e-23
-1.536148679723197162e-22
-1.687239050650024754e-22
-4.346236516060506588e-22
-1.233168502758495848e-22
-2.273497589361096141e-22
-3.774563797650139931e-22
-1.449652470229877976e-22
-2.093781212895842234e-22
-5.562544638025387093e-23
1.362226607443999027e-22
-2.568728296306687223e-22
-1.704089764746872221e-22
-2.208745613900751378e-22
-1.601751807117049703e-22
-1.791648928608916010e-22
-1.391321301984227704e-22
-2.503405610214023385e-22
6.980379478369523412e-23
-6.617001969677027499e-23
-8.605036245424223782e-23
9.113785289905901791e-23
2.165306653902059377e-22
6.611620646507081830e-23
2.718700677632053773e-22
3.518587581976503122e-22
7.560837729371719835e-23
9.669233436387844489e-23
3.959758068815127753e-23
-7.483691615547952733e-23
1.247156981849391412e-23
9.874484451360199670e-23
2.147404146048778224e-22
2.016586966097548699e-22
1.943621129596331487e-22
4.102690583826358953e-22
5.103138235716512311e-23
5.598839068672080853e-22
1.836886215653727384e-22
2.116901218676620123e-22
3.372289457167936022e-22
1.628275459558654474e-22
3.932694894908397828e-22
2.522359161044417653e-22
3.977167504129011815e-22
2.351059469957831503e-22
1.398693647304453565e-22
2.355882497977126891e-22
4.418748224667910060e-22
8.163288245257659536e-23
8.018822922771939169e-23
-1.831601614831379958e-22
8.291214705655032000e-23
1.046950797852618495e-22
-2.761921050839595582e-23
-7.785536597824717982e-23
3.062266571215392952e-22
7.756633932947964351e-23
9.749764269127658160e-23
-9.027948071571161506e-23
5.013078932623743984e-23
-1.954221229314852312e-23
1.300545936393061354e-22
-1.171200093339387400e-22
-1.252440412945409256e-22
-1.851702909823060909e-22
1.055852103253903631e-22
-3.472538882798310204e-22
-2.317168664797855115e-22
-1.032065721142092742e-22
-2.444594451749216008e-22
-7.680603182396693183e-23
1.132130186555731206e-22
-2.363901992066040036e-22
-3.356533329448810971e-22
-2.620525458103731273e-22
-1.054895081156621277e-22
-2.927920049074485302e-22
-2.312864747882069131e-22
-3.761910706343071490e-22
-4.046712643934678048e-22
3.955145745961389471e-23
-4.038518145413793745e-22
-5.604425613346784144e-23
-2.444474308254930103e-22
-4.259981560016765393e-23
-1.751944763949315084e-22
1.482454997185128814e-23
-3.636252418248468171e-22
-1.768353293278193073e-22
1.264825044932024619e-22
-2.409738622451276525e-22
-2.993639357534658643e-23
-3.556710429868922922e-22
-1.542080116039842709e-22
-2.056021820243259341e-22
-2.066572881442304847e-22
3.101448882119118779e-23
-2.272078087211578097e-22
-1.495397625091233346e-22
2.023654641242244225e-22
1.418663753119750387e-22
-2.231473653349034497e-22
9.792219725559643640e-24
2.451045496928933209e-23
2.081343216016577764e-22
1.220734463421274433e-22
2.369416230580325098e-22
3.503821965094340925e-22
1.120885811240191339e-22
5.095874625986110170e-22
-1.698287363989615390e-22
4.252028887465974213e-22
5.618628135226565453e-23
2.772966969794191861e-22
3.113537809643675728e-22
2.596746443896314039e-22
2.302338712812150258e-22
1.782888665116449238e-22
3.283436391603199840e-22
1.494651980377270040e-22
2.317736135303013512e-22
3.837417825242315155e-23
5.583860328345279018e-22
1.004309750477758585e-22
1.322794868347719807e-22
8.620373476150832031e-23
2.559891410963891844e-22
-2.249397469764846264e-24
1.550136078448279220e-22
1.648242824070480885e-23
2.579667980146752518e-22
6.872022414625267524e-23
2.687323819474108543e-22
2.436288480013720813e-23
2.739302961716930755e-22
1.324447850429579979e-22
-4.922100241119927346e-23
6.754547747060887006e-24
2.263839261452112946e-22
-4.035808807946476185e-22
-7.007468998736303213e-23
-8.640646580379686836e-23
-6.980880711346720929e-23
1.520458518909303892e-23
-5.522755512705902674e-22
2.921123599182441681e-23
-4.027535106524317535e-22
-2.309991448635754298e-22
-2.116593529704453057e-22
-2.465357199952910544e-22
-1.568136810118255542e-22
-2.327771911451480247e-22
-2.082413215590705670e-22
-3.488163172724381161e-22
-2.310156767963217747e-22
-2.058753696617053773e-22
-3.913143364737857978e-22
-1.739063505173359021e-22
-4.801781843475035457e-22
-1.309416095753841422e-22
-1.678296505659005894e-22
-3.030785257422393736e-22
-4.652197011050866012e-23
-9.215818991094615284e-23
1.544376833504567239e-22
-1.265828708350306387e-22
-1.289658405910431131e-22
-8.819130177128203598e-23
-8.511406637645049903e-23
-1.619257969823117115e-22
-9.702512709952374238e-23
8.493147300809235512e-23
-1.302000322502209190e-22
2.899357969210219159e-23
1.410693362128352142e-22
1.143935945939097260e-22
1.578563157650799428e-22
1.161937699419278637e-22
5.742706603176321528e-23
3.608675162903764459e-22
-2.151492747270387720e-24
2.988574199969215532e-22
2.482963437325511799e-23
-2.415880663209149586e-23
4.407009345011461644e-22
1.670654803276709709e-23
-1.090949449766992539e-22
3.412740086723178563e-22
2.745920639964195103e-22
2.629513663022287225e-22
2.206727284479717193e-22
2.561297726376166573e-22
3.184159819426706903e-22
2.925942291342888811e-22
4.823109165799787274e-22
1.640918380039188127e-22
2.909022356702108450e-23
2.172541118325200668e-22
1.681868905523704964e-22
1.564640104307162442e-22
2.765956836113967661e-22
-6.435447526150430151e-23
1.351916127384427434e-22
2.571257467594657605e-22
1.814994747385108302e-22
8.113762197570511511e-23
-3.128370864236062539e-23
-3.358154134369100665e-23
-2.342337378876904757e-22
-3.328568144712615896e-22
1.690962351269325929e-23
-9.332823452123759802e-23
-4.414112615001125479e-22
-5.044879310611243955e-23
-1.822199364506293685e-22
-4.046121185288157344e-22
-2.756192070714099800e-22
-3.736902371121529560e-22
-2.944545573715052880e-22
-1.605698198468084615e-22
-2.130805682090974203e-22
-3.598919198184327434e-22
-1.060174168793090471e-22
-1.717781892506294679e-22
-2.146222907196755925e-22
-3.682530259704505055e-23
-2.162385460376985555e-22
-1.706700520153132841e-22
-2.907829527624930476e-22
-2.235795863431834234e-22
-2.003486382027540768e-22
2.229328051143436478e-22
-1.978192891275541202e-22
9.423197631844345563e-24
-9.612451816420912608e-23
-2.840871585303819380e-22
1.400198433238593405e-23
2.030019247145531114e-22
1.240911231574820768e-22
-3.040111845089800712e-23
2.089095079477994189e-22
3.389073456583378459e-23
2.639023484160958748e-22
1.725746766069147600e-22
2.270445593517494597e-22
1.687381159156687032e-22
2.498191066489754682e-22
1.882455522064726869e-22
4.067158347215429439e-22
2.957770523963051551e-22
3.395134867892305038e-22
5.408258864691812538e-22
2.246506437639774178e-22
2.768214138260408372e-22
1.523249411468550761e-22
3.869425837751920517e-22
7.823401525294603777e-24
1.354105033815239520e-22
-9.292626657867226315e-23
2.704807967359218569e-22
-1.578746318740010733e-23
-5.032290286116087239e-23
-1.611656386787006775e-22
-1.870094405963621551e-22
1.869532204905197714e-22
-2.030001507090212518e-22
-3.738337870982268371e-22
-4.114800447406977059e-22
-2.576210354777698690e-22
-3.374120883347438986e-22
-3.521964879029941257e-22
-3.385334618192422755e-22
-2.542535653378042405e-22
-1.038382242329874752e-22
-2.511981351751317474e-22
-3.490767636701132542e-23
-5.844949159942812616e-23
3.404738814128396733e-25
-2.578539223520883270e-22
-3.167386416225082967e-22
-8.160317692589982646e-23
-1.378739481485979148e-23
-2.745053678149671980e-22
5.827992711955259376e-23
-1.322853513306923574e-22
4.115738109743641518e-22
-8.672234280298073063e-23
5.447563359922552583e-23
3.034450981200665379e-22
2.351606180284529166e-22
4.014008041057230460e-22
3.892551632961290390e-24
5.203090372429995938e-22
3.822315247567574245e-22
5.918906747933206254e-22
3.266468077099766927e-22
3.303645817289737010e-22
6.288679145846063296e-23
2.028544652289544281e-22
-4.462242656769961756e-23
2.069298272960896328e-22
-1.274767098040384107e-22
-2.839774442799603927e-23
-2.157742233590701738e-22
-3.565392932282616230e-22
-2.003830621967774921e-22
-3.733753552258185076e-22
-4.306121378112964909e-22
-2.910226398034330150e-22
-6.080330877433542191e-22
-2.767823382833741395e-22
-3.822728981966087555e-22
8.461000549250467933e-23
-1.865038898633758596e-22
9.476990641111848860e-23
1.753470825774720492e-22
4.859359621021222173e-23
1.772531334108480122e-22
3.764648646344359379e-22
2.099310073118219611e-22
5.970609063789541368e-23
8.695134394212256921e-23
7.841083675743899253e-23
1.090299640751899098e-22
1.222854630750137829e-22
3.407466352705592663e-23
5.944403174246532876e-23
1.127485083815313837e-22
-1.779634652831890787e-22
2.297337536195040267e-22
-1.164281497099455066e-22
-1.397035611335390358e-22
2.341776934003572635e-23
5.129620729618940545e-23
-1.120315536054825044e-22
2.315759281147506438e-22
-2.088036689050672405e-23
-5.204856363204684483e-23
-4.238898511734544945e-23
-1.068636752104351806e-23
5.147963404095485491e-23
-1.980571124708298377e-22
-3.299281701873342972e-23
2.009134962152184328e-23
-1.309325775485930682e-22
-7.478839956408290114e-23
-1.497019657854327886e-22
-4.186746715899709339e-23
-1.988889269369261034e-23
2.385282372396993023e-22
-2.896684494287032296e-24
-1.952771664309142496e-23
7.210055254545695713e-23
2.349752777531652309e-22
-7.897098307557237388e-23
9.211536573145903371e-23
-1.050619419764550261e-22
6.577446252229446280e-23
-9.925238470250114970e-23
3.515275222120254795e-23
-7.931865525719829838e-23
1.012221045083844474e-22
-6.766257876143918866e-23
-5.346524469775279422e-23
-5.816783774296788828e-23
1.119589570168064547e-22
-1.000718394116410428e-22
5.198027769035780988e-23
-1.483528375463291264e-22
-1.265321534541894922e-22
1.596400645200603674e-22
2.310419471836815199e-22
9.345576511099957286e-23
1.188729798381033844e-22
-1.336446492553384387e-22
-1.452502259816056647e-22
-1.990179662142229374e-22
1.480154859736708595e-22
-1.049423637725106589e-22
1.126502795724314924e-22
1.051081365672921829e-22
1.227509892416369192e-22
-9.639454601876078087e-23
3.507582242844649196e-23
-3.319468688726190902e-22
1.420073194016388068e-22
-1.058396994930259824e-22
2.240108421735558498e-22
-8.468255464553294614e-23
1.632883540784585061e-22
-3.112674497960070051e-22
1.511417951671938810e-22
1.975251862649054534e-22
-1.172839842365166456e-23
1.616087784669848566e-24
8.936332407624938647e-23
-1.269838520674310769e-22
-2.369508970875739559e-23
-3.641655961864156528e-23
-1.802651189498362614e-22
8.072970842221197666e-23
1.335332104240727960e-22
3.067305437721952489e-23
1.266204281135591537e-22
3.905752229545655454e-23
4.425957407308202347e-23
-2.210679841767189968e-22
-2.176154069706340806e-22
5.074546008920023777e-23
-1.109812215716265366e-22
5.217273360855708543e-23
-9.712298589823340596e-23
1.818386100888087214e-22
-6.511602290217766360e-23
-6.135134452390686340e-23
2.107456961134098922e-23
1.597536984393901223e-22
-3.709685491847510967e-23
-2.243340670956850728e-22
1.055090525778673563e-22
-2.205250920812688264e-23
4.439382928164028069e-23
1.033195378139412273e-23
-1.694319248482873176e-22
-1.922063929398401145e-23
8.858467274109046132e-26
-1.143894661597177821e-22
2.091280178497560011e-23
2.350754120876569936e-23
1.506237647009604417e-23
2.877046845913466402e-22
-7.475309946950255846e-24
7.553142270489479208e-23
-2.708317657878496406e-23
1.919910825371508186e-22
-2.999101751520293594e-22
3.293803712130018605e-22
2.770253153156171830e-23
-1.259241052628068067e-22
-4.946372240867449325e-23
9.216508587524640471e-23
7.733264576765338475e-23
-1.917134828321527531e-22
3.158502317396636795e-23
-4.019502498210558303e-23
1.601227177198066102e-22
-1.294661312784153264e-22
-8.398729577601766433e-23
-9.523198253558836584e-23
1.299135177578168026e-22
-9.579452575821601240e-23
6.582753284131389004e-24
7.106490323733724482e-23
9.436155467350341284e-23
-9.928926759489086914e-24
-1.193119965575620901e-23
2.651262430264105696e-22
-6.616021742632286453e-23
-6.073474222877568629e-23
1.278703488391708591e-22
-4.802901191216466847e-23
1.108260855637891593e-22
5.276955352737237185e-23
-1.699551525017591390e-22
1.384149574036971102e-22
-1.032786435011117936e-22
7.449073506530978131e-24
-8.964041404043749605e-23
-6.488582458179427496e-23
-1.301697812531097120e-22
4.177735577048497473e-23
-3.477845686230976475e-22
-4.036031720151017726e-22
-2.119629534650948481e-23
1.254439443506460944e-23
3.488854924371513118e-22
-1.038147468172573321e-22
1.231897610640475526e-22
-1.381871195850460215e-22
1.118014282192854521e-22
-1.845490662646781305e-23
-3.677719369312343311e-23
2.855505421898383369e-22
5.299303599153619045e-23
3.397876447429742761e-23
-1.169601159687852015e-22
2.114180577853154187e-22
-2.014583693889729415e-22
-8.890968177213543379e-23
-7.111365654992773386e-23
5.106705563787750391e-23
1.872031697772235675e-22
1.342600376723506360e-22
1.214972520387434340e-22
-1.396241388827716570e-22
-1.037980323173697682e-22
4.550020741164391369e-23
6.953288272351098506e-23
-7.798673407846439197e-23
2.843153649010198921e-23
-2.344690837607054909e-23
-1.830230079694891749e-22
2.192956665291224460e-22
-5.047647885785158529e-23
4.278682494982289848e-23
2.091445736472975085e-22
-3.216758568720950137e-22
-7.220517224415116950e-24
-3.882056887979913407e-23
2.228846599984705164e-22
5.379565685101067635e-23
9.109820650393273003e-23
-7.118895781051012963e-23
1.087589484407197613e-23
2.211051693856697383e-22
-2.000610313830536995e-22
7.289844699920681823e-23
-9.735532181764219753e-23
-4.562763070776891767e-23
-5.209765076855575158e-23
6.921812718575329380e-23
2.535418330214205513e-23
6.806436946684650760e-23
-1.111172405064632096e-22
-9.269204496248348801e-23
1.009630079048464904e-22
3.940596315143032961e-23
-3.021593354114057322e-22
1.881616176716210118e-23
7.058214288934630771e-23
-5.064825718677806492e-23
4.349026825355335157e-22
-1.654121186778297456e-22
5.952945301426955815e-23
4.702223010308989876e-24
-2.914416675218086338e-22
-9.940958358341760455e-24
-1.182300975476965728e-22
2.507946886147885924e-26
-5.083265271470226264e-23
1.111572105640255990e-22
4.419082012531846571e-24
3.852001769660273283e-23
-1.332062126893556017e-22
-1.487255204288865787e-22
6.474511850705792390e-23
1.717119012130558935e-22
6.722103581824854997e-23
-2.010568093807555896e-22
1.172419190797718598e-22
-3.351533951699637919e-22
-9.673254429941300951e-23
1.577413132983747424e-22
-5.004845722837523911e-23
1.456498386360525699e-22
-6.584607128616465622e-23
-1.352226256690433465e-22
9.934942755398156260e-23
1.309022308648239170e-22
1.494934262981944168e-22
2.193314406875413874e-23
-6.417318511856176967e-23
1.411778214691779415e-22
-2.375664901586684383e-23
1.306673349987991834e-22
6.854247179045877842e-23
1.264679334162784554e-23
-2.245083492439188983e-22
2.279817692039187590e-22
-2.186352240778497840e-23
1.473991970755525837e-22
7.028088572004021829e-24
-3.297713330859015339e-23
-1.656687072194399028e-22
3.310391486229045531e-22
-2.284910869860792887e-23
-5.769280809551643343e-23
1.735477865333052966e-22
9.379641035082493218e-23
-3.102190478377349555e-22
7.991777106059632463e-23
1.519960105633125743e-22
-2.894423638791444930e-22
-1.335973501077969749e-22
1.415821424256872344e-22
-1.076502685583520102e-22
-8.776260325610777905e-23
7.521612677328371398e-23
-8.608721908244651365e-24
-1.426492405394283276e-22
-5.664074842266902593e-23
3.528407993175477581e-23
-9.159604338154154174e-23
6.591110021579505722e-23
-6.359362675614874233e-23
1.119196020553021006e-22
3.638351836559701275e-23
-1.447610851471580654e-22
9.083763226724187793e-23
2.893064068402560191e-24
-3.315240440460179952e-23
-2.464391563992543239e-23
-7.467507504122386152e-23
-2.799452367081453285e-23
-8.907941198933664167e-23
-3.771890616787504678e-22
2.507860608924582781e-22
2.109460638280973869e-23
2.599554141102964012e-22
5.226665651062853390e-23
1.125298320409111925e-22
-8.591846960252963746e-23
8.709193350880118359e-24
-1.065811115123395461e-22
-1.381926405728689506e-22
-2.581798531951705152e-23
-1.449028461425071775e-22
2.889104317152446946e-22
8.268982843415823804e-23
-1.602931594591603845e-22
1.304290031402184451e-22
-1.258941186207041473e-22
1.620613029069547280e-23
-9.460767627546446523e-23
6.096535642966796676e-24
-1.895179778414646814e-23
-4.930301350486917238e-23
3.865237252346130519e-23
2.123607938311173751e-22
1.735779418808024772e-22
8.857214356974596267e-23
4.449670646091314506e-23
-2.320996297105491903e-23
1.432411495227362203e-22
1.211682934941355673e-22
1.400365124353158324e-22
-1.218511825967352746e-22
9.864122397749957680e-23
-8.555021375235032190e-23
-1.170151823420025056e-22
-7.387195207646469098e-23
1.381444313358327821e-22
-1.600416934407526270e-22
5.841150607170111586e-23
-3.915705383344883352e-23
5.100925101961439502e-24
-1.137548253320264910e-22
6.743522669168421718e-23
-1.790497875584775373e-22
-1.974922409258870590e-22
5.494955452359649365e-23
5.228430947507002572e-23
2.292385399395723940e-23
-1.905133428253387212e-23
1.072245099897055627e-23
-6.966788850753537374e-23
3.014074888427296122e-22
2.281828657552988750e-22
-3.786932665556015235e-22
-1.425440446553173271e-22
1.142642338153017782e-22
1.397661349178573610e-22
-1.678990804884221558e-22
-5.318695275260004938e-23
-1.526402231664336653e-22
-4.790828249581209251e-23
5.059730700206097613e-23
-2.035518684891003461e-22
1.154137637415776102e-22
-5.503146621958846395e-23
1.128800573460349968e-22
1.142867411906977518e-22
1.849713393382804531e-22
-1.382038265714535331e-22
1.610653963613643775e-23
1.671973065379166002e-23
1.408741185386447141e-22
-6.042952122728578175e-23
-5.779263739680155309e-23
1.948266316329929104e-23
-6.349771217678563606e-23
1.468000975013134585e-22
-5.549809340096488908e-23
-1.968806887736754275e-22
4.380170979659519789e-23
-6.953023500008638183e-23
-1.985187545364160399e-22
-3.804037783521802269e-23
-7.280369749639261264e-23
2.111591770475578036e-22
3.247986723821288457e-25
3.550434278043500236e-23
-5.887977316820614845e-23
9.513595070217874217e-23
2.251831791228799585e-22
-1.329680561616749387e-22
1.960110390006181129e-22
-1.352656852756545946e-22
2.056505398660442716e-22
-5.745560509750450990e-23
-3.992530587432203335e-23
1.249310762052825701e-22
7.101246447966108851e-23
-1.738428254991355250e-22
-3.569306197641807612e-22
2.625725874331695131e-22
-9.958043881091955171e-23
1.932917317834862637e-22
-6.194514560554728477e-23
2.017523382428062688e-22
-2.914201936450926012e-23
2.871907323009432710e-22
-1.202605165252324615e-22
2.639890396879483006e-23
1.090825187869856082e-22
5.340419299159254278e-23
1.123959509491280005e-22
9.619706286130132508e-24
4.650541545158697454e-24
-6.396184294799328695e-23
-6.029578125146255701e-23
7.480801704693008901e-23
-6.255701058681002233e-23
-4.945487958962779511e-23
4.035847584154260074e-23
-2.530157103494151809e-22
-2.369635114999408574e-22
-7.052183244460111691e-23
-3.360335717509940634e-22
1.673125749912428147e-22
-4.821050295905945794e-23
-1.484636939841929093e-22
3.901347071382735192e-23
-6.720976703483594685e-23
6.880834728193506913e-23
1.568390098405064789e-22
-1.080496431063770954e-23
-5.065559450448538562e-24
7.424369103078018818e-23
3.035643645668512265e-24
-2.560326684046589348e-22
-1.490627124496958700e-22
1.219496385752292766e-22
-1.430167603950592445e-23
6.616315209874889129e-24
-1.631489424308484315e-22
-7.440102680131976247e-23
-2.014234314606425139e-22
1.802063956258439055e-22
-6.284027113178981852e-23
2.346384424282950982e-22
1.157045685273499375e-23
2.679636458285110306e-22
-3.373406049777397562e-23
3.484824811819153133e-23
8.214435370875933404e-23
4.150657433740824879e-23
2.212369607368091396e-22
2.576437354289457543e-22
-1.523534585532106474e-22
6.947114161009204218e-23
-1.835286543758516450e-22
8.752870992701868181e-23
-6.720655301569215118e-23
2.277084411925785483e-22
-1.512415329202905538e-22
1.886782314032446321e-22
5.306380855553662655e-23
1.041933361442626066e-22
-3.147040144125666051e-22
1.710317019765314526e-22
3.974641726504795008e-23
-3.417993192867104377e-23
2.928400309697079743e-22
-1.731754214027186043e-22
-7.090397557411527367e-23
-1.309690446213082029e-23
1.876323907704134699e-22
-1.790607481238125097e-22
-2.324974250954665649e-23
-1.095998584453109944e-22
-4.243044164011500458e-23
-9.566879723941876221e-24
-3.901039968255766876e-24
-4.883320783158359906e-22
3.655297300538956287e-23
-4.223134742980342328e-23
1.731050495114311439e-22
1.920966186347790564e-22
1.034861070948067392e-23
-1.318849539493304016e-22
-1.691843811249467920e-22
-4.680087130303287445e-23
-4.920568005658183479e-23
2.070322067813911862e-23
9.312987560319769100e-23
-6.548386220638111044e-23
7.130506972605200074e-23
1.987781099901156583e-23
-1.330905513540728588e-22
1.518390307752058721e-22
-1.428256861661545519e-22
9.835608508089624055e-23
-1.709700318843046764e-22
8.081731311466485994e-23
-9.559980503451159865e-23
7.919010122036670528e-24
1.705784751729410544e-22
-6.757909807465415724e-23
5.421971146795382935e-24
-1.199765484066269066e-22
7.730720005301374321e-23
6.087709892827118186e-23
-1.561974402138705284e-22
1.074983301584657167e-22
-1.754758552266576620e-22
-1.503579123771647197e-23
-2.058546876996403987e-22
3.354153544827589415e-23
2.331909346823916551e-22
-1.424570770080247014e-22
-1.099256926826365886e-22
3.462540426781979233e-22
1.069745588101213513e-22
-8.938511249161775208e-23
1.741901076825168128e-22
8.526556256366330727e-23
3.464621792016568764e-23
1.171367297720898299e-22
4.995604788618330583e-23
1.296514702473940075e-22
-1.443147677040717989e-23
5.501735408169179848e-24
2.875491399498516737e-22
6.697162199078304677e-23
-5.034489711925099229e-23
3.040903555050041684e-22
-2.726545974324353146e-22
2.235573758775499456e-22
-2.227373678383441789e-22
-6.280119748732267156e-23
1.004496100213683670e-22
-2.769652694603565508e-23
8.269033123737644814e-23
-2.248836233844860636e-22
-9.988123978756258119e-23
-3.048282237578789022e-23
-2.570520774059293769e-22
1.977399713978531423e-23
7.247168346997299055e-23
-1.025406952794226476e-22
-1.246799171090995785e-22
-1.246866487453005111e-22
-2.888956779790454914e-23
-9.007650285670432850e-23
8.456491061631177548e-23
-2.067793824115321488e-22
-6.783932012238589162e-23
1.489545978391382806e-22
1.698141750150929496e-23
-1.317794259707995857e-22
-1.251029427004898402e-22
-5.107834921827005151e-23
4.161602252152795412e-23
3.311226582517916309e-22
-3.516484066188063261e-23
-1.183631868652696407e-22
2.025481112276887768e-22
-7.892548446778731286e-23
3.779460146177166819e-23
-9.150313432629338210e-23
-1.027210723894946159e-22
7.492324931919809766e-23
1.123703213778011902e-23
-1.171638152489849562e-22
-4.883415733251732528e-23
-2.113903611508195685e-23
2.337005673397923259e-23
1.658208402064245498e-22
-1.337249723309383874e-23
-4.269543396296571139e-23
2.319638402490756673e-22
4.462387572034515729e-23
-3.327584778851832677e-23
6.839724928760105758e-24
6.699164914831609455e-23
4.495222376506454089e-23
-2.833416902515179383e-23
-1.481721181484089222e-23
-7.712954970824634211e-23
2.588183123331133448e-22
-1.766447795955860613e-23
1.268848609281557515e-22
-1.835165234159728833e-22
1.078199912961923360e-22
2.300326572285599252e-22
9.661041152211309139e-23
-2.382625971744420569e-22
1.133180705382771620e-22
1.656014038740308558e-22
-1.999654781801403949e-22
7.814049946412005519e-23
-2.041612638050150604e-22
1.010894166989639184e-22
4.530921249322127808e-23
1.456293196979735767e-22
-1.810502320375526174e-22
2.327722342583738831e-22
-1.265885695983956254e-22
-1.104222477074436730e-22
1.276491115914288409e-22
9.080523193041409978e-23
-3.018677170345375831e-22
-1.663840373995010845e-22
-1.389605698063734115e-23
1.043877664977750822e-22
7.556853527009166629e-23
4.294949323114141535e-23
-2.268902667022366549e-22
-1.404039313122710427e-22
-2.090203741408673343e-22
1.942888174618094285e-22
5.405291889966539119e-23
1.223258687146432337e-22
-2.041074960808306011e-22
1.133139989036131833e-22
-2.662812048039415019e-22
5.510589679562684150e-23
-1.572563284020983166e-22
-1.909436802712232596e-22
7.037026496749876339e-23
-5.542125892676770374e-23
-5.625413602734764811e-23
-1.440330576965387185e-22
1.375139564965207166e-22
2.330939274337194794e-22
-1.950922712485935151e-22
-3.389720321680798985e-23
5.579630453198293866e-23
-7.005604894867199179e-23
1.692016924495079517e-22
-1.207093859251381002e-22
1.671618624062233166e-22
1.654504825006917663e-22
1.690840810604549699e-22
4.653247939112539828e-23
-3.771257137936609522e-23
3.318042452954463358e-23
2.518697652379887044e-22
-2.123462756541973356e-23
6.475683196883744093e-23
-9.536553252766252662e-23
-7.911169347473707929e-23
2.038858729296486009e-22
3.213481421005050135e-23
-2.207521752698576185e-22
-1.973464110396065233e-22
1.693776805303060199e-22
7.293156513921504961e-24
2.400057966947096353e-22
-4.995206101810623263e-23
1.765940778476644108e-22
2.542429906981681525e-23
9.364920077102933079e-23
-5.969250736890415880e-23
-1.850807680939898538e-22
5.455722438258554252e-23
-1.999238349645865887e-22
7.841586497279057299e-23
1.556504535115475202e-22
1.251004974521592579e-22
-2.264281193975444841e-22
-1.478781582505224387e-22
6.798182961075598697e-23
-1.482584372299743755e-22
3.696742672768259414e-23
2.703669650437742361e-22
-5.707140984180183910e-23
-7.125925533281501542e-23
-1.277260663801244896e-22
-1.318429115848904600e-22
-6.893153342076849062e-23
-4.320136509081019853e-23
1.023631917211801904e-22
3.060774453549830665e-23
1.291015066316031106e-23
-1.031373333934918469e-22
-1.949173781226410577e-22
-2.633195757495091136e-23
-1.004666362016420164e-22
2.745637933518692004e-23
1.665171506951605453e-22
-1.622401391358779478e-22
-1.397410320699009970e-23
-2.776700967588287656e-22
2.052609813983649661e-22
1.066888589370957829e-22
4.386478688677409327e-23
-6.359013444233592550e-23
6.077089872612362729e-23
-1.351163811778859899e-22
1.012586362521997602e-22
3.263608547511025825e-22
-6.658027991684690272e-23
-3.144463081192662806e-23
1.142464984437165847e-22
-3.431011339565001405e-23
1.227125361944829826e-22
-3.397952148976366201e-23
-8.752821383222717231e-23
-9.596229884299922833e-23
2.505852673641489518e-23
7.424995982916869716e-23
-2.027294877853432376e-22
8.797330383431661205e-23
9.185882058966254781e-23
-9.905661775200119142e-23
-1.531247671641695597e-22
7.574485709590165390e-23
-3.891893240594882954e-23
3.031491188831368013e-22
2.657174393939425872e-23
-4.545211574086694333e-23
2.663607032932254361e-23
3.859930202485535234e-23
4.049637181710660130e-23
-1.864578646469448982e-22
1.526807459859168030e-22
-5.741183372898088425e-23
-6.463554523284185784e-23
7.229313324361351405e-23
3.120553703386486467e-22
-5.893037794526638587e-23
6.147861062511364693e-23
1.955213533351470622e-22
-1.119123761525004451e-22
-7.838698423157686398e-23
-6.362679282505771451e-23
1.146695611587124986e-22
-1.257694456556055566e-22
2.837023789909879697e-22
-1.140991061284759038e-22
-7.875845989969032058e-24
-5.643312284246764218e-23
-4.926243600795645660e-23
1.284280431742219497e-23
-1.522143629144074380e-23
-6.306133872405800661e-23
-1.048244203975198390e-22
-9.390260220226676634e-23
-2.162442545205008376e-22
1.688670240468265415e-22
-5.324810349315071292e-23
-1.144510322111452177e-22
-1.319157117864881517e-22
2.606641686856428787e-22
-2.571818236596723513e-22
-6.818312239802250589e-23
8.920904682049071416e-23
-6.050985566253848870e-23
-3.813883619209449249e-22
3.872406794801386436e-22
-7.523120917631026997e-23
-8.407638133545405806e-23
-1.289171733852606880e-23
-2.172296887309923790e-23
2.171910757494664899e-22
-1.965929358792499395e-22
1.540952039674365013e-22
-2.246336531671806837e-22
6.956495513571073826e-23
-1.099476860521059706e-22
-2.124466976078070550e-23
-7.746893126739867993e-24
1.429160522992044507e-22
7.308624496068887056e-23
2.346832194691946407e-23
-1.652869616301910853e-23
1.043936458577651014e-22
9.697391537553517357e-23
3.577327181767488363e-22
2.443119856606338023e-22
-2.789934379020189250e-22
-2.360859789264545707e-23
8.873392270767935581e-23
4.729253713701780690e-23
2.064873671808277051e-23
9.731829831905270072e-23
4.290227285176854201e-24
7.096892601411554286e-24
3.394581114585520674e-23
-1.526101093213853827e-22
2.049895390598225736e-22
-1.081177677829738526e-22
3.506145425695733581e-23
4.635842003635923903e-23
-1.724170765606106619e-22
-8.244247100367926039e-23
6.657904271625487258e-23
3.049459311019599022e-23
1.206785023196262057e-22
-2.208794313994327518e-22
-2.697800285743437996e-23
-1.198998718196409751e-22
-9.767894680285176111e-23
1.266994537227598793e-22
2.036116640108030370e-22
1.488414187823845697e-22
-1.902223251889485690e-22
-8.246182968984484277e-24
7.991147831083136983e-23
6.323223278418663839e-23
-1.554230063199299824e-22
4.210757271630744651e-23
-1.975404585809041236e-22
-1.638176469869685457e-23
-5.172919805675361334e-23
1.087173000303295903e-22
-1.607647303776472749e-22
4.928821550173283017e-23
-2.915198573201138449e-22
-1.314476353416757443e-22
7.741825734877978671e-23
5.593857676976243036e-23
1.017416499183454051e-22
-6.207507042534796535e-23
-1.234474532378018204e-22
4.417144570721315797e-23
-8.286636701665721722e-23
9.640851604161201046e-25
-1.057358623750982188e-22
-9.872656769246317761e-23
1.559736200050732163e-22
-1.728531481619887154e-22
1.794063110880380429e-22
7.460361567598127260e-23
9.428389707210209271e-23
2.596380055849124256e-22
-1.696566982888476947e-22
1.693399111505629487e-23
1.392114181083717118e-22
-1.566318045049621720e-22
-3.592510296329240545e-23
-1.209503994546042300e-22
1.454874931006031963e-22
-1.133478964950551518e-22
1.891915469683292006e-22
2.394093093765539660e-23
1.007005891269902660e-22
4.328471874822967354e-23
7.527453142068910117e-23
-1.780162508846099284e-22
2.881706170450891561e-22
-3.528402273630612500e-23
1.173807091012317403e-22
-2.617666439246568809e-23
-1.415752730542705042e-22
5.404553204810497514e-23
1.576499696211513917e-22
7.123684573571770906e-23
8.993591737253319334e-23
4.475030963387499958e-23
1.340244216381005505e-22
-1.654920235208896783e-23
-1.013675271834482580e-22
1.139879173743374716e-22
-7.717206624628172442e-23
1.773485904032060881e-23
-1.224561692251956297e-22
3.135684142000486338e-22
-8.055441966070645145e-23
1.406811540835083594e-22
-3.113694234262223556e-22
-9.536884470993229984e-23
-1.758726855766590479e-22
-1.434852998934794652e-22
4.781052879221986800e-23
-6.388901712304686026e-23
5.614232918600521787e-23
-1.844100075090018947e-22
2.656132350671902740e-23
-3.720837392078278336e-22
-1.644407171064221960e-24
-1.756176606149281726e-22
2.533144898071194879e-23
-3.765961552009980308e-23
1.961478626629369585e-23
-2.431786412087485128e-22
-1.221290243682856606e-22
-2.666442583145598748e-23
-1.071705843607643151e-22
-6.595424682476464640e-23
-1.386140622566790619e-22
4.841486374025597841e-23
-3.229657513897534648e-23
2.321639663393033583e-22
1.449835261246963065e-22
8.452104380998667378e-24
2.499853568682515319e-22
1.109777584889476689e-22
4.631261614461411864e-24
3.182863156812424935e-22
1.106752814541359700e-22
4.014181308534973433e-22
2.203859228284089657e-22
1.557914969651200620e-22
-9.105955175306598263e-23
2.061276260501261379e-22
-3.660222120706662843e-22
-1.565798668938922858e-22
2.385803790151229651e-22
2.738772241978903190e-23
2.183982005557559828e-22
-7.285795468152157836e-23
-1.095422114758019170e-22
-1.746545189013874428e-22
-4.738335345201685614e-23
-2.333238297532352021e-23
-8.992738673639516964e-23
-2.854854275388230638e-23
3.169051805771118623e-22
-6.178276097622873305e-23
-2.190516137316960569e-23
-6.213790679328295136e-23
1.577855006647654479e-22
-4.032695877822644429e-22
1.431912724360757783e-22
-3.185543324293955760e-22
-6.718620740263138228e-23
9.970625448860256013e-23
-4.117626674013254092e-23
-1.721001198046312988e-22
-6.125231344560695976e-23
-4.038277622218577649e-22
1.179206104302651470e-22
1.362065076933122890e-23
3.345103472604587297e-23
1.727278992677534923e-22
-3.697965564937118354e-23
-1.160016577456867323e-22
-1.088093459132811841e-22
1.971199042863962520e-23
3.318692409211705646e-22
-4.990000319258566497e-23
9.861801753943421934e-23
5.953058358843836128e-23
-1.237950176785526836e-22
6.361612398559837369e-23
-2.630597327418758865e-23
-7.019112701208768291e-23
3.316481849431448180e-22
-1.102097365104480277e-22
8.954690572396726028e-23
-8.629835648849655693e-23
1.159575662820977831e-22
7.404669182769104586e-24
-1.103489624406496224e-22
-1.384073158061316973e-22
-2.871224898057696455e-22
1.325306028557789863e-22
2.395644392237373988e-22
2.803418450025196663e-22
-2.165412198693187578e-22
1.432515054520315481e-22
1.836586001152775193e-22
-1.981461375044797725e-22
-3.441879447358451805e-23
-2.232565965286708187e-23
3.839680819392662992e-23
8.555472429572574344e-23
-1.038306959897255516e-22
-1.056464036818583168e-22
-2.549173512105101275e-22
-3.660281131784178081e-23
-1.583158462087683317e-23
2.222884229913805915e-22
-6.265880922287722812e-23
1.305242517748418269e-22
3.593700820145670107e-23
1.818377563053143932e-22
-9.882995047009123379e-23
-8.580232845168443279e-23
1.040751040749096107e-23
5.174432167183398480e-24
1.110970711894488766e-22
1.320637054050312735e-22
-4.370064970567569407e-23
-1.249892322571418834e-22
-1.068742535477688466e-22
3.479503978877606112e-22
-5.189688597370809856e-23
1.506222956641977459e-22
-2.582283982795447698e-22
-6.908150917206730921e-23
2.229160870482136982e-22
-2.605062434477833049e-22
1.004813454959460934e-22
8.560044456340711500e-23
-2.482696199427509496e-22
-9.524829524163401795e-23
-8.804577254442872164e-23
2.149031060528375535e-23
-1.203738798598283640e-22
-1.296281578632570677e-22
5.673418728322614501e-24
8.818042526139612727e-23
1.861747165621022824e-22
-1.784811222148719559e-22
1.974238443208435084e-22
1.399667382610875203e-23
7.352847250264722067e-23
6.161366458600048175e-23
-9.600473485648852869e-24
1.431433820050908948e-22
-1.998633521383205605e-22
1.250738025944263372e-22
-8.419315374487809444e-23
7.815935213774941937e-23
-2.088715862469507171e-22
6.689850740673365184e-24
4.898415402518762450e-24
1.132779016523479777e-22
-8.944431759746586335e-23
-3.907724195566062579e-25
-4.663780240158977241e-23
4.380403219865347326e-23
5.104328529793335006e-24
-5.178308596236839490e-23
1.987049465528672733e-22
-1.028143194684856006e-22
1.096624423025344278e-22
-1.033114921595909121e-22
-2.092894184032884637e-22
-1.760539154401575944e-23
6.255797433369780684e-23
1.256197771036592695e-22
-2.858030988243679172e-23
3.145269016950948273e-23
1.404414431070336486e-22
-6.838776602181073303e-23
-9.241559415038915276e-23
6.282267032662773515e-23
-6.888931578198469260e-23
6.307308365053313182e-24
-4.727363178313250056e-23
-2.436289428701506551e-23
7.669905040302278365e-23
5.954096677542431789e-23
7.097107340125616945e-23
6.062907680265727072e-23
1.815513773644671364e-22
-1.760136117212034398e-22
-6.008001391606394408e-24
-1.138217225153007598e-22
2.489081900020649849e-22
6.745622767361179490e-23
-1.869003105654981932e-22
-7.774096439769525906e-23
1.819771772556750178e-22
6.195485505073667845e-23
-1.422455248898421991e-22
8.733323120227146959e-23
-5.885109446471102617e-23
4.882438572535591583e-23
-1.421055955525296282e-22
9.022680347304944461e-23
-7.518590243093921165e-23
-9.650075685300513416e-24
-5.503680897195500783e-23
-2.438747449526892237e-22
7.124531171897356590e-24
1.767277033179593575e-22
-1.814011112641722355e-22
-9.426351642241640587e-23
-1.553295786022274706e-22
2.527806080519763379e-22
-2.033813827030239643e-22
2.894441120970570192e-22
-2.014616340526825075e-23
-2.409837241581308723e-22
1.318128026606163425e-22
9.925792185447884761e-23
2.533705974844113529e-22
-5.028535854192993113e-23
-9.742149243268221678e-24
-2.880623266684795635e-23
-4.384924347109919029e-23
-6.347344457351834530e-23
-1.688331666233781945e-22
1.310649063684647077e-22
-1.617920421330290013e-23
8.505595079813332250e-23
-4.201428733582324621e-23
7.300664094916125116e-24
1.936597249405017669e-22
7.092795611573066668e-23
-2.727876039506520393e-23
-6.511104384213652532e-23
-1.749196843517425369e-22
-1.018550595423280852e-23
1.322062889910522820e-22
8.808623849909550372e-23
-9.852190941205364761e-24
2.170444935666799072e-22
-2.275352557045658699e-22
3.914161547764190280e-23
7.785630973726418059e-23
-5.281171717954425628e-23
4.293300542283900763e-23
-4.573574914207068097e-23
-1.423712814631924677e-22
8.281269641164347203e-23
-6.201465457376596266e-23
-2.513167693481433022e-23
-7.717890412265106510e-23
-1.729100398431038698e-23
-1.212851354574180130e-23
1.344962250100419638e-22
-1.243144198306294991e-22
-2.293455862961208050e-22
-6.285654530598337778e-23
-1.937733076625266082e-22
6.556810674577391566e-23
4.757067385019252134e-23
2.588100272859975681e-23
1.294252382703954513e-22
9.726085945001355005e-23
2.953651999850587220e-23
4.373025989068828694e-23
4.496970930280983474e-23
9.395598020657229107e-23
1.399298063265293129e-22
6.588168913373263203e-23
-6.637658058184466094e-23
5.515866545684984272e-23
-5.733529786366773670e-23
1.811175770522327239e-23
2.617311669385960402e-22
1.298169531222470184e-22
4.370538700672105955e-23
-1.230898860469855481e-22
-5.405544329712827701e-23
2.613636616206438128e-23
-3.477503928686130110e-24
-5.125478542987903364e-23
-6.742814150950376007e-23
-1.688266053919800635e-22
-1.485100295066490328e-22
5.190342970443125813e-23
-1.716448516096559823e-22
2.043085083649721074e-22
-3.737284226030027331e-22
1.443229803475673971e-23
-1.335495707309135835e-22
-4.747250091749135760e-23
2.012090040855489554e-22
-1.776677182289462645e-23
5.753616524064913899e-23
-1.191636165254053338e-22
-1.286148784879649374e-24
9.459959563824180577e-23
1.002217683765801329e-22
-6.784481916108688538e-23
-1.851413762801002312e-23
1.279132997271902191e-23
1.117496877013622102e-23
1.557211626551317142e-23
-1.149622086744444471e-23
9.257007586893501430e-23
3.464437068341134814e-23
-7.304131565913023829e-23
1.466277582145707123e-22
-9.600148815590372675e-23
-1.880183112698811590e-22
-2.468849262642830436e-24
-2.355374308747074491e-23
-1.046691339726282748e-23
2.114439786448122534e-23
-1.179776552889344828e-24
2.197623433154748584e-22
-4.987959451325166486e-23
1.202307137111076489e-22
7.751023481026978474e-23
7.431541870469941568e-23
1.961641016654046117e-22
-7.370656907495931049e-24
-9.933098979468084128e-23
-1.148832661838841610e-22
1.472481835051268573e-22
-5.445156128726040072e-23
2.818316101571105156e-22
-1.244631300036467605e-22
-5.601817776109247297e-23
-1.562552922461799365e-22
1.253327007423557151e-22
-2.426065325342445535e-22
1.645410262907068657e-22
7.823680086183972527e-23
-1.103556540181204499e-22
-9.850375029998475899e-23
1.139603211266168667e-22
-1.312495400620794151e-23
1.224225178357084614e-22
-1.624394026419092729e-22
5.523064794837857670e-23
7.880711092893567206e-23
-5.822238597319760414e-23
-7.736335720789971433e-24
8.131335886316210764e-23
-2.479060369523695249e-22
6.548230999054348309e-23
-4.754815066058031109e-23
-1.354847164029268371e-22
-1.796324984247708061e-23
6.642248653060942134e-23
-2.181108073262906378e-22
-1.453047424467630561e-22
1.442338893311297347e-23
-5.496295262672912901e-23
3.639388792357146352e-23
2.777743919881810574e-22
-3.335161560603717199e-22
-1.121408117691863384e-22
1.246098395418254904e-22
-4.022232538995486313e-23
-1.664333166540537957e-22
-1.401353879039255393e-22
-7.978671858480549645e-23
1.294637460559810985e-22
8.482590622824548086e-23
2.297803495690940562e-22
-2.021535658186500493e-23
1.300734153235553698e-22
1.163415646577333667e-22
1.223778346632136235e-23
6.435754741277616241e-23
1.348447863656676986e-22
-9.994884818025323514e-23
8.622911280265598409e-23
-6.839087147119180402e-23
-6.223180990332294977e-23
2.011718984821459156e-22
8.007610850941665214e-23
3.267930544295234464e-22
3.288657784629447395e-22
-2.257743356928324702e-22
4.847883347510946127e-23
2.431763959875786673e-22
-6.199001765998460345e-23
3.179757829887806969e-22
-6.713373574651969052e-23
-1.430382872000047501e-22
-9.616033468977608180e-23
-4.844554586017724302e-23
-3.518567100619143752e-22
1.849234869366248149e-22
-2.172347428083958537e-22
-1.645555320197720771e-23
-1.338052407905495965e-22
-1.554505814108514233e-23
-1.496324555731831613e-22
-1.191219497477814723e-22
-9.076230685426332255e-23
-1.919754685418175533e-23
-1.680023884551561703e-22
-9.180871565883358901e-23
-1.787728079200908958e-22
1.206865049644004049e-22
-1.554341496789204088e-22
-5.528825557623082608e-23
-6.453300847984946222e-23
-3.900798991935209978e-24
3.500753202118590903e-23
1.135186562566822611e-22
7.250523393716049707e-23
-1.568317641891341383e-23
1.950888551049122585e-22
1.769529938241375392e-22
-1.765071513928793572e-22
-3.812375805248092356e-23
-1.473000365726865866e-22
1.655638292212260376e-22
6.670111786871545086e-23
1.302438053793441356e-23
-1.216286467895278620e-22
1.660419021822094470e-22
-2.244824805846007350e-22
-3.345716468445435155e-24
3.226247808519337204e-22
-5.103403317835728197e-23
1.510832127592063886e-22
1.989246155267161573e-22
4.802839279159783361e-23
-2.811465267204739892e-23
2.835260216976042926e-22
-7.850368654328287919e-23
1.897862834990076203e-23
1.990301328148252481e-22
1.545149248048509295e-23
1.211438951825359981e-22
-4.067758620496485634e-23
5.470793387396824271e-24
-9.927013010800732152e-23
1.068876077624060565e-22
-2.037447847801918921e-22
1.283423276128880390e-23
-2.575833972865068121e-22
-3.856709408938696409e-23
7.828349090218398850e-24
3.107976495820390826e-23
5.867733217830203950e-23
-2.937550688605605682e-22
7.589656996809277349e-23
-1.035218544629827995e-22
-3.220129985077039341e-23
1.213576993897738292e-22
-2.231307030656012812e-22
8.100492611204722790e-23
-2.197624444490023561e-22
-2.195836678181368304e-22
-6.182224109982428027e-23
3.694660900039707810e-23
-5.756188663940923863e-24
2.901797787251108288e-22
-9.329334643546816317e-23
-1.470464559303912411e-23
2.381099759414679884e-23
-2.926366660132152674e-23
2.069703012758278070e-22
-1.408323894207059665e-23
2.047674732978784031e-22
7.528036506262912334e-23
-6.906455036911717930e-23
1.279980269138486411e-23
-9.922413579081550422e-23
5.902883321463172452e-23
-1.783121383363170612e-23
2.549951379078937329e-24
-1.902877979163483534e-22
1.145850211853420070e-22
1.589483198176034152e-23
3.164705547515962481e-23
-2.005990264804749147e-22
2.673895076503102417e-22
-4.036246048591895373e-22
8.032656514625225252e-23
-7.209165612324154635e-24
9.852157015247098807e-23
-3.636708216589303141e-23
1.507191092924956302e-22
4.118764373642811295e-23
-1.001836253790387186e-22
1.046396300004500966e-23
-5.981116757525097035e-23
-1.497813667004849093e-22
2.644875797885316886e-22
-8.991962742912846821e-23
2.549287267633500646e-22
1.357235072949056247e-22
3.469478759500036985e-24
1.388865425187764709e-22
-5.501514174240293103e-23
-1.132618018305164901e-22
1.970582950107489866e-22
-7.571113631847703343e-23
1.526936308153040239e-22
-5.823083172226160937e-23
-8.679958840040871360e-23
-2.303729066836816613e-22
2.569014580457574048e-23
-5.352684195062649946e-23
-8.607923962192700672e-24
3.689663040700325296e-23
-1.199361480766486856e-22
6.889629753154687308e-24
-1.673202556544168993e-23
-3.688035680670425593e-23
2.341672743740459303e-22
1.257488664094085445e-22
-9.481180859235606313e-23
-1.910697168144347409e-22
9.051105391074338858e-23
-3.872559159191844570e-23
-1.287512619692168786e-22
3.195634426418756656e-22
-1.593919581971060790e-22
6.991882535892504170e-23
-1.863094682276591335e-22
-9.492938895891679087e-23
-1.055596817620682374e-22
9.030911188526079916e-25
-1.860765851753002668e-22
8.717278561582577206e-23
-3.046420263785377357e-22
-1.880591546725929696e-23
-1.602051200281731112e-23
1.539328193070850633e-23
3.279100893081721026e-23
2.196828401329948868e-22
8.844181812112276166e-23
2.606107585700655450e-22
1.140999316505130456e-22
8.470388214144520475e-23
-7.038754313006491845e-23
-2.026368943273334649e-23
7.243440862195691628e-23
4.649335284738921519e-23
8.245888734319651166e-23
-1.087774196933278237e-22
-1.091084690987372473e-22
-1.521643416017539888e-22
-5.826366442563325309e-23
-1.089146617769742753e-22
-4.794225288492632408e-24
3.337748706749220248e-23
2.591364178405066148e-22
2.227000240975215683e-22
-8.407659343491842075e-23
-4.732496239334915125e-24
1.102884641426516921e-22
-1.844215921804894652e-22
-6.363301579522720319e-23
4.568798751543382351e-23
9.900299728777791500e-23
-2.235837188880408615e-23
-8.509835745215116273e-24
4.598218124904499064e-23
-3.033374113905018235e-24
1.348384213300291425e-22
-1.470990885150120751e-22
-1.154639955358200059e-22
1.360171209244667167e-22
-2.221102020531711355e-22
-1.335923423282883414e-22
-1.920391945979276023e-22
2.702339329228895071e-22
3.217539116761951954e-23
6.852262362958395641e-23
1.900280900564084086e-22
-1.909841221135523903e-22
7.139303068946622998e-23
-1.531658800299350034e-22
4.756811368189316773e-23
1.055658401570150049e-22
-1.642776788924282924e-22
-3.662953639713417014e-23
5.668836188404058267e-23
3.251041762155687477e-23
-5.773292536917256658e-23
2.512757268234289115e-22
-5.579322669879444629e-23
-1.498936073439018570e-22
-4.241433217959739381e-23
1.531575852348720321e-22
2.148394209305598216e-22
4.762661768263456206e-23
-1.129417338162268132e-22
9.925079418810666816e-24
1.777681241425747489e-23
-8.859282101486280233e-23
-1.337325469989585110e-22
-3.740105600931020606e-23
7.877665960255421566e-23
-1.116672943728805668e-22
-2.088395418478733900e-22
7.885361906729360527e-23
7.747973074579282729e-23
-1.534619928264303773e-22
-1.496221854683990249e-22
-1.231572787903349564e-22
8.979737194450605841e-23
-4.358203688058593645e-23
2.947628889080691240e-23
1.118313387098725262e-22
1.135801101904245365e-22
1.485730799448331802e-22
-2.655244835051067505e-22
9.489656029927128099e-23
3.314684261569159800e-22
-6.394951402360719690e-23
1.036863371637449587e-22
-1.019221604776569296e-22
-1.896904646801546776e-22
-6.179265748460356292e-23
2.610545297160561724e-23
1.616448620704371531e-22
7.484954460064538109e-23
-6.133056377797501511e-23
4.096221000445173600e-23
5.048055842235767836e-23
-1.353297987467904907e-23
-4.734463326726165465e-23
-5.815437048819310078e-23
1.824126717724809118e-22
-1.895537807747905232e-22
3.011084273873823586e-24
1.604705581627635290e-22
1.902603919641547072e-22
-5.749378875864205823e-23
6.636734383974246946e-23
1.874541875840335861e-22
-3.382970927339236710e-23
1.292058492544731269e-22
-5.331679357832795263e-23
1.710850210411270257e-22
-5.741060360401760851e-23
-1.566599281719844820e-22
-8.035697424975093657e-23
2.672743751068670648e-23
-7.863996942430642260e-24
-2.102044784461858203e-22
6.234113289287271755e-24
-2.297392644841193292e-23
-3.371848150915598562e-23
-1.183384227399721171e-22
-2.606850323228415042e-22
1.633276185868504097e-23
1.048684470615996172e-22
-1.998568767400961207e-22
2.518999560308117804e-23
-1.098503387718812023e-22
-3.160593930680723202e-23
-1.423496700907329460e-22
6.089665924341176177e-23
-1.392234844262148400e-22
4.422399437151048425e-23
1.176438544520696598e-22
7.752807353078898919e-23
2.479232016283104474e-22
-2.327799004395725289e-22
-2.214176563419899454e-23
-1.955726063290553012e-22
-1.047918351636446196e-22
1.895773968039276754e-22
3.966028882783868544e-23
-1.377947827617025694e-23
-1.271181969056325036e-22
2.451520912158623753e-22
8.339248351114364348e-23
2.595048207992460857e-22
1.046375866349511092e-22
9.946100322572615624e-23
-3.151910156818747120e-23
1.182836644740053082e-22
-1.454744973207990800e-22
-5.776321686569462672e-23
1.482006847496757358e-22
2.941589831308431365e-22
-3.706388817098177746e-23
-3.843498869241029249e-23
1.424669547942016530e-23
7.226364435103549976e-23
-2.046087467787832154e-22
1.261421198727260699e-22
2.527533952035753642e-22
-1.658572817812132462e-22
4.896311038353308134e-23
-2.006328311173807367e-22
8.665841095229905675e-24
1.737539447819480986e-22
-1.850099942200042543e-22
4.792974703482763609e-23
-1.160632612655567068e-22
-4.457734525684939006e-23
-1.274270375940969559e-22
-2.496967424654932418e-22
-2.112373678422856829e-22
-1.858173700193766866e-22
1.485185176652530286e-22
2.504303135515269687e-22
-6.501860284778231440e-23
2.383994802962877863e-23
1.670241042015662901e-23
-1.255941717229397202e-22
-5.185785714661600984e-23
-1.536072716651396366e-22
7.244006337841445283e-23
1.838175896819443632e-22
-1.423646530935975070e-22
2.396495446529713520e-22
-8.084433284586487308e-23
-1.546818304165319480e-22
-1.169598155959181004e-22
2.549154737163269146e-25
3.511775076436183170e-22
1.026129355382756590e-22
5.048081159031133262e-23
2.415208922809951326e-23
1.902984481801040244e-22
-7.475600750244591081e-23
-5.692890353947923075e-23
-1.599569900217959557e-22
1.544553506818398890e-22
1.174920404934114416e-22
-1.891150640769922925e-22
1.682783445333497415e-22
-1.918160436802397320e-22
6.396727560335064643e-24
-9.385769657323853547e-23
5.035682294053172551e-23
9.220018374369436015e-24
3.641573991565483131e-23
-1.108909555974753912e-22
-5.279237892571295825e-23
-2.497953429694880770e-22
1.814849539667329025e-22
-1.722688319358811753e-24
7.306204294740834860e-23
1.330790222665971757e-22
-1.806633070399411517e-23
-4.755957740526999822e-24
-4.491787773159750129e-23
-1.263878295774582055e-22
1.044619779190961737e-22
6.279725913737825797e-23
1.014926837140702019e-22
-8.112165415045402756e-23
-1.051493266072506288e-22
1.533101132095034390e-22
-7.092177902008603585e-23
-4.736571778371143876e-23
2.098524927907448714e-22
1.785150766648163002e-22
-3.126690226096441763e-22
1.116151098427345255e-22
9.849946523311905571e-23
7.357692005107078720e-23
4.020517262853961729e-23
9.688787018826441832e-23
-9.926032762309055532e-23
3.185821098269114577e-24
-1.011021888124433859e-23
1.609318472126015719e-22
9.633905160264273537e-24
-1.398419488906339227e-22
-1.204743691182645169e-22
-4.121635731934127089e-23
-2.576046724202351785e-22
4.638469367105613543e-23
6.277207783216553482e-23
-2.110913456344751185e-22
1.779754996427116086e-22
-3.423721119253401256e-24
8.673249406822110253e-23
-2.796654212938635458e-22
7.194753867918666193e-23
3.764166561403010319e-23
-1.330959963907919272e-22
-1.382631470574659805e-22
-3.529186324066924965e-23
1.179695591683857266e-22
-1.947551483740079699e-22
-1.093150313460630605e-22
2.053890625190457749e-22
-3.777990334131327824e-23
-4.652707739169479278e-23
1.678181331736052708e-22
1.537909228792014917e-22
-3.109357700446759727e-22
1.174471785433555609e-22
-4.591975910699779137e-23
1.060820560153450042e-22
2.433397310133551206e-22
-9.158607489708760550e-23
1.350190654664702940e-22
1.247764997355966017e-22
-2.576890988488682286e-23
1.037502206081824741e-23
-6.514242238457451428e-24
2.336618364739517162e-23
1.415948125741294125e-22
-1.679863018866017678e-23
1.655615226099848200e-22
1.756737556189352270e-22
-9.027037683307173744e-23
-6.635309220093684556e-23
-2.171331890450658454e-22
-1.172554765789905480e-22
-2.080764220867653764e-22
1.346237682063280639e-22
-2.199919397160461999e-22
-2.022032467675151072e-22
1.316647029458409690e-22
1.918785535958827666e-22
3.612688039658317845e-23
1.645347166937230559e-22
-2.651779220920442168e-22
2.655381102885954094e-22
-3.667035516233787284e-23
4.449126773726789079e-23
-8.553018413448385287e-23
-1.417382808826426621e-22
4.114463867505363378e-23
-1.178332684622384776e-23
5.168989692932378325e-23
1.428508924983239083e-22
1.467105584885492999e-22
-3.077213330449280007e-22
1.376795530182624039e-22
-8.047842690633507933e-24
4.296999594159940678e-23
-3.441964938943715049e-23
4.707278349656416547e-23
-1.306536576091163693e-23
1.358454013785314305e-22
-1.651107494283670289e-22
-6.339846260840786930e-23
5.730318702364530694e-23
-3.615264749277624915e-22
2.684195962144634597e-23
-1.968673616257609143e-22
-3.404901591485987728e-23
-9.949503824750328777e-23
-7.366660316942133777e-24
2.182767981326569856e-22
-6.651976050799938886e-25
2.463299327593388434e-23
-8.245149598913953118e-23
-1.764164074170401907e-22
1.548239429266095202e-22
1.706118714308432347e-22
1.731325730751059671e-22
5.583236709300809798e-23
-1.213680906631842600e-22
2.267423314468631433e-22
1.045343564961508771e-22
2.448524468413777393e-22
-1.969483600635425813e-23
1.044863880019843355e-22
-1.575813919143172616e-22
2.271069423021531051e-22
1.848331203832038423e-23
-1.568244613283036640e-22
-6.915827520629148410e-23
-5.401220352293813626e-23
-1.447934296589557902e-22
-2.218664234500378339e-22
-1.422958078947983961e-22
9.267940583217534816e-23
-1.535188834711777552e-22
6.722287070560318351e-23
-1.815329803093597158e-22
-1.016073802589803297e-22
5.719305995568153315e-23
1.215266742638700571e-22
8.029483078308679068e-23
-1.079424193818143904e-22
9.937029895875106723e-23
-7.828164202960190089e-23
-3.997876952206701603e-23
1.110615582449429049e-23
-7.312741522642042105e-23
8.574641213502601237e-23
-1.783067113604298238e-22
2.273737111513034790e-22
1.780340373300144951e-22
3.654120845735726320e-22
1.500599215349144200e-22
-4.264340569627877068e-23
3.548429401821207741e-23
-2.318567570471816527e-22
2.608575398237237133e-23
-4.216094752146079110e-23
-3.613135115719838677e-23
-1.022040146445831277e-22
1.301796053909216390e-22
-1.981054269438899238e-23
6.569305264326758865e-23
2.742546645595706556e-22
-2.030168301651300743e-22
1.210012299430088517e-22
-2.159655490597844823e-22
-9.835229245804681782e-23
-1.526967575139256989e-22
-1.983730985668660932e-23
-2.107277103717109637e-22
6.120497622957428019e-23
6.786456244878206276e-24
2.208241147391944109e-22
-3.053077392485323196e-23
1.176723869373097423e-22
-1.057180018700047060e-22
-1.173395807004521499e-22
-1.568649695008716614e-22
4.629592755542724660e-23
1.851705606839264200e-22
-8.832933223146873410e-23
7.379663549607974660e-24
3.347609440262866004e-24
2.393647477213085941e-23
-2.311275055765915303e-23
-1.165593545450366568e-23
-7.613977731386159009e-23
6.779857877422531216e-23
4.722854729503424877e-23
1.845710708716268700e-22
-1.384044808299761678e-22
7.065325080972590793e-23
-1.209919570840949570e-23
1.495839851873728259e-22
6.005473487756359593e-23
-4.367758107335060553e-22
1.758432596045356364e-22
-5.147610287641967586e-23
-3.642689534029932946e-23
-1.242702850197245151e-23
-6.027575375353615578e-23
5.066461717030955789e-23
-4.237844118545757229e-23
1.362658566567736024e-23
-8.919246674692025246e-23
3.720335765312780553e-23
1.027178589887314372e-22
8.507933395041560549e-23
1.788343466380651520e-22
4.006502043551207012e-23
-1.932614896511555485e-22
-5.511744695505974909e-23
-3.146374004694963120e-23
2.419171914682603841e-22
3.726140308060685901e-23
-4.821075451859134485e-23
-2.924555657683924198e-23
-5.122896061056150565e-23
-8.533364865079491286e-24
1.052689862456154239e-22
1.705441874291976037e-22
-2.145545290941635502e-22
6.988265482369744439e-23
-3.043062625866486955e-23
-7.069362665480773133e-23
-2.216630293315056307e-22
1.820014196253750635e-22
4.882665106375705344e-23
-7.512166594647755679e-23
3.965319200206392795e-23
1.806778054817215049e-22
-1.671962312388852959e-22
5.577437697811695292e-23
-2.733470916057762731e-23
1.822367592821847692e-22
4.856938818012856499e-25
2.110760584171529684e-22
-8.474122705691062628e-24
-2.327882598493530448e-22
-3.742483722471549381e-23
-1.588266874934457534e-22
-1.306075834037524849e-22
-1.319344729745906292e-22
-3.957670974493721411e-23
4.942814278601942638e-25
3.483556404494979671e-23
-1.281713180325649649e-22
-8.383430598506440108e-23
6.111744082414158939e-23
2.087706408594448259e-22
9.744166236079859980e-23
-5.577401070707986166e-23
1.452341502118957903e-22
-1.735369212644642960e-22
-2.519098082539871263e-23
5.336038238738140029e-23
3.159343861752093608e-23
-1.810236183771932132e-25
-2.681869786042700079e-23
1.534139074253992927e-22
9.384452443921636497e-24
-2.092899888607106935e-22
1.811260134130840019e-22
-1.966008437214127313e-22
-6.098027378316368107e-23
1.348135201251291050e-22
-9.120438486619935498e-23
2.026904773400235710e-22
-6.025887135021015931e-23
-3.091806444736364985e-23
3.943692888665112699e-23
2.117088083548944859e-22
1.919219641080470837e-23
-9.494810851257150022e-23
-1.699913681890275871e-22
1.648938044003195427e-22
-8.646409028739197595e-23
-7.354866674946785768e-23
-1.797867050144168450e-22
2.254983043548966098e-22
-1.487794454173040696e-22
-6.901841784928058339e-23
8.514456356304219555e-23
1.587903976201091984e-22
2.947845496987205318e-23
-1.352875269735602132e-22
1.833058287188066036e-22
-1.305238555692160698e-22
1.535710091274359331e-22
-4.097456290409215327e-23
2.151409824868724292e-22
5.741667852630681515e-23
-2.151661319054421794e-23
6.993522666059125678e-23
3.722293581462365489e-23
-1.985507047012861404e-22
8.125233517232647693e-23
8.243676263049001631e-23
-6.274630949249639973e-23
-2.638454958526544231e-23
2.048269604921974879e-22
-1.170954065542009080e-22
-2.376784726726029658e-22
1.555791131450127821e-22
-1.213968244263489664e-22
1.999925021490029147e-22
-5.982719653909603281e-23
-1.194756049196631247e-22
-6.566902411163890237e-23
-1.002263175999865390e-22
-2.138533179275426514e-22
9.721267407481248472e-23
-1.165369156835566141e-22
-1.060580471689705043e-23
-1.159850901591172000e-22
-1.435759615195481702e-22
1.401532291901718012e-22
5.984012916071560228e-23
-7.709514232136710278e-23
1.660976682191909664e-22
-1.319731444360419639e-22
1.351428054201429657e-22
1.032388950870807410e-23
-2.399686347206948193e-22
6.430564191047496404e-23
-3.065236393955631028e-22
-8.885668709334725597e-23
-6.842485824374404457e-23
-7.251108008182789385e-23
1.178020139239093756e-22
5.561985284748489782e-23
2.217456020253918476e-22
2.056762153712682668e-22
-3.117871950971397078e-23
2.108474600350276868e-24
1.398437051823240262e-22
1.489978003551084827e-22
1.674393922457375631e-22
2.178847493718517336e-22
3.988430510693108128e-23
3.995327537387247968e-23
-1.077849835201815392e-23
2.495874619429800788e-22
9.623177898879656115e-23
-1.197837374399492123e-22
-2.019463484172456947e-23
-1.216027999011233874e-22
-7.205619922009537987e-23
1.330012714304345628e-22
-2.509101299012731400e-23
-6.254512807284710679e-23
3.348901837635588461e-23
-1.101405887626961176e-22
3.729178220823666012e-23
-4.840668531145877130e-23
-6.397894659978446025e-23
6.519779971673418571e-23
4.678847622079901902e-23
-7.557307001250393629e-23
-2.425628119754124451e-22
1.631260828818494693e-23
-7.138588839851378495e-23
-1.071465623150813097e-22
4.194972574004376129e-23
-1.236813024687465684e-22
5.774250852791067910e-23
-3.254154323509286395e-22
-1.631996692468324831e-22
-8.423916511778426013e-23
4.414246996481510164e-23
4.165855433720561053e-23
7.489379126647534521e-23
7.612509891868447973e-23
4.413277122214100710e-23
1.025399252594457122e-22
-1.139210753269494427e-22
-9.383692798035230462e-23
5.643318282518634927e-23
4.121594482048453580e-23
2.152887602937304130e-23
-9.713475533919245075e-23
-1.207007476585234949e-22
1.297949650105449436e-22
-1.210532747768716970e-23
-1.602623368794675235e-22
1.888294219013249318e-22
1.142580794691670971e-22
3.058935326093439003e-22
-7.486049945438317147e-23
9.578426946292326549e-23
3.262503102372020670e-24
1.272464135097378142e-22
8.426917544717261971e-23
9.877629628452843623e-23
3.017300920298261258e-22
-2.275225395639869684e-22
1.386922311326460383e-22
1.459080801973329785e-22
4.771205319155672923e-24
-1.204348657997018504e-22
-3.801148208990291342e-23
-2.062023901332489256e-22
1.156358494446105576e-22
-2.163016535882237974e-22
-1.068398259593510139e-22
6.252466626400729188e-23
-1.931529625132037535e-22
1.537124756426642128e-22
-1.881780928655826858e-22
6.258289041503794252e-23
3.953676160754908327e-23
-5.047841401269250303e-23
-3.043718566431584116e-22
1.104085425209541610e-22
-9.471909899876838904e-23
-4.905306319438188976e-24
4.365190602190817241e-23
-4.862825776135711663e-23
-2.002012606593499900e-22
2.124865600077707991e-22
-2.259662995259813590e-22
7.660552156312855976e-23
6.874127803005836933e-23
-3.353006772557463336e-23
-8.373913418293818503e-23
-8.472770772451244516e-23
3.150671499846285159e-22
2.081757964816858886e-22
4.520213616595204400e-23
-2.971196298143989767e-23
1.512841640459449327e-22
7.441906560968310672e-23
1.761600090396013056e-22
5.674398640225730754e-23
-4.631304413314857549e-23
1.016741335786116511e-22
-1.624819308437787818e-22
3.570047778922724676e-24
3.347325262446497201e-23
1.181486800778262842e-22
5.217348305749120329e-23
-1.337949112658342807e-22
-2.915380475478820388e-22
9.492639227835051010e-23
-1.393138260495842770e-22
-6.121071478537054247e-23
2.146733636506356087e-23
4.015050923174397383e-23
-3.973065448352587306e-23
-1.326324467808526706e-22
-1.718613522068133215e-22
1.654113679698183624e-24
-2.427236104740276877e-22
2.938020718789547013e-22
-1.506151853215948388e-22
1.885295358408671784e-22
-1.690289391600448331e-22
-5.269970564103212466e-23
-2.643963981515648546e-22
1.612905702261539291e-22
1.239136095383300786e-22
5.040723904461585361e-24
1.996988272123914082e-22
1.077079383710642259e-22
-2.031061989479606276e-22
-1.659390057384946801e-22
1.743211980457970124e-23
6.086521488359418109e-24
5.699829608077586009e-23
9.853442853966046181e-23
2.929241961384487402e-23
1.203020518081892414e-22
8.283576727925458166e-23
5.410029299071532640e-23
-7.031310709984717570e-24
1.061207773437611233e-22
1.419363815688807302e-22
2.562733304449658518e-23
-4.300056983848702076e-24
-6.240895721634731679e-23
1.710467672790065559e-22
9.982723320037476536e-23
-1.183520005579699844e-22
1.018937536075049011e-22
1.284671141985000223e-22
-3.527153854708098358e-23
-1.193785145561349430e-22
1.164377932826774502e-22
-1.993096074100717297e-22
-1.477402486765496464e-22
1.275688038078322044e-23
-1.524792318782796358e-22
8.385835275950895869e-24
-4.362048622186840103e-23
9.302607613636533955e-23
-8.835616698509693370e-23
-2.824165995113778855e-23
-4.946972296929684373e-23
1.370308363940059594e-22
-6.773065485498535292e-23
-1.635378444935439904e-22
1.896116954453340804e-22
-1.172503962824345949e-22
-1.471935067556685499e-23
-2.390285510403363467e-22
1.239696323180707557e-22
9.051278113506407916e-23
-3.225160330698540519e-24
-7.986540188164376260e-23
-1.410646788172044608e-22
7.559881960302914796e-23
-1.618387943620328224e-22
1.275090045626602386e-22
-4.407395068365064671e-23
1.125884560162022158e-22
-1.221526980036307435e-22
3.868908941540003116e-23
-9.620629013287364703e-23
-1.936348458809622787e-22
-3.068993417525780333e-22
1.246249310091301632e-22
6.959175906180479637e-23
7.288810205477049989e-23
-6.993172060261679467e-24
1.376604753464569638e-22
2.096568515515500479e-23
9.886357817359901695e-23
2.553764497503045714e-22
2.356315861109706318e-22
-9.710332902023506377e-23
1.961518296405215056e-22
5.301826764704670608e-23
-9.449877703293155508e-23
2.394289583170549103e-22
-1.221893777033552842e-22
-8.582057043113003315e-23
1.424384695116570535e-22
-6.140412596693261085e-23
5.169835011736160574e-23
2.255334065656261809e-22
1.285237798072512629e-22
-5.297690685298305703e-24
1.521271995212055938e-22
-1.894883675988170186e-22
-1.121615591584564980e-22
-1.182711652872611764e-22
1.316234930533580648e-22
-7.510338772214633511e-23
-7.932232712414482842e-23
1.372892251645715662e-22
-2.832164548612205701e-22
-3.111189999597491520e-23
-1.940026786568844981e-22
-1.290517661892960999e-22
-1.763184427580486620e-22
-9.426517252186301320e-23
1.633120558946999157e-22
-1.256009960324574789e-22
-1.295518596546298301e-22
9.058326186107187819e-23
-9.511153557399052695e-23
7.130691788145400579e-23
6.588682330654946187e-23
-8.322987087538161352e-23
2.013957890752895713e-22
-1.367681583338758800e-22
-2.263372107277936845e-23
-5.504165207899947865e-23
2.949214194970666952e-22
-1.086916424106901791e-22
-8.617572280336954708e-23
-1.704108038910096449e-22
1.523577634325762606e-22
-4.326003756713476441e-23
4.282356323773002528e-24
9.298671676585602423e-23
-6.367981419528465886e-24
-1.507171965391753759e-22
2.097192915320526891e-22
-2.849051946311963983e-23
1.321323017687917952e-22
1.997975906879614262e-22
1.063865540808448309e-22
-8.560715155722544078e-23
-1.145356575832678779e-22
2.281366946167354173e-22
1.125152686195675782e-22
-6.023385379441672049e-23
1.723363227588753504e-24
-9.453713323538179988e-23
-2.612209747761891278e-24
-1.009035313816946273e-23
-1.339692540590644683e-22
9.050914313644436336e-23
1.257612621914920870e-22
6.082462415667580050e-23
-2.020807172814384826e-22
1.087780131221564145e-22
1.033943627052524799e-23
2.720124772972783642e-23
-7.841520058147417978e-23
9.341774921511059899e-23
-6.769289467234684031e-23
-2.665464111774654513e-22
1.375885798165037348e-22
-8.226329548371173327e-23
1.189459128290615618e-22
-9.066122960565927919e-23
-6.409965541040530392e-23
6.546859825583633598e-23
-2.182830502466136700e-23
1.033863621828601441e-22
2.500308149820876861e-23
-5.112293820941250255e-24
-6.150842970819132383e-23
1.909467523002224551e-22
8.272371935472102896e-24
-2.796665080595460647e-22
6.506460871527485272e-23
4.243528853488190035e-23
-1.139895353063705114e-22
4.230173044401352953e-24
-1.770493309611780388e-22
-5.241412538519582265e-23
6.349717980809957338e-23
-1.467375332837907491e-22
1.404712890767317719e-22
-1.114831844040576098e-22
4.841817223322916140e-23
-4.716047234631627388e-23
-7.186220717240505300e-23
-1.625707762866796544e-22
1.596446190292986556e-22
-2.719065161909318885e-23
1.223310915591074047e-22
-5.770763789000555095e-24
1.394561898576982352e-22
-7.465098326585207232e-23
1.542567212004399082e-22
9.169376196891550867e-24
-8.279173797374903654e-23
4.807729043021775047e-23
2.190879824796782624e-22
-6.023791963148554942e-23
-4.118143206385558995e-23
5.307693980078701056e-23
1.754737936666157131e-22
-4.796151319284728300e-23
9.350359182573564748e-24
-5.816675571905208089e-23
-2.388038218334463774e-22
2.621095238717880839e-22
9.317333597203457535e-23
-5.987675160133139659e-23
1.538501626896036910e-24
1.938641978234406761e-22
-6.386375680174483664e-23
-2.004246193786911044e-24
-6.117131333647003233e-23
-6.456785226107827565e-23
7.510240779361751577e-23
-1.159319236232360286e-22
1.137107091204995626e-22
-8.167936233497416541e-24
1.262870313368163880e-22
-3.847319580169787045e-23
-1.043601121567106967e-22
-1.546937912623437018e-22
-1.206384187807287551e-22
-3.624543964482539100e-22
1.197422913888052082e-22
-7.142370032775226197e-23
-6.342535475721689100e-23
-2.682893270279131637e-24
-1.594857410860889766e-22
1.381214741885448328e-22
1.479384963620170799e-22
-1.944545707908963180e-22
1.568043346723622374e-22
2.767840761349197925e-22
-1.085638992683372180e-22
-9.753419430758232403e-23
4.033536533407713118e-23
3.081311910731496864e-23
9.532320459574751642e-23
1.221094138988273521e-22
-2.524967842523172049e-23
-2.461036201822232251e-23
-9.900745676292444992e-23
-5.634963822922099570e-23
6.620719333693902051e-23
9.232387176191807541e-23
-1.227452500330004848e-23
8.847758692763874530e-23
6.662672869016282452e-23
-1.697146887797501187e-22
6.844430356679097571e-23
-6.465142969952723225e-23
-2.998359602091154248e-23
-6.288523170772459992e-23
2.924861918255855313e-22
1.219375821890476406e-23
-3.685573841675870119e-23
2.694669749328980102e-22
2.685548422993339484e-23
-7.437880130677282587e-23
-1.219546132507611689e-22
-2.119376667077194675e-22
-7.912077285224364821e-23
-8.990272156529491669e-23
-5.766505934861762672e-23
4.580419304837295281e-23
-8.423159123309585721e-23
4.599289191067582031e-23
8.194268066249473997e-23
-5.309988727030721130e-23
1.692616954174287900e-22
3.339317702515210224e-23
-7.416153470783064374e-23
6.856245132461264662e-23
5.329374428459751872e-24
1.094471352741633265e-22
-2.681812471304671554e-23
1.224531886626342212e-23
6.700061916643988755e-23
2.982560186442360650e-23
-7.811223226350358937e-23
-9.134393627157423633e-23
-7.238817328718780250e-23
1.740281217151294669e-22
-4.252307023975519505e-23
-1.876475650613686745e-22
1.809022347271237614e-22
-1.831428403973142998e-22
4.871526164929700703e-23
-8.396818640475269128e-23
-1.328907123144198885e-22
5.025007880807877548e-23
-1.732099088842691209e-22
-5.824322139446583365e-23
-2.239074833356775541e-22
-6.806931414425567507e-23
1.084649954600085440e-22
2.433268121621298104e-22
1.700496937021365614e-22
7.943669923479455372e-23
-9.436156648824548242e-24
-1.207678178547760050e-22
5.053190080525887996e-23
-2.748708905768303738e-23
1.695708444737639536e-22
-3.212344933027235367e-23
1.678618903859949551e-22
1.965157944082830735e-22
-1.508907805336157690e-22
-1.241032546264667132e-22
6.135839757522258328e-23
1.136485717059494144e-22
-8.756158768722603150e-23
4.027533097272111532e-23
3.467140581657212528e-23
7.133124511560431764e-23
5.038497296361111589e-23
4.082898372108574814e-23
3.093437130174214677e-23
1.863363320713350649e-22
-5.124830565970293074e-22
-2.236536103461579838e-23
-6.443846693953670602e-23
9.075154837458513640e-23
-2.111254870429393522e-22
3.768967754352907689e-23
1.078110935863092980e-22
8.227431864888220332e-23
-7.567577836891559919e-23
6.183582903347982076e-23
-1.376997440621581234e-22
2.595557146620431543e-22
1.709097405348769385e-22
-6.962097227746028064e-23
-9.226769876314430961e-23
-7.400871632233102114e-23
-2.376239501910022702e-23
-7.019842793813093341e-23
-1.039181481696638382e-24
-4.052242528390245154e-23
-1.785381422390313979e-22
5.674137556527582382e-23
7.357624329958533187e-23
5.672943984180875491e-23
-9.887431325966577378e-23
1.102377551680468894e-22
-2.290658202949282521e-22
-6.825687548247469859e-23
-1.576411427466489880e-22
-6.985060387208617269e-23
-3.622911363925177290e-23
-3.085989070285195934e-23
4.284298192190128964e-23
2.625382928242310976e-22
2.581323219934514738e-22
-1.017352161125708594e-22
-1.442050496891045806e-22
-5.666986861311181278e-23
6.543308290292458226e-23
1.373147717739024569e-22
-2.157668109397905287e-22
9.732817180584010341e-23
1.033070572041580123e-22
6.130424621802154063e-23
2.169063854562942549e-22
-7.406881772609240883e-23
-1.698116361635625771e-22
1.636115269432365348e-22
-4.377638900706821691e-23
1.205706591841431195e-22
7.048950701567301821e-23
-5.718783807401000696e-23
2.236501657149374588e-22
1.410294563141820790e-22
1.829753469293989955e-23
1.106631779074659396e-22
-1.703615840490357721e-22
7.651459672555251029e-23
-2.572056234109149470e-22
2.529359043141311264e-23
-2.744200225765916711e-22
4.299245168476786013e-23
2.192704943395637959e-22
-2.317727721530094784e-22
1.857824318797212684e-22
1.497474948983607694e-22
2.445468826391898006e-23
-1.644621784302663221e-22
9.623424391456947633e-23
-1.006848348596871543e-22
-2.130512136917007760e-22
1.172636497460423635e-24
-9.931665581912696467e-23
-6.583052847551966962e-23
5.599036063335070178e-23
-1.432620774347260373e-22
-2.962680694108055525e-24
-1.096085249752071532e-22
-2.203286920217629876e-26
-1.634659597316704628e-23
1.816920630360492987e-22
-4.750499548373254361e-23
-3.446994471298953552e-23
-1.887030895182383523e-22
-1.513626993533989364e-22
3.146100884560146398e-23
-9.036893365379642710e-23
-1.487396726220816110e-22
1.846378052743011412e-22
-2.047864861667417938e-23
5.698111098406481400e-24
-7.608551194481736247e-23
7.756298506947701107e-23
4.135313827896299620e-23
1.919639796380974133e-22
1.876530614411062780e-22
4.616506652839015633e-23
-1.181898554126395611e-23
3.544209763369850633e-22
-1.207801894085365268e-22
1.327869741157897324e-22
-5.249096758231815918e-23
3.148851523282243537e-23
6.858860823072954807e-23
4.813078342292021759e-23
2.549952449690333201e-22
-1.790019585003911116e-22
1.766969312826253935e-22
3.496096643004530330e-23
-2.974204102020046505e-22
7.525083741909194734e-23
8.525209624307201825e-23
-2.889708200883022453e-23
1.388966269736578762e-22
4.008594457473506516e-23
5.554754942989626791e-23
-1.388922766580050174e-23
1.235576101543973053e-22
-5.066787638242758597e-23
-1.596004522917162881e-22
-1.672233875281532938e-22
-1.195496631856155275e-22
-1.781164848179638147e-22
6.902381793996567593e-24
-1.356567259724582708e-22
-9.230563341559434142e-23
-2.776320869973858722e-22
2.087016569642431859e-22
1.422622222748654792e-23
-5.546438558282037443e-23
-2.975547171246928970e-22
-9.048958370001892437e-23
-5.460263179109494077e-23
-8.592472315946937280e-23
9.260758851860307602e-23
-3.267520907776652511e-23
-4.740383753788431898e-23
2.307096667023093699e-22
-5.444173885234702016e-23
4.221152368039664518e-23
1.689587263876779149e-22
-4.949050426149991872e-23
1.891087498939089851e-23
-5.122773765117810425e-23
2.868392859218921405e-22
7.828794905984982038e-23
8.473606665940421071e-23
-1.351254469630257905e-22
4.452173025776338979e-23
7.582022700249544123e-25
-9.976023701518577254e-23
1.524355308816639426e-22
6.178211669225755996e-23
-4.206240806050872043e-23
2.730867415346114170e-22
-1.824851581094830135e-22
1.896414616052784226e-22
5.598425800962540460e-23
4.593136541568880154e-23
2.398697909977063086e-23
-1.978641185851036978e-22
-5.148186288767929366e-23
1.991303318770142151e-23
5.793770833412180962e-23
9.916496409988418363e-24
1.083698315004999521e-22
1.503023560462276413e-22
4.193787236020050556e-23
-1.877355408033685751e-22
-8.448061667479559810e-23
-1.126196257038033377e-22
-1.051907150750197749e-22
-2.645580237637501912e-22
1.948318102863091413e-22
2.788280417975925665e-23
2.269722919939446470e-22
1.245460402775869527e-22
-1.328616089083402519e-22
7.383159438160075834e-23
1.654118060569236359e-22
-4.162180070413899383e-26
-2.585597779845025391e-22
9.147677348876717514e-23
-1.970289207301661482e-22
-1.078600646998543490e-25
-1.621148555672936458e-22
-4.530134381652020732e-23
7.594945732510706555e-24
-2.319708817366115193e-22
1.169220854967268514e-22
-3.399111431425007610e-22
1.343807125528442607e-22
2.383546383800333208e-23
-1.022567732376290471e-22
2.382580344285105502e-22
-2.187564960630599372e-22
-5.148605819028722952e-23
-3.629120883717691647e-24
-2.375887112872671436e-22
1.402794451261370369e-22
1.135661448175124099e-22
-4.276308830139034347e-23
1.105825200977318932e-22
-8.249286855676420325e-23
3.581668605051563378e-22
-4.328015645386053069e-23
1.664013773337474303e-22
-2.820391419786210195e-22
1.528802366472899562e-22
-2.064477744606557244e-23
2.577667599606994273e-22
2.950136288069885408e-22
9.627425958514505952e-23
-8.645114789783781123e-23
-1.639118251684055106e-23
3.428942869380425733e-23
2.123363893178855230e-23
2.725867188244130347e-24
1.751850708435384572e-22
-9.736495732368919113e-23
-1.610137829079982069e-22
1.661139786744533442e-22
-2.192957820212104657e-23
-2.234433628073843967e-22
-1.868010978583439260e-23
2.551814069522905785e-23
-5.874226693593416165e-24
-1.261346236044327185e-23
4.626017426971673339e-23
-1.391605541300378436e-22
-4.130631929104413180e-23
-1.113526888207715408e-22
8.387732498844274877e-23
6.003815079257285304e-23
-1.245726908231692074e-22
-1.082480828231011681e-22
-1.258363135693292162e-22
1.669865229770462808e-22
1.150626213814444392e-22
-6.302668903151781261e-23
-1.762815251149161550e-22
4.731602990650686295e-23
1.083283245187889615e-23
4.414025197477281021e-23
-1.305344067873591898e-23
2.002396664529405830e-23
-2.209936242085288172e-22
1.055620382378784174e-22
9.930263243733923687e-23
-5.024669527981351127e-23
-8.971193691903711125e-23
-1.198942913022961630e-22
1.092256020422051194e-22
-1.471715721550682014e-22
3.230597064228378921e-22
-6.545932946594849321e-23
-4.822199771320265100e-24
1.195235299106439621e-22
-1.119599808516145655e-22
5.267474070711251969e-23
-1.669127164627580477e-22
-9.191695163978290838e-23
1.266095931658995806e-22
1.325054927002263325e-23
1.695948686500951456e-23
8.860994253940850896e-23
1.413550381546127969e-22
9.483242937873756350e-23
-1.235093504243639372e-22
1.703202996599080157e-23
4.061441086184517380e-23
1.080087008606429432e-22
-1.985690585580277419e-22
9.752127225181917707e-23
-2.355077662108257930e-22
1.047819642786416938e-22
8.804803350877274466e-23
-1.563225014395514862e-23
1.491525343201033174e-22
1.656907881248064561e-22
-2.216094868241385735e-22
2.182648110448860470e-22
-2.009528029203247119e-22
1.254465902804299001e-23
-8.736324118507782710e-23
1.711257551789761270e-22
-1.289435562800683460e-22
5.609450884996538789e-23
-1.678211007604117732e-22
3.521046683912097511e-23
-2.071661832964847948e-22
2.395301752878880371e-22
-1.350211914233953558e-22
4.645791020588697670e-23
9.825600360676655520e-24
2.468794329978015796e-23
-1.267694836091833761e-22
2.194637416517906513e-22
-2.259680989292538015e-22
1.176686699238822265e-22
-9.617676752173592063e-23
1.337030470974619979e-22
1.157490180884514161e-22
-2.789584301469787358e-23
2.665169466334158635e-22
-2.719934072303109867e-23
2.925532678021917335e-23
-1.346212532499154596e-22
-7.089288528419653446e-23
3.147679237911993122e-23
5.140642228485115344e-23
-3.079593672077323853e-22
-9.027011732439531955e-23
-5.126480128090577776e-23
1.974078242810781139e-22
-1.999735114640986528e-22
2.973974111075371598e-23
2.558132603007447912e-23
-8.561973626347627912e-23
-9.283991298667551050e-23
-8.630627255174472946e-23
-1.424053672609450173e-23
-9.616151403105879140e-23
-4.364293401904093203e-23
7.591683605858453932e-23
1.512026665045684578e-22
-4.537451714157877903e-23
-9.354201811313271981e-23
9.605155830420958541e-23
9.247829728247001491e-23
1.464211605130528140e-22
1.026608461154866841e-22
8.150458825102174625e-23
-5.084565035239393184e-23
1.778392007765000661e-22
-4.826320106817985322e-23
8.630616771157085031e-23
-1.447542254741858061e-22
4.540540003232342243e-23
-1.247530354821564253e-22
1.351454407830842619e-22
-6.574466828737425144e-23
-1.377615393151434819e-22
1.358179219264898719e-24
3.574947972113849319e-22
-9.172572088275328246e-23
1.021792493610557742e-22
-1.636445762037735198e-22
-2.389163836053802235e-23
1.134185618357895276e-22
6.229665046707317898e-23
1.926509357328242606e-22
-3.495774316626735375e-22
1.494651631830060988e-22
2.900869950638610773e-23
-8.120402818990132169e-23
-3.019570216544696426e-23
-9.365354302141075977e-23
2.992910266756972231e-22
1.667890545573401367e-23
-2.766157148250494903e-22
-5.913371488472794819e-23
4.235988652206277182e-23
-7.774106013481538897e-23
-2.167949077953324408e-22
9.359669366744377447e-23
-1.031575016873738585e-23
-1.556305920775882041e-22
-1.142591322354229379e-22
6.127659144726126074e-23
8.121270518711251723e-23
-2.114412758241541918e-22
3.002678333110063157e-23
2.388595917673430735e-22
8.964861077766757428e-23
1.334725783884570402e-23
-7.082845715777768365e-23
-3.004763425812497694e-23
-7.013855550310288622e-23
3.511880659333330313e-23
7.929628072600930802e-23
-5.427267649713298602e-24
4.997284581576828509e-23
4.822496320455446841e-23
2.512333461230979105e-22
-1.313724321761156973e-22
3.805745161527517117e-23
-7.116296870090573236e-23
-1.037454327349321316e-22
1.060313757395343717e-22
-2.251061517086051956e-22
-5.876039340643434219e-23
-3.784755046626465806e-23
1.235721902689368304e-22
-1.385410503498335790e-22
1.695939457509129350e-22
1.454237812081920413e-22
-1.899118974715244485e-22
1.137691873454169042e-22
6.492178971678014820e-23
-8.086524329819445034e-23
-8.992867691530207728e-25
-7.772091019378478280e-23
-6.506520988287143150e-23
5.328405307530607106e-23
-1.093003841289575146e-22
1.512627057919834616e-22
1.195428387956960947e-22
1.411131596274341868e-23
-6.960177897936646124e-23
-1.376607730874995596e-22
2.265528634158935232e-22
-3.054548613132988777e-23
8.749470335732583430e-23
-8.274397141954085890e-23
1.601723609752258511e-22
-5.024355807463882753e-23
-1.542238062282851908e-22
1.832539768789154714e-22
1.818072210442338855e-23
1.181857312045515703e-22
-1.406639786561985396e-22
2.574894228218638593e-22
-9.850760477666458278e-23
3.531770627601403550e-22
-2.002061679851847488e-22
-2.012388511377870743e-22
-7.370949599526438586e-24
-1.028177266625326591e-22
1.608636670909752097e-23
3.407515670262977525e-22
-7.143157958203499401e-23
-1.284984146235070773e-22
2.165100344276716989e-23
-2.976947696843015257e-22
-2.812203693240342439e-22
-7.747255064982705640e-23
-9.333848617588205543e-23
1.614942054849668423e-23
5.256193748236078169e-24
1.021167385229713835e-23
7.667003774103248491e-23
2.895763514139946937e-23
-3.002720057643620604e-23
-9.445663690366632147e-23
1.828230645271948293e-23
-9.194351274079022552e-23
4.917224406552618453e-23
2.558606089413288608e-22
-1.367260879455629701e-22
-2.057746282670237400e-22
-3.551514848881506167e-23
8.048489625500493702e-23
1.137318329492958460e-22
-7.798859175296625904e-23
-2.662546018583260235e-23
1.587521066742679896e-22
-6.738657372810619382e-23
6.812840729092371854e-23
1.451510590587648574e-22
2.512399486629928914e-23
1.989884407411905768e-22
1.717266254467496721e-23
6.860074304715764526e-23
9.493525188353634229e-23
1.472678449529855954e-22
1.773004125625807553e-22
4.266812698825610226e-24
1.315448487098290164e-22
-1.458567023870781732e-22
-7.885569009443598946e-23
-9.473261391514012249e-23
4.377519572888681075e-23
-3.633050872203068296e-23
-2.430800001279838938e-22
-6.874640314888017769e-23
-2.018151509484104885e-23
3.942563149196960595e-23
-1.706316657581034685e-22
1.814620911756648259e-22
3.019249834675701933e-23
-1.743729197303484343e-22
-1.316506047607524109e-23
5.578946100655852235e-23
-2.504509329441041169e-22
-9.411969742011712260e-28
7.571851832786289042e-23
-1.746532793412314210e-22
2.959009285402112595e-23
6.188749446520536401e-24
1.730271056892820451e-22
-7.153750300442153944e-23
1.297559041873810087e-22
1.261967778684556969e-22
7.196534660236579017e-23
1.706963021643495501e-22
-1.741265246588931791e-22
-1.308369250422018850e-22
-1.114306620011084599e-22
3.542145180563259220e-22
-1.976116591674099922e-22
-1.451530512626032111e-22
3.094870771879718465e-23
-1.058546737085862376e-22
3.387859917847936007e-23
2.378256364812267227e-23
-1.099374485392283627e-22
-9.200154099899014513e-23
-9.691234863924474580e-23
2.648096474659145698e-22
1.418880005241072610e-22
4.670403176220344239e-23
-7.173648501676156711e-23
-8.427101879816766477e-23
1.421642461290509941e-22
-1.461822392393418389e-22
-2.074498818037625629e-22
3.629327168384052126e-22
-2.263547839168270421e-23
3.316457907550106638e-23
6.340465962158273636e-23
1.611288020607309654e-23
-1.677479269394455836e-22
-2.926748572023707708e-23
9.477906484059041031e-23
1.185683890187666381e-22
-9.341353718442846550e-23
-1.633757456636555061e-22
-1.308296056899960780e-22
8.175771241762712426e-24
6.817372575039051468e-23
3.872242963923987218e-24
-1.588353155010294027e-22
-1.550280845246106524e-22
2.069248975372508336e-22
1.601459716887063108e-22
1.285145311804422834e-22
-5.134115810311675317e-23
2.668307725666621182e-24
1.260950999647601968e-22
7.781466448614711481e-23
2.018219294204386202e-23
1.801804135517945200e-22
-1.417895361504095879e-22
2.216109574625393587e-22
-2.512120381186811532e-22
-4.533002347002238087e-23
-4.880303972696642053e-23
4.627582451752045615e-23
-5.159394934391924255e-23
-3.937515104551352184e-23
-6.652491645809580875e-23
7.585101177571618790e-24
7.747439632750053374e-23
4.135523847869808869e-23
5.193074130401337017e-23
-1.063349787917146551e-22
1.003521144339924036e-22
-1.698452486800200092e-22
-8.551957365979506337e-23
9.381543373483366049e-23
9.124306471347087137e-23
-2.761645009804591778e-23
-1.799260109804483842e-23
5.011871151923315598e-23
6.485449480282081149e-23
7.251778160237371112e-23
-2.835209000953804638e-22
2.865911195142860702e-23
7.432778959412024207e-23
-1.249231761142600676e-23
-1.686664764948924162e-22
-4.823611203373117225e-23
-2.196851786532581860e-23
-1.327694289856292056e-22
2.053905059444736053e-22
-1.807475437142100241e-23
9.496471820661246470e-23
-1.271961430541786801e-22
1.882079060993103244e-22
-1.497761023364379759e-22
-5.482103088106951759e-23
-1.083406965033426546e-22
-1.741150835500767104e-23
-2.351206112029294683e-22
-1.064669779739873588e-22
1.505372102359820929e-22
1.976597575977105747e-22
-1.385473252919802701e-22
1.655874427242153445e-22
-1.900872852997717653e-22
1.770731476873123641e-22
1.757359353070596722e-22
1.878806643598900028e-22
-4.847056813694540215e-23
-6.528147918548584109e-23
-2.124284231447744618e-23
2.237449831391519096e-22
-2.626029068188099776e-23
2.494592286096551983e-22
-1.235607090399605323e-22
-1.135716570061865289e-22
7.534516020560691626e-23
-1.705714971622913057e-22
1.207177325320790466e-22
1.615846319004858964e-22
-3.813896218791280288e-22
1.508760776142861570e-22
-2.471034720388963915e-24
2.090504204102793003e-22
6.569233457109471943e-23
-1.362567728163153685e-23
-6.701500555328445599e-24
-1.598160225473237886e-22
2.179403849271274339e-22
2.838749805929721658e-23
-9.679833448326663679e-23
-2.117586703509978049e-22
7.295515024341243717e-23
1.678552865342926126e-23
-1.819757717436778149e-22
-2.070233026173726492e-23
-1.069001686239361430e-22
-1.101879002041935153e-22
1.618235957713937206e-22
-8.677573786253821130e-23
2.504417106212515868e-22
-1.305558838410289440e-22
-1.595340845502325128e-23
-6.693282539555905940e-23
1.458077450395916176e-23
-4.933480977304218019e-23
-7.518620748889404866e-23
7.162451686522780170e-23
-2.393187424856363583e-22
-8.494168022951935019e-23
1.060422504490705134e-22
-1.636586089141192235e-22
1.794850031627591451e-22
6.502573292106837366e-23
-2.032276578669005993e-22
1.341666672598303128e-22
2.430152870937297259e-23
1.566647911417415029e-22
-9.799476617480637422e-23
9.430621460459612423e-23
1.343619280446066854e-22
5.973103268260395997e-23
6.207348576052009525e-23
-3.273443467769093866e-23
-1.249239378483408471e-22
-2.412595744350934548e-22
-4.293375819693295155e-23
2.801577328169998677e-22
3.363085249003255838e-23
1.021272666862978493e-23
9.283033080615914662e-23
-6.862327725776066952e-23
6.378297809013446839e-23
1.085450217610636293e-22
-9.452345582492256984e-23
-4.220868813407723751e-23
1.144770261981314406e-22
-1.060521758643404522e-22
-9.870650871447977275e-23
1.304582534190906870e-22
-1.982272864462991873e-22
-5.837503653343602163e-23
2.567013999335884692e-22
-1.877127482902925332e-22
9.325098480387118661e-23
2.912788129847617949e-22
3.186785904138743076e-23
-1.908016504278195281e-23
-2.568673792766051545e-23
1.210943793295802591e-22
3.045246773497278186e-23
-1.433874219851046878e-22
2.186980251837384742e-22
-2.018914507987455028e-22
3.538863097683230686e-24
-2.210192773719174572e-22
-8.047594006622585729e-23
2.043268301342055527e-26
-8.030078263892576973e-23
-5.524491159275208520e-23
8.438256052527641813e-23
-1.725020170498693943e-23
-1.186848191587866208e-22
1.168229553226755189e-22
-1.571190547852499036e-22
-5.789330564923378971e-23
1.509059453727572781e-22
1.058183448264180581e-22
-4.841450135496921845e-23
-6.946177372359839780e-23
-8.466184617454631625e-23
-1.275803706437016178e-23
6.190693308381321225e-23
1.645703580768361864e-23
1.864710287270404877e-22
-1.637558368477527608e-23
6.264683820228168122e-23
-9.664481137400249507e-23
-1.097838997420958336e-22
1.443226378606935266e-23
-1.111912363919046972e-22
8.377041297997843528e-23
-8.477299320193829232e-23
9.602199314280149673e-23
1.745257155498709583e-24
-1.747383360605287001e-23
7.894330885039280127e-23
-2.782998801270565752e-22
2.731439461941727356e-23
1.844708800478151582e-22
7.682625184884340927e-23
-2.887997362787113530e-23
2.388451339119116662e-22
-1.725951639147059032e-22
2.242177833175226869e-23
2.250384292395196957e-22
-1.023796667818216680e-22
-6.392224151090291033e-23
-1.006355564153020416e-22
3.315430600507763124e-23
-8.217431725910404222e-23
1.646217358316988767e-22
-1.621973756430383998e-22
2.761525169001607724e-22
2.865775988717536613e-24
7.285138490602170529e-23
-7.839623575555236119e-23
-1.348494495560025439e-22
-1.745921413717923590e-22
2.181135478504882747e-22
1.974053973288459406e-24
-1.600109457503853299e-22
-1.682836775799865943e-22
1.842532916478436638e-22
1.449363368068091330e-22
1.549361096787074803e-22
-1.489952775260039365e-22
4.772583938447095084e-24
3.050232934186190443e-23
-7.818107240512361815e-23
1.156029767687021790e-22
5.146019670529682257e-23
1.559009880851147943e-22
-1.639545913066504028e-22
9.003902967360965852e-23
1.950671138793612710e-23
4.782029258354194947e-23
-2.592054283363424101e-22
1.895174319001210526e-23
2.433589907569704185e-23
-7.239290963050144373e-23
2.152560058227338902e-23
-9.561242619829821898e-23
-3.339149149004673823e-22
3.958216666113614084e-23
-2.245998736997735622e-22
2.585418820997203139e-22
-2.085906055031950973e-23
3.793515992504093529e-23
7.682922085397417096e-23
7.057009733449844120e-23
1.762437321812290446e-22
-3.982864580500857376e-23
-8.069008607194760165e-23
-2.473811644044822780e-22
-8.819165064760845339e-23
1.865728629056851988e-22
-2.572649707926932925e-22
-1.198753745715237349e-22
-1.239760919750171020e-22
-2.247429783894872966e-23
1.626046002056161128e-22
1.473486668687179433e-22
1.751074942092650118e-22
1.385816252522754440e-22
7.242063605621572147e-23
9.299958586338901938e-23
-5.443714087494484838e-23
4.940055443482359384e-23
-2.161116979989115302e-22
1.288828499614614358e-23
1.183511368280804710e-22
-2.446765340428690586e-23
1.987137512001245909e-22
-1.391614421735680164e-22
1.469648759417552920e-22
6.825066405169876572e-23
1.617015393244503326e-22
1.049155257352460308e-22
1.086856075693867121e-22
7.185907884863260396e-23
-1.099465112025745492e-22
-4.394124795841631894e-23
3.835713926068953308e-23
-2.330831182707326750e-22
-1.338535677264183270e-22
1.992524479847895871e-22
1.874658516954718911e-24
-1.920365570978131620e-22
-1.667203634979744458e-22
7.683317506625945410e-24
-1.289576067568033184e-22
-9.001902851736376546e-23
1.257323017319778693e-22
4.658084607493165011e-23
8.152053952972039575e-23
-2.697830353231936620e-22
1.531759498944921526e-22
-1.318689915458004942e-22
-1.483179383433928097e-23
-2.100179053265595813e-22
4.959718835229734346e-23
-5.822467447918092162e-23
1.148917329146559420e-22
1.857719473290061651e-23
-3.708032666120995803e-23
-1.104603305757997959e-22
-9.515792015914833278e-23
3.020385317737026039e-23
-1.049123326152569705e-22
1.728942563167077698e-22
1.051657547023272180e-22
8.100505230690398925e-23
1.211884288274616457e-23
9.397247583942409902e-23
3.294573063212956340e-23
5.023010190320205172e-24
-4.404210339854271781e-23
2.725829078997641495e-23
2.774613378355447718e-22
-5.517982679890760808e-23
-6.866425877944359604e-23
3.736094503846766095e-23
-5.262159424522827566e-23
-5.536080954002746392e-23
1.022459936683489843e-22
-9.567147051155133308e-24
6.514525104842274606e-24
-8.634776783843082648e-23
2.265843701920524976e-22
-9.636394930062330823e-23
-1.551405179773240725e-22
-3.030468335444559439e-23
-1.513097845764970598e-22
1.262374884069897686e-22
1.045191235044617240e-22
-6.121860125886248076e-23
2.220782750952156438e-22
1.600557512084480288e-22
8.560216430945364454e-23
-1.564646101435999253e-23
-1.768848705371707658e-22
3.036371437631765243e-22
-5.688101635280183811e-23
7.587176099338710079e-23
-4.450471933656839613e-23
-2.193740274953916719e-22
1.663111503007690524e-23
-1.949995718199510637e-22
6.663843473441548337e-23
-3.570424725265459038e-22
-5.384946568453008762e-23
4.130046220308612113e-23
2.659902011211350073e-23
-8.930037622800680988e-23
-1.523801798601144066e-22
1.977714219313989681e-23
1.047903458706614609e-22
5.456084035169695370e-23
-1.807356657422293511e-22
1.781786145459283321e-22
-1.529396025825629689e-23
-9.952825836635389643e-23
-3.140099243560850366e-23
5.430029618620667715e-23
-1.956864728529826443e-22
2.568992671794736599e-23
5.918406634291451024e-23
1.543665880872895528e-22
-6.520629251623052710e-23
6.372312518462715463e-23
1.376018260738769394e-23
1.143837988824759729e-22
2.048686827646205154e-23
-3.039532669797326651e-23
-1.479038989647662746e-22
1.841283919106095603e-22
2.429696505350545710e-22
-1.370081241311596519e-22
1.754147070403873977e-22
-2.328116863737974693e-24
3.357448000833734643e-23
7.848766555473251260e-23
-1.865639880533563338e-23
-1.480440565840276131e-23
1.109934576473820323e-22
-1.708516578308168010e-22
-4.006117686040674038e-23
4.228212367366715086e-23
1.711080880246947041e-22
-3.313010189510955401e-23
-3.785690346304095433e-23
1.683651183776996501e-22
1.259081795216953047e-22
2.728907976191262293e-22
-6.303623010903468063e-23
-1.095624637571452673e-22
-2.953657096011929964e-22
-1.989790208734278233e-22
-2.215320290794733499e-22
-2.701552811666974552e-22
1.903678009343760879e-22
-3.110888541450309437e-22
-1.361980842728562712e-22
-1.124046038738859034e-22
1.179728971318176781e-22
-2.327848763036454428e-22
8.809950993460238456e-23
-3.142113829124777269e-23
2.786805582244688369e-23
1.596445133753375253e-22
1.325174356756590214e-22
1.981192498778516734e-22
1.353619273811632854e-22
1.782862357949652788e-22
1.124366742931390278e-22
-7.109345532051437098e-23
2.276448329655682990e-23
-2.815423135150084574e-24
-9.482093286680848981e-25
-7.396487308343889743e-23
-9.775148764012928948e-23
3.189899754297784745e-22
-3.342527361903381109e-23
2.130384276424831423e-22
-3.855078434791184183e-22
6.624195925790463037e-24
-7.597903703026651220e-23
-4.128072155782940488e-23
-3.542943927437070493e-23
-1.620106991543435890e-23
-9.451799447832972748e-23
1.457492268156447784e-22
-2.960869512136264684e-22
4.181459679204527889e-23
1.433175011804205472e-22
-5.041340477138255372e-23
2.036577958162542882e-22
8.355337633331730738e-23
-1.141929104464000715e-22
8.101775088879599768e-23
6.436702201949311015e-24
-1.257689903519594174e-22
-7.206341507685936699e-23
1.833401499431440653e-22
2.985625797088581328e-24
7.009052248969012375e-23
-1.851454350549235558e-22
3.010517876241782957e-23
1.259596279315679549e-22
-1.076564784369487550e-22
-5.059069868113173896e-23
1.863849277370393946e-23
-1.113853801881904369e-22
7.075227902812362856e-23
-1.213880329270002180e-22
-7.108379238863299035e-23
1.375307903451196682e-22
-2.018071668784593846e-22
-6.353749863730723452e-23
2.110209144519405019e-22
4.784765932937907848e-23
-2.747273880844122888e-22
3.085637346998159649e-22
1.211024844160039727e-22
5.854123262764974185e-23
1.759892872980910688e-23
-1.679290989679731850e-23
1.104790508793850594e-22
1.874455397580001564e-22
1.443946996041826958e-22
-5.163245010466265753e-23
8.630179622582545576e-23
-1.639674600941145074e-22
-1.046975702216419306e-23
-1.028713208449217020e-22
-1.059800446347042636e-22
-7.134886192532407844e-23
-1.474526796961579012e-22
8.702185834007686279e-23
2.685630468377878867e-23
-3.464328576326638578e-23
6.654120053696521265e-23
-2.836296719317683766e-22
4.972271605891545457e-23
-1.556063284380626500e-22
-1.548362964189223813e-22
8.268503370584919498e-23
1.056314644850002407e-22
-1.167774558702134251e-22
-1.241354486343370220e-23
1.509283316301431799e-22
-6.968018602837582405e-23
-7.828897067272482654e-24
-4.289337120355923654e-24
1.222460557554675086e-22
-1.618582437714010419e-22
1.335703161123564255e-22
-3.760296144781320365e-23
-3.124128989421986824e-23
2.389441735108307081e-23
6.628512953563254187e-23
-1.931540713850123115e-23
1.995989014920721174e-22
-1.706707052108424066e-24
1.236178749582335518e-23
7.914726636656593050e-23
-1.454000367980491399e-22
6.568871897811493434e-23
2.416919899013784634e-23
-1.044341812212714238e-22
3.124672769670037679e-23
-1.824196115613696045e-23
5.067811667015449488e-24
-1.227814049808937838e-22
1.846791877413224070e-22
-9.526527119304161511e-23
1.660913246549408754e-22
2.033213269094921293e-23
2.176224597924893066e-22
-1.590603138584131949e-22
4.841409384729046701e-23
2.342858788965307790e-23
1.589473996300620821e-22
1.378436807107562326e-22
7.451385632075073691e-23
-7.861753318133836471e-23
-8.384037571625944676e-23
-9.158987186822899936e-24
8.466317702703713961e-23
2.964146086943931315e-23
8.868121156470977777e-23
-2.028355896745155454e-22
-2.083368909224401237e-22
-2.140130521329794110e-22
1.288760363685490922e-22
-2.360723004666323095e-22
7.082697569120550265e-23
-5.831709789203999326e-23
-4.935532111633150102e-23
-2.827488002145741351e-23
-2.151461763239260743e-22
-3.558356905281814865e-23
-8.341768188835691890e-23
-7.495125673596998790e-25
9.234802084279048295e-23
2.077186531410825995e-22
-1.444321922928014164e-22
-1.675343750748265634e-23
-1.545861215913030730e-23
-6.930397996307834295e-23
4.995057008299772060e-23
-1.144550186835183900e-22
2.135360281207550155e-22
8.299546966485486260e-24
1.212012469871508470e-22
-1.374752268437085448e-23
-1.815304317470646807e-22
-7.483496888996489091e-23
1.246019658320669636e-22
9.095573026231608349e-23
1.614383161254055851e-23
9.289092909838576380e-23
-7.765244444921186755e-23
1.969449398336077801e-22
8.068292664376090975e-23
-1.604563194419565418e-22
-5.991583957790354250e-23
1.503145832779628864e-22
-6.782967914958981891e-23
3.020868404767315192e-23
7.481934230881583166e-23
2.941784037117308656e-22
1.408351021180743097e-24
-9.190658343509579415e-23
1.881105929988953924e-23
1.694420880746362971e-23
2.073267719051159097e-22
-1.454019077120827076e-22
2.934258243116714200e-23
9.388142479784228636e-23
9.819108689326498720e-23
-3.045069820707405326e-22
3.892987597312967384e-23
9.440684958169563511e-23
-9.419222419816637156e-23
-2.026438645565982892e-22
8.408242412776343961e-23
3.550487573935533965e-24
1.517871936017467539e-22
-7.569920776866506186e-23
-1.412067246914888088e-22
-6.507516826092358407e-23
5.795179768324795440e-23
-1.107498974362390075e-22
-1.878988445159890032e-22
9.346758575440723599e-23
1.433087963013937470e-22
1.192927029864072398e-22
-1.232496560695558909e-22
8.049563716385202163e-23
-2.456016803110123371e-22
1.032782707201356771e-22
-2.647951007849777286e-22
-1.559956454880265231e-23
-7.279541438114810490e-23
2.564435517281759746e-23
2.737519281500548868e-23
-2.215256362649362586e-22
1.847079990247168412e-22
4.995304681169074105e-23
-2.215574776454635941e-22
-4.684701679517341882e-23
-9.393566058612507436e-24
3.165143728429676541e-23
2.834209113710103372e-23
6.376110569293267843e-23
-9.292684628174717984e-23
-7.522079085457853097e-23
1.461818607673730521e-22
1.195824410142694568e-23
-2.559960514724206123e-23
1.546895176021476039e-22
8.523864710377706528e-23
1.719498898574555598e-22
1.815068945097375262e-22
6.226726544605837211e-23
7.836561141050067296e-23
1.127041460174826013e-23
1.402023107655430706e-22
-2.214090670887150055e-23
8.125699025908596229e-23
6.139922039529016414e-23
-1.267591934529373971e-22
1.085852484809002771e-22
-1.294973474058347233e-23
-2.452331374560269138e-22
4.007149568300028905e-23
1.328821692191765096e-22
-9.668550000330973421e-24
-6.623480350049745991e-23
1.357701747971590154e-22
-4.393612082382159174e-23
7.548135666560105960e-23
-5.420321222259596320e-23
-6.452964398505589567e-23
-2.159208666252174139e-22
1.172467870987727059e-22
-3.230699492922216055e-22
-4.965486044758976172e-23
-9.177468405570762806e-23
-8.313498795636247554e-23
9.199233606523422190e-23
-2.951774750856151319e-23
1.470239364056151000e-23
-3.336770100621311275e-23
-2.117851895513979850e-22
-1.708103734574661948e-23
3.368186041231216555e-22
7.875685893508116534e-23
-1.201440249278625807e-22
-1.072639189562957820e-22
7.439290871856687676e-23
-3.208617535928731307e-24
6.050116938731497484e-23
-9.074598207966100335e-23
1.155415198601199165e-22
-1.224006233217401516e-23
-8.292709601527233890e-23
6.691771084260486833e-23
6.577766065404613493e-23
1.227469078442904776e-22
-1.004985143841100852e-22
-1.196778901208242444e-22
-2.074386751000770498e-22
1.164640423879616723e-22
-7.278100510923799379e-23
-2.266079357299322876e-23
1.501164104276167624e-23
-2.450221787705003237e-23
9.171882331238458530e-23
-7.584226830964716508e-23
1.518051362448416122e-22
6.952635798446319345e-23
-1.758498338686316887e-23
3.112313140079675357e-22
-1.101990928817448293e-22
-4.715387609009500600e-23
1.191354891844722910e-22
2.870541708948402132e-22
-1.684426520216458201e-22
5.634140205779658814e-23
-2.181247129762608562e-22
1.611102250699687826e-22
-1.218817935364374666e-22
8.767340344464181416e-23
-1.245933926360297625e-22
1.085217057193020078e-22
-1.347890544227242834e-22
-3.708015676777237819e-23
1.072127075437039069e-22
-9.567258037832845217e-23
5.713775643893714545e-23
-8.217664129745548505e-23
1.831878640642058130e-22
-6.376606570385516077e-23
3.600305844259979278e-23
-2.260337812766803108e-22
4.519780991889107290e-23
9.558081285422711876e-23
-1.164511661094140447e-22
1.202778519061806567e-22
-8.813962136961261321e-23
-2.640233601393599467e-23
-4.979240877396417178e-23
-7.049122735464691518e-23
2.374584006007028217e-22
-1.690586240490224948e-22
-5.031676432425085576e-23
5.986706404647944062e-24
6.147444628602306678e-23
5.952753483624766948e-23
-4.019087041143424270e-23
4.550323234984184610e-23
-1.486247697909225331e-22
2.242960426951613093e-22
-1.202228479840546868e-22
-7.839620848413818839e-23
1.314343577463919142e-22
-1.838031651561613378e-22
-1.223076215392369963e-23
7.604257592244143198e-23
-1.125641571430984645e-22
2.860459750921799433e-24
2.146407339160178882e-23
-1.267164252515636324e-22
2.197961595111678475e-22
-4.398386680021728570e-23
7.499443306272775254e-23
5.480181522038994079e-25
-9.694139429671049510e-23
-4.559109344259654777e-24
1.514688506548543436e-22
7.639272831159733434e-23
-1.595042787749211624e-23
-1.201496117277392423e-22
1.222869462901217972e-22
1.828216433759745654e-22
-9.219653267752845841e-23
-7.951796219627669474e-23
1.686467946765201228e-22
-3.532262928607108151e-22
-3.290784923835863974e-24
-5.681593878422876793e-23
8.623217119495232603e-23
2.928469160964614518e-22
1.230813645760307345e-22
-1.962631988762639061e-22
3.242412138874137095e-24
-6.536472581424201642e-23
-1.443366377717058855e-22
-1.839470607465816801e-22
-6.191443898863929873e-23
3.886297858324767208e-22
-8.507991358501899893e-23
-3.432696265237976440e-23
-9.553453132162623883e-23
-4.041461033156046899e-23
1.207766234775784119e-22
-3.060625293194579602e-23
1.065490860761323858e-22
7.849825893224003866e-23
7.623250542873031976e-23
1.042421487551519954e-23
-2.403539384545304273e-22
2.328673286945691453e-23
1.275246552333011578e-22
-4.632202026942997636e-23
2.910214601510470385e-23
-1.346393115137372218e-22
2.112413024785344871e-23
-3.064845331841338053e-23
8.174219828304633780e-23
-1.051750846080086183e-22
1.402148885591985451e-22
5.697122253640698459e-23
3.065620080592380604e-23
1.524528996879463005e-22
1.298678320976528600e-23
-9.473610911467563158e-23
-1.054798211157449388e-22
-4.359343992766703760e-23
9.928362344615504518e-23
1.637780173297893561e-24
1.217506787559576243e-23
-6.159329188955577089e-23
-5.539089596476531311e-23
2.165111537525295999e-24
-7.786709066864747604e-23
-4.215230855151306821e-23
-6.859665734051511735e-23
1.140008872564405940e-22
-1.922696571211990145e-22
4.756450833781816004e-23
-4.836126588967996684e-23
-4.672191151174781300e-23
1.080550036818711403e-22
-6.179636180345073042e-23
9.815093392106205623e-23
-2.724762102557904091e-22
2.141659237824619899e-22
-4.465893043270768027e-23
1.374796683028084668e-22
-1.634257774260831478e-22
3.240880288498859347e-22
-8.413548511631287886e-23
2.327873812071727127e-23
3.320353590683228840e-23
-1.855313142568396169e-23
-9.050533358978199049e-23
-1.334028947468590691e-22
2.305592188280648174e-22
-1.172897289607073710e-22
1.546517564485527559e-22
1.481283388698462124e-23
9.598965995142249027e-23
-2.120430593578623899e-22
-1.758268076445346743e-22
1.170590938912924390e-22
2.806450005290876120e-23
1.458417872093402353e-22
1.590323479891923691e-22
-4.424829724597920870e-23
-1.119910238847034423e-23
-9.526729273384214629e-23
8.145684462919947685e-23
5.840762890505345781e-23
-7.356700818993240607e-23
1.674705147523711572e-22
1.624668366571567129e-22
-2.264246049801551227e-22
6.477481961467577533e-23
-1.705471255235481708e-22
-5.291357318620540923e-24
-2.825591048714627196e-22
-8.539123254536931692e-23
-8.739191448740847345e-23
-1.486855388685865911e-23
2.584111120991214557e-22
-5.399415218566925225e-23
-4.479164044887371998e-23
-1.398836981900967091e-22
1.777875620096149085e-22
-2.374055486266264495e-24
-2.280046131917507764e-22
-4.343167816796464570e-23
6.971305096419144142e-24
1.669993302126604040e-22
-3.245300091276285297e-23
2.286136344051801697e-22
-2.345960453153908613e-23
-2.128468255490459694e-23
2.418042202103108481e-24
-1.011504509509244658e-22
8.267234535315949137e-23
-3.987392172117958001e-23
7.482743576520379631e-23
1.837684507454306502e-23
1.809634106802214330e-22
2.070115138503153775e-22
-5.685586699704487540e-24
-4.583403538042566062e-23
9.316548525141418925e-23
-8.148630014219173483e-23
2.076180455383707898e-23
-3.079293631308090454e-22
1.264676162002631305e-23
4.190042650947941155e-23
9.273703212770146346e-23
-5.495474091742933673e-23
1.243501143799263836e-22
-1.813689295609962483e-22
1.483350769342836713e-22
8.616522251764487958e-23
-1.860605276963247385e-22
-1.617461156765452276e-22
9.225434570146254544e-23
1.010566989713164241e-22
-1.227013863265915043e-22
6.133433837232562519e-23
-6.533441676192562566e-23
3.721301782760221122e-23
-1.254408099849997904e-23
-9.717704297817053310e-23
1.258560661927748198e-23
-6.795776677393458198e-23
-2.863715270432269356e-23
-1.058925631517872589e-22
2.428512125338848663e-23
-3.103581596301929597e-22
2.438621866965720830e-23
1.651938306537385937e-22
-8.069557420739041729e-23
8.609459492964187287e-23
-3.364139975644997896e-22
1.760823455378071142e-22
8.319042439472935363e-23
1.606306199187974487e-23
1.179489771882634500e-22
-5.658155747274140971e-24
8.469697884709784356e-23
1.710967022238090232e-23
3.309216982451221104e-23
1.534697307304838182e-22
-1.458110548005076914e-22
7.864676542707192970e-23
6.327615158214999066e-23
-1.349966463550284705e-22
2.732302887098003713e-22
-5.626367596740225059e-23
-3.104080223189542913e-23
1.430971995962185266e-22
-3.206686719336565504e-23
3.192884173831204391e-22
2.000627201382859373e-22
2.118874057036039833e-23
1.162086608875316636e-23
1.745501428940548145e-23
-1.006632787156392194e-22
5.809950758246284428e-23
-7.692462501380333660e-23
-8.352329715117807503e-23
1.734869674086142765e-22
-1.450617770397519510e-22
-1.076827024892620896e-22
-2.199799964725614728e-22
-6.578752865155570961e-23
-1.255471713089550252e-22
-3.356846106658857263e-23
-1.799285020059986118e-22
-5.931632983187401003e-23
-1.955169556791885574e-22
1.183067095894315742e-22
2.314047464688497210e-23
-2.853540964478991452e-23
-5.443506556374407706e-23
1.511246664572532738e-23
-8.507759911188177938e-23
7.394631777612354949e-23
-1.372321538393070157e-22
1.599678589699740061e-22
-1.569207319110097826e-22
-7.258828821402652815e-23
1.156900205693494509e-22
2.148593192369755554e-22
1.580390082848267681e-22
-1.620577180367176069e-22
7.838597532224797194e-23
9.269059848603537291e-23
3.710655407401171975e-25
1.572390093534097630e-22
-7.895920828381163909e-23
-1.178959012570502694e-23
-4.165030993404991067e-23
1.411462496235291068e-22
3.162828572889373627e-23
-1.714837524061824836e-22
6.812272530658924015e-23
9.792287702357099544e-24
-5.384058720537897150e-23
-2.712983071964993503e-22
5.798264398812797998e-23
-2.991421917908746689e-23
1.457294214523318159e-22
-1.037852784849085512e-22
5.391784709067594983e-23
-1.845326207034868561e-23
1.184806230938804188e-22
6.741903936640294043e-24
-1.123536773259387089e-24
1.361026123792514987e-23
7.580759081395631826e-23
1.487942661645012458e-22
-1.557008201607442154e-22
3.742899373270743046e-22
1.945743600989553123e-22
-9.126853938650955417e-23
-4.408409031506796800e-23
-1.231042135380856343e-22
-4.813848673930012579e-23
9.753169388612700458e-24
-3.868361513939912747e-23
2.834125661975456782e-22
-7.206996324376211369e-23
-5.371753820449800477e-24
-3.356565242380153085e-24
-1.585253141317467764e-22
-2.013957989749519208e-22
-6.219828391780224068e-23
4.556731412457249620e-23
-1.159210404434573466e-24
1.053005445836074805e-23
-6.176324479357683860e-23
-6.734249119585175810e-23
1.356968470465245859e-22
6.440046356234272816e-23
7.613339354363856025e-23
-1.787026874420176731e-22
-1.496767991993944891e-22
1.273270745618421602e-22
-3.008314432971929696e-22
1.134554744122781658e-22
1.334362597261185142e-22
-2.591355878293905301e-22
5.204383684208738829e-23
-1.230476304629902575e-22
-8.867033225638906148e-23
-5.577162385852490052e-23
3.252330771636639838e-23
2.427373634714861053e-22
-1.415326225889649187e-22
-1.896098950995797724e-22
1.455956036774575867e-23
3.792455348683478469e-22
-8.928469892982945392e-23
2.063634109850718899e-22
-1.326325139281510944e-22
2.420774500873336853e-22
-6.617703483757883363e-23
1.711316146059122729e-22
-1.087382086256605176e-22
-2.575014695696699378e-22
-5.461945616490948568e-23
-1.018903678009528276e-22
-5.336495180723940094e-23
-1.385176012300058275e-22
2.138769542418606740e-22
-1.041640055023109861e-22
5.851178238174797762e-23
2.288255984075078901e-22
-6.774598209268174462e-23
1.562484810652975533e-22
2.184775180717280490e-22
1.524085230247409323e-22
9.817855754472485968e-23
6.486396777074170569e-23
-6.667242353421131648e-23
-5.649598760005437363e-23
-2.203650938485262474e-22
7.129758249680091247e-23
-3.082776719736829221e-23
-4.697265534706604503e-23
-6.173649168745051633e-23
-1.607356947038243419e-23
-5.515343567294811773e-23
1.533196380986338859e-22
7.685126268632558005e-23
2.168030670989334913e-22
-1.810713461555742700e-22
3.805305112994862849e-22
3.994719188590733052e-23
-1.697312464000222649e-22
-1.161133734370380165e-23
4.787512509304398059e-24
-1.250577958588257660e-22
8.181370059336767479e-23
9.538202400695137217e-23
-7.908071041611369324e-23
4.639667397273911738e-23
-6.026873342198522637e-23
-3.101759098335191962e-22
-1.295564408600369330e-22
-2.066485317108177411e-23
6.443156374649778556e-23
-1.050101762258780981e-22
1.490675527113096100e-22
-1.135766904795921902e-22
-2.077823351648845639e-22
-1.679322275673807686e-25
-2.922996115924108416e-22
-9.283018542917104223e-23
-8.187859921574099037e-24
-1.124617560159883078e-22
1.560986028176839718e-22
3.801868931740327877e-23
-5.054351264388441195e-23
-9.297483829337304914e-23
2.915633765360784873e-23
-5.309301252386252253e-23
-3.965827142733703823e-23
1.142829012845286743e-22
-2.818470831448326662e-23
5.574541274128754954e-23
1.780652556946202761e-22
9.651527309433673297e-23
-2.289050006026965161e-22
9.216968092956227907e-23
1.588279795082731163e-22
-7.348580167643213906e-23
-7.304659007351733759e-23
8.477252614733978906e-23
-1.788729317110122042e-22
1.962220980729211531e-22
1.460611893098725214e-22
1.052505518127420524e-22
2.219820171385873055e-22
-7.828502122967773427e-23
1.921075949269492699e-22
1.857367974403620996e-22
3.903318536730940164e-22
4.472294413599560004e-23
8.202449834837235299e-23
2.922347653388080775e-23
-2.825644084998236312e-22
1.087869652262027454e-22
6.824730993685983496e-23
-2.234261950004654172e-22
-1.513880879044786439e-22
3.945554946091290227e-25
1.438041669865124760e-22
-5.778818257963021195e-23
1.295281591862438152e-22
-5.847764333677071294e-23
7.016623916937562234e-24
-1.170444795279228923e-22
-2.372992738147600261e-22
-8.332505103711329411e-24
2.677827021495097097e-23
8.176810900929025317e-24
8.688095387629179654e-23
-2.119955768142422732e-22
-1.122791764680081358e-22
-2.227537829391711277e-22
-1.196564104072305682e-22
-1.527060843976115215e-22
-1.554463398590943341e-22
3.352794253634987985e-23
-2.008718938454247927e-23
-1.081691125759536763e-22
1.883416747144799960e-22
-1.229974003041134701e-22
6.953020976821853722e-23
3.625809908353992679e-23
-4.043963424349980386e-23
-8.608708523669294106e-23
8.338758109218535643e-23
-1.553127424055136188e-22
4.837139726111119061e-23
1.178324513438089217e-22
-3.915906781379400735e-23
-4.055668690105013282e-24
-3.393653542274505994e-23
2.537189435065407357e-22
-9.446618572911258077e-23
1.419542481089142094e-23
1.445785250276682140e-23
2.625655290832342487e-22
3.193617979236770575e-22
-1.992463353064408225e-22
4.424102229957532064e-23
5.634030955669142692e-23
8.630586422970124173e-23
-3.814111534404114212e-23
-1.700734684990180221e-23
-2.608179983581076703e-23
-1.331672181840224853e-22
-3.480821858075393970e-23
-6.589647861106220897e-23
-9.880786885866694919e-23
1.732889192879390316e-22
1.226174528490066728e-23
1.090907058842382827e-22
-1.506695115757176542e-23
8.681082793504875745e-23
2.836338625372133049e-23
3.548133653495460781e-22
2.102199180205770396e-23
-1.299818422916899134e-22
1.006144384783552540e-22
2.425934227375536293e-23
-3.838823884277304662e-24
5.800632909060143427e-23
-9.620619940950448940e-23
1.173406522321027709e-22
-1.642544725724625366e-23
-6.445281403357058026e-23
-1.214599749334041404e-22
1.159417927849980434e-22
-6.520971107933400485e-23
7.799567127041052237e-23
-2.254167403926744222e-22
-8.134248532670428343e-23
-4.359487698691116122e-22
3.869358930382773735e-23
8.747556767713517401e-23
7.659186697381111931e-23
-1.704290381176038241e-22
-3.900529824090105384e-23
1.634058446357054439e-22
9.500755578728618443e-23
1.340224321423314991e-22
1.711141813490469287e-22
-6.776940393849177970e-23
-1.791392289575402380e-22
-9.896630564286474529e-23
-1.323377261049573690e-22
5.342239999855713073e-23
-3.227091596773246438e-22
-1.003257117012490304e-22
1.710997414198615600e-22
-5.800337316297545857e-24
-1.933882558528056455e-22
1.549865237111407324e-22
-2.119013531486789927e-22
-8.736141090869196693e-23
-1.283552854331018277e-22
-3.663319854944809693e-23
1.760971076899604025e-22
2.168238231311547231e-22
-1.542847233434264764e-22
8.597728102335646427e-23
1.563485407054029922e-22
1.193299562842532176e-22
-1.096952323608762796e-23
3.807172598113277246e-23
2.132859284628922815e-22
-4.109480414709883324e-22
-1.825232402390802219e-22
5.593062591912606869e-23
5.399085369210239404e-23
1.203015304768405583e-22
9.945301513484750207e-23
2.082332241661574391e-22
1.064860975879731626e-22
1.684842500308666763e-22
-1.892826465924231239e-22
1.444939728651302214e-22
1.070112545624113700e-22
1.285840642966743372e-22
2.392035017964438351e-22
-9.664405758845272077e-23
4.536956217175590911e-23
7.120978128099715118e-23
3.371298936063961475e-23
1.257693442546419033e-22
3.264514511968073660e-23
-6.115232571382217061e-23
1.583602091636405052e-22
-1.169026364026482926e-22
-2.897696893342530349e-23
-3.162753504550425182e-23
1.384327044994005414e-22
-4.000461759231811425e-22
-2.123396229708478808e-22
-1.434625953988454924e-22
4.702301704718318237e-23
-1.170488383644488432e-23
1.138673728443733597e-22
-3.488110047123195014e-23
-3.307988566805632509e-23
-4.349553365649659926e-23
-1.293819956882645153e-22
-1.681043034578705882e-22
-1.544436665828665568e-22
-8.377328533337028498e-23
2.495701935670429464e-22
-7.285571932725260817e-23
-5.250114344104869551e-23
-2.987636453536734475e-22
-1.119127511724598238e-23
-7.611447433705815057e-23
-8.069902875615770361e-23
-6.293138634455118887e-23
-2.900192926753169638e-22
1.336589905793065944e-22
-3.907818354325285752e-23
1.472622511032890865e-22
8.605022409921376542e-23
-9.289180332969035890e-23
1.125492558089852628e-22
6.169828063943519256e-23
1.067985777642526498e-24
1.368815343650630255e-22
3.528294335574911443e-23
2.304330085166664534e-22
9.697520955295198435e-23
-6.735319011672448694e-23
1.506203043997668933e-22
2.029971753316767677e-22
-5.424125194375640605e-23
4.692907593455656447e-24
-1.372704844890832895e-22
1.399956816538258349e-22
3.589701504506275274e-23
-4.621433251537208256e-23
1.119517786180716194e-22
-2.392519670961634640e-22
1.000323644544374068e-22
3.356854357433372336e-22
-5.234311557777864859e-23
2.863105992030542561e-23
-8.299226753314219244e-24
-2.254599067705872595e-22
8.615795739958963109e-23
-1.821120815040110644e-22
1.555512716427405201e-24
1.199109800453425738e-22
-3.466080834395163287e-24
1.602816119475404452e-22
1.463656645828744172e-22
-3.341460007212295436e-23
1.115393336572965566e-22
-5.928194317197844552e-23
-6.714650306380954998e-24
2.052910410296542493e-22
1.298309038058331560e-22
1.054268646148729473e-22
-2.026064458688559226e-22
-1.824915175251649868e-22
-1.246562719854557859e-22
-1.363944381882958216e-23
-2.325568762055228562e-22
1.050053867070748783e-22
-1.891003153193790306e-22
-2.335852137237028386e-22
3.761316910607202560e-23
1.515591588694589396e-22
-3.423891897467518657e-23
-3.074475838552945013e-23
-4.830220117384853575e-23
-1.721753832808363013e-22
-9.247097606659643770e-23
3.751064332417599851e-23
1.754629521576150039e-23
7.957514812308242078e-24
6.711430476861912759e-23
-2.506129482766739211e-22
-1.531492481094056069e-22
-2.813537652232130059e-22
3.221412605855291439e-23
-3.257242559811972866e-23
5.061768584301159519e-23
6.915671408639643111e-23
-1.739629810545363833e-22
8.219319436925256912e-23
2.362248033763135776e-23
2.232832699385690543e-22
1.883861133250912398e-22
-5.528522327704046651e-23
-7.238083671541211586e-25
8.466840185888544130e-23
-2.634543364290903285e-22
3.709989282526113536e-23
4.816871025044671870e-23
4.007949492402518304e-23
2.691452781631016198e-22
1.154381076445481354e-22
1.837164045274204327e-22
2.641150965170748367e-22
-1.324486435619265375e-22
1.266954773924397297e-23
-9.606136804778007013e-23
1.786113857177658418e-22
1.958705286353191758e-22
1.823340996041987861e-22
1.028908387388739182e-22
9.687173783628934390e-23
2.823970626946739021e-22
-5.236543848238058138e-24
-1.023747010859549039e-22
2.378922502663794120e-23
-3.265537425177110651e-23
-2.241473952308836428e-22
1.293356762149434716e-22
1.906134547040293528e-24
1.264650068644617303e-22
-7.019890120153385730e-23
-2.012344376325941328e-22
-1.537857501967401846e-22
-2.567909777659313428e-22
2.338879236519589586e-23
8.517138994760967135e-23
-1.235893841417695282e-22
-2.975564170376358160e-22
-6.985716534614844392e-23
-1.588391204630898577e-22
-2.732427194203972998e-22
3.305205696758373145e-23
-2.143839340206311520e-22
5.851435283289049957e-23
-3.610175974975922451e-23
-2.010629282969741892e-22
-4.224695738984168217e-23
-3.396477817115345136e-24
-1.405984505649770843e-23
-1.055167726592634116e-22
-2.076944995006331499e-23
3.982704006228368272e-23
2.740848499820288172e-22
-1.865625843415117087e-22
3.475203359073485337e-22
-5.988497290851797200e-23
1.051437227087321050e-22
-2.406745310615742902e-22
-1.882306254262935771e-22
3.485102225424102616e-22
-6.615817141920200257e-23
1.175927690632475970e-22
1.294525886227283489e-22
2.543763517069703034e-23
2.875385321840536221e-22
1.812373731389167667e-22
6.411016166869597416e-23
2.418210835354123490e-22
-3.443716793019773314e-24
-1.084795405426954702e-23
1.023923957868168354e-22
1.224704969516629278e-22
-2.638475720935535706e-23
8.059894287020939956e-23
1.811676746383639054e-22
1.391635764121997135e-23
6.955066791073703408e-23
-5.107052224198647931e-23
-7.604880661866142333e-23
-2.379001066467855502e-22
-2.438263749249891160e-22
-2.269025430600747634e-22
5.647850855167640722e-23
-1.613209037978105005e-22
-4.402230287634830901e-24
6.606779680738534868e-23
1.436297638340028763e-22
-1.473528113997222656e-22
-1.775087688100263979e-22
1.510426698326243674e-22
-1.258719284762283203e-22
8.098247189898915526e-23
-3.218727006335467929e-22
-2.621809902703664687e-23
6.306972306248855150e-23
3.128519658082117817e-22
3.530762869325477384e-23
4.757912454364624393e-23
-1.636436878455661542e-23
-1.873961372592627186e-22
-2.583021533081025651e-22
1.433413379093487804e-22
8.495024805863848108e-24
-7.899751540671568489e-23
-7.139949642895687832e-23
2.872422824379645631e-22
1.380793942889114118e-22
7.543251305094316094e-23
-7.948870694895063813e-23
-1.381107903058116535e-22
-1.369974412416022609e-22
9.459486961452810084e-23
-1.170777389812972411e-22
-7.797562958081262285e-23
-2.418585162261961870e-23
-7.049206991118802039e-23
7.788335263615427223e-23
4.431757170703232270e-23
5.810261457342537524e-24
1.419546679757185601e-22
2.700739697731993942e-23
2.965744816788307877e-23
-2.854874632140547485e-23
-2.875061065506561336e-24
-6.773785336439980379e-24
4.967311915063513451e-23
3.377941459154996539e-23
-1.381636291087034222e-22
2.064504452841538434e-22
2.709646352770108726e-22
-2.473519930631810982e-22
1.296368845325157248e-22
2.504736344556181790e-23
-1.597768651415907909e-23
-1.024125050516426965e-22
1.488967522177973037e-23
3.907814437320212404e-23
-5.124785462977132791e-23
6.262514621016010590e-23
-1.253735288974620299e-22
2.065361409959924978e-23
-2.790030785208938554e-22
2.106352102689839564e-22
-1.337384207550564177e-23
-5.504047331734205432e-23
1.737126900356326021e-22
-1.902880286544785435e-22
2.467170850693936305e-22
-6.855298266046784653e-23
5.151498188081312959e-24
-1.568337408482707202e-22
1.257801298071914327e-22
-9.121029218933422386e-23
1.123731157786050994e-22
1.014351175988670499e-22
-1.459164335131661566e-22
-1.455699561171303196e-23
1.077820340461106914e-22
-2.291457828543921516e-23
-9.268482433518034340e-23
2.443890073625155265e-22
3.160369852063453222e-23
-1.314495789442001551e-22
3.150181323600863517e-24
1.356786173155842423e-22
-1.683449113742711663e-22
1.371495068957193740e-22
-5.011401506740504433e-23
-3.031933755065113149e-23
-1.878435697823917431e-22
7.845342049103096773e-23
-2.097973308466023317e-22
-3.001071663066068824e-22
-5.246473017279628886e-23
-9.102414911661043280e-23
6.378709850241963910e-23
1.280845576285473585e-22
1.925875154991404092e-23
4.583978032645063700e-23
7.376194973786509803e-23
-1.524206889822207152e-22
1.127321855671028755e-22
-2.468640355849521582e-23
2.214403109271580306e-22
4.179316625454055320e-22
-3.749495738163547729e-22
6.529399194150342598e-23
-2.939104906366820206e-22
1.014342953162120659e-22
-6.558745819894530481e-23
2.005183514180977146e-22
-2.034506391149394589e-22
-5.209600984805854071e-24
2.228583092949296675e-22
5.860319774286630274e-23
-3.117381498336653369e-23
1.840477172065750892e-22
1.208951538934597708e-23
9.319999558440823605e-23
-3.360844708014083923e-23
1.866336546974611103e-22
-2.341945625609241103e-22
1.447228946317643030e-22
1.744952867253318286e-22
-5.872219067559355088e-23
-1.356092103634056729e-23
-8.791592760242644110e-23
-8.639196930659411405e-23
5.071388517563755422e-24
-1.876584760635365613e-22
-1.323302324175482402e-22
2.533280834046101117e-23
-9.174746332037137682e-23
1.418748941329051209e-22
2.694120858442416250e-23
-1.351377557107556343e-22
-6.953413997849485968e-23
-1.267837808433403090e-22
5.928542913717965622e-23
-1.453659671296977804e-23
1.338164243530377351e-22
-9.031683489116045717e-24
1.626818620123854198e-22
-6.186464338947787372e-23
-1.855491028331359561e-22
-1.305691358502442429e-22
-8.369752912082263509e-25
7.958887622712123325e-23
3.443512846090919594e-23
-1.818760476125651723e-22
1.334191946406793583e-23
-9.740776188414516150e-23
7.484831607696910982e-23
-4.537787180652222356e-23
2.781785272024835239e-22
5.000038386727896240e-23
-5.328334365525489313e-23
1.877100071886570061e-23
-3.467038393868289339e-23
1.346655469967804740e-22
2.140247127970866696e-22
-2.194015130208273787e-22
1.170747027990279905e-22
-1.136193576697402278e-22
1.989816691364295715e-22
7.187509874096476984e-23
-5.517016843515794131e-23
-1.066044680981386057e-23
-7.125209504917894296e-23
2.745936066111609729e-22
-1.205537164016189709e-22
2.858589759196086992e-26
8.877801212573645360e-23
-6.112512264564937071e-23
7.242629288244542510e-23
-1.618570058903874487e-22
1.232134458991196930e-22
-1.300945830041443130e-22
-1.087107998876839213e-22
3.293473695971375828e-22
-1.213242280459194757e-22
-2.778448665949269187e-23
-1.822668927425265635e-22
-1.116273610364141104e-22
1.980811995295932686e-23
2.420057165668291704e-24
1.122012035903766696e-22
1.638178965706188549e-22
-3.283585114250020027e-22
-1.780155715349787273e-23
-1.324299071592921885e-23
-2.891997697203938462e-22
1.209767093718200583e-22
-1.635611069843871412e-22
-2.362704741916468059e-22
2.527097364940690567e-22
-1.640749806333631271e-22
1.198342025434094508e-22
-2.987594426373623426e-25
1.154442606328479684e-22
5.150451993517315719e-23
3.806542542839521927e-22
-7.431898910791972207e-23
2.152940514776098243e-23
8.000067580890430433e-23
1.503411912797219657e-22
-2.148124810830368675e-22
1.597324575444124777e-22
-2.881537228335609529e-22
1.263178919178211507e-22
-1.707286049573264484e-22
-1.087714036065251724e-22
-7.608062705983547562e-24
1.067266919749481590e-22
2.605260655833088144e-22
6.767168057327563801e-23
-2.118682063589878401e-22
1.199368905760897651e-22
1.655178517746568269e-23
-1.150225077661379739e-22
-3.119782139708112380e-23
-2.113407634903146583e-22
1.956781379502561361e-22
-6.116235064360446693e-23
6.493824640420708470e-23
6.438396171796076328e-23
1.430942591496653484e-22
-5.205060092628531788e-24
9.104608518820673241e-23
-8.008652742846320895e-23
8.760733839161801406e-23
3.832311030370609237e-23
-1.635514110763743743e-22
1.923136963322562768e-22
-1.403271128935162167e-22
5.588223884188320480e-23
1.175052419957067978e-22
-8.361629666692560915e-23
-8.828549203408520623e-23
-4.482899271427632054e-23
-1.440530822428588844e-22
1.136062032555755232e-22
-1.805796625244303229e-22
-1.308604049010792284e-22
1.380637176302163951e-22
1.388979607257639130e-22
-6.319603026736625250e-23
4.654023641255969811e-24
1.099073774177725939e-22
-2.363664941501340215e-23
-1.283046538017627316e-22
-2.570227383166816946e-23
-8.333078798395081147e-23
-5.596577101303827433e-23
-4.802301958754150114e-23
-2.265175477885708059e-22
5.455574268343060175e-23
6.300273589631526545e-23
-1.764442066940730258e-22
4.245034158519896281e-23
-1.758660176372995007e-22
3.381641613591585197e-23
4.896389078930697117e-23
1.656166132806934422e-22
1.728960846708390450e-22
6.381291813182269112e-23
1.187416817270733273e-23
1.985141782543210414e-22
2.604776975858889186e-23
-7.375072818949370330e-23
-4.773389628216771863e-23
3.108660233388600869e-22
-5.400958155360512261e-23
7.653980483441892414e-23
-7.005345946129311527e-23
1.566716803597270845e-22
9.743388211155178790e-23
2.185356690435662033e-22
-2.203085434545761108e-22
-1.072214612947413213e-22
-1.304743132151109660e-22
-2.993254492777963130e-23
6.774525429826018548e-23
1.862082874905719500e-22
-2.209539574822371192e-22
3.014158389868430631e-23
-1.109289851850723726e-22
-2.796497699192752250e-22
2.741334833615929279e-22
-2.947701694374717410e-22
-3.578356522470677903e-23
-1.606853256578392284e-22
3.672636550530889803e-24
-1.000860940930067069e-22
-1.588408446740427230e-24
-4.315863802053504652e-23
1.724253384597396203e-22
9.291851052986400619e-23
1.802842585698057240e-22
9.101318699811017363e-23
-1.053763890252442356e-22
1.444834956014138669e-22
-2.130211218464121510e-23
-1.758009990023782135e-24
6.856077618841166787e-23
-8.127341642530701916e-24
9.938242742872292121e-23
-1.763438263085310379e-22
-1.524019730286999390e-23
-4.717511986848670729e-23
1.577338579446195788e-22
-2.073623457189336457e-22
-2.826509304020636981e-23
1.956243778854548637e-22
-5.233977157772033707e-23
1.799391985119337950e-23
-1.691692794514542893e-22
-2.657628631291778346e-23
5.960106003371249438e-23
1.298088382000136998e-23
-1.154444723909585870e-22
1.309154850083856958e-22
4.359629201110522378e-23
-7.430956052189761579e-23
1.353849893112539248e-23
5.094480667931266828e-23
-1.002931058470699748e-22
-3.458590824383642262e-23
-8.355768758143630513e-23
7.547539089507581912e-23
1.148197251394182288e-22
6.416252904128610383e-23
9.049456554390805504e-23
3.571712906533427018e-23
1.936528817473385401e-22
-1.075770460272850240e-22
-1.282698982435913267e-22
5.462223304021756047e-24
2.171283147138940002e-23
-8.940732231492064436e-23
-1.719120180460733785e-22
-1.929761546827089965e-23
-5.445202626083687981e-23
2.629269594274448238e-22
5.262912196779988676e-23
1.373430028804105881e-22
-1.420390713169988124e-22
-5.677758892604538460e-23
-7.955607820930452674e-23
-2.409807614232384521e-23
-9.053150937275077858e-24
-2.228915442769176340e-22
1.429776375426751152e-22
-1.721703632198412369e-22
-4.274509411910298255e-23
-4.530878620107825409e-23
1.140886777920104281e-22
8.636539970389489269e-23
-4.053294645466772901e-23
-1.797371673783262023e-22
1.069705660748397736e-22
3.189905688745255393e-22
2.709764501712450311e-24
9.717957012544980367e-23
6.531742739374131652e-24
2.179765137891880484e-23
1.067480540343137121e-22
-2.525097553389330022e-23
-2.232196946967268276e-23
-6.133031561029769429e-24
9.747668674164446679e-23
-2.062473679511014387e-22
-6.806234866141420095e-23
1.140588324598015111e-22
-8.183191852151031151e-23
-1.913114675260419432e-22
2.745663923276658084e-22
1.580849113379780269e-22
-4.052504944596477630e-23
-1.080258113941367013e-22
-6.745909855277743494e-23
-4.621707941314324204e-24
-1.119446476935660785e-22
2.108538422623704529e-22
1.218904506475783340e-22
-9.744323958016211944e-23
-7.229849875631678088e-24
6.393780715620748364e-25
-2.109181000062963506e-22
-1.890748401252190519e-22
-3.124946133073284526e-23
-1.757792075862570635e-22
-1.707965219217566435e-22
3.569156438445913338e-23
1.171839733597610980e-22
1.220860093701139780e-22
2.517089520678984125e-23
2.041075626358506479e-22
-7.963972046353638615e-24
1.741390966560240500e-22
-5.374423740367318530e-23
1.654474685190912730e-22
2.367103263197448080e-22
6.562461669118335194e-23
-3.217452324680032347e-23
-1.987584562274135261e-22
-8.841374310056673134e-24
-2.838214911283061199e-22
1.070422498154981881e-22
-5.544226615020692727e-23
-2.357921171243221871e-23
8.876608282358503431e-23
-1.134951677546924503e-23
-3.126745641252085550e-22
1.858064464433795453e-23
2.489269295794956826e-22
-1.592499401063565570e-22
-8.606615590995527115e-23
3.220908954329417871e-23
-1.045937325985327979e-22
1.909270110070317069e-23
-2.334571125297526041e-22
8.805542247535796940e-23
1.359085944762960412e-25
-6.564221580805187723e-23
1.645906986070070493e-22
-9.601790173009796551e-23
3.455995786710630637e-23
-2.230887361872210036e-23
1.441928106196179162e-22
-6.835033232373555899e-23
2.414944192800245564e-22
5.612059214465732292e-23
1.680393161323311899e-22
3.545939397000026796e-23
1.856009459004629763e-22
5.954610432694388335e-25
1.325913302435933341e-22
1.437306259123021915e-23
-2.273737532580933243e-23
1.143191205592580509e-22
-3.232176375601814333e-23
2.043644547276647979e-23
-2.050667848940442309e-22
7.858881449249527651e-23
-7.289782675343698956e-24
-2.068658481719582837e-22
-1.660206678130986232e-22
-6.926546744921127895e-23
1.006540604551893595e-22
1.509027592946419231e-24
5.287620104296392678e-24
-4.203257523256613524e-23
1.516970637689338835e-22
3.653009588378482600e-23
-3.288964559080742587e-22
3.040439873267427013e-22
-1.370875697125914782e-22
-1.182686523008975466e-22
-1.499490793436178861e-22
-1.198295874640393556e-22
9.439037853620658622e-23
-6.488399428529165099e-23
-5.768889876248588860e-23
-1.199419563183195895e-22
1.006777941859231663e-22
3.701594573036951264e-23
7.108038317022663802e-24
-2.082722839935030509e-22
6.872886389928711641e-24
1.700460664815092441e-22
-1.467625213771960580e-22
-6.657448360535195457e-23
-5.437847360446333582e-23
1.074511547405859834e-22
1.269319776233706438e-22
2.833645559406294514e-22
-1.471727737823602292e-22
2.006514745318575202e-22
7.806328563544352949e-24
-4.843155701012609129e-23
1.972656072680315698e-22
-2.193474875035218190e-22
2.950719044501702263e-23
-6.842471756456568702e-23
-4.238071912351881805e-23
9.665309789179889662e-23
-9.410283509377717105e-23
-5.907551294109076426e-23
1.619699819489983142e-22
1.043607434730930643e-22
2.124344935045676271e-23
1.071915633329927839e-22
1.218241898891243331e-22
-1.463816935287215562e-22
-3.650347369622439096e-23
2.458333005248322564e-22
-6.498179980476787074e-23
1.699803888691163792e-22
4.294185956398076130e-23
2.341098283562873499e-22
-2.850805147352144272e-22
-1.055134978863422190e-22
-5.352213865049812152e-23
1.746367731071823760e-22
-2.587918517733852764e-22
4.234175778617142519e-23
-2.922018425136223607e-23
1.553581171611620636e-22
5.867051541083907265e-23
-1.314678742411649562e-22
2.224363562980600758e-23
-6.854153958898869255e-23
-1.705198548290736491e-22
-2.424047615772451380e-22
-1.359954344985919532e-22
3.034756084472851863e-24
1.269308067941553275e-22
-8.613467670101726984e-23
-2.091807956319263146e-22
-8.439201989479804801e-23
1.642182255094298707e-22
9.989277783728125561e-24
2.186963811182168364e-23
-2.131914881622525408e-22
5.789353765618062732e-23
8.468608154723005007e-23
1.516743570326644158e-22
-1.898515302124218552e-22
-4.756762571769033092e-23
2.283880298153093915e-22
-1.254337700992131238e-23
-1.119728357366144466e-22
3.405704400820010703e-22
-1.417730152757516478e-22
2.069622476292783790e-22
-1.051750667115508644e-22
8.844267898586451909e-23
2.770144200616518155e-23
-1.153956755651799008e-22
1.001671033986149776e-22
-6.403494449443294575e-23
7.773609684295635354e-24
1.630309357798845342e-22
7.653600269842506995e-23
1.313460279317560371e-23
-1.652425112492516159e-23
-4.778125209542806315e-23
-1.175773593363684775e-22
1.213480711537474787e-22
-1.452597567763405724e-22
1.018323454014979909e-22
-4.603151470113598417e-23
4.458881147415513877e-23
1.590321494048275681e-22
2.562464423200459795e-23
4.814375525324004598e-23
-1.000737389224661987e-22
-1.721063253322380426e-22
4.817656090520736542e-23
3.527605039627623945e-23
-1.953758464098493432e-22
7.797798410016966656e-24
-3.545837261084628409e-23
1.987394536839708023e-22
-2.376480810017717740e-22
1.138062490536159016e-22
2.870880464545711300e-23
-4.569791832340774695e-23
-6.590486716352861170e-23
-1.003864926344010131e-22
-1.188558473917176729e-23
1.864523264908109900e-23
1.482055660040394152e-22
2.847664949472522526e-23
-8.672665076088059029e-23
-3.958840198376508851e-24
8.896046886393828147e-23
-1.111205164529439833e-22
4.856987307739463560e-23
1.470081066249671609e-22
-5.044762686447538110e-23
1.129658141550896725e-22
-6.078554185258399927e-24
2.120692861544416247e-22
-6.237322620464596422e-23
-1.902066347111455140e-22
1.618153014571659141e-22
-2.156613409345077143e-22
1.417689091307041831e-22
-1.040529739557984090e-22
-1.659350770066961306e-22
1.155522771159190055e-22
-1.129011530135355695e-22
1.385405356722415758e-22
-2.265946358252896721e-22
7.659828647632460551e-23
1.006895940230680422e-22
-1.677902776178103556e-22
2.300652067800966623e-22
-3.402809048968543562e-23
-7.387141543558223694e-23
8.098263372712000518e-23
-2.599189919857324928e-22
2.462822300803600015e-23
-8.549590392604247264e-23
-2.021517768659941586e-22
-1.309803674726303203e-22
-6.325480450506045186e-23
5.368035967003484408e-23
1.563865656992575527e-22
2.193918317698159873e-22
-1.611285923137197470e-22
2.001331330494207859e-23
3.594940637285957079e-23
1.924448788444141151e-22
5.584990956855582137e-23
1.683411911776202769e-22
4.825609360326042080e-23
6.063593399516528610e-23
-4.335335250978248504e-23
-1.770186551970238495e-23
1.635090228947111403e-22
1.747989660433738397e-25
-1.686679771993882876e-22
1.530057021128333750e-22
-3.839503610924441039e-23
-1.022634171332143781e-22
4.945873923322961933e-23
1.154245836290662835e-23
8.325210181896818383e-23
1.292861674719889998e-23
-1.441528570068159023e-22
3.138418097471916190e-23
1.807609024293474328e-22
-2.919359337646093883e-24
-8.962646566047162264e-23
9.853575198590929032e-23
-5.693641779807021466e-24
-8.704221754818721907e-23
5.093134248643714235e-23
-1.341140959331812879e-22
1.082866723402137575e-22
-3.948596679032168953e-23
2.137071470531907268e-24
-1.535383115847112432e-22
-1.454103242452962356e-22
-3.680044213116623672e-23
4.822762804432028762e-23
-2.105806403865345776e-22
-1.066517636820699919e-22
3.975973966779150243e-23
-1.293563751705211154e-22
7.896905551441652828e-23
-4.438579278315171993e-23
1.239483076784910446e-22
-8.750326331565941661e-23
3.055571128032315081e-22
-2.167639916095538804e-22
-7.774388121626199545e-24
-3.134685606595475047e-24
3.954190495102888409e-23
-4.184054758297200272e-23
5.533369851628180083e-23
-6.063794189880246383e-23
3.146075184731884559e-23
1.026550172280168705e-22
-1.505043546606345181e-23
1.937712215492522964e-22
1.219374634257273378e-22
9.646703554770526225e-23
6.806275415595709055e-24
2.524714739001468820e-22
1.695993602578820842e-23
-1.559296927418875075e-23
-3.593121067683128913e-22
5.610055089600765518e-23
3.627130964030074315e-23
-9.024755875853685555e-23
-2.398151973881084881e-22
-1.741635668107248096e-22
1.241228027747325371e-22
-9.066926007923910738e-24
-9.835479674594276393e-23
-1.146112867299095531e-22
-1.216244431255519254e-22
8.645062253023583515e-23
-1.451442138595443724e-22
1.634834567592662987e-22
-5.210610741190292977e-23
3.364101690606902381e-22
3.230952356716080025e-23
-1.005274630780797399e-22
8.703073384548200096e-23
-1.001332402325749657e-22
2.556867461709472211e-22
5.764361184138708111e-23
1.209691020938719963e-22
2.057915381035856589e-22
1.331738918929814677e-22
-4.628771750936395147e-23
1.934477804689719663e-22
-1.371422779447686139e-22
-1.637239787493864627e-22
5.756680268569002835e-23
-1.293389206857344266e-23
-2.185413688990097345e-24
-2.290366591997080066e-22
-9.080410146396081636e-24
-3.342554216667561479e-23
1.452856410492199086e-22
-1.279841586102089158e-22
-1.763849121726853574e-22
1.190614827764759723e-22
-2.816812393490770552e-22
1.628959697128767347e-22
-2.147016984607552062e-22
-6.528156063162409027e-23
1.064110277949073140e-22
-2.542586468535910217e-22
1.455954004135665251e-23
6.986303278442298692e-23
2.709909415219814791e-23
-1.337645288983978332e-22
-9.274530967551308555e-23
1.114749485481022668e-22
1.392530429658229559e-22
4.092599551019733000e-23
-2.488196151223982907e-22
1.348974597579757180e-22
-7.314627503622127119e-23
8.209965265037910321e-23
-1.036453823443848537e-22
1.756126710576502120e-22
-1.579007588436542074e-22
2.129722731774134954e-22
1.994438732329912442e-22
2.880745789721993407e-24
2.140828144644122928e-22
-2.169927088618624102e-23
2.782793080316107878e-22
-6.141415863959674921e-23
-1.839256445309879135e-22
-1.637075124573102769e-22
-6.347172015475899085e-23
2.529486292038965489e-22
-2.241457521203976213e-22
-1.240958559772729248e-22
2.206761860126766731e-22
5.473089533462245101e-23
1.661285788401673740e-22
-1.580570379407194622e-22
-1.446301309858667357e-22
-6.032657825610652335e-23
1.920930449038742560e-22
-7.035030122573546960e-23
5.356315869478418677e-23
-1.582264945093897439e-22
-4.081010356634992813e-22
1.826025850812134058e-22
-1.217911810451888091e-22
-1.110948319664268237e-22
-1.586750998362212321e-22
1.998277747954937757e-22
9.579369348701508415e-23
7.224427514700561431e-24
1.688641760206137194e-22
-2.746148683902329663e-23
2.234390720203682501e-22
-1.430012567733427430e-22
2.359249820195660258e-22
1.496145180321801208e-23
4.897333227185415370e-23
2.328052646804184183e-22
2.181995367342061737e-22
-9.140029789388996460e-23
-2.888110929595437097e-23
-8.012424083881061517e-23
-2.555346555398904537e-22
7.434731621426517542e-24
9.190564904855636504e-23
-1.302465501349088840e-22
9.987543504889756852e-23
-7.137840069888491764e-23
4.975785355586481023e-23
-2.128997218889603032e-22
1.101819045788882228e-22
-2.793499888469189570e-22
3.680849557273462900e-23
-8.348424727019437027e-23
6.942145006931958514e-23
-1.783092015007172894e-22
3.843539094916732217e-23
1.548847124480265748e-22
-1.093584119590342337e-22
1.029300300026891441e-22
9.835954654635160946e-23
-2.137699800617716259e-22
-4.631634665699846132e-23
-2.434473328906105094e-22
-6.779884689843601861e-23
1.207266904021545073e-22
-3.407120945630211327e-23
2.400123866535965059e-22
-1.476208571294539625e-22
2.561391379295504719e-22
5.256791168278458540e-23
-4.445818016429285046e-23
-6.348353481920853633e-23
-7.379470873521659458e-23
1.316234688637099838e-23
-5.646690623044004032e-23
-5.673298996626122963e-23
2.509569168131433371e-22
-4.451279419526046116e-24
1.778586361530211439e-22
1.395150645014613624e-22
-2.140333696317266627e-23
3.431539882608579644e-23
-1.345156749954378681e-22
7.846900427991741355e-23
-1.862510134550538474e-22
-7.436089409906970156e-23
1.504379086625101682e-22
-6.484818607430679249e-23
-1.054843122208188466e-22
2.921868365443691540e-22
-5.868336947351084272e-23
-6.308319626868383229e-23
1.980141458070911051e-22
-5.397843225121189366e-23
1.375384583755567030e-22
-5.002072219011417408e-24
1.441985375501505135e-23
3.811364917564448371e-23
-1.290171812711271536e-22
1.318358173420199945e-23
-9.202782044059576231e-23
-5.185449934873711042e-23
-9.664230999813534717e-23
2.089375402062556211e-22
1.288764088202065636e-22
-1.003362013657984877e-22
-2.238047059191265351e-22
-3.598730092308657094e-23
4.955324747086698114e-23
5.645969095274835066e-23
1.953178223927811315e-23
5.327621227238760568e-23
-7.357966013385831711e-23
5.614721627741133349e-23
-2.033289848713109427e-22
9.632422876614311764e-23
-3.048802058198756374e-23
-9.009937759838364835e-23
-9.310864305324952787e-23
-1.386406717476386443e-22
-8.351389296769512803e-23
-8.677666099952189457e-25
-5.308040389151787666e-23
2.358229938504241339e-23
-5.888720132494121454e-24
1.857166404984311249e-22
6.109134319163478565e-23
1.894414433323887499e-23
-1.622554108842757465e-22
2.213033674323186551e-23
-1.232153066772978203e-22
7.025440491270182448e-23
-1.525575432675193828e-22
2.715027014446192469e-22
-4.641926203747854552e-23
5.907144318110690426e-23
-1.117059672503946742e-22
1.319219813847205622e-22
3.977427232570376791e-23
-1.087822962747234666e-22
9.596057991509728418e-23
-1.136905983153411455e-22
3.023985802241685253e-22
-1.298942622033609398e-22
2.154734819628226242e-22
8.604872496466452642e-23
3.563570871510548734e-23
1.363301959796843037e-22
1.435576584689191405e-22
-1.671713355643756135e-22
-2.842952188374188923e-22
-2.362501702388808806e-22
4.412763049024877587e-22
-1.709189415214844151e-22
3.967120446095096776e-22
-5.982098156272776461e-23
2.574849024307182571e-23
-2.035815404032374954e-22
2.582709077087848011e-22
4.831833029919302706e-23
4.195089302210425162e-23
5.286025382265604403e-23
-1.060020156753652834e-23
-2.044476457107465489e-22
-1.280946721618135494e-22
-1.544938378705626443e-22
-5.839989703497444401e-25
-1.842240316626735202e-22
-1.206835155687996498e-22
-9.561025983708695094e-23
-1.480953589800095831e-22
-2.403967808459419905e-22
-1.003913830072926259e-22
1.501990532106499657e-22
1.029322141235779138e-22
3.930099184452333612e-23
-2.806398792795985813e-23
3.962579137391547518e-23
1.005668215666604418e-22
2.234987778690757632e-23
-3.351336880123060397e-23
-3.105252370256817755e-22
2.163084511258475833e-22
2.070056610944346982e-22
-4.492246092914546696e-24
1.482372085598150241e-22
1.084878704724976176e-22
1.148675941552370138e-22
-4.766707040279730930e-24
-1.539171383337019207e-23
4.671625465579451219e-23
2.759226590420103355e-23
-7.180341454934421648e-24
1.559812760186825647e-22
8.411795806530403915e-23
-5.023860772761481796e-23
1.392533122665904720e-23
-4.015152493279876960e-24
-1.427566228706088610e-22
9.374262066354427242e-24
-2.877522565099125443e-22
-3.784292356661798960e-23
6.183872539265269848e-23
6.503768408248488302e-25
1.332417261098316023e-22
-6.223619522670426594e-23
-1.362002680882118187e-23
2.078456762112531048e-24
5.978229474637133954e-23
5.567212570092573677e-24
3.379936659207606210e-23
-3.185488551067950516e-22
6.135426207556399839e-23
-2.438139029653335337e-22
4.760241781419639148e-23
-3.900024333295119921e-23
-3.638149198099730115e-23
-3.628167378648560088e-23
2.727135931621680406e-24
2.068839472439501009e-22
-5.746403710919766545e-23
1.194221638408012713e-22
3.422330558358730097e-23
-2.565097912549063062e-22
-1.414504067131406033e-22
7.206277646910368951e-23
2.755564475929017508e-22
1.907425652780053228e-22
4.220637037967468498e-23
-9.953401968800424071e-23
9.943854695319160135e-23
-1.572454647550075025e-22
9.356995618812990245e-23
1.503315768395802109e-22
4.666099717214292838e-23
2.202985738759858801e-22
-1.332574070020169554e-22
5.848911800319562118e-23
7.992669182204590421e-23
-1.001554686644434481e-22
-6.284616757484702278e-24
-1.169243610481793188e-22
1.491784015083401181e-22
-2.309014202120094018e-23
2.253720101192054580e-22
-2.055324555731482606e-23
-1.250425550754291319e-22
-1.135655641981404579e-22
-2.303561030442456851e-22
1.284938780470107739e-23
-1.181061509040090748e-22
-1.235783671357060461e-22
-2.150586481484656158e-23
8.479626477498942220e-26
4.651887816669500241e-23
2.613634340537837469e-22
-1.113627303923636707e-23
-1.017765905992280042e-23
-1.673519612944752298e-22
-4.141397561870737353e-23
2.041848913672419331e-23
-1.782899090371986103e-23
-4.893312026306305691e-22
1.107509840851613653e-22
1.032175715692879961e-22
-1.071341228764102854e-22
1.154667217704897899e-22
1.297122302338484445e-22
-1.145769623004248783e-22
1.697790808408356552e-22
-1.616179906886570784e-22
-5.824793895711354198e-23
-6.106150677602345628e-23
-1.279286550353152681e-22
1.950450785890275049e-22
-1.672688662449235801e-22
1.921665963878990015e-22
1.745562552396117009e-22
3.973330182527085070e-22
-1.263191746476504439e-22
7.506625180831009445e-23
-1.729036229738013845e-22
1.409002480385999610e-22
-1.035237200206518382e-22
-4.206066195443490777e-23
-7.022750068672268908e-23
1.578931706646248781e-22
1.528612186412206155e-22
4.976268279964891088e-23
2.068011147246295718e-23
2.091405641013476151e-23
-1.387755089936885415e-22
1.020004179423965326e-22
-6.180547288067203215e-23
1.094833451882557802e-22
-1.830571590733028499e-23
2.935556992342799962e-22
-9.497096420609904349e-23
3.730165028189821480e-23
2.374764685190854056e-22
-2.018285821980203571e-22
-1.545816718497582347e-22
-8.703231749740458561e-24
-1.764135615108526597e-22
-1.143596106009288178e-22
8.448090117663540837e-23
-2.374809143819065241e-22
-2.333201584679314583e-22
3.028550852056129855e-23
-1.170051327276257884e-22
-2.015313410069550194e-22
1.834101312568603321e-22
-1.026774831465965781e-22
-6.013510867839653323e-23
2.234946746665929721e-22
1.156300829100404254e-22
-4.908640011451601962e-23
5.704386831934531559e-24
1.944275081879036111e-22
-6.502284394773400043e-23
8.007079497659449419e-23
3.184416926331508959e-23
1.316801387726849628e-23
-9.754600376201643425e-23
-1.223525907994396719e-23
9.710651986973215885e-24
8.517521773996583135e-23
1.236807679013517370e-24
-6.698948997372541496e-23
1.039601052721110455e-23
-3.381418157777455789e-24
-1.026300194682336480e-22
1.387249505286487435e-22
-8.303303732651233002e-23
2.546913223329044942e-22
-7.608689329111076359e-23
-1.304576383383605103e-23
-1.217519906063976670e-22
7.329299069247304390e-23
-1.603898020295158232e-22
6.506208343826769104e-23
8.295082507295777594e-23
-2.629435474052448356e-23
-3.688744424869904006e-23
-8.950528725750642712e-25
5.163977660035294184e-23
-4.868869944861592958e-23
-1.483793738353994384e-22
-3.091016288963019048e-23
1.751067477123982993e-23
-1.690864392958795003e-22
2.408959320842472996e-22
-1.075592591941783933e-22
1.682545857063518842e-23
2.590512152788981015e-22
-2.592228096815458958e-24
1.007639609174337311e-22
-1.761207512835141916e-22
1.402552211580062310e-22
1.805279687663007311e-22
-5.555153973526153969e-23
1.007060822517040079e-22
-1.044198551194664230e-22
1.357639448775673589e-22
1.214278014766336822e-22
-1.053898471795197288e-22
-1.057655586312721740e-22
-1.217698103006608400e-22
-1.938072884171959813e-23
6.315818134607053225e-23
-1.689506712920777928e-23
-7.013090945021412015e-23
3.199555188067320777e-22
-2.855940059350359842e-22
-7.693995570660649342e-23
6.079440511738893330e-23
9.295255828209880791e-23
1.623813403798949543e-22
8.120824471390902429e-23
-2.404580171797403781e-23
-4.316741637924693367e-23
-1.640831025203307764e-22
-1.123235040950964727e-22
-6.592680208817993285e-23
4.030733706113119873e-23
-9.872115540458845531e-23
-1.482908847872102206e-22
1.069028715733278571e-22
-1.834156240685396228e-22
-7.964996404129306101e-24
-4.651348386700814122e-23
-3.601272399152657033e-22
1.366458151429172941e-22
9.080000232623019136e-23
-1.094915080137838552e-22
-6.643557565031704006e-23
5.374211559127189872e-23
-2.164414013624580135e-22
-9.509272985281305903e-23
2.033695538802488858e-22
1.765226667906497820e-22
1.411281227514336593e-22
-1.473445818687936688e-22
1.706236341079613293e-22
8.881204060923431978e-23
-1.470190227133386722e-22
1.672643023880181624e-22
2.046758776495298488e-22
8.304604151065104013e-23
1.980004326405678565e-22
9.900392783366711052e-23
1.174882306038738470e-22
1.174956106900347720e-22
-1.840253861216731509e-23
-1.137507968714376634e-23
1.431611605185023452e-22
-7.658118326069227683e-23
-1.440587891120344923e-22
-1.074400780365664074e-22
-1.185369280794573516e-24
-1.646758742833072854e-22
1.310332793598469720e-23
9.749916629550353956e-23
2.211995597407374243e-23
2.986320436892405543e-23
-3.825589292405948756e-23
-6.350156800320873382e-23
2.779226468922259245e-23
-1.116457649390321942e-23
9.276788139364497616e-25
6.546013855681011275e-24
-1.213793787221415213e-22
-6.034502246737549642e-23
-3.999030571799840988e-22
-5.590016365789239038e-23
2.140645675692322242e-22
-2.267163011429422939e-23
-2.005325989428575927e-22
-3.301975490297383690e-25
-3.964758593034489813e-24
-2.405654558573549436e-22
2.099103237812724182e-22
2.059782745033245607e-22
-1.187175807814214315e-22
8.761259713634779833e-23
-1.712008390911097941e-22
-2.549600279637663493e-22
1.006461946645698359e-22
2.849060744651547343e-22
6.122775521974690039e-24
4.567381388968420425e-23
-5.910527751910093554e-23
-4.047470757198059743e-23
2.661610421553472648e-22
2.327226683681812868e-22
1.286991752084044559e-22
-3.735771534460642322e-23
2.511723391824791646e-22
-4.450672565776360112e-23
-1.443374924551456407e-22
-3.110890955678007432e-22
-1.347898800426696662e-22
-1.255272629911258443e-22
1.232357649140461543e-22
-1.190689589365680381e-22
-3.084579528301199330e-23
1.298057930558937115e-23
1.235608329093618574e-22
1.016291533667181556e-22
1.951951368408692991e-23
-4.051719044083292548e-23
-1.277105239451325383e-22
3.633548113636777121e-23
-4.639151388579373662e-23
1.046093160239065143e-22
-2.864064887615969742e-23
5.011309388775188637e-23
1.077760513235141691e-22
3.333572222227130982e-23
-1.290925186301004333e-23
1.151966096767831316e-22
-8.631671041331886514e-23
2.794655706455855746e-23
6.546445268341698181e-23
1.171321588049584258e-22
-1.214543459347456320e-22
-2.960444093622322249e-22
1.695950065778734924e-22
2.574343432744500767e-22
-1.044862790222353242e-22
8.451310459184765194e-23
-2.629340487265545849e-22
5.399003310329550804e-23
2.083213730393087569e-22
4.403025364314374100e-23
-3.272630423975059483e-23
-2.920172419417865042e-22
1.007732567465787157e-22
1.911349775699172829e-22
-1.615706928334721594e-22
-1.390813036249091731e-22
3.696086159530514406e-23
-2.919596947555224396e-23
-9.365385372687215843e-23
-1.096087700517648679e-22
-2.046031379555924814e-22
-1.552900503814895292e-22
-3.584568413784076818e-23
-1.421328876789265207e-22
1.231430689480258618e-22
3.831762281717376833e-23
1.693316798514530340e-22
-2.115041582943474580e-22
5.195629421752640052e-23
3.892469329222966191e-23
2.028006450626942612e-22
7.653248325539309453e-23
8.856375482511396348e-23
7.334814843142018381e-23
-6.923429147423168555e-23
1.203106658647660403e-22
-8.873016880773748551e-23
2.980642994933834509e-25
1.084917352240193254e-22
1.100816133529430324e-22
6.742941419409114753e-23
2.627513832938378734e-23
-5.602681354150793822e-23
1.874426585301103439e-22
7.855441860699362373e-24
1.032681728578833955e-22
1.248822477952049934e-22
-5.755668494209351715e-23
-1.011562822851851360e-22
1.787356565076960207e-23
-7.007495878103227698e-23
-3.194991793447062276e-22
-5.727516020297432036e-24
-2.610250813465020126e-22
2.546236308787586384e-22
1.339336282497917103e-22
-2.403421929144011128e-22
2.094697725336679173e-22
-1.410972394895290609e-22
1.352207669281240000e-22
-1.276367980730443943e-22
1.348118287529737041e-23
-2.606166606963412643e-23
-9.725707629369255531e-23
2.200515271334031006e-22
-1.903754475000525649e-22
1.161964828517549852e-22
-1.184344975820325047e-22
-9.492418606380293577e-23
-1.233436881702474507e-23
2.080155853449353954e-22
-7.537471719318616635e-23
-1.318677675289508384e-22
-1.060381062801218366e-22
-7.972376396297829701e-23
-1.679207175104301950e-22
1.153690669391220959e-22
9.018670186595192934e-24
3.151838383951309665e-22
2.113917575155808093e-23
1.031550244731346151e-22
-3.453976554096159950e-22
1.691045360348435699e-24
-1.890385278520033231e-23
-1.808333140750135656e-22
9.848604794130101451e-23
-3.264473946741838452e-23
2.417409238417072868e-22
9.233587788372385567e-23
1.144769827888121342e-22
8.891640530146778845e-23
7.472623783773812524e-23
1.403097694439868110e-22
1.057147371631238758e-22
8.296381312599343281e-23
-2.592362068922075790e-22
2.960832678979595734e-24
-1.991638253980316237e-23
-1.209077888521254925e-22
1.088858765710854618e-22
2.078998616726066282e-23
-5.500667951093320272e-23
-2.720959595817326751e-23
-1.093167267441558510e-22
8.006445689299310353e-23
-6.125958914288377818e-23
3.778938910776326876e-23
1.497710915625064188e-23
4.568817200910224385e-24
6.900530446341732835e-23
-2.043694687160181421e-23
5.916275654127146247e-23
-1.530758996633422849e-22
-1.003870498008867160e-22
5.977065104954849310e-23
-9.646787951869354071e-23
1.990403293788429662e-23
1.549419043699314841e-22
-1.586541164894117191e-22
-5.622264933860818902e-24
-2.774023090670747944e-23
-2.795544506291790442e-23
-8.244565085346347035e-23
3.251454342222102670e-22
-8.001878287084972559e-23
3.831565371023754062e-23
1.202712082974683743e-22
-1.120820953999502145e-22
-1.481974748531984441e-22
-2.534965420057257393e-22
-3.497290735715375987e-23
-8.299321943432183617e-23
5.791975607562558453e-23
1.545214422852742371e-22
-1.043902982795152867e-22
8.634824125357783417e-23
-3.732048563745618632e-24
2.112085419626807517e-23
1.448108662485856095e-22
5.222921068990734877e-23
-1.571556872523243325e-22
6.981460410294136068e-23
-2.312618490094694243e-22
9.336856524571416371e-24
1.174000281158988723e-22
-3.584353935931667390e-23
-2.827432973952880713e-23
-2.701473517148170793e-23
1.077342713412279897e-22
1.848883844479459606e-22
-1.320986182103193132e-22
-4.121119297591860303e-23
1.952535105905709259e-22
8.400806255093305645e-23
-6.561653259708265721e-23
1.252759081911575212e-22
2.547683794513691611e-22
-1.233770977206261144e-22
-9.406141977698661176e-23
1.991108581567626229e-22
7.893230310882178966e-23
1.163851010060158683e-22
-9.472906762381986617e-23
-6.685748682059494325e-23
9.544827761640884404e-23
-1.520387157843378422e-22
8.723279172551843261e-23
-1.701175962315314403e-22
-9.434156453286620359e-23
-1.079438427447254887e-22
-1.557476722463776746e-22
9.421860732010595149e-23
-5.752221777584248120e-23
-1.155976420531189240e-23
-8.396275042397726139e-23
-1.897422498719885589e-23
-5.688275500187682077e-23
9.018869945157036349e-23
-2.600456186893676045e-23
-7.529099033335342170e-23
-4.954889631052029174e-23
1.102405732451768596e-22
-2.094687496449876323e-22
1.688342295125212809e-22
-1.918623744046914018e-22
6.109961578837374640e-24
3.613152374415435339e-23
1.140848982644354280e-22
2.159827722130785573e-23
-8.450635893858680778e-23
-7.335527237371616304e-23
9.188224044445553980e-23
-4.654597736506134181e-23
1.822070602308545072e-22
-1.987075280119659344e-23
2.942015434076971790e-22
-1.048692794548114048e-22
1.462996676993018228e-22
5.867880389132009417e-23
2.429297219854637578e-23
-1.023482026749378823e-22
-1.446665537933425978e-22
9.549228371415362430e-24
9.697294635010959043e-23
-1.784378523477023386e-22
2.308598847733783902e-23
1.812989870450000734e-22
-1.292582563089529125e-22
9.383088550823521803e-23
-1.664657974385403100e-22
8.183343745291231416e-23
2.479349682988529804e-22
-5.875649747902851214e-23
-1.347949907887297466e-22
5.880717493776539297e-23
-4.753315306380038234e-23
-6.577404738018843407e-23
-3.593386613929322136e-22
1.309819790546446402e-22
1.954899308748761416e-24
-4.673921621363224575e-23
-1.105449485209643833e-22
2.773213149063779766e-22
-1.422577120458590242e-22
9.420196450907703971e-23
8.275124095831374142e-23
4.468629822385603483e-23
2.068138619334820299e-22
-3.271093770733385370e-23
-5.035247620113600872e-24
-1.292480637870050273e-22
5.403311535082412637e-23
4.032486588888705437e-23
-2.604774547377056532e-22
7.306020712973101023e-23
5.373243258418352510e-23
8.426890028489710352e-23
-1.353853522435545947e-22
-1.383122420374701883e-22
1.724500591671652697e-23
2.941730478874431398e-22
1.167700043090684624e-22
1.355018263204125608e-22
-1.899142709353778360e-23
-5.534165780525905564e-23
-6.997648731822600907e-23
7.058452635031635685e-24
-1.111883915284663019e-22
4.806223802938487079e-24
3.725606101705701791e-23
-1.309410533634077163e-22
-2.228668878000777472e-22
1.012982738854068956e-22
4.359341415865079576e-23
1.052009659325202061e-22
-2.499301145182454279e-22
-5.195781588022776613e-23
1.667143714008661706e-22
2.449900165418776200e-22
-1.832459878799368448e-22
5.610552352734011897e-23
-1.682410273243491871e-22
-8.016142593376662831e-23
-1.354787189654712249e-22
2.018934178061070200e-23
-1.677310884586328200e-23
-8.229564686360298032e-23
-8.032296195060150381e-24
-9.443814258018669730e-23
7.020405316188046945e-24
1.163861065463644915e-22
9.696475706682133983e-24
2.329520904509262398e-22
-4.025499404741429250e-23
1.953488824991574800e-24
2.443305988009059328e-22
6.237291759602098543e-23
2.255973247998807036e-22
-2.922258500670996000e-22
1.504410466284342154e-22
7.639321558300486668e-23
-2.466872453829764287e-22
-5.055526606622027234e-23
1.495803959224368976e-22
-4.520271235709072135e-23
7.647429052883516270e-23
-2.198633313957480871e-23
-7.867470927382418085e-23
1.943237594224317683e-24
1.313872774238252846e-23
-2.882661436977956729e-23
-3.393857488601920968e-23
8.664464203793583736e-23
4.245065541106656885e-23
-7.088167609224624391e-23
-1.674369312075164948e-23
2.975949782729538267e-22
-1.520226547975900987e-22
7.583023965007195116e-23
1.287782561394729419e-22
-2.213314750623328258e-22
-1.718330447368855188e-22
-1.363721531531264092e-22
-4.950308884814718086e-23
-9.973556726898283036e-23
-6.902385691570151851e-24
2.244097509144617997e-22
-2.674442865295536522e-22
2.262477724880960186e-22
4.677292222015546018e-23
2.043367186156748667e-22
4.942698427352665418e-23
-5.614833336307305488e-23
8.211349041017504948e-23
-5.116195956135090343e-23
-9.392418299985661680e-23
3.341937807421555693e-23
-1.365585851646296782e-23
1.315822170982161185e-22
-2.094412500615590553e-22
7.280404529582022006e-23
-2.792473218511978034e-22
3.008545851203813502e-22
-1.473543124438061122e-22
3.646071666486812784e-23
-6.881505852265164320e-23
-6.064491765365288050e-23
-2.530043024052417882e-22
-2.319606505795161741e-23
1.930399716611173472e-22
-1.273417745874045256e-22
1.131417395928105196e-23
-2.111611391254334202e-23
3.814776419247651716e-23
-7.538700027961845016e-23
3.174239318201770701e-22
-1.295037201780910708e-22
3.489175153674978489e-22
-2.164650382783910356e-22
-3.932327292418532630e-23
-5.735001126819459326e-23
-4.172258115747532512e-23
1.022165384544480396e-22
-2.096626348637679779e-22
1.789176430366357237e-22
-2.963778285970841578e-25
9.035242251722491208e-24
1.176945155458868347e-22
4.882602535609200281e-23
1.454766031335775320e-22
-3.812059082573646987e-23
8.261443923515891291e-23
-2.086075048120151282e-22
-1.486597205226592829e-22
1.081249401499164601e-22
-8.576044070959803867e-23
-6.585594333591474068e-23
8.557234712963037914e-23
-9.761504956781644759e-23
-6.514784127804603062e-24
6.687986576871187966e-23
6.187679512521526130e-23
-5.738549812262014052e-23
-1.925569988329270444e-24
2.195547268641454997e-22
2.959517908522829199e-22
-2.804654027737629605e-23
9.234323161668534468e-23
-8.411570330061125016e-23
1.925847012865954186e-22
-4.739425027880246951e-23
5.794877450418867914e-23
1.431896887074891800e-22
-2.065797249458015627e-22
-1.473648788023933716e-22
-6.094990644865133801e-23
-1.767496966316748778e-22
7.964435211525749395e-23
-1.333976052667691819e-22
-8.474520435737582039e-23
1.487165350116158025e-23
-1.693630972949542070e-22
8.044639249522008703e-23
1.076847446907507417e-22
-1.601539060543053937e-22
-5.705533733031255962e-23
2.150686223414094088e-23
-4.407109479804208742e-23
-1.202290166179986011e-22
-6.254632963702157663e-23
-7.617195160184355816e-23
1.983227424016915362e-22
-1.471927306973868424e-22
1.130509544212185116e-22
-5.076795081014030973e-23
-1.404759523627560421e-22
1.935915657042310824e-22
-4.335392265181762927e-23
1.186427042669451588e-22
-3.458188977873262925e-23
-1.592313376222089645e-22
-8.291324050916938695e-23
-7.413501570597614966e-23
1.186524774947896351e-22
1.408916525795928490e-24
2.763655724267368071e-22
-3.336044308455329949e-25
-2.237833244005971472e-23
-3.152833398574413975e-22
4.240441531791741366e-22
8.189281419428756860e-23
-1.181071688761396627e-22
3.241359578560030378e-22
-9.602797740590330220e-23
-1.094019175038782533e-23
-4.330645572375562126e-23
9.426196243367133857e-23
-1.562631362700741166e-22
3.053591825573201745e-22
6.143735836171607432e-23
-2.738368774771848942e-23
7.369771296458028466e-23
1.636545009213865504e-22
-5.996120747458553207e-23
2.788906049048923412e-22
-8.177613709177254856e-23
-1.251161050186538743e-22
-9.882266447992187529e-23
-2.982073745490530376e-22
1.101017117474325389e-23
-1.694563064467669110e-22
6.572028052596471553e-23
6.116301583070737841e-23
3.380692455881942716e-23
-1.163043440610686482e-22
1.131544711409283642e-22
1.438591761182016449e-22
-6.131145692639853417e-23
-7.721851262841524274e-23
-2.781529052847913571e-22
2.083155765284186987e-22
-2.305562856515796312e-22
6.410555429134458684e-23
-1.591656886668091735e-22
6.106066159283540463e-23
-2.310343280054865522e-22
1.766367959450910264e-22
-5.164579844257955388e-23
2.510594374675135867e-22
-1.007184847110774628e-22
-7.024352982058143906e-23
-1.088500574140948208e-22
-2.662452525513384558e-23
1.330685131666152102e-22
1.330760516852082821e-22
5.384218818364774725e-23
-1.239853890230810442e-22
-1.939425894570835612e-22
3.388005697041151522e-23
-2.706959477661695517e-23
7.239431309770638110e-23
4.881018698581594850e-23
-1.122338300940330624e-22
-1.795573456035639473e-22
-1.420595014745376520e-23
-1.118086419817735517e-22
1.024580249800159433e-22
1.762857165835579944e-22
-1.961645063678770851e-23
1.233536888231774765e-22
1.733534562428529440e-22
-2.885252656022612033e-22
2.217892485415729307e-22
-7.240490372770246700e-23
1.936487532550923157e-22
-7.951772932839216398e-23
1.506737555966295093e-22
-3.844573694015311418e-23
1.226599341831566455e-22
4.639792726692818444e-23
-1.125408350413680158e-22
1.356165537372909044e-22
-7.680821495989791176e-23
-4.814143033783128543e-23
7.216839873371056130e-23
1.593100807097072643e-22
1.358223636705459874e-22
5.802810878617291222e-23
-8.516036628363575892e-24
-6.558176493880771408e-23
-8.443216199882398391e-23
9.440344857670564428e-23
-4.147696670137850169e-23
-1.121719254403437389e-22
-2.082571408790475281e-22
1.630865780545638307e-22
-7.919031040986843617e-23
-1.714005566065819901e-22
-6.993804723557802652e-23
2.754453522105472740e-22
-1.196088586653026901e-22
6.217349666241203788e-23
-1.766383969989415969e-22
6.162399852055645308e-23
-1.400301331203583331e-22
1.865202969443217176e-22
-1.990110069219045840e-22
1.060186510831716574e-22
8.175206831188085669e-23
-1.091452305963033978e-22
-2.098285128023246548e-22
5.823802226978365742e-23
1.306173987483179704e-22
1.286192018095890103e-22
-3.129698844455137341e-22
2.334437008178135827e-22
-1.347217075955178166e-22
-1.312995346200506209e-22
-4.752082550117264666e-24
-7.956049690439692731e-23
-1.753433311254425628e-22
-6.672513032694686566e-23
5.757368962758425965e-23
5.978043931448262609e-23
1.882019046295571224e-22
4.796183499238941279e-24
4.510848879580255898e-23
6.055562485997291992e-23
3.952995397961414469e-23
9.837475735778705064e-23
3.005952943353133718e-24
-1.692796589912979827e-22
1.232745605982921242e-22
-1.102152745994802750e-22
-8.943068534009711822e-24
-1.010276354483741912e-22
-6.181245450701566217e-23
1.986105793080232382e-22
-3.402092739167314771e-23
9.399598688977106813e-25
3.662574585957539124e-23
3.621182249669347788e-23
1.380329098779345859e-22
6.673903133827153131e-23
-3.805084107517606389e-23
5.005665180762743374e-23
-5.738416920067675617e-23
-1.129492405386738494e-22
2.663048342817946996e-22
1.517594047095854006e-22
-8.742029252471388461e-23
-3.982739652851277823e-23
2.313636554473204487e-23
1.145021835812486827e-22
-5.013943492459737347e-24
-7.650972801574119959e-23
1.351354786873899305e-23
-1.263471537594744194e-22
-2.561989418233152293e-23
-1.367637968086574522e-22
4.107522958459258268e-23
4.204811508971287656e-22
-1.806385266710325883e-23
6.702824528879614871e-23
8.564038161909014862e-23
-4.749825879885477969e-23
-7.604477504100392237e-23
-6.985479093430071005e-24
-1.164142956261677734e-22
-1.115163190334578916e-22
-1.463483544646253321e-23
4.397561532526979195e-23
-1.384769054995580565e-22
1.681402738095181653e-22
-2.529533320766679606e-22
-1.474139726035699498e-22
-1.562895371472360158e-22
7.657248192231833769e-23
-3.812613453373973615e-23
4.579731163500989114e-25
-7.018931104241713112e-23
2.331893715418271732e-23
-1.407996067375021676e-22
-1.014633242750215098e-22
2.411666722467507923e-23
6.182812049719998041e-24
-2.073159855988853644e-22
6.294420817765098541e-23
-8.501999841713357928e-23
-1.357864150205152259e-22
1.137090586258553353e-22
-9.457873724335659241e-23
2.907138668842920239e-22
-4.657199663972862165e-23
-5.353193097066955784e-23
-4.041786070534800344e-23
9.580009228801366160e-23
2.206317067465724127e-22
1.202197495969689847e-22
-5.294538205078847138e-23
1.542387984953606144e-22
2.063005483689168012e-22
-2.763446033458125233e-22
2.248645621361391135e-22
-1.922641231967143834e-23
5.787528219963538909e-23
6.789532734162803359e-23
2.994510480447936580e-22
3.529262488327887161e-22
-2.059401166826282658e-22
1.606165891250938499e-23
6.853759134215023044e-23
2.282120659772595875e-22
-7.946210100978414730e-23
7.195261492520522021e-23
1.635086146730930972e-22
-6.313432949067248347e-23
-2.304881661723787309e-22
1.473171163245246780e-23
-2.187637893375640981e-22
-2.156010789462650957e-24
-2.373774375749711914e-22
-2.311689070103551766e-22
-9.544569744208910918e-23
7.092634038956627292e-23
-9.624054654708349753e-23
3.401015530269027174e-23
-4.585380881076295258e-25
7.289924534574764595e-23
9.816708986473933562e-24
5.686826150566615794e-23
-2.799803648171931808e-23
-2.140148889433252883e-22
-4.292923343302984359e-22
7.407668464987621445e-23
-7.295013607113094358e-23
1.787401185148556711e-22
-2.876221081033612471e-24
-1.233135657573760088e-22
-1.393097375219087797e-22
-1.092919180089117076e-22
1.100998888103187386e-22
-5.150873088042997952e-23
1.605821255922074845e-23
-1.820452721724022654e-22
2.971338666929571583e-22
1.340890649180852075e-22
1.278820633541089022e-22
-1.004940952110465412e-22
2.337329286077259374e-22
-4.080697930234432772e-23
-3.523430757301045368e-23
1.197718583942341836e-22
-4.044435133739765176e-23
1.131023115445472922e-22
2.655439202847165759e-23
2.252475712101334568e-22
2.910362404273166360e-22
-2.033404592685246989e-22
-4.314488025598645412e-23
1.183980585993740088e-22
-7.194902083559191928e-23
3.238844886335357052e-23
1.043959145439083578e-22
6.940895926834042203e-23
-8.420493337264132589e-23
-6.948527216929834153e-23
-2.156649556569466404e-23
-1.174938185842240419e-22
1.301754360999023790e-23
-7.901966406152382282e-23
1.459583446707368501e-23
-2.037492401729689626e-22
7.485264007475522450e-23
-4.814393588527696337e-23
-4.198058406090396533e-23
-4.817179297100806863e-23
1.602689112868084005e-22
-1.497128244668188227e-22
-5.590894750201326563e-23
2.411145171298283705e-23
5.651575110008865702e-24
5.270063726011624739e-23
1.513009150116013000e-23
2.807905990313653843e-22
-1.510001403570431350e-22
-1.318735659974176880e-23
-4.184054181110453932e-23
-8.174935877177094491e-23
-5.050187478219424699e-23
-1.163287977791901674e-23
-4.998639049335619803e-23
6.086865949570127960e-23
-1.339986600621284968e-22
5.427051061834739723e-23
9.592494318704213492e-23
-1.342208309392441987e-22
1.041445266849845861e-22
3.051771848355612183e-23
-5.341218691941871195e-23
1.322924718477902386e-23
6.603934299069008160e-23
5.534420523002757267e-23
1.737397027445076396e-22
-8.734617584876787598e-23
-6.338799260759369319e-23
6.374255151872733995e-23
-1.552794108623405597e-22
1.649894716807042345e-22
-1.641799395096547635e-22
6.835292519777671375e-23
-1.616709995432842914e-23
8.802192839664918902e-23
-4.040963069662429935e-23
-7.933385831977001835e-23
2.101641251093034587e-22
-2.069706663239505528e-22
2.748585198207116530e-23
1.185722514528936270e-22
-3.241593035081604820e-23
9.641390197675088828e-23
-2.122951682566217902e-22
-1.352890061087305964e-23
-9.582927418220295165e-24
1.078663712451580104e-22
3.422379785239058257e-23
-4.835889480870368028e-23
-2.316054259023231164e-23
8.520273930401057627e-23
-1.328711589690693964e-22
2.041100435083713099e-23
-1.267504796516188089e-22
-1.084509241872245079e-23
-8.920839590860040318e-23
-8.379712200925859089e-23
1.349900331437193025e-22
1.200867989631961589e-22
-9.140909146068791518e-23
1.030623559859637165e-22
7.079233418710770493e-24
8.569012704830581219e-23
-4.614152638717149859e-23
-2.920920570306026079e-24
1.086417749379578803e-22
1.365317303535131939e-22
-2.908445579909047642e-23
1.380929329802492865e-22
3.284968263761118831e-23
2.324723494476297126e-23
-1.233390292835922972e-22
-8.137878423804445831e-23
-6.760284462440907134e-23
-2.166071838282561870e-22
-1.231923831115446634e-22
1.621087219551447773e-22
-9.296174894304887303e-24
-1.655262909204089405e-22
-4.569419008697485897e-23
4.816238970573917083e-23
1.638178223275152213e-23
-4.630366099320936775e-23
-9.812813391430570672e-23
1.406689481768731178e-22
1.750970545196524808e-22
8.599870500472477834e-23
5.597657946736289860e-23
1.810961263224007667e-23
-5.561056607960816495e-23
8.632793996503892774e-23
-1.700919961731921142e-23
3.505912096043691847e-23
-2.554288726928777921e-23
-1.171285241819550911e-22
7.318567050140639101e-23
1.113346750263600302e-22
1.840221337531255407e-23
-1.138011892392091444e-23
-1.511762512058334974e-23
-9.384829414046808466e-24
-9.596166165771763431e-23
1.002919265262856063e-23
-4.666785303985437532e-23
5.342764586355873026e-23
1.994191622977874295e-23
-5.163658957949230474e-23
1.094457478938164227e-22
-5.398763029206345272e-23
-1.459659926732695370e-22
-8.225465324015998535e-23
-3.005113047785483563e-23
9.768465635581791703e-23
-2.204080595534914445e-22
-9.946011101182019579e-23
2.243687940126280760e-22
7.394547441751553006e-23
2.279676074194099553e-22
-1.617821294864352926e-22
-2.179103072633052059e-22
3.033147651339459367e-22
-1.755969810575870337e-22
-2.121114626921328843e-22
1.475180454556329195e-22
-1.826863722470508655e-22
3.664903583442431939e-22
-1.710667469241299120e-22
6.898315816183383513e-23
4.723379152806812389e-23
2.158355007913439556e-22
-2.189011738698722028e-22
9.043610676563720259e-23
4.573608655395628325e-23
-1.535330244055045874e-22
-1.473649818291537331e-22
5.780419882222690892e-23
-8.096798027304140896e-23
1.069466539562182098e-23
8.641418068368228408e-23
-1.280059623082563901e-23
7.160859709776758934e-24
-2.213053616421801072e-22
2.036152544725106102e-22
-3.481201908809081994e-23
-4.473979392767965215e-23
-2.543980839982419877e-22
5.504688212512182003e-23
1.460550507030329689e-22
-1.287608944641853222e-22
1.998403016212983652e-22
-1.288474771675834720e-22
1.805312176857769285e-22
3.753594799018713574e-22
-2.070075318815002999e-22
2.939388236249837743e-22
2.570641727909699197e-22
-1.533575520213933498e-22
8.056391215216831580e-23
-1.987194400353784781e-22
8.561505487178655304e-23
1.420138699984191269e-22
3.279205840263899576e-23
-6.910791354406394449e-23
3.794200850171325595e-22
-1.479492103915945897e-22
1.431700299846676056e-22
-3.173397514453917983e-22
1.269926739997373650e-22
-1.311781738348955707e-22
1.071000080538898426e-22
-1.643875975552624508e-22
-2.363964085529468040e-22
-1.441595960666332357e-22
-1.253106574972701219e-22
-9.001380461311937948e-23
-1.582014333226484004e-22
-1.066930100540285983e-22
-7.702327668791753351e-23
-9.447487800672048640e-23
-9.864712864459577938e-24
-9.045674905397070301e-23
-2.252534308380421086e-23
-9.983264233007440582e-23
1.624479481960420370e-23
-4.763446853241212547e-24
8.613203229078278634e-23
-6.113669357135220860e-23
1.247002376371075155e-22
-1.680307215128953391e-23
4.181984117876548361e-23
2.272074919608853827e-22
2.005949416205244167e-22
2.245192903265645853e-23
7.888649682769033886e-23
-6.058421710951359785e-23
2.222412347168297836e-23
5.822188582698826635e-23
1.593409837299519637e-22
-2.154660368456584644e-22
-4.133996140411487401e-23
-1.107123496158561060e-22
-9.330998297275404408e-23
-4.283473691960748033e-23
1.714843336876094050e-22
-8.084056843260309035e-24
2.200359931821517620e-22
-5.756918712824756033e-23
2.370021770894342353e-22
1.336398006896078044e-22
6.063660971549360221e-23
5.325528634017620069e-23
9.841108767231511530e-23
-6.045040777311952260e-23
-8.867952235813867868e-23
2.218772406140036153e-22
3.095247267496962030e-23
-1.245217749541285719e-22
1.168899092851080110e-22
-1.100698523023788290e-22
2.878166267987809805e-24
-1.610912638263400197e-22
7.191310107839070095e-24
-7.459191580329431374e-23
-1.088424436409874710e-22
2.728941130625362198e-22
-1.819763792421301576e-22
3.894827397206982043e-23
7.329557156811447861e-23
-1.966730451877009576e-22
2.781237089756910730e-22
-2.372794640616601066e-22
7.230486007902576197e-24
-2.584569853428400726e-23
-1.006947998220944948e-22
-3.458200080084545821e-23
-1.321094517247672262e-22
-4.500773568782784075e-23
-1.697361754160360676e-22
-1.403768327852624585e-22
-1.781300346317229721e-22
-1.663298006238513370e-23
1.968601406295982689e-22
-1.400157667488793672e-22
1.793544845328907011e-22
1.200210580029653351e-22
-1.759989433678398590e-22
-2.062710345856563086e-22
-9.769677309503560905e-23
2.559803242473065017e-22
9.193136835365101136e-23
-2.833797283551292470e-23
-5.021883994085298181e-23
-1.833054646108785169e-22
1.117239936146473984e-22
-4.389377279146232435e-23
2.505338826543241769e-22
-3.268746148730915855e-24
-1.747687152698960601e-22
-9.606493287439090019e-23
-6.530764022035192433e-23
8.018097266842225445e-23
-7.751116051965025696e-23
2.847184754610258373e-22
2.070598284141749731e-22
1.332107968146836191e-22
2.657170666057541312e-22
1.086628439109056609e-22
-2.818488608653887846e-23
1.571349966003581910e-22
4.450342967425174614e-22
-5.170962038496986840e-23
-1.223049052234007933e-22
5.201595301712798174e-23
-1.351650436528105026e-22
-3.896203318619719784e-23
4.983078082905815128e-23
-9.782195298046045950e-23
1.653171409920843861e-22
-2.035754690906285996e-22
-1.280025440510806774e-22
3.701737465400984036e-23
-1.084698323665051490e-22
7.005580584521890214e-23
1.450760913374548106e-23
-1.592480885911961185e-22
-6.125197259921550701e-23
-2.745474912784722769e-22
3.419121457063684866e-22
-2.493232596748775995e-22
1.285441888863623342e-22
-1.717624198365876561e-22
1.282430416671654689e-22
-7.931279165512855145e-25
-1.223530804661642151e-22
-2.509370853521600887e-22
-1.006562602865232526e-22
3.874704843389785515e-23
4.327486853485009877e-23
1.276383644094922768e-22
2.325693565545456861e-22
-1.541925614594218361e-22
-4.492357430831759440e-23
-9.441886883967832764e-23
-5.420592097428006724e-23
-4.485107184952737400e-23
3.287830800022212009e-23
-1.464036698709866771e-22
8.960471190175361101e-23
1.157926875723396264e-22
1.192050688368051933e-22
-2.034402689248224145e-22
-1.714919633212405688e-22
7.008995254793328549e-23
-8.423968258500717066e-23
6.386678328375718046e-24
3.608479834433440274e-23
-1.392237476388450166e-22
4.722318559887478864e-23
2.925727174903609407e-22
3.096215399502428484e-22
1.304941336155248112e-22
-2.155691618771433231e-22
2.348827818838998015e-23
-4.066638155573119841e-23
-8.266646503592263347e-23
5.221275370597607408e-23
-6.044082779675303221e-23
6.567076656249869012e-23
1.952240152644827189e-23
1.365819875751779692e-22
1.137220582363177010e-22
-1.213167911167073665e-22
1.575830377715246030e-22
-1.332907012703058565e-22
-2.034795868242368515e-22
8.127875076351320585e-23
2.167948908011115874e-22
-3.996139858676242126e-23
5.084319341436670738e-23
8.964222996408496371e-23
-7.311595202475161904e-23
7.711304676247843299e-23
-1.180644004078853986e-22
4.454435474700787282e-24
1.915529829737254683e-22
1.278626563717702895e-22
-3.157298981292866194e-22
8.856071333330839935e-23
8.607599776734536657e-23
-1.879119474673237103e-23
1.086484149327705559e-22
9.037484672367961472e-23
9.942430686883096258e-23
-7.866324876128208346e-23
-3.317855516781402767e-23
-2.042653612003459859e-23
-4.032830515623498579e-23
5.512675826302317396e-23
-3.159649442698568803e-22
-1.335257521308479411e-23
-1.123404282707397967e-22
-1.313907820946852798e-22
4.864443239605912219e-23
-3.688151663992889698e-22
9.646156723830281727e-23
8.620542383636809857e-23
-9.863309020222411837e-23
-1.224789616917618270e-22
1.589544371178411547e-22
-1.482090614646574271e-22
7.723378497231748042e-25
-4.201892436637621227e-22
1.079827000485096020e-22
1.281816589887865418e-22
2.747213058927934416e-22
-5.890921403659418232e-23
8.441846858718167386e-23
-1.041244416498835696e-22
2.011966079516575861e-22
-2.093954078470263453e-22
-1.443236770653828080e-22
1.359086429110874797e-22
-2.020339007500715270e-22
1.696981737110935001e-22
1.695110841487531993e-22
9.649464684038637549e-23
1.262186883523014739e-22
-1.693269832214829852e-22
-9.476057879762435343e-23
2.578045086034938759e-23
-4.224555489489007370e-23
6.050812862946322935e-23
1.641162153474130505e-23
3.915920079169751568e-23
-6.139404256051082229e-23
6.495451072584958075e-23
2.408090189075530295e-22
-5.796993169372165521e-23
3.180958177481007358e-22
-1.679460083606206062e-23
3.902494312976576881e-23
2.836630665763723158e-23
2.721799294589190495e-23
2.347332287795073018e-22
-2.808708315890655584e-23
1.889720742221539988e-22
-1.692855661203031921e-22
2.814732027006378262e-22
-4.523191856088217166e-23
-5.406130477083517473e-23
5.735995154003631903e-23
-7.467070973898038345e-23
-8.652514251090147941e-23
-2.599361951090561063e-22
-5.711229161450125193e-23
-1.439658200081870212e-22
1.159531654722841264e-23
-6.896914344854088327e-23
-2.988179393415257789e-22
8.342505468073976636e-23
-7.559930480569164843e-23
3.630422766220098622e-23
-8.738510586404501159e-23
5.192028521773593260e-23
-7.436759249618460580e-23
1.141710757177582836e-22
-9.865571170611094331e-23
2.063001199381130333e-22
-4.612459668852228681e-23
-7.240742230884414315e-23
1.817233207772887185e-22
-2.292260300270125785e-22
2.583886996543137118e-22
-3.859037350510133199e-22
-8.138954634927181693e-24
-2.902195670470040339e-22
6.536561665414221739e-23
6.550265336003309399e-23
1.390295077170102749e-22
-8.919421571501246712e-23
8.332943171421872974e-23
-1.896001958967840929e-22
1.681672058084192581e-22
-1.323878215645442028e-22
-4.970819191591492024e-23
1.504059423456668177e-22
-1.232076263866821646e-22
-1.067516401628688703e-22
8.891479781637840945e-23
-1.017267933602750700e-22
9.927676231891957355e-23
-1.672061599170245748e-23
2.020248350652383521e-22
2.535179503545813254e-22
-1.916688185526071626e-22
1.234083791176388992e-22
1.923789684243335678e-23
1.042410918260655007e-22
3.156286185924301025e-23
1.683887146596829407e-23
-1.484189434904758310e-22
2.366461379236603444e-22
1.024303268148538035e-22
3.031359428973066166e-23
1.348314960519208133e-22
-4.845905281579426411e-23
1.527276542070647669e-22
-5.571278144466317911e-23
2.878113150300976506e-23
1.044460069870244373e-22
4.874331019540016013e-23
8.558645676817187762e-24
3.790136246130096995e-23
7.927609017072327318e-24
-1.306223805750861199e-22
3.843780528918460223e-23
7.229958493387568412e-23
-3.904490155237260916e-22
1.336844875987681754e-22
-2.754857370401534372e-23
-6.433719419984087930e-23
3.679091510714981443e-22
-1.043801511460387342e-22
-2.328435117484278867e-22
-1.042628550131503274e-22
-1.277376646052090029e-22
7.822428020331480704e-23
3.527842906121738247e-23
-1.481757973883932641e-22
1.900108800111441805e-22
-1.765312899048326739e-22
-1.658303099501352861e-22
1.162985592185274260e-22
-2.039411812959595616e-22
-1.711229014895188487e-23
-2.498810743034560286e-22
-1.546596282368424099e-22
-3.355792874954091233e-22
2.847843190092349094e-22
-1.121733253500394144e-22
1.519088117499186670e-22
-2.248622244300006323e-22
-3.521884980620135507e-23
3.696292999857582053e-22
-1.617656254428537900e-22
9.946822828710655749e-23
-4.933789505120684021e-24
-1.707850426747031764e-23
-1.433880595474098142e-22
-1.279519333423688935e-22
6.475412068676940959e-23
-3.475098583384429772e-23
1.422697058470959253e-22
5.518107581726539666e-23
5.527060689627029398e-23
9.937627225603640162e-23
2.439187680120416718e-22
-7.124898627291257302e-23
2.708295804307054758e-22
3.443918564814520799e-22
-3.446820189767481253e-23
2.641445756381431895e-22
-1.353386835007103976e-22
9.694752942312644910e-23
4.033738317639528907e-23
1.250519870045909791e-22
2.415532075697644355e-22
-4.097049167776208053e-23
-6.190862189287387545e-23
1.312998529137570743e-22
1.188492863132445038e-22
-1.840820105647019159e-22
-6.439173515911692692e-23
-2.179108261258306715e-22
-1.248348843480157577e-22
-2.857112792089294264e-23
2.925714942466926941e-23
-7.181526662699299175e-23
-1.712284600972224963e-22
6.495772050163876165e-23
2.203289235070213416e-23
-2.262330370074757459e-22
1.605438795548785806e-22
1.525045966326798466e-23
-7.694573220016053261e-23
5.223360016522278596e-23
-1.896757385901141546e-22
-4.343614957412972482e-23
8.266124449659619595e-23
-7.125022921666772290e-23
-4.052069012967280559e-22
-1.907014969293500929e-22
5.332147680685274499e-23
-8.058929404567070446e-24
-1.357124409607677206e-22
-2.500350922880029413e-22
8.619637358878642613e-23
-4.152044937567878892e-24
1.034413730432545448e-22
-5.067691734246299325e-23
2.515822863681205148e-23
1.788119468926039393e-22
1.639435948057236375e-22
1.463354920269503264e-22
7.402089929717390862e-23
1.082739362592472379e-22
-1.232085160100448713e-23
-1.343447566677738282e-22
2.082295500809323693e-22
-9.882388032956589792e-23
1.285501736679224118e-22
-1.353095552264057142e-22
9.028112654537949827e-23
-1.262772326425197578e-22
2.181570085155042674e-22
-1.241824954878515316e-23
-1.640770648967188854e-22
1.318884906663995632e-22
1.431697858537437506e-22
-2.001824948884396576e-22
1.700657715081186008e-22
-1.380374722041008450e-22
8.670564043063733937e-23
-6.482215779074080379e-23
2.456204992374171832e-22
-3.505461588562073742e-23
1.714741404867466701e-22
-1.687693041336208423e-22
-4.868578490642494256e-24
1.906204573825716049e-22
8.526909279560754171e-23
-2.612491803982233426e-23
-1.557201057777983742e-22
1.299278782356795164e-22
-8.382865555172444864e-23
-1.147520017294026569e-23
-2.290734802873381133e-22
-4.171604654825274781e-24
1.096603592448206418e-22
2.937901373978529416e-23
-8.444725983130502357e-23
3.347284165246067039e-23
-1.285386592622098691e-22
4.399485662911382935e-23
1.963015094367228819e-22
1.080066231538907850e-22
-4.583657361737441405e-23
-1.994229010797182593e-22
-2.321553581573833572e-22
1.557783477485597587e-23
-7.677568975162138801e-23
-2.001793140806924861e-22
-1.753740793500316523e-22
-4.049691856510692077e-23
1.211300482226192100e-22
-2.674145910424365670e-22
2.119827343281412190e-22
1.800591983998261917e-22
-1.504080666712383039e-22
2.944904416534351038e-22
-1.072071611913123518e-22
-2.286674850387608028e-23
-4.477515075319709474e-23
5.881264544755259128e-23
7.408234661119173464e-23
-1.071542249735235728e-22
2.121848579054679871e-22
-6.273848586878318350e-23
-4.804632817859562065e-23
-2.255751913023451175e-22
8.234452913706500989e-23
1.953595373319990136e-22
8.717308862115956285e-23
3.648536899444980449e-23
2.789670849440802626e-22
-2.313214530590889110e-22
1.306991413897572040e-22
-1.540239899058453220e-23
2.717174073387164717e-22
-1.065154895638759392e-22
1.578413113024548128e-22
-4.259433895337524170e-23
-1.668827279817730576e-22
1.289812617340373700e-22
-1.717608420918125449e-22
-5.192193664979041389e-23
1.733584929716633975e-22
-1.443615786124760094e-22
-1.119039562500098241e-22
6.815139097733635339e-23
1.808579592776079054e-23
-1.217735046740133684e-22
-2.835564896638037897e-22
1.568175191939567824e-22
-3.020609559718931522e-22
-6.288912782049599143e-23
1.242722661231340627e-22
1.765192453622419371e-22
-5.114726444189758829e-23
8.736201536878200677e-23
8.859925502604461793e-23
1.296504589455484436e-22
-1.050397712892789937e-22
3.287207174308125258e-23
-8.945174689405163493e-23
5.965443840693708223e-23
1.817088293784077835e-22
8.119835037159732213e-25
-1.138928924113356102e-22
-1.469037829421195921e-23
-1.292420776932527839e-22
1.346616467901127910e-22
1.109367279147195193e-22
-1.986027235636862620e-22
-1.158808834331608393e-22
-2.507440778419772661e-22
2.675574117944827746e-22
-6.637866109080852532e-23
3.638704857817759323e-24
6.261640775923677941e-23
-5.942906453546650320e-23
7.802586895231621887e-23
-3.276559608609036263e-23
1.468482808586846427e-22
-5.947476968374493139e-25
6.959758377516435905e-23
-1.018018882176959399e-22
1.432383160980899647e-22
-6.233533928955956658e-24
2.619300054892525145e-23
-1.693011823927512401e-22
1.103844336293822093e-22
9.643687811723343209e-23
-1.896494390337012322e-22
-6.559280655567674499e-23
6.149150622991307971e-23
-2.233046215589338912e-22
2.430632537887008007e-22
-1.262623991974513193e-22
7.157358815274964234e-23
2.064664069658070745e-22
5.726420516763471335e-23
-7.478513085468307958e-23
1.537116359322742519e-22
-8.758406497322449492e-23
6.703444637253138165e-23
4.344528463635410459e-23
2.128313214856334043e-23
-2.609013728517401533e-22
-9.319580769629117972e-23
2.563225251155599628e-23
-2.049639565546525464e-22
1.485881325319052517e-22
3.786637925912403838e-23
-1.257198758711436099e-22
-2.094676434708133606e-22
2.442149495623070741e-22
-1.756561467667159047e-22
-4.294599629880291286e-23
1.151115580744164762e-22
-1.042892281143642410e-22
9.253461541423387618e-24
1.665689296329241871e-22
8.467372792697152901e-23
-2.544649151638155473e-22
-7.652114152534675130e-23
1.678750687412881811e-22
1.732556822048535605e-22
-1.424916279251931707e-22
8.666503737200367781e-23
4.689525629717391445e-23
1.589787124095291052e-22
-1.137867355433143386e-23
1.161255921868027083e-22
-7.999760738582790497e-23
1.708594881860685707e-22
-1.753820214038605770e-22
5.539492797616259711e-24
-2.930807382773186525e-23
-1.138695839120762677e-22
9.319308820087314353e-23
-1.235485872247139422e-22
-4.733704021515208026e-24
-7.486518517850265387e-23
-6.131848266732680115e-23
4.263222555488945820e-23
-6.499920896426101719e-23
2.359699380252638770e-22
1.197261242581542856e-22
-2.313022985579658764e-24
2.594101306413320662e-23
-8.627264135379279170e-23
-1.779750607170056677e-22
-3.275334522636300987e-23
2.737192475976671465e-22
-2.433095441015791054e-23
1.491874028231095069e-22
-2.056566507903825731e-22
2.119243605927270442e-22
-1.931896132524256353e-22
-1.972133335627764667e-23
7.890808092054248031e-23
1.729220985001563916e-23
-7.695715960071284941e-23
-1.483918623215636931e-22
4.568176779428667473e-23
-1.500299774434199834e-23
-8.398998761017369282e-23
5.702137278551606333e-23
-4.939776923054095700e-23
1.224065253358627777e-22
3.326138423027290199e-24
-3.683310144143248420e-23
-1.962394399346551144e-22
2.818195301687816374e-22
-1.272986498087868151e-22
1.921092853525080107e-23
-1.189553800031385908e-22
1.291082651521690215e-22
2.222162738013255916e-22
-2.105316042193396172e-23
8.525448462403116689e-23
6.604274326911302095e-23
-1.660250040584176139e-22
-2.010896487253201239e-22
-1.517851420107717734e-22
-1.373586403546154514e-22
6.057891941627286979e-23
-7.275527397893765019e-23
-3.321772936528616754e-23
-7.649691067260957221e-23
8.214961086182721440e-23
3.811675324140994670e-23
-1.077541148112550595e-22
6.110700809184401245e-23
1.499754659079819166e-23
-4.045164124617139774e-23
-5.608666849157087881e-24
2.538859960607985102e-22
-8.368885930908659104e-24
1.050070518214454964e-22
1.213097145029306218e-22
6.279185702201287644e-23
1.305596049589853799e-23
-6.158355544918297374e-23
4.443208677575770199e-23
-8.145099956821208187e-23
-9.913118694361434237e-24
-4.972528104448032455e-24
-6.223599840624006727e-23
2.206888145778168188e-22
-2.440269482393175709e-23
4.286433145862699347e-23
8.810795525885650820e-23
-5.319768199861197768e-23
-5.007453471435167740e-23
-1.657413966903232735e-23
5.699523024682261740e-23
-1.485745678785004503e-22
-1.504845030907895149e-22
5.733895903106143083e-23
3.831055984038300441e-22
-1.024986353472264744e-22
2.797932257340028505e-23
-3.779485520057359694e-23
4.384418533307163889e-23
-9.818440064259694531e-23
-7.058343545032710690e-23
-7.300318050074381792e-23
2.851147593193577937e-22
9.367371697119048192e-24
-3.005885092914421552e-23
-4.221157459333585730e-23
9.387339126235100672e-23
-1.110249939376123789e-22
-2.545524673711867450e-22
3.197530214295442619e-23
-3.270732956876752809e-23
-2.186891110487019069e-23
-1.593410408541559590e-22
-2.654967485699044197e-23
-1.704074049580358046e-22
9.579791798476178636e-23
-5.075860822385402520e-24
-7.112649275711961239e-23
1.925479548603727244e-22
-5.164215376510096401e-23
-6.329237562256294188e-23
-1.814258702912629971e-22
-7.366704913345856119e-23
7.599713456731426296e-23
1.593735069978397627e-22
-2.049240049772474949e-22
-3.575898821834167080e-23
5.783940132588648633e-23
1.606538715265059560e-22
-1.382299725435832355e-22
1.764045151797184367e-22
-6.836047484614972183e-23
1.930107249201076719e-24
1.514886380743038516e-22
-7.520416740072986805e-23
1.242212363176473902e-22
-1.663830021766371920e-22
2.658731199690470279e-22
5.473737911736186230e-23
9.831986440382385007e-23
-9.555524697668058907e-24
6.809293953045898622e-23
1.268626693791005326e-22
-7.899840976187906810e-23
-5.301943977114770209e-24
6.935884395741940039e-23
8.317826676073556752e-23
1.955487741279457673e-23
-1.976080336038192269e-22
-4.999072972803883166e-23
-1.627715886267144365e-22
3.562860182004247080e-23
1.509797022195762475e-22
1.696678422288029997e-22
-9.428699333713226042e-24
9.073442532975048655e-23
-1.230937618293597151e-22
9.958995063519637067e-24
-4.331253336200778055e-24
-3.651606794683779321e-23
9.039796037114755831e-23
-1.322477883085842804e-22
5.154952452854959310e-23
-1.226836603993863446e-22
8.699320825020946417e-23
-5.204377359349405462e-23
2.412356559483605027e-22
-6.538660727047670278e-23
-1.497119057848894454e-22
-3.766532716113296767e-23
-1.056155115725593757e-22
-8.632663586959963893e-23
-4.776386473001718757e-23
-1.956113242693083414e-22
1.055384278893783946e-22
1.163948978213306229e-22
-1.030675497461954790e-22
1.887255446023715814e-22
-2.428871678085398315e-22
7.914973857231231716e-23
3.523620142026781019e-23
-8.065083586436163766e-24
-5.134067933684766274e-24
1.080954088935062013e-22
-1.609073744378823845e-22
-1.831923493696937538e-22
-1.478964780697670262e-22
-1.899729634161241226e-22
-2.009664558095631114e-23
1.085141435753060191e-22
3.315369294747937352e-23
-5.838305333037692754e-23
1.192421871295404458e-22
7.414859000001517404e-23
1.978910024966172130e-22
-2.405794158572695783e-22
1.618636727498606082e-22
9.092414460750610266e-23
2.948317624735167431e-23
-1.115474211364257217e-22
1.344264298043236548e-22
1.032341987301854474e-22
-1.480200457179540080e-22
1.226863191480719214e-22
-8.581746538270517166e-23
7.758498416085615174e-23
1.467786977474763991e-22
2.184901487493817947e-23
-5.122562465211560197e-23
1.371100159827928802e-22
1.779271309465196249e-22
-1.253656965907783185e-22
1.630607703716149449e-22
-1.035041843082164991e-22
1.495914467189746262e-23
-1.523192954769064879e-22
-1.215066491778796119e-22
1.683969227344630040e-22
1.079235370869580223e-22
-2.100769886165292177e-22
2.968077667789224415e-22
-1.783996241767941282e-22
2.568563125216440696e-22
-2.424372425769146037e-23
1.039912582893518684e-22
-6.207392544998109739e-23
1.178514467411840369e-22
-1.798964650135853173e-22
6.509846778078150870e-23
5.198134183827570694e-23
-9.883601467015244779e-23
2.485047288577165848e-23
1.150283761000102370e-22
-1.572167628596779299e-22
-3.290166101637277454e-22
-6.876750378509262137e-23
-6.330375625711131908e-23
-1.526741509625064909e-22
8.404428179986117840e-23
1.024391701486845664e-22
4.577485725752682492e-23
-3.915340033251008857e-23
-6.499233262243713522e-23
4.736144323202557385e-23
1.078490385910844176e-22
-1.346566633971875796e-22
-1.336798558602368450e-23
9.457501524837271989e-23
-1.015130290306150364e-22
-2.992071873220416031e-22
-5.530632838358099026e-24
-3.400539553558804656e-22
-1.827088908852069836e-22
-1.729184302361828016e-22
-5.172169469940555767e-24
4.037957879939229277e-23
1.654678199710472688e-22
-7.998213426041718591e-23
1.762617873103543086e-22
-7.019403882707465875e-24
1.163458549667479246e-22
2.550804979947995252e-23
1.041206441369978425e-22
5.542507623059020184e-23
-6.547079953619927068e-23
-4.314392409040625056e-23
1.805911787884350766e-22
2.234580919843746476e-22
-1.464285898493947566e-22
5.654579352278033649e-23
3.568551155030933993e-22
8.398278585611554798e-23
9.130355303880121180e-23
1.407823314215569314e-22
-1.564247852153600538e-23
1.552586269053991434e-23
1.517492313232148858e-22
1.706187233116872801e-22
5.598214123246284491e-23
-9.624957340009725266e-23
-8.851554951879464078e-23
-8.928885724818043907e-23
1.349928199081524426e-22
-7.027487919442251008e-24
2.830459920579240682e-22
-5.490425344253434866e-23
-7.504082939749562538e-23
2.096805227037864830e-22
9.359128853740712071e-23
-1.310131638815828210e-22
-8.917692082873771824e-23
-1.597219391485679360e-22
-4.718626524734400544e-24
-1.803912127848049395e-22
2.149304540204374796e-23
2.317648819441478250e-22
-2.653349437167813645e-22
-1.676935535316191039e-22
-1.279390678055268708e-22
-2.424048749626327299e-22
-7.823202484320793528e-23
-1.827470192754723966e-22
-2.706427326549867754e-22
-7.946550971995296277e-23
-4.601387071768549007e-24
-3.608174247796263037e-22
1.386880573568989277e-23
-7.783759332848856000e-23
-3.966697137219087143e-23
1.474759165076245769e-22
-5.413093582288286763e-25
-1.843527179612490034e-22
5.763787151106467613e-23
-8.813840894123150977e-23
1.757366121458673602e-22
1.118122030930349517e-23
1.034434546606006019e-22
1.440211418675134488e-22
2.909106202385417421e-22
9.508495632294241902e-24
3.094154357110277177e-23
8.720703209413359333e-23
9.252351278342536946e-23
1.595203046472509826e-22
7.081884756563540333e-23
1.114640625301263996e-23
6.650677799073378392e-23
5.388514027123104497e-24
9.746652276389674065e-23
6.679785554987133699e-23
3.920272717871250686e-23
2.414279175750167922e-22
2.246901058024602051e-22
-4.115295460326949420e-22
9.095564013840488146e-23
5.120839139244757313e-23
1.620441953208723245e-22
-4.964084014529463143e-23
-3.688694585602614730e-23
-7.431619376651231672e-23
1.783621829613340154e-23
-1.659463612342844386e-22
7.504687140451116283e-23
-1.013515260150056831e-22
-3.010092276998082362e-23
1.216445029346289381e-23
9.886214652151374394e-23
2.397525635115211423e-23
-1.431926432920099865e-22
-9.408695438818644159e-23
3.047480231109438209e-23
-1.586027641202121597e-22
1.257848534519551869e-22
6.345943346127348502e-23
9.966093479197841197e-23
-2.654179338589492228e-22
-1.256563407761116913e-23
-2.651588991973355998e-22
1.386419349490983305e-23
-1.429841328118774525e-22
3.668119464172999011e-22
-2.092741392279841964e-22
1.298382167108516702e-22
1.490409606348646545e-22
1.709465098876784930e-22
-1.313479202761944124e-23
-3.372270950942877751e-23
4.264434934666411258e-24
-1.372251977699047656e-22
-3.651499784714699083e-22
3.918403564922813078e-23
-1.048075752887030786e-22
-1.345041932129937376e-22
-3.153690766077626461e-23
-7.827033935457062133e-24
-5.513443063849168771e-24
9.045272835726837320e-23
-4.272008808215963128e-23
-8.056913407445190229e-23
3.934830217364653406e-22
5.326629052334270019e-23
2.456043712829966619e-22
-4.519260477064525877e-23
-3.653815905102490073e-22
-8.061738052922265577e-23
-3.153337752333996807e-22
6.208599535139418549e-23
-9.500657479382025629e-23
-4.351353425595093171e-24
9.150914167048715559e-24
1.595060134494984470e-22
-2.110343035003682583e-23
4.769992714619108528e-23
-4.878611164093298125e-23
4.127151476179813153e-23
3.244829140544677290e-22
1.171197374042013596e-22
-5.723602387386239144e-23
2.423188002683059292e-22
1.336044321016189819e-22
2.262336660348495027e-22
-2.581946983164963983e-22
2.859410256118176139e-22
1.069799469654461143e-22
-1.027988625992078985e-23
-3.414016818054464207e-23
5.303263044030991253e-23
8.547611901693746390e-24
-3.862550342429792623e-23
9.709754890888731067e-23
-7.203023967492063856e-23
1.330785813922484591e-22
-4.090579864709585758e-22
1.740432752187837954e-22
8.202831517610125428e-23
-5.754970205828641092e-23
2.288746298054346727e-23
-3.087088177009495454e-22
-2.274315032746498208e-22
-7.748199960601878011e-23
9.088971825320270204e-23
-9.357139245258945217e-23
1.897776786792330585e-22
-6.457214834356535808e-23
3.065435187090269700e-23
3.923697672911593350e-23
-7.584307981948441785e-23
-8.155562183727321015e-23
1.151678160030854625e-22
-8.494513497911197054e-23
4.996541217823661213e-23
-2.106320743823264149e-22
-1.643910318427953323e-23
5.853269158519757368e-23
-1.538669742111940799e-22
-7.521596133649531560e-23
-2.323029835160320923e-22
-8.521104418043252909e-24
-2.986120173065471974e-23
-1.539840658171704702e-23
8.386090428126577581e-23
-1.893963530900788835e-23
-1.008415942712433154e-22
1.260492534365753006e-22
1.366256172171755442e-22
2.055676499105856233e-22
-3.876949970562825613e-23
-3.542262763321022558e-23
1.911298001396133338e-23
-2.892423001092488012e-24
4.754822098334471563e-23
-9.075083037711817754e-23
-6.564517817459755901e-23
3.207308059475117332e-23
1.397349589935993497e-22
1.444221889337865343e-22
-7.130719182634212766e-23
1.334784975584791060e-22
1.614797590590015552e-22
-8.740687696770593463e-23
-3.859453803500587346e-23
4.787803172306632848e-23
-9.783905723934909092e-23
-5.295454796396531451e-24
5.512427612266398150e-23
1.801023715068247489e-22
-1.360374272493491149e-22
1.040678256937039885e-22
-1.021735019372314113e-22
3.968616617441171519e-23
6.017740887596306867e-23
-8.309825970214171014e-23
5.713535717856508600e-23
-2.024505471611106177e-23
8.635141201912834736e-23
1.841510820145421508e-22
2.406678858265216336e-23
-9.898644267747774381e-23
-1.628988561488097380e-22
4.582140081343244669e-23
-2.481110369409692739e-22
1.171578640163924120e-22
-6.744031601773222357e-24
7.708555531124455370e-23
2.467059568291996747e-22
-6.673361912809993609e-23
6.872945584845675058e-24
8.115534790143635772e-23
-1.706179411253013548e-22
3.302866367154359456e-23
-7.228556305328401481e-23
2.791852598737185099e-22
-4.730650301981533829e-22
-3.928289609044197734e-23
-1.338778140831302778e-22
6.853311940104291600e-23
-1.808439447120013131e-23
-4.186513239248959290e-23
-9.764232857152212218e-23
-3.345573470569993358e-23
6.287677514217959597e-23
2.969989053257978243e-23
-1.944978368316652089e-22
-6.051234034997872989e-23
6.721571285736279582e-23
-6.132000561054211153e-23
-3.451165997935620586e-23
1.658847893909365052e-22
1.726775713627316402e-22
7.311274005520810771e-23
-4.185130942213058260e-23
-8.009735578381955954e-23
6.773834851087457587e-23
-1.247947156503893191e-23
1.211206288972642624e-23
2.332457931683700225e-23
-4.202128426467112738e-22
1.965845836269437236e-22
1.067445214570987920e-23
-1.667229696355160659e-22
8.712964869659856311e-24
-5.754882303939735548e-23
2.125922941244699213e-22
4.575492161365585072e-23
-3.664437746633979653e-23
-8.047410471274627748e-23
2.567574795408918760e-22
-2.713374517738061104e-22
5.467445606939609218e-23
2.099232018840313841e-22
1.030187865121322480e-22
2.751366488135717776e-23
8.191423602291770048e-23
3.694838152389970831e-23
-1.568605410600064017e-22
-3.427503706862409681e-23
2.542764704385090176e-22
-1.981843497787490094e-23
2.281201965642246554e-23
1.748274898364849389e-22
-2.036032538523511155e-23
-8.047348888850266427e-23
7.239795783744651626e-23
8.500563929466235451e-24
1.256584493727146493e-22
-5.836164655062291092e-23
-3.507310256788972371e-23
-3.526676121916072228e-23
-1.448816493969639450e-22
4.756539054027118267e-23
8.321438046965267754e-23
9.885012535347352511e-23
1.634136320534609507e-23
-5.124838376717260217e-23
6.046822856127412286e-23
-4.725439305009610716e-23
7.932685256169545468e-23
-3.803879649615233604e-22
1.680220943032751296e-22
-1.055789389023747949e-22
2.477933768556651515e-23
-2.110906498857775464e-22
-6.775088858502927174e-23
1.922574078914274100e-22
-6.878526794800387930e-23
-1.947037584755176524e-22
-3.839791604535455180e-23
-2.404179860907164061e-22
-1.333194420523506936e-22
-1.422494269970124026e-22
1.068805184481119882e-22
7.320500489903269119e-23
-5.790767718023766402e-23
1.599146796857351245e-22
-1.351870337622350400e-22
-3.719423554253042860e-23
1.514988878888410661e-22
-8.517323544206358147e-23
1.839343470891959209e-22
3.571820579372808416e-23
5.080181112836403670e-23
-1.439752495576857218e-22
3.048147411372977601e-22
-1.162397444458028141e-22
-7.907986908154828945e-23
3.247034917163024582e-22
-3.415039488078436780e-22
2.436330715932715873e-22
1.515833537128360602e-23
-1.860140766645808559e-23
-1.811580649028473314e-23
-1.608440027726599833e-22
1.247072870686336261e-22
4.804613125712766939e-23
1.337616165168769704e-22
1.160509674676121899e-22
-1.656057226453548764e-22
-2.875286252282315143e-23
2.247574696040801929e-23
8.754635070475810169e-23
-1.424335721039045231e-22
7.150212398463909765e-23
3.518936883473220218e-23
-9.504792255263357446e-24
1.137998271777411176e-22
-5.696302682376909770e-23
9.561686797441467339e-23
-7.744624052969496000e-23
1.006536484569139373e-22
-1.466134015766136739e-22
1.356825225401824853e-22
5.850730043105052537e-23
1.049636742831927385e-22
-1.885061202628703694e-22
6.993466610794371887e-23
-5.233131048003582806e-23
1.355435415610663854e-22
1.120188878310231849e-22
-1.540850593950149099e-23
3.772396082327318567e-23
-2.362937616626373939e-23
-1.137574311584049293e-22
-4.505105882232104002e-23
5.807637064834153778e-23
-1.087104594690006725e-22
-2.277272132321694806e-22
-6.122431714138893534e-23
1.345641421152359148e-22
5.432265896206596237e-23
-1.207645552613414826e-22
9.139271982898477034e-23
-2.050263792542829837e-22
1.200068890510436618e-22
5.386093869400912147e-23
-1.757784308204729069e-22
9.830423828003614459e-23
3.717156058332557883e-23
8.351315913643482644e-23
-1.147179464226594648e-22
-1.771625735376578748e-22
-1.235009593028506693e-22
-8.518900333227144120e-23
-3.602938588834534176e-23
-1.269794463645194702e-22
1.168518224523171623e-22
-1.559846929586215248e-22
-9.184152454604056533e-23
-2.149910278631208446e-22
3.052925126918835472e-23
-2.242496493039171138e-22
1.940326260980904648e-22
5.475055383247149833e-23
2.147713285478308408e-24
1.001930221994810983e-22
-1.955872908536293088e-23
2.000303601332399678e-22
-1.912150320546980627e-22
1.801434379334074193e-22
1.662818002760866849e-22
8.439673691233700540e-23
1.048665641942400257e-22
2.150842265846036549e-22
3.611202609972144772e-22
1.272697441269947365e-22
7.387052937437806631e-23
1.444187839995195137e-22
2.873773405416809450e-23
-7.630494928356311374e-23
7.369283731043435744e-23
6.503590364306795383e-23
-1.078876215570418350e-23
-7.660344422797087809e-23
-1.655049486381975107e-23
-1.683649400552872223e-22
8.597698991149332439e-23
1.494816963073988862e-22
-1.687276204912932469e-22
5.775499147442883036e-23
-4.029698923333861107e-23
-2.285709385069495112e-22
-8.979634128814286965e-23
-4.701362035567264366e-23
-5.019932207764422168e-23
-1.429275672300878085e-22
8.366844836827626771e-24
-1.266807689731255932e-23
-6.423821000633674206e-23
-1.069354845305203949e-22
-2.389860581107834981e-22
9.679480357829809589e-23
2.258456765495274288e-23
-1.911917392245269549e-22
3.574448163833177298e-23
9.051302987135622933e-23
-6.386179153335574207e-24
-5.818638467530194704e-23
1.661301753123188864e-22
-1.697894945423711900e-22
1.324418335432833252e-22
-7.615358521202037912e-23
-6.589664160703090366e-24
-7.264639787428504587e-23
2.172205313391343871e-23
-3.626863614242631532e-22
2.727296248055651946e-22
8.563618243432399824e-23
-5.059703925321539705e-23
2.604420353295304411e-22
-2.997981835283133112e-23
1.962628779350086650e-22
-1.373300057634758408e-22
1.142400041697204201e-22
7.962847451049178092e-23
-9.292911305296290732e-23
-2.618328509465500089e-23
-1.003423424544537383e-22
-7.267229685752995674e-23
1.132931583130109212e-22
-6.689489523949728845e-23
7.212017267639844432e-23
1.177903511221929115e-22
-1.469009686061927044e-22
-5.622451919667399304e-23
-6.889608201465665162e-23
-1.302639396088111648e-23
2.813631917525632536e-22
-3.404650680215331035e-23
1.312745483369657867e-22
1.356638382802441230e-22
-1.701881607874887549e-22
-4.080408360752801378e-23
3.657974159074695333e-23
1.565650119346315421e-22
-1.397855288458066083e-22
1.125221654090553781e-22
1.652397993426867177e-22
-5.054373945134415297e-23
4.947212574596801919e-23
-2.459204387986088264e-24
1.159988173638224538e-23
-6.317358697043060375e-23
-5.405211114129087670e-23
-7.998584893302348552e-23
3.399147442239130832e-23
-1.842540212279644041e-22
-9.671285547293691817e-23
2.078854945934565767e-22
1.689623459994423475e-24
3.268273802218525030e-23
-6.207855142678418498e-23
9.579208106554898014e-24
-9.401948261784257766e-23
8.226687251310798995e-23
-1.999290727607586311e-22
9.975803508149150595e-23
6.657298196843891781e-23
7.190739609572803173e-23
6.978204273755829235e-24
1.819808554500256725e-23
-2.722060037886695931e-22
-9.205843417703285594e-23
-3.878559827625439962e-23
2.162991447286905664e-22
-2.378881114707860828e-23
-1.974194819303380700e-23
-1.333825481751149721e-22
-5.700583220843863675e-23
1.676662284832165566e-23
1.267641983795755961e-22
1.343015124199018632e-23
-1.097709292740675286e-22
-4.179638730363931729e-23
5.006079601176234751e-23
-7.959383841110583072e-23
-1.046161787599204864e-22
1.409453746254628054e-22
-7.466585906846906806e-23
1.800973387936103675e-22
-1.028988188744624511e-23
-1.858833803733920355e-23
1.152046423423727978e-22
-6.630468636937560266e-23
-9.837972140973914155e-24
2.465997175501112950e-23
-6.784416468684469891e-23
1.612092408872287946e-22
2.780739708459438787e-23
-1.136841193090601522e-22
1.452692041318889688e-22
-7.549567416506334576e-23
2.244460560868218777e-22
-2.734743021781646021e-22
1.543621705544750204e-22
-4.850197256456650449e-24
-1.288910501794737853e-23
1.255312717536572656e-23
-1.327098037898875465e-22
2.558478321643656685e-23
-1.689930408783979379e-23
-1.778326779916264682e-22
1.333826966698341820e-22
-2.537028810660335262e-22
3.970596962724705323e-22
-8.360273272888356424e-23
-4.848504155372009001e-23
8.554949004056937847e-23
7.848621858592359280e-23
-1.550229874122191103e-22
-1.502251296901227138e-22
2.824144310779349635e-22
1.069449863764856054e-23
1.195548436687806560e-22
1.344255514857225930e-22
3.894872827717266438e-23
-7.270163155173667491e-23
-1.141345821922003482e-22
-1.906144450802551250e-22
1.743438395420674732e-22
-1.323101050831997069e-22
-5.625172335727771543e-23
1.325387697425309575e-22
2.758333308574033957e-23
5.641487195576985763e-24
2.287169265107859428e-23
-7.664454686033036687e-26
-1.912214035738886758e-22
6.588028149376540655e-23
7.248851523495127620e-23
4.050577710509581878e-23
-4.827185991734021122e-23
7.639799645267262111e-24
1.185227968213726762e-22
1.492860360922501970e-22
2.820045298963284555e-23
-6.765811068574431948e-23
-2.624922460327776911e-22
1.004874145393456646e-22
-3.622091365220263996e-23
9.879140248771639724e-23
-1.500312678905663501e-22
1.068278330843982069e-22
-1.378324279863982125e-22
-2.036130941357131564e-22
4.837554835587299528e-23
-9.683716439190006872e-23
1.725779639244427349e-22
-1.854964224150027033e-22
-9.382866472975571610e-23
-4.335025979157527298e-22
-6.264661462493011755e-25
-2.026022155430125196e-22
1.154078424474265555e-23
-1.168711564947512347e-22
1.124219912928477760e-22
3.193935567009300407e-22
7.249796473535584783e-23
3.800570752620003268e-23
4.892705930757287370e-23
6.586375067395872831e-23
-3.963480454625951437e-23
1.700615193360958284e-22
-6.238320789988667344e-23
1.346484322651028225e-22
6.910939419711408935e-23
1.013587998741789593e-22
8.851148442953415203e-23
1.052122708766862545e-22
8.921568681513823278e-24
-6.540538140634584792e-23
3.046827717406016518e-22
-1.468187978351076174e-22
6.089742605809299568e-23
1.202651031166694096e-22
1.072079226698270354e-22
3.215538167389215288e-23
6.758101844191664259e-23
-3.440539273495080400e-23
-4.287485966849492464e-23
3.689126384289029000e-23
-1.997029920402145357e-22
-2.291680188731287851e-22
-6.829382535555156394e-23
6.765601590825244428e-23
2.722408986393391808e-22
4.164488045670546378e-23
7.388363912773875243e-23
-1.226070045737546729e-22
-2.306908738137275945e-22
-6.705317799305483050e-23
1.877950485220612242e-23
8.903367630705325161e-23
-2.813941855471656593e-22
-1.118064229995984588e-22
1.289625031037884888e-23
7.013219850088121485e-23
1.379600231521233406e-23
1.893468356277794781e-23
-2.812979205501797095e-22
3.488496231942305116e-22
-2.162605056696054776e-22
9.935072213994318062e-24
-4.939124436162349744e-23
-2.108262218246242099e-23
-1.011581733501670647e-22
-1.900697542362002167e-22
8.326836196262421274e-23
-2.808789621727765939e-23
7.629865933638936173e-23
1.261651943613198568e-22
-2.163384128574841826e-22
-1.125718047484485138e-22
-4.112923204108607332e-23
1.353700392701425029e-22
-2.210308744295540667e-22
2.639776296476513372e-22
1.621261749368006027e-23
5.682381194612896849e-23
1.426099785359010037e-22
4.500244301455778428e-23
-5.277706639915698001e-23
-1.292602272302840840e-23
4.290862221360073472e-23
-3.347309347801817249e-23
-2.050433151767876105e-22
2.114232414555001327e-22
4.058124701712225172e-22
-1.623261353956809454e-22
9.149200383267689684e-23
-6.909420337613024152e-23
-6.454837412964954966e-23
-1.047498736848462382e-22
1.603114701265497402e-22
-1.698379422907714777e-22
2.441935561078683509e-22
-1.795702632350020679e-23
2.629471613444136604e-22
1.656346782997664647e-22
3.432860579743825610e-23
1.593855383434616392e-22
-8.005564086385575770e-23
4.534841606156537477e-23
-6.410205040083527631e-24
-6.134535098329137257e-23
6.468290503410971589e-23
6.593024450174741624e-23
-1.797455937084512487e-22
-9.594440867780248035e-23
-3.630113480847262913e-22
-7.872166893557052313e-23
-8.677519882275102592e-23
5.259393209264374573e-23
-3.293315731385116767e-22
5.014611005937563762e-23
2.560537458270379158e-22
1.795518778263742339e-22
-1.679678181975548612e-22
7.609849662282606630e-23
8.139756837365631945e-23
2.799248729428472871e-23
-2.021776950907811430e-22
1.099390520156343875e-22
-8.312346298565834505e-23
1.063667105656404570e-22
9.722622849218177390e-25
-5.755061524421228700e-24
-2.301835540963559169e-22
7.704040759611071178e-25
-1.092529174205732016e-22
-1.489200003164885122e-22
-2.310953268575953911e-23
-2.298578897429307877e-22
-7.985884549549019397e-23
-6.280028268577021754e-23
4.905242516985589237e-23
-4.542125131492160427e-23
1.902342768503109367e-22
1.444802884943170082e-22
-1.520141781316103120e-23
1.663866489899766805e-22
9.888123739011940799e-23
9.490899065840657748e-23
1.258954481325125130e-24
3.907909532696456565e-23
-3.459783685401306187e-23
1.128667349117809783e-23
7.622113400312234213e-23
-2.396437089048990418e-22
3.909076506431698575e-22
-1.363508482459466011e-24
9.291098529533041969e-23
6.565440287957017171e-23
7.597998402780786547e-23
-6.378319318728391606e-23
-6.003851781788376202e-23
-6.509085012493835928e-23
-3.741942121200755294e-23
2.246469926310379298e-22
8.744932640837513075e-23
-6.913556825223372287e-23
1.421272085149192743e-23
-1.284421865967814566e-22
2.095439037403596143e-23
-3.634118135651926283e-23
-1.932736770038463083e-22
-1.240367146922152838e-23
3.125431717702932970e-23
-2.977147344603064912e-22
2.510988766121720759e-22
-3.276670805899440768e-22
8.823528536690322610e-23
-1.311475174912466159e-22
3.985206173305300076e-23
2.353159249814146691e-22
1.285638344498761004e-22
5.466547689845224510e-23
1.125415452108896477e-22
-2.098457408202667601e-22
1.379072187107726232e-22
1.925904312306339382e-22
-1.222042126874402188e-22
-2.979171011998749373e-24
-3.170616332388861627e-23
7.853139948765284423e-23
6.495167500214078159e-23
-1.689652875878531057e-23
-1.354608843635587902e-22
1.195879043076763465e-23
-3.205924113800068419e-22
2.927658355507988952e-23
-1.152176593087643980e-22
5.477350605329820558e-23
1.751257647309165216e-23
5.592104902695727417e-23
-4.063248842982456675e-23
-2.192391276136109113e-22
4.622311245354648157e-23
-7.953521966811655767e-24
-9.870139724586827070e-23
1.071689264514530075e-23
2.147827918221742520e-22
1.168650892402259254e-22
2.544959137628333177e-23
-1.383501309353436875e-23
-2.551741893196141765e-22
-5.526846457889507314e-23
-6.150368871762684116e-24
1.151028204018438541e-22
-2.998744394821446095e-22
1.490342534609740653e-22
-9.098726075520684456e-25
2.612580071383689754e-22
-4.005333828547571631e-24
-3.450826677774316938e-23
7.160185475832160488e-23
-1.277614509355936407e-22
1.559698426270776687e-22
1.879743464009084569e-22
-7.993477744088612833e-23
8.157452978304265665e-23
1.218975895886112804e-22
-6.670523982366353633e-23
6.886377711782167082e-23
-7.128411874863371912e-23
-2.773250452935951518e-22
1.914212572125128386e-22
4.448444931977592279e-23
7.936834322992688942e-23
-1.803030510250443516e-22
2.889436479302440281e-22
8.290905715721363091e-23
-3.916536247751426314e-23
1.593762718924073458e-22
-3.305123557683105886e-22
1.763040846441196638e-22
1.375919282248509023e-22
-3.020547066913326756e-22
2.337702873012072063e-22
-1.119977259355327463e-23
8.660570855510965807e-23
-7.822547727958154949e-23
-2.902305143785348784e-22
-1.492845978987625347e-22
-1.546466826890138693e-22
-1.648264568773288301e-23
-1.110977282811007280e-22
-1.237388308599190334e-22
-8.130511462592790560e-24
8.830561215043980631e-23
-1.665613541968986850e-22
9.119956294771007508e-23
-1.140519176265517392e-22
1.503306512405952210e-22
8.542745135374898096e-23
9.249410190418241042e-23
9.541882376784175485e-23
4.346583991276295574e-23
-1.650147003615639824e-22
2.015568734896021342e-22
9.304732679333740683e-23
1.620477748584135894e-23
-8.691084144204000046e-24
-1.414195672681897158e-22
-1.556061965115738160e-22
6.758801146130107893e-23
-1.537329798775300679e-22
9.045338228847668557e-23
-5.734191486771308340e-24
8.604850788513726087e-23
1.795709651186053858e-22
-2.012886113419278846e-23
1.067465758514143529e-22
-5.052886059681341454e-23
9.181390095753595156e-23
4.316541739200542773e-22
-6.791463664034061314e-23
-5.383994727118090418e-23
5.714497040044780565e-23
-2.440095493813371467e-23
-1.338516470310407735e-22
-8.280271719148983718e-23
4.003113570438557899e-23
-9.108610093915307430e-23
-5.693872083322737307e-23
-2.601902673774587043e-22
-1.061013188753909347e-22
-1.185368354360139277e-22
-1.147738073161569420e-22
-1.692980799136841502e-22
-5.778770046637685576e-23
7.203196990885049951e-23
3.129053344041271951e-23
-2.444028360367243823e-22
5.076977931573841075e-23
-7.804836665381726286e-23
1.473541664760030038e-22
2.236142917054112813e-22
1.042540328273599555e-22
1.669426603997284151e-22
2.731919643116442777e-22
1.249156949952538998e-22
5.527402907790218137e-23
4.311170345115279957e-23
6.466789791737690415e-24
-1.035381314992700394e-22
3.875155109051124936e-23
-1.476467964476069328e-22
1.004719915129266337e-22
6.676514698261195270e-23
1.877024969583717038e-22
-8.695700611335274542e-23
-1.043282150549048608e-22
1.672688956500175512e-23
-1.070736564125447023e-22
-9.735056347736411840e-23
3.372677655249254445e-23
-4.561592129532655105e-24
-7.039973974921976370e-23
1.304599444478846818e-22
-2.408067387908176587e-23
-2.746605311872033958e-22
1.020161691936277823e-22
-5.169234425218042569e-23
-3.755910428691817139e-23
7.945287349522068612e-23
-7.208333774310092136e-24
4.643090069545125255e-23
-5.228116453280039985e-23
1.188690852442006098e-22
2.337574565498529746e-23
-4.419718219351202272e-23
1.634946526092285071e-22
-2.340344157134165477e-22
-6.062435045991959466e-23
1.273064400424471091e-22
7.187169317899155937e-23
1.206621402508258390e-22
1.040783370270384103e-23
-3.828016931424764953e-23
-3.557462800427558079e-23
-1.270200725664638453e-22
-3.519113423775832012e-22
1.044868212769042736e-22
-1.746352088076941581e-22
-8.207746745339251355e-23
-6.827799860111620618e-23
-9.466796060595975114e-23
-7.887302996989440520e-23
-4.659227853691275496e-23
-8.017738006879292357e-23
2.827206221986569959e-23
-9.574988905619364447e-23
-5.848707793346411702e-23
2.882991735944865331e-22
1.273805537999688544e-22
3.214004734727635396e-22
1.247231616324583660e-22
7.608585277133714198e-23
6.738843309699354791e-23
1.075525699142053030e-22
8.615682894365981438e-23
8.883399943167501386e-23
1.736362870916236681e-22
-1.364999207289342191e-22
9.362654643648385878e-23
-1.678809805398685506e-22
-9.687255954528189057e-23
2.360878703040870225e-22
1.288090739227193024e-22
-9.411544535209417925e-23
-7.095868404129343144e-23
-1.767614093763884645e-22
5.897373957540708674e-23
-9.633363931153288805e-23
2.271857832396028475e-22
-1.563688100884372372e-22
-1.116726465419171456e-23
6.664782318547729894e-23
-1.022697236355637008e-22
6.574940229850802928e-23
1.299365962558846517e-23
3.025649657321681058e-24
-2.428030430100867309e-22
-1.855192846454884561e-22
1.881339584276479181e-22
-1.447447544959779791e-22
-3.359219537697333163e-23
2.999529516995045507e-23
-9.797531985541788397e-23
8.640839915517235369e-23
-1.669581913295521514e-22
3.679253632543215046e-23
-1.322031013604359121e-22
2.104348914824411277e-23
6.838969847176214877e-23
-6.342918241581716934e-23
1.934182728050675686e-22
-2.369353718582482840e-22
-9.345255483604014832e-23
-1.821604972493387199e-23
-2.179242070651435861e-22
2.617772732616138216e-22
1.519429371774859732e-22
-1.096191237008382052e-22
8.855814299021165225e-23
-1.281050678560900204e-22
1.409115919376950583e-22
-5.980115171810446159e-23
1.552896713422275214e-22
5.950404053896190535e-23
1.063228288534223527e-22
-2.414880947789311100e-23
1.161954939004400022e-22
-3.671075308982411818e-23
1.634973651332261742e-22
1.268473314602049213e-22
1.742435676261882479e-22
-1.685086914750784606e-22
-1.503942449596358900e-22
1.260243947131090759e-22
7.972858741363418524e-23
-9.783419913352224363e-23
1.804639018740304971e-23
-1.864894810473881091e-23
7.297380458985822535e-24
7.101047685579131231e-23
-5.884014733589921354e-23
-8.941023090519174106e-23
-1.332002738646670408e-22
-1.218246231769392326e-23
1.359291675163367864e-22
-1.804377062979324883e-22
7.994293527215659487e-23
1.320389681127516187e-23
-3.611842820556870768e-23
6.639408408072292005e-23
-1.361174109528895209e-23
-9.852145203611241302e-23
-2.317011611811767896e-22
2.531273047409381446e-23
7.988525457253519978e-25
-1.598367008860972898e-22
-1.506478635714659983e-22
-3.081699810877895775e-23
1.089995268431209369e-23
1.858778597950410907e-22
-3.025566758325507818e-23
3.366204737188981052e-22
-9.674362960778853406e-23
-1.643977576766425259e-23
9.080060664419305476e-23
-1.547985096205643357e-22
-1.411059886958958654e-22
1.163359322390141995e-22
8.416976120865124537e-23
4.965312010138803921e-23
-2.324770942798182084e-22
3.377316444120333239e-22
-1.803937623751166161e-22
3.195848493162127947e-22
6.155705212509928005e-23
-4.654090566686788538e-23
-9.554492706557669132e-23
1.318922098234341269e-22
-8.025968068712476564e-23
-1.467145784698068707e-22
-1.456285836966451441e-24
-1.502657596733940488e-22
4.710008115590766061e-23
3.403796210517400799e-22
-5.800832395285631484e-23
2.261221552644175096e-22
-5.943160117239449468e-23
-3.590656020777618436e-23
8.295824897444270638e-24
-1.664260321539909643e-22
1.427869111807093801e-22
-6.704556630818169162e-23
-1.456318887085949796e-22
1.791258630462078041e-22
2.235124818465374089e-23
-1.684073005132251591e-22
-1.585748635869119024e-23
1.120311603295789572e-22
-2.090509519998538904e-22
2.353304739469770670e-22
-7.147440888227870059e-23
-2.446747440385169097e-22
2.156184072659091753e-23
-3.042943042361816158e-22
8.888661781465936665e-23
-1.732060906411028335e-23
-2.486762005088728048e-23
-3.084565151075540921e-22
1.724732264468122449e-22
-6.900069016511020269e-23
-4.007165358926538942e-23
9.087472822199797278e-23
5.225723043135382014e-23
-4.174937440281648120e-23
1.099723485991612808e-22
1.058669294797520499e-22
-8.390314315064614388e-23
7.195214051697049229e-23
9.199878466990838016e-23
1.867193292560680615e-22
5.238358115934454639e-23
6.527508499473668148e-23
2.710316115013847181e-22
-2.138065744728394119e-22
9.500231016563248667e-23
-1.121073819121524504e-22
-1.556755317818312541e-23
-9.580723578145594383e-23
4.564104920485705767e-23
1.025715617375675104e-23
-1.429627714935422216e-22
5.884482597616714697e-23
6.236486821188911710e-23
4.535222439816952533e-23
4.727754599598290507e-24
2.473769590748328211e-23
1.029054152495944647e-22
2.646783322082353907e-24
1.105839103041134949e-22
-2.784490697432357384e-22
1.815315196463199660e-23
5.156646767437257238e-24
3.994420134966385118e-24
1.492943793117320447e-22
-3.627663176246398406e-23
-2.259951972694474867e-25
-5.702887945077884931e-23
1.640225413060551861e-22
-6.386082366474498763e-23
-5.851402839650942299e-23
-1.117300426173893543e-22
-3.087585603886518346e-23
-1.255911278809041890e-22
-8.391796984119659553e-23
-3.534956217095843436e-23
-3.448596947432965792e-23
-2.572811939586878638e-23
-2.074393859475290549e-22
8.096495409998479785e-23
3.066978006783294750e-23
-2.947913778556050167e-25
3.126839660637378099e-23
-3.173013971637563459e-23
8.571985907715671841e-23
-1.078736980962901446e-22
1.402684835188844265e-22
-8.506200461422699809e-23
8.162844282707100752e-23
1.154072120393505771e-22
8.265723967551960862e-23
9.953142423655033331e-23
8.204502243025476997e-24
-1.982977095829977038e-23
-1.923195643183004198e-22
3.690890754950315995e-23
-1.992273512649244870e-22
1.389428028282750469e-22
9.140817751480824443e-23
-8.488675861081285345e-23
-7.548675476919179541e-23
-6.198785774521403655e-23
3.952101354752846202e-23
-4.497416617387884422e-23
-1.172196903523929961e-22
9.725717430301394853e-24
2.714076260197962475e-22
1.335125910968751155e-22
-5.603463008112081210e-23
9.439866389409247119e-23
9.463114521494600907e-23
1.001902407034830764e-22
-3.860293371093357668e-23
6.984853059847977416e-23
-2.338854439741778291e-22
8.734608093652365880e-23
1.908328369945545175e-22
-1.455783378192672295e-22
-5.539819958665554592e-23
3.217576519983196613e-23
1.370172584980564068e-22
-1.215908304496864567e-22
4.966138850999581087e-23
-1.515957537032089154e-22
-1.072723692912451568e-22
1.176440093687588935e-22
5.222025785557399107e-23
-2.860603729821003056e-22
2.279582550145523641e-22
6.988841198716865996e-24
6.971571491359839854e-23
4.476843872984164811e-23
-1.319286690478495328e-22
-8.020115124321766061e-23
6.179982602503405415e-24
-7.519048935452312644e-23
2.071525307834854616e-22
-4.330945526525088524e-23
-1.116833382977196004e-22
2.289007678956943379e-22
-1.227355178099823275e-22
-4.894759789856548253e-23
-8.161293749394156600e-23
1.463139508900717320e-22
-9.731918440588509323e-23
2.011280655940883293e-22
-2.364150119248629010e-22
1.574583544416659457e-22
-6.961145237117961033e-23
-1.986808771238036893e-22
3.439348777455073948e-23
3.532583571803482503e-24
-9.996055318654799097e-23
-1.865708652611713474e-23
-3.073353545985776141e-23
-2.142792674217392644e-22
-1.827529449087688068e-23
-2.244823520479349189e-22
1.639676528971785088e-22
4.534120374542555488e-23
4.217416726011783169e-23
5.035370205815977251e-23
1.265025655507567784e-22
7.407320564400260403e-23
-9.912525869897832015e-23
-9.294758582249599478e-23
-5.067656705288863604e-23
-4.736109579996323761e-23
5.792320881166673526e-23
4.402908126934513424e-22
-4.299241635378780146e-23
5.322256430935435956e-23
3.079820621232451197e-23
-1.193284097862428218e-22
4.219523060518118403e-23
2.695283293618822507e-22
-8.529212617583320898e-23
1.564850433528633706e-22
1.276160828038387178e-22
2.904881449889192028e-22
4.259685119185772123e-23
-7.069178818035364552e-24
-9.326825096352555709e-23
-4.422359621563588532e-23
-8.164540888358331972e-23
-1.346481278197617565e-22
-1.349821462337117218e-22
-1.416773124485053850e-22
3.194819035141516169e-23
-9.309793643210382953e-24
-7.946710228989808106e-23
1.111035551925158725e-22
-1.990887908677424526e-22
1.161714038008766105e-24
5.608098876298600903e-23
-7.805646487298078554e-23
6.657082294189808416e-23
-1.469276699253972432e-22
3.013308521720779619e-23
2.307703628776582581e-22
-1.212897831211626714e-23
-1.651088003385494126e-22
-1.678310919620029327e-22
-1.853330833293471781e-23
5.721069905323757717e-23
-2.179445793904281656e-23
2.967857658416735378e-23
-1.273200804195759964e-22
-2.207187665192315440e-22
-4.753169391059747964e-23
1.332023098777319228e-22
1.417019860775979872e-22
9.985386007573852220e-23
6.336686141847688931e-23
-2.926326774472159620e-22
1.224698969285687678e-22
-1.545155790663622576e-23
4.244162769633967046e-24
1.602557604350196808e-23
8.807387936455087675e-23
1.016433096101729310e-22
2.908593719823872298e-23
2.332239287733697414e-23
-3.873499186733650520e-23
1.768286623932255466e-22
-7.750816007778686408e-23
8.694931895703868416e-23
-4.825880321348954627e-23
1.591276228993172202e-22
1.301221857176191440e-22
-8.090101302422377471e-23
1.236853272382917920e-22
-1.619863037228820207e-22
-1.431063506739328164e-22
-1.518726088707553448e-22
-1.333311271187298746e-22
-1.123907639014075933e-22
-4.711079771902366030e-23
-3.278194078322609825e-23
-4.571689776535823904e-23
6.172032539544185010e-23
9.371187294728332681e-23
1.077592999894621276e-22
6.885441150458782242e-23
1.903546739804151563e-22
3.562508877314990070e-24
2.838171470468973073e-22
6.997617560682673858e-23
-2.791185873250742504e-23
-5.863772759730091698e-24
8.011378798440037646e-24
-9.575551239558639235e-24
-3.281834338160862932e-23
2.301101694664150716e-22
-2.315839954514776798e-22
-3.056184981535181929e-22
2.012833972217575372e-22
-1.686531386997542082e-22
-6.120391268886546619e-25
-4.394300722806854600e-22
-1.464175167392588222e-23
-1.145791136062290315e-22
1.702426928041797384e-23
1.272090713624535727e-22
1.488251861686246114e-22
1.434908877890787273e-22
6.342789942871442171e-23
-1.279692803563529695e-22
-4.063559770947630911e-23
9.149466729914365790e-23
1.391141734846208717e-22
-3.694795104564751597e-25
4.991726924122000129e-23
-1.767797666469478860e-23
1.964181036688798779e-22
-2.091645272779826553e-22
2.994999511665886770e-23
-5.250478169003666510e-23
1.098465028121181057e-22
-3.086876247875379036e-22
1.607281724350427605e-22
-2.802555871093753775e-22
-1.568317840999538652e-22
6.594338202877098568e-23
-2.612452637173466586e-22
1.188562351113258965e-22
-3.675456546066153472e-23
1.176822512410786293e-22
-1.989946769495992865e-23
-3.881423705569712703e-23
-1.674644394588586951e-23
-1.179986488379781797e-23
1.677545806891119895e-22
7.513476689487055942e-23
1.716853271632472269e-22
-1.777520756997426911e-22
1.382398556636498752e-22
2.607678383220527732e-22
3.233101786148680208e-22
-7.651480061547335394e-23
5.586894483900786027e-23
-1.570013021684867150e-22
1.835276043044773766e-22
-1.033389525313709375e-22
-5.265770775601568354e-23
8.396372920796696305e-23
-1.780215890809014514e-22
-2.511817240413466768e-22
-3.178347130441173897e-23
5.856002877122775467e-23
2.696882724201835860e-23
-1.722187713842154410e-22
1.944868024905297824e-22
3.798220083310689783e-23
-5.791281799976064107e-24
-5.512854871593050770e-23
-5.177279050749086969e-23
-3.659460931702423488e-23
-9.111264952521076730e-24
3.810316566076196015e-23
-5.422342844650715495e-25
-7.692401020204630951e-23
-4.220004955420813433e-23
5.240084278669907438e-23
-1.486039708580348340e-22
1.730722811995875781e-23
-1.821551850147201980e-24
8.599199615962287974e-23
-1.175998828851370822e-22
-8.496898297708211943e-23
1.975893189634635966e-22
-1.148618669262843458e-22
1.869395709517791432e-22
1.527388569918555219e-22
-1.502948765704106081e-23
-5.436752706648120920e-23
1.732293401089973310e-22
3.321336607141625929e-23
-2.613159028106423064e-22
1.443090187434583960e-22
-5.555295062746438941e-23
-8.379857960982697779e-23
-2.571546852289821663e-22
2.078709773888510387e-22
3.124962263994272493e-23
-1.071945269387503820e-22
-1.736869111623063151e-23
6.578040222695675464e-23
-1.245252025478369435e-22
3.386456473768573651e-23
1.220459557313164593e-22
2.151057079544435748e-23
2.012010694005432427e-23
9.049167873501934105e-23
6.209258687592408609e-23
-6.587425512654563094e-23
1.714966669809713355e-22
-1.062985391442896770e-22
2.817411768617714192e-23
-1.241720888569992231e-22
1.229657691521667082e-22
-1.507002979536719078e-22
3.825459689901311639e-23
1.420897978760961356e-22
-1.537227649693871031e-22
1.347684571414446559e-22
-2.438747892785092199e-22
1.503101920594851238e-22
-1.815244436673257343e-22
9.433997595382421757e-23
-6.135900349973892446e-23
6.330120834720233034e-23
7.650432181454387625e-23
-1.144729003071888570e-22
-1.512683168969028171e-23
2.658749333543947776e-22
-1.406158560443773381e-22
-1.109032027066235895e-22
1.744225237542245753e-22
-2.445012504421362643e-23
3.738441706395156072e-23
-7.967462686384827699e-23
-1.896235196954126478e-22
5.080896179555309896e-23
-1.042656000601855181e-22
-1.137242393154176840e-22
-7.059317798829577649e-23
2.579135541583950540e-23
-6.606662361531214098e-23
-2.008058108380191676e-23
-3.746373839424504979e-23
2.225404995432229194e-23
2.246652586969889408e-22
-5.903783453920540618e-23
-9.826788064084157977e-23
9.681919905090562228e-23
4.152983126891630054e-24
2.160188088011172761e-22
-1.753823730153248872e-22
-1.145517724746869389e-22
2.163581779425815091e-22
-3.748514289376405153e-23
1.472459810872391325e-22
2.858806225871766352e-22
-4.019182678790753675e-23
1.694411214995032741e-22
3.673591534146759333e-23
5.551290481440628851e-23
1.282778145702202228e-22
7.648246090976800122e-23
-2.097287694979842396e-23
-5.684208869473466097e-23
-1.517497251261057510e-22
-1.190863437607400836e-22
1.137551323774650820e-23
-5.669949984595951038e-23
2.371613425933360460e-22
3.255555922173160543e-23
-5.069851660998539082e-23
-8.343240672405128260e-23
-2.152457664286356073e-23
-2.605178824540523079e-22
-2.161990207759071888e-22
1.054942281439241775e-23
-1.481032564588644907e-22
1.160339527741335554e-22
-3.859936824567377411e-22
1.137925426647452857e-23
-9.703007261025192831e-23
9.279573103803864477e-23
-3.871953625468158340e-23
-5.274421695271218927e-23
7.217092348874543977e-23
-1.314889881123449498e-23
-7.837548878682510919e-24
2.149451715138854419e-22
-9.330945108702891025e-23
-1.461702315544386792e-22
1.665834645403100792e-22
-9.605661422239651787e-23
1.133959096889903051e-22
1.809947848495986211e-22
2.005385116357176006e-22
-1.068304408609940426e-22
9.261920790537132031e-23
9.814252576767573410e-23
-3.432421138032918671e-23
-7.478921419640621634e-23
-5.032118863657101132e-23
-3.677367128123822812e-23
-5.664691125864739222e-23
1.252680419855151997e-22
3.843060154432716288e-24
1.089614411873058440e-22
2.071804210660827407e-22
2.889579792481755654e-23
-1.457960780189758053e-22
5.427320236596856273e-23
1.543955047261977751e-23
-9.684821944481424464e-23
-3.188286370645619787e-23
-1.825523084527756856e-22
-1.843501987998009723e-22
-7.023157462678986303e-23
-1.843819013217993879e-22
-1.199851849579449207e-23
1.901863058585888512e-22
-6.971595612326970387e-23
2.509328579139541759e-22
1.275906035335128052e-22
-5.303170772781464841e-23
9.297796606961250173e-23
1.430459603044970515e-22
2.508413520071760836e-22
-3.099006010820545917e-23
1.267904598131369898e-22
4.495670755403012222e-23
1.403113680155374267e-22
-2.299925256629597927e-22
8.613078963837121943e-23
-8.916325816555820594e-23
-1.066859735326889536e-22
4.729395812869655100e-24
-2.231587251598414081e-22
1.260707413906800599e-22
1.963759187823911013e-23
5.463736207336876141e-23
1.651531794713048535e-23
-1.595725816684095579e-22
-1.764297460923556078e-22
-2.387389819899151893e-23
-4.934589989776081071e-23
7.879198423313640386e-24
-2.843286082461649288e-22
4.043314939159992771e-22
-7.192499138469390139e-23
3.027903435075838349e-23
-2.398169228831072943e-23
-1.277322026551163382e-22
-9.575495804122920690e-23
-5.125386684581823620e-23
-3.695056337122207780e-23
-1.467239838037348541e-22
7.700899456238093418e-23
-1.984488734410902486e-22
6.660338845616431906e-23
-2.744298059901384256e-22
-6.031637090956704484e-23
6.979634083257463044e-23
1.357946994284432070e-22
-3.622940228758216030e-23
-1.588313250224599284e-22
1.101713413494784922e-24
2.741725346078895762e-23
5.918731540208274177e-23
-9.902379936591231520e-23
2.178615421598983419e-22
1.298733065392809589e-22
5.014363784393493141e-23
-7.093789455001383290e-23
6.158389332002627463e-23
2.088249389038179006e-22
9.518738641772035466e-23
3.189421186637874479e-22
2.895915987714747405e-22
-3.357658631794131286e-23
2.088826728794652033e-23
1.296614514123634551e-22
1.342531537274573049e-22
5.721423590673584742e-24
6.894790323604848197e-24
-9.394599596736355955e-23
1.129874893296449784e-22
-6.763067802683982541e-24
-7.505651136714115755e-23
1.390150103276930489e-22
1.577679456482836097e-22
-8.790748200529529231e-23
-5.591514708721487600e-23
2.858475332336550521e-23
-1.379725942232422443e-22
-2.539199185482000215e-22
-4.156699436636868241e-23
1.170216143776710612e-22
-1.760035588635541959e-23
-2.219033849054255067e-22
-9.059273671352102991e-23
-1.317779905435228221e-22
-1.076624434493854282e-22
6.727077838984160794e-23
2.365589304139779671e-23
-2.219467552677451650e-22
5.669021325038792670e-23
-1.772986797683581943e-22
2.328554542022486578e-23
-1.495771792856898801e-22
2.196185481582894651e-24
-6.010032234267914279e-23
-1.527232673519279246e-22
9.153049965366819593e-23
-5.194119152632228637e-23
2.569040208264943526e-22
-2.654755161334612152e-22
1.678255350361756966e-22
-1.589236533980549754e-22
-6.818805088870438026e-23
2.012854768287654443e-23
-7.169665741017949337e-24
-1.612111603746003155e-22
-8.552773432022180007e-23
3.353484524159604307e-22
-3.516881779863119611e-23
-4.901569872807940840e-23
-7.621703083909607214e-23
5.367505019348082747e-23
-9.950426299431232040e-23
1.465155982064361634e-22
1.684582338322649989e-22
1.387761100507956338e-22
8.554888720771855472e-23
2.623298260645694613e-22
1.239935403336484956e-23
-8.079179382256503276e-23
1.816358456794799980e-22
-1.279598812487069858e-22
1.784829947484056963e-22
1.002163980929232058e-22
1.042755573180067064e-22
-5.897555958688046377e-23
4.949878716562269055e-24
1.485996710641131467e-22
-1.126331958333669212e-22
-9.187398157305111890e-23
3.103069388480072474e-22
-1.945516561186176681e-23
1.182826287320455790e-22
-8.773546669112923152e-23
5.338332150632301034e-23
-2.856425398028658067e-22
9.582567308144356758e-23
-4.043551336656737731e-23
1.713790685466630849e-22
2.843481335665570951e-23
8.293287937705730392e-23
-1.204025940691606336e-22
-3.893166127582907921e-23
-2.456904042254896530e-22
-4.974880976533971665e-23
-8.574365163480342444e-23
-2.567600969071913967e-23
-7.559204424837725185e-23
-1.114621267160819738e-22
8.004606566415441957e-23
-1.587532287171160126e-22
1.075789409237643759e-22
-3.583281959592176510e-23
1.763048677860057960e-22
-8.550391374389314390e-23
1.220147839899642120e-23
-5.140033369317313865e-23
-1.271386026319701875e-22
-9.539170422265029886e-23
-5.282590514783796961e-23
-2.830017997483884586e-22
5.339466601324548897e-23
5.429233670774120236e-23
-1.843204573815890571e-22
1.104843654197010088e-22
-1.058974174474749570e-22
-6.799296883917254693e-23
3.340759107882558453e-23
4.565766994732838902e-23
9.147407614883027134e-23
6.021221663567035892e-23
-1.377209990932332788e-23
7.147837538280655661e-23
-5.573507690947006026e-23
-2.140853249520338347e-22
7.012630901403691524e-23
-9.354256536843282552e-24
8.780502696287139776e-24
-9.822828797287820494e-23
-1.395671505864801786e-22
1.501993990167130913e-22
-6.636205309141176241e-23
2.344463416331109981e-22
7.455397602946472951e-23
1.609989257377422629e-22
1.637830871888733939e-22
-5.177941990807135328e-23
4.791247162342130301e-23
-2.844927660022280120e-23
2.619381083540625933e-22
2.513949524125937187e-23
1.264861863778889908e-23
5.348852397028556256e-23
1.983908814650616555e-23
1.478824876886867332e-22
1.843212427324563916e-22
1.009576689412885048e-22
2.044419160573041741e-22
1.470120257017111811e-23
1.352738192161849515e-22
-6.463169582089584201e-23
-1.754376988148891477e-23
-1.064377729079049161e-22
2.749462976947312840e-22
-4.376539845956020298e-23
-8.197897646112314672e-23
-6.752062467542379689e-23
3.919975625356548951e-23
-3.878306060432998094e-22
4.000946888583759877e-22
1.324221051062423552e-23
-9.973294312247056788e-23
-1.018923953068365054e-22
-1.968129262141593201e-23
-9.705721822096561590e-23
-2.956839445079857076e-22
-3.734755620688597355e-22
3.692244945147132936e-24
-3.175314936636491887e-22
-5.682236637174024241e-23
-3.261430246283279928e-22
2.995013764201934654e-23
-1.601778406473025451e-22
-2.445543352808321729e-23
5.200203281598087220e-23
-2.325505506411851304e-23
-1.317416123971344960e-22
-8.924947304161654804e-23
4.883069304525961412e-24
-1.113464680351004107e-22
-4.873133092328452006e-23
-3.608358168394514962e-23
9.772003226610755268e-23
1.226436679582024796e-22
1.381831194653281630e-22
-1.324501056009750246e-23
2.210807905623277241e-22
-4.782449626968073300e-23
-5.560661007071900388e-23
2.830515232675129721e-24
-4.586411669051260460e-23
1.270215212235057147e-22
1.704130198007635558e-22
1.793116865264086324e-23
9.667730745877737613e-23
5.871472555034265534e-24
2.332536693270718712e-22
3.141040810269983789e-22
1.482710404434506366e-22
1.079537316570491703e-22
-1.061597875278085741e-22
1.002854729114458863e-22
2.138411401537816654e-22
1.664982237834273129e-22
9.477225473248632974e-23
6.650097745889498135e-23
7.420156991929116953e-23
-1.851702338766602126e-23
1.192791155741881570e-22
-1.340229423396876623e-22
-5.236544130998824941e-23
-1.480388152716164461e-22
-1.600255781298373186e-22
1.443279221813034094e-23
2.245354785326130047e-22
-5.046360229225122892e-23
-1.299328109907773378e-23
6.449825574675684328e-24
-3.023829674123658310e-22
9.127757683298797988e-23
4.799447210814722795e-23
-2.568953150463123537e-22
-2.027266609206801518e-23
-1.773316917922446332e-22
-1.110912255111054725e-22
5.291919328735826836e-23
-6.969695724020064940e-23
9.103675576769714251e-23
3.231789127344248825e-23
-2.422646237446504344e-22
-9.752714306482307320e-23
1.922853992696875155e-23
-2.920743423387781192e-22
8.565171598719597561e-23
-2.482196251046576297e-22
-1.935888690036331663e-22
-8.556583925067197715e-25
2.904170942150682222e-23
-7.967155403595055950e-23
4.677874274910840525e-23
-1.089486107655128324e-22
7.539498483629976439e-23
-1.759769887750533107e-22
6.831201556377556559e-23
9.277358673667282418e-23
1.121683260294880463e-22
-1.825256020855419598e-24
6.591872526520811378e-23
6.462746893603314743e-23
-2.930686108769622338e-23
1.935761488715873067e-22
1.091097666284898794e-23
1.735340242347203215e-22
1.367258681130685129e-23
1.625825222754212005e-22
-9.765740664835791689e-23
1.855344173031622415e-22
6.208568304591974787e-23
1.609947513227665905e-22
8.086880020453553387e-23
-6.244097373286255331e-23
1.873594607691852069e-22
1.527337625414559490e-24
7.456483348397550763e-23
-1.125168653998505549e-22
-2.136091927385994203e-22
1.370299249030373543e-24
-1.784701860435822557e-22
2.815191066131331252e-22
-2.904866412428250218e-23
4.460261123854535483e-23
-8.292923019090832985e-23
8.590770101423252661e-24
-7.055291899697303499e-23
-1.940790636183629373e-22
3.393625706032073953e-22
-1.560965275461055651e-22
1.524191512486930253e-22
-1.115751849964750526e-22
5.797641808868437987e-23
9.591717420837388019e-23
2.972959546970181237e-23
1.756967027593207593e-22
1.148908210955336538e-22
-1.261518570962142380e-22
-1.987496934809253168e-22
-4.133141474144704406e-23
-7.363457082311624543e-23
1.421073087773946694e-22
-8.668826743647675292e-23
1.094893462196721934e-22
-8.551642141242862483e-23
5.385034765305326922e-24
-1.052174214364473696e-22
-6.735883970484734922e-23
1.048183102688292769e-22
-2.139509725117517730e-22
-1.696679730343714773e-22
-1.362071923672844732e-22
3.734568827017813561e-23
-7.583157901204483262e-23
-3.933795351989723008e-23
4.741832557335743959e-23
-1.263187444493397862e-23
1.241289977010788728e-22
-4.199360305154566173e-23
4.399914399157412682e-23
5.071675011230782990e-23
-2.395436719842329849e-22
1.447810004409408624e-22
-3.441579900169251482e-22
2.583442783816125730e-22
-1.845288260145938285e-22
-5.428722287632206125e-23
-1.314706222354061073e-22
-8.470380030976694306e-23
1.281180533587332727e-22
-2.865130110448257429e-22
1.020055184613526948e-22
1.018799873545584228e-22
5.417695127345793093e-23
-1.551595052379132090e-22
1.445852362281358497e-22
-3.319775192965870393e-23
2.621474663960484015e-22
2.693877015340986082e-22
8.407490670302332565e-23
2.459353241495791776e-22
-3.677551816786710248e-23
-6.973769033808686582e-23
2.957775674298106812e-22
-6.130718738700326613e-23
8.763340569105860165e-23
1.492862116138935559e-22
5.339949800596527049e-23
8.090758108204197862e-23
7.030500882852575792e-23
-1.484564776602532956e-22
-1.101465789679403922e-22
-8.419219494481029132e-23
1.061920038975196120e-22
-1.731262377291399127e-22
3.169583414648818800e-23
-2.676553526714513052e-23
1.601568236995079929e-22
-7.930890284857491814e-23
9.175382966156957159e-23
1.465761989202548468e-22
-1.957055013907529850e-22
1.178881412603159939e-22
-1.185450812722935252e-22
-3.143359203343844168e-23
-1.573277060404645010e-22
1.223450809780718320e-22
-2.904666186165451740e-22
3.616115397983654086e-23
-1.166088328974215508e-22
-5.034284559535764228e-24
4.196522519660132488e-23
1.670556953769099413e-22
-6.598325094602901127e-23
1.317102328402151892e-22
1.239599840442423712e-22
-1.154788925909437167e-22
-5.179318029555454578e-23
-4.938017090732576274e-23
-7.357513979807461373e-23
-1.566185930086793672e-22
-7.236348926018947273e-23
-8.878946293812676861e-23
-1.678758573667146356e-22
9.705214278028637180e-23
-4.407825157879783497e-22
-2.492498776738591286e-23
7.986115915794780501e-24
-1.245036462605289494e-22
2.160675733661227599e-22
-1.368960278377787419e-22
-3.498416511290768072e-23
-9.065231117054368854e-23
-6.153470841733971069e-23
6.230296291965635698e-23
4.448982824876028378e-23
1.626858529490007971e-22
-1.099832449217723595e-22
3.188452729955379827e-22
4.930092592810690351e-23
2.420372653350022045e-22
1.523998518566894489e-22
-4.394980933683930633e-23
8.359397252427974298e-23
1.645317843239926672e-22
-2.209284915350573249e-22
-8.183845769864844103e-24
5.040132534536725562e-23
1.064711454021840995e-22
2.757613487277538420e-22
-1.823432781791277823e-22
2.416406200295482919e-22
1.647983850222255846e-22
1.138903694304087041e-22
7.303034929454648947e-23
-7.175036172157654541e-23
-4.577675510349867937e-23
4.561970239129327488e-23
-6.788617623930173673e-23
-1.523308408972148661e-22
-1.593080232956551554e-23
-2.401402508437252090e-22
8.817523119193664614e-23
-6.376891178594049262e-24
2.099117183401970840e-22
-4.551134604155774239e-23
-7.208145210854531983e-23
2.014632728103474486e-22
-1.030705378249465012e-22
-1.037673139699390515e-22
-1.795710985339981691e-22
-7.887463556409912325e-24
-6.248486953436796152e-23
2.886293702073137439e-23
-1.921646799045706029e-22
-2.233373773075503387e-23
-4.546206484348880969e-23
-4.587307853649152521e-23
-5.259573837395360510e-23
-6.930616635753254885e-23
1.269146287531637440e-22
-1.166440538187634099e-22
1.186754965602846594e-23
-2.101004885883082019e-22
9.522345785300871876e-23
-2.626806119381287036e-23
9.312416610443955111e-23
-1.015305348306749497e-22
1.977572094797215186e-22
3.000817982129333432e-23
2.390248223368723943e-23
4.479631213349482569e-23
-1.995154300045870448e-22
7.709416273804514521e-23
-2.754983574325522529e-23
9.002454662620507451e-23
-6.832936867731332337e-23
2.440336000073227402e-22
-5.366018417598845670e-24
-1.790314238925297339e-22
1.263943218962951416e-23
1.353555834374020926e-22
-1.221297926612662156e-22
-6.562581957596792587e-23
-2.303751007919318530e-22
3.612049619303171807e-23
1.061069266775976337e-22
-4.831072975047013977e-23
-4.778820063242621846e-23
4.179880560524599206e-23
1.453619108232770463e-22
-6.415012357214506898e-23
-1.842457894178044941e-23
-3.427294826001871543e-23
-1.818114456128551975e-22
-4.971943207104923746e-23
1.597211764337825052e-22
1.994138533554117121e-22
-8.935658944071793547e-23
1.460740839034438288e-22
7.763137165394789771e-23
1.525334070571415225e-22
-1.620665349096995945e-22
2.175197516036392382e-22
1.141287203749546975e-22
2.388493039700092628e-22
2.487267749094115858e-22
-7.054405480682083467e-23
6.880970657567622107e-23
7.411788447913066807e-23
-8.378368602318792191e-23
9.170989207419675961e-23
1.301696945442984534e-22
-3.429431499695749453e-22
-8.121151329575272123e-25
6.331205701010880916e-24
1.354959529817239288e-22
-1.547342798270659082e-22
8.773985882056957731e-23
2.473205351819735976e-23
-3.517139588070194128e-22
-1.342314268289611106e-22
-1.016843136752223840e-22
1.049597896802684056e-22
-1.935239142437457713e-22
-2.627503341268593125e-23
6.816755849922020766e-23
-1.555094134229592131e-22
-1.431716583540848924e-22
8.896661164150843296e-23
-3.023306442456360757e-22
-1.234951213987683178e-22
-3.032626642379686168e-23
-1.291995814461594756e-22
-6.032122913143755421e-23
6.712547589410915102e-23
4.336945617307465081e-23
-5.867269678452451096e-23
1.728601220236846268e-22
-5.492928836526063644e-23
-2.315152703142169956e-22
1.986341068322047898e-24
6.509203125241125411e-23
4.304008415399166183e-23
1.750466146538668174e-22
-1.211889304594435922e-22
2.050472173639456201e-22
-1.538876640465302840e-22
3.786082824059299451e-22
9.989755044278518797e-23
2.593658193614962018e-22
-9.912679444075919655e-23
1.106422776517553861e-22
3.348124519842527923e-23
-1.000865318885052160e-22
2.510033632604052257e-22
6.065531188217535279e-23
-1.924058157473120769e-22
-1.403440880796456293e-23
-1.055859810843772164e-22
-2.237188018132835317e-23
6.874396117595830406e-23
8.177944214336550784e-23
1.879430569561895955e-22
4.832958112905237592e-23
-3.259340937213693775e-23
-2.805207389818743110e-23
-1.747797986233815031e-22
2.585963754826167728e-22
4.784957551604671000e-24
-3.081414608553539225e-23
3.356815203888513471e-24
-8.765629166129527101e-23
7.338676638439400097e-23
-1.379305644389461837e-22
1.355726830744770758e-22
-2.068791568042770315e-22
2.751085347826360438e-22
-1.969455989658091854e-22
-8.573755750564819315e-23
-1.304130367763218453e-22
4.171196958537392685e-23
-2.221364904100712931e-22
1.158489360423135263e-22
-7.451163890562913788e-23
2.218002887341422532e-22
-3.674602147632747870e-22
2.995629098376852890e-22
-1.221134812937961709e-22
-7.403411803104469156e-23
-1.275986907336735569e-22
-2.402842404510626942e-23
3.086716640126588047e-24
8.822015501847870069e-23
-1.026519409964207407e-22
-1.004161862054531023e-22
1.834381174713355495e-22
-6.345899348151722928e-23
8.179587771112532485e-24
-2.179544722862746264e-22
-1.201071116561042753e-22
1.170507819572947272e-22
1.952453492485996176e-22
-9.419310165239796674e-24
9.045426652528572924e-23
1.091403945261197248e-22
-2.609924778610758468e-23
3.241011358418255442e-23
-5.825840567368080835e-23
9.917991300781277425e-23
7.812018295201252582e-23
-1.602473967193214728e-23
5.673539660378720603e-23
6.654558060971763445e-23
5.842642553164055949e-23
-2.263863693281408090e-23
6.527760923591885115e-23
-1.845473491752781095e-22
-6.732670912043536206e-24
7.583677801923433839e-23
-6.646745688224413718e-23
-1.956341942075253873e-22
-1.443908628462840435e-22
6.185852200631943352e-23
-4.042116567274542753e-23
2.550070174118085132e-22
8.672623553594274087e-24
-2.634551104065943735e-23
-2.297044984596288017e-22
3.357485227510285248e-22
3.941255349715772089e-24
-5.843528512987134426e-23
1.375417636632396388e-22
-1.380127715732124250e-22
-4.899161970865931684e-23
-1.611390377159020406e-23
1.720105266890437274e-22
-1.821837204764701219e-22
1.802928836932571602e-22
-4.908526435791798880e-23
9.114096557660439919e-24
-7.285173992374324379e-23
-1.809134850990041753e-22
4.560040293068838305e-23
1.695419948391212955e-22
-1.016552965330617085e-22
-1.638959450832320831e-23
-9.820427443386774382e-23
1.334439942787786686e-22
-1.805328523280405379e-23
-9.662901935821587471e-24
-2.954382142607129542e-23
1.012027402131120245e-23
1.564094402386468961e-22
2.693613353919251451e-23
-3.286166386119059069e-25
1.851943825754408498e-22
-2.335565313202719618e-23
-5.400588985948234172e-24
-2.443860078487973997e-22
4.277385500123370277e-22
-2.367189041229505268e-22
-1.141697642400430022e-22
-1.170583817491137868e-22
8.609187407184617311e-23
4.828651450304787033e-23
9.390786753382020615e-23
-1.392228972793195840e-22
9.487426037441216225e-23
4.548030456068873166e-23
5.573346700587121970e-23
-1.836075198155960947e-23
9.743055931076219922e-24
-9.111891934817401153e-23
-2.354821101445385722e-22
-7.281764112697968448e-24
-1.688258061252133809e-22
-8.680876690601739730e-23
3.438063763525636354e-23
2.321419024080207350e-23
-2.862260311564620973e-24
9.888965156973500129e-23
-2.553569914820051669e-22
-8.048585946884545951e-24
5.153563828478014187e-23
-1.479433522388497220e-22
-1.101120162500399946e-22
1.190846186193300722e-22
4.052396866718670506e-23
-3.290335194471248509e-23
-7.490781401001261659e-23
1.302113029072744451e-22
1.673342543266531564e-22
1.676978991575783108e-24
1.387475704705707660e-22
-1.473915369959791816e-22
1.123390229949816229e-23
2.038204321588706139e-22
2.128197787851857123e-23
-1.040546221965789438e-22
2.955262248050779470e-22
4.947236478274246040e-23
-1.036154582761149459e-22
1.362870348380733533e-22
1.059735414361780757e-22
1.633880476026465341e-22
7.714315989373386707e-23
-7.407203723225412111e-23
2.547329221411172570e-22
-1.065485961692999265e-22
-1.917863781420936858e-22
4.544762127504012211e-23
-3.071551224636522995e-23
7.860646992346775434e-23
-1.148919262807612368e-22
-8.411621592281395315e-23
-1.704909615349796993e-22
-8.806184346796514630e-23
-1.251549702912848501e-22
-1.229006707683243895e-22
2.033458535153564264e-23
-3.336343515118387679e-23
4.332816364579583753e-23
7.556860872507825926e-23
2.266508948603281110e-22
3.532238337451332559e-25
-6.833132003831545922e-23
6.888198304212305958e-23
5.633987972727244330e-23
-1.177453672081425766e-22
-5.559509351627854851e-23
-5.985067696100016397e-23
-9.124056023106942502e-23
-2.181068737377091789e-22
1.577829809557102232e-22
-3.341720882733010340e-23
-1.035280434881273945e-23
7.405326651028349358e-23
7.243876117093366687e-23
3.385041179094670388e-23
-9.875096142317840038e-23
-6.639763364329664175e-23
9.817318427768755586e-23
-3.486481090031381356e-23
-6.079413430555365118e-23
-6.227520792290199870e-23
-1.382370804259388615e-22
4.833425726030237895e-23
-1.539354891037149753e-22
2.913767389334676066e-22
-8.854793025813970379e-23
4.706841383402113551e-23
1.270741508110958850e-23
-6.142997228743094995e-23
1.877660361178806286e-23
1.015048004913888632e-23
-1.157991393022422989e-22
1.357094576713326502e-22
-2.630507719869753881e-23
3.509343257860087444e-22
-7.184581099102884226e-24
1.892191141920313077e-22
-4.263934910916715369e-23
2.162344782497409573e-23
-7.021866688194634457e-23
-1.828320248295927153e-23
1.643712235903323004e-22
4.595611594859970261e-23
-1.202428387325514742e-22
-8.680792896366726004e-23
-1.300165000811828262e-22
-1.755242728845196340e-23
-4.005350719697407601e-23
-3.003182096150202784e-23
2.265007598074459089e-23
9.286225567655071772e-23
-1.753761544580838661e-22
6.663548156651176568e-23
2.258977371955045270e-24
5.793148016890350312e-23
3.072737405351349459e-22
-1.698968649559033166e-22
5.307464882824724000e-23
-9.188920353943153811e-23
-7.657109165965768706e-23
2.035248577713079208e-22
-3.799121677119601079e-23
2.258153264684903367e-22
2.914120314004582053e-23
-6.889717136785870609e-23
-1.176088433721397967e-22
1.712407493092175322e-22
-1.805125115686348700e-22
-2.542191089002495665e-22
9.552561962317254678e-24
-2.573414832927088846e-23
-1.627169254555336573e-22
3.046428187371577598e-22
-2.716428932261420896e-22
1.125738966703672225e-22
2.092811449239166979e-23
-7.592336463755190073e-24
-2.958760472887921075e-22
4.991020769670638182e-23
3.224931703326401440e-23
-3.903239018585207133e-23
-4.147249568019428768e-23
-7.548256731361507120e-23
4.740274726214730378e-23
4.479470969649308504e-23
6.808551381240869686e-23
3.825580111059779485e-23
1.216799719873974591e-22
-5.008921059974086155e-23
-6.946958368759924615e-23
5.987513067573334422e-23
1.575123573998539660e-22
1.702384315776035964e-22
-3.312399561316293885e-22
2.021746435670751226e-22
4.223535164874825794e-23
-6.918131067128846180e-23
2.216741927161213566e-22
-1.378421652127382474e-22
1.799362380638265734e-22
-8.769705819210775670e-23
-4.510908722098109406e-24
-2.855881827942174169e-22
-1.412199780915310503e-23
-9.733698762377821300e-23
-3.449079401611631311e-24
-1.938429091800508789e-22
6.149207887209844829e-23
3.190106754044574228e-23
-8.201583970796503337e-23
-9.150626309181791298e-23
-1.996583937454174327e-23
-7.087336078761294382e-23
6.473056057939361160e-23
-5.407741713640845719e-23
2.326013033557851807e-22
2.247163021841678447e-22
2.813175335670352042e-22
1.502196011613649451e-23
1.395053114576431763e-22
1.529530831345971499e-22
1.869485413531728458e-24
-4.208574681649420820e-25
-8.570303605353206479e-23
-7.535322854611235860e-24
-1.043827000234345045e-22
4.693508714234439338e-23
1.019385943219586629e-22
-1.079921179594704735e-22
1.406294593789666367e-22
-2.722787336281860736e-22
-1.773520009046082652e-23
2.918793373474424812e-23
6.681617629675978351e-23
-1.559099420954425405e-22
1.278652359944010558e-22
2.042896796412508321e-22
-2.170225794658019485e-22
6.404731869768930879e-23
-2.251258433157799067e-22
-1.001759112907944168e-22
-2.458045281390884050e-22
-5.408623053727459375e-24
-9.061109507744449304e-23
-4.997598389660667335e-23
2.588497280846325876e-22
-1.567997598423299023e-22
-1.883479998038008895e-23
2.988168113638987243e-22
-3.861182209072245575e-23
-1.678548167661012530e-23
-1.994443096166141738e-22
-5.098606699593505766e-23
9.215099319700831608e-23
7.751386793628705863e-24
7.592868234017177356e-23
1.685504418723941958e-22
-1.827553933200209407e-22
-3.622412283203586277e-23
-3.044904118029930120e-23
-1.017856045023870023e-22
4.543861744089612176e-23
-5.808833151096106236e-23
-6.756376166144657978e-24
7.254652543663259452e-23
-1.829933848060587817e-23
1.110105314640532966e-22
-5.089048184887359647e-23
3.355101826951699750e-22
-1.036876891052248147e-22
5.127691682532242358e-23
1.686076088494320854e-23
8.002378965556127030e-23
-1.924351045134819079e-22
2.263212281467304829e-22
-1.890523145861969112e-22
6.883196489188857943e-23
-1.217248145611065144e-23
1.150469421159411061e-22
-6.951126039121988079e-23
-4.536338645496431214e-23
-1.368774048845936056e-22
1.577412627121443839e-22
1.746066376268005596e-22
-1.829171417711705711e-22
6.281443238314026874e-23
-2.461563113679939114e-23
-3.852704180731741273e-24
-2.011005269148612589e-22
-1.726611345239093585e-23
-6.966129346306072009e-23
1.462492463284465226e-22
7.421705218724728744e-23
3.949214445077511061e-24
1.348457023546048051e-22
-1.214655406744163040e-22
2.411466921076597190e-23
1.178568610394661811e-22
2.985421972751130088e-22
-1.468304114261273078e-22
9.562396671363816433e-23
8.932646824366390937e-25
-6.482812767260024198e-24
-2.484079622504064079e-22
3.006592168192180809e-23
3.479437940140148108e-23
1.546478310539198734e-22
-1.953528835647710748e-22
-1.445613840203982569e-23
2.710952913954351631e-23
-4.791479479543999792e-23
6.249291407864872942e-23
-2.586719080428558748e-22
-9.782661693568977275e-24
-2.269909118920724866e-22
3.631048061495942982e-23
-8.272372691000566878e-24
1.148967808502030199e-23
-4.336917420023008583e-23
-5.035819852307563310e-23
-8.055669062895801398e-23
1.555905169325158284e-22
9.587352525156449326e-23
-2.746107350409684515e-22
-4.665770216609006256e-23
-2.607011090061194098e-23
1.221998109921429600e-22
-3.272379579719929942e-23
-7.310580572520431930e-23
1.210459323089361648e-22
1.311254202170711749e-22
-8.720116297862623582e-23
1.261647795275298920e-22
7.461396008052238079e-23
-1.479819791407990842e-22
-2.117511735472361198e-22
-7.870748260466616101e-23
2.676815211140537069e-22
1.396949955990311452e-22
1.237745331689534321e-22
2.014410067179087053e-23
-1.020579061033089583e-22
1.693778892002825999e-22
6.772811591212169072e-23
9.644294579882759392e-23
1.121531222237161356e-22
3.477357019618524721e-22
-1.276108926977368335e-22
1.239210109454720748e-22
-9.711981840002639358e-23
1.734385991039790849e-23
-1.283542486122564091e-22
-3.336842945099164220e-22
2.020648379430484818e-22
-1.772735180660269850e-22
-1.048914864685991857e-23
-2.745249187912235308e-23
1.534205984520969558e-23
-3.416259406389343465e-24
-6.356897737474307926e-23
-7.393417621382883343e-23
1.097500410006397272e-22
-4.646323735848767896e-24
-6.146325542677004893e-23
-1.201552553353024346e-22
4.568881381383142848e-23
8.002489971902727341e-23
1.591894386958127678e-23
-8.932753734725605796e-23
2.234218203321934469e-23
1.238206339621953129e-22
-1.862978519665213991e-22
-1.072965070387210828e-22
-1.371667939407828602e-22
5.160275977122840890e-23
-9.793460639879683352e-23
-6.457813213674571140e-23
1.741657584520196678e-22
1.582620006336013436e-22
-1.813035047043497428e-22
1.703242917756350867e-23
-1.117144647972731577e-22
-1.088925558689009671e-23
1.164695641679478699e-22
1.146180327086382756e-22
1.056699560920410698e-22
1.266639422863087052e-22
5.294116609615675425e-23
1.622151488673149935e-22
-1.814158655313294946e-22
2.746156108508917600e-23
-1.095111475657353694e-23
1.724159034855366639e-23
-9.701857457680957526e-23
-1.496039329360452368e-22
-5.094618486746571754e-23
-3.839816564353132637e-23
1.410029898103828843e-22
-6.703058643879689822e-23
-7.047253886236079699e-23
3.662006187006153733e-23
1.323644489205669852e-22
-1.252908910679994017e-22
9.026992728902503242e-23
-1.309694054256388149e-22
9.585182002021207338e-23
-3.003843372387430444e-23
7.207403535249113857e-23
-3.212523349123382089e-23
-1.088945327912495363e-23
1.512615790114973452e-22
-4.034657969705212079e-23
-1.412816511501597860e-23
5.823437207513063683e-23
1.282652281994480837e-22
-1.075722183730709763e-22
-7.385755151855665653e-23
5.727424307225693437e-23
1.979631272707910281e-22
-5.276277352979199756e-23
-8.447717795647099014e-23
3.897987054634329748e-23
-1.699321030178580989e-22
1.315618803942462420e-22
-2.272657332821747066e-23
-9.237808840127546665e-23
-3.895142286411508164e-24
-2.536700446537605738e-23
1.327109451454992002e-22
-2.121814874075986265e-22
-1.896202331732197778e-23
1.935599820891632789e-22
-1.979340837308418652e-22
1.133392547033624743e-23
-8.851900679346631173e-23
7.812651706812756032e-23
-1.078901095550333639e-22
8.364207230163691307e-23
-1.862188728789849937e-22
1.135881665139176341e-22
-1.955405490395662619e-22
4.924237405586352864e-23
1.699612264210085141e-23
4.743062347966472789e-23
1.296806469383158582e-22
-1.500255861539766395e-22
1.339706905196486559e-22
1.934192981347237511e-22
3.788245616137362413e-22
-1.517649126212292016e-22
-1.328822235058740401e-22
1.271869112799660543e-22
-1.119080643930491277e-22
2.194934443527997705e-27
-2.410330672334592190e-24
2.047653639504605430e-22
9.218471916077892318e-24
-6.286816264850022493e-23
3.724945289133866575e-23
6.542174745817037260e-23
-1.297543123252130408e-22
-3.392966482601469454e-23
9.299412288456856257e-23
3.375564366038160024e-23
4.455425902538220024e-23
-9.413839740291314697e-23
5.412998355270855299e-23
-1.307669500738526484e-22
4.136350919658115166e-23
-1.313194447082771029e-23
-2.258726742045732645e-22
-2.291983157418170040e-22
-2.178232631289346176e-22
4.686629756898198459e-23
-1.937514901696740652e-22
-3.790602872807397885e-23
-5.414306296977919444e-24
-7.574878378518905517e-23
-3.974746602625044552e-23
3.249865783362403208e-23
-1.008463390686782031e-22
2.427001625997848304e-22
6.568091748960840589e-23
5.583725722437744578e-23
5.400584030634839423e-23
-3.754238865310115505e-23
3.100978534901511743e-22
-1.773440841150021617e-23
-7.747327826661185891e-23
-1.503608580987862955e-22
2.927081737089624099e-23
2.204105195297586323e-22
-4.416227851209514361e-23
6.878298011805688449e-23
1.851839795844135584e-22
4.709308305035927855e-23
4.836235319737524323e-23
9.987871464623351655e-23
9.829781061721397966e-23
6.638500885879797822e-23
-8.023489631370104519e-23
-8.276403785155300745e-23
-1.424887091554651384e-22
1.667277173312680452e-22
-2.682054053699345857e-23
2.262718977298014032e-22
-1.783542085755614536e-22
7.851584368206732041e-23
-1.266726884458477315e-22
8.293990603084332434e-24
2.380549665240723550e-22
6.654741865529921264e-23
-1.549259818552254463e-23
1.259357223566578509e-22
-1.113944100004373756e-22
1.106528897741439170e-22
-2.945294436590080919e-22
-9.028228886933244026e-23
2.775384535501872085e-22
-3.464374174752557382e-22
3.781979219417108052e-23
-2.630351864804023007e-22
-4.061416493307171301e-22
1.807115981936201608e-22
-3.874814717642870532e-22
6.830739958707598848e-23
2.925283571316844090e-23
-2.840521534408854036e-22
1.028972769966039317e-22
-5.568762122976293068e-23
-6.194533596219764582e-23
1.827067201509578838e-22
2.897051879963663157e-23
1.595209473710294345e-22
7.582669562912232554e-23
3.339941427979942614e-23
-1.302327616540595248e-22
1.257475477715056400e-22
1.573392448811669470e-22
-6.483498059457167578e-23
-1.973583774601160470e-23
1.669793797645822016e-22
-3.011413733725019131e-22
-1.107915570004763213e-22
-1.294971534112759123e-22
1.361109834485647606e-22
3.020594056864285323e-23
1.534340204279321985e-22
2.982516430225710554e-23
-1.977109761155275071e-22
5.182474044069378302e-24
5.317869454456530597e-23
2.627078475818638175e-23
-6.544989367159917857e-24
1.729133792377299099e-22
1.397241697784006291e-22
1.440510461545657258e-22
2.706591607119162925e-22
1.262766434788700569e-22
4.181731663995973470e-23
6.373510216261518807e-23
-5.142567382424870928e-23
-1.197365661859074964e-22
1.334456666951885504e-22
2.882513558303122862e-22
4.612546748026662907e-23
-8.872725382761020062e-23
-9.910161496412884054e-23
7.323660668667484218e-23
9.129931342606996737e-23
-5.676549431603767821e-24
-2.462075155412156648e-22
-7.549455334546122805e-23
1.223118794675212340e-23
-1.956337756091363585e-22
-2.590761556184664689e-23
-1.517571436841372652e-22
-1.876977161996721677e-23
-5.173214363212680592e-23
-7.225047609444654432e-23
-2.956139566404878970e-22
9.319986323691843954e-23
1.584177877471027281e-22
3.640806693091251982e-24
1.785541343729525786e-24
-3.992652455489655266e-23
-1.053933879099558021e-22
-3.098059475653886181e-22
-4.449956644036278288e-23
-1.534360934661452067e-22
-4.314894256351391167e-24
-2.413807246913198855e-22
5.241128800487257972e-23
-2.201002630798060277e-23
2.832740704022763638e-23
1.322554573705841410e-22
4.304740391279521662e-23
-1.715531605308331726e-22
2.394438588953193199e-22
-5.870322492638722935e-24
2.802242605049136754e-23
-1.763605637706983070e-22
1.024504564550386900e-22
1.712766539381458676e-22
-1.406639300034320804e-23
1.310802977574834894e-22
1.105703287407811998e-22
2.771977402819332313e-22
7.053485251015155252e-23
1.565901054647932620e-22
4.593057413264162396e-23
3.474961404247626936e-22
-1.085591402906014123e-22
2.194820672816843709e-22
-3.397808056800415773e-23
-5.007768662320427215e-23
-1.976842458726052656e-23
-5.451813453878590037e-23
4.575575270811080292e-23
-6.487457851810030421e-23
9.745955838584539538e-23
-9.610490945203371590e-23
-1.507506017236398917e-22
-5.028076979155015375e-23
-2.145270583748922108e-22
-1.316527178567363914e-22
-1.231596902927376497e-22
9.474772992859314721e-23
-1.742197618720475930e-22
-2.580026427009119322e-23
-7.415979893689650881e-23
7.020539892050068734e-23
8.440663379896386510e-23
-3.926798479521047652e-23
2.677380628306644600e-22
-2.683917796509633733e-22
6.593768386693832596e-23
-3.034888683198816948e-23
-4.624350948005185621e-23
9.066748696164415370e-23
-1.057370478077324220e-22
-9.484338427345120616e-23
2.769208925006229525e-22
6.563505082234324522e-23
6.398247528670555183e-23
5.128688065890848699e-23
2.026486036005326717e-23
6.284782848974659298e-24
-6.841007524987129781e-23
5.948368933208686619e-23
1.155207323862559079e-22
-1.722063977703202423e-22
-1.961263119906200652e-23
2.573971291201258293e-22
-2.349020210274943183e-22
-2.432987403711392787e-22
-3.462145779445202005e-22
1.541651842495802797e-22
-2.872277048528801132e-22
-3.517349037700265026e-23
6.762059451375701787e-23
1.100006048183817436e-22
1.772076232379252581e-22
7.270907892510425467e-23
-9.459817830895484905e-23
1.165017165076975638e-22
-1.188824621963435888e-23
-9.532476356401491200e-23
-3.180507139078909080e-23
1.896235829119920628e-22
-9.994767429222237867e-23
9.948958530793116143e-24
-5.294356608030554720e-23
1.813078589217779771e-24
1.081261771163975643e-22
5.414029420376999684e-24
-3.602141247556436628e-23
-6.316544582243763810e-23
-1.426151560250111149e-23
3.017529834591699738e-22
1.555532558496134107e-22
6.005118597217667477e-23
-6.469516423087888974e-23
9.109959675289233573e-23
6.874609939131842306e-24
2.153448431093596283e-23
-9.183412903337601195e-23
-5.361230449761101835e-23
1.449549325658338320e-23
-1.260717573478005190e-22
5.536842934126693993e-23
1.686999026140682556e-23
1.447118661470137196e-22
-1.604852480389037916e-22
-1.819778604725380474e-22
1.285739824050144350e-22
4.245111743872336051e-23
9.182135953486786981e-23
4.859052262476716985e-23
-8.907329048857609248e-23
1.533881690081302871e-22
-2.398210207535441835e-22
-1.584657261828554984e-23
3.605060875838017349e-23
1.538166604207177315e-22
6.252326479386910279e-24
1.126295079445683236e-22
2.310262847902303826e-24
-1.590868873152932951e-22
-4.591629381098860389e-23
-2.090653240844067414e-22
-7.652745786891392585e-23
8.850826029055964294e-23
-1.501798415462057046e-22
-4.761624961298274341e-23
-4.962748919891177773e-23
-1.514842482925958295e-22
4.332494655329454919e-23
9.038271464648264979e-23
4.029733308241320971e-23
8.843308249854500214e-23
8.316009138691553948e-23
-8.537662817036742726e-23
-4.017438231911939297e-23
-1.078838494472767168e-24
-7.426479975312573625e-23
-9.419524913901901103e-23
1.588106551160229070e-23
1.463270219929284293e-22
2.794822608689870110e-22
-1.315215158261548743e-22
-3.342033541565459685e-23
9.428515824377599173e-23
-3.223026558880639243e-22
1.861137146684398262e-22
1.062696964609032166e-22
-3.736492372969823700e-23
-1.556925273203529892e-22
6.518625932361283305e-23
-1.095423779641791569e-22
3.243142781376515614e-23
2.155290903375979310e-22
5.809901111424193511e-23
8.546787058452508405e-23
2.174196969196857130e-22
-5.813585283588999442e-24
-2.886812860088212154e-22
1.376106069129510964e-22
-1.559666113020679674e-23
7.064022899073638172e-23
1.119383854763413138e-22
6.329836154834971430e-23
-1.035474752678063230e-22
-6.599303984717168472e-23
1.686656863476420814e-22
-4.047963927339092031e-23
-2.198317095115537172e-22
1.408194743109777534e-23
-2.275167884863161390e-22
7.050911454654168118e-23
5.770579506050805396e-23
1.616011081623398720e-24
-1.733877329483858110e-22
-3.835074213941097512e-23
7.639563201682472149e-23
-3.139137000586914204e-22
1.196495441553977342e-23
-1.758843943355166578e-23
1.574770435581781675e-22
1.185436730661562518e-22
-5.537557627204434647e-23
-1.146284255453355873e-22
9.573346869202559395e-23
6.649077476092030011e-23
6.995489154074462287e-23
1.777389470147196968e-22
9.043365884575667132e-23
6.985571575480336371e-23
-9.061441688466888745e-23
3.014952502308573566e-23
-3.356942763248024112e-23
-2.273034001169959773e-22
-1.158497928841052838e-22
-6.263539186515286677e-23
9.883426847131494512e-23
3.213915733125932782e-23
-8.593082586166798096e-23
9.797935840669466903e-23
8.146292803588419338e-24
-2.463889625148157323e-23
1.850977975518733132e-23
9.943500834289564156e-23
-2.855620141695236639e-23
1.976420190457877522e-22
1.088814218742911604e-22
3.433397777361010610e-24
5.738083655973416074e-23
-1.601538980531518322e-22
-1.882079441489838034e-22
2.982436134377747241e-22
2.485349781277035647e-23
-2.303385051924525850e-23
-2.199355863901895493e-22
-8.469694629990821333e-23
-2.506689708650897271e-22
1.307690057638596552e-22
-1.738488182580728866e-22
2.700137434849697206e-22
-6.268152114296618071e-23
-1.865757881404580464e-22
1.808604868558019522e-22
-2.102614526668803897e-22
-2.181704273149695388e-24
-2.157994202829449395e-22
1.447870490620906213e-23
-5.159923679263951677e-23
-2.077039986693033003e-23
-1.965577169658555805e-23
3.012607822693730714e-22
1.253394810573879544e-22
2.490121249355784610e-23
3.016046303899133201e-22
-2.948514931454546162e-23
-1.522298608384002651e-23
-5.698168037039521124e-23
-1.528380926806032193e-22
2.544379372589632136e-23
-1.540069354196453704e-23
-4.867584693700260775e-23
2.213723430633153601e-22
-1.049685065606518701e-22
2.416547673833727541e-22
-3.540006359368099088e-22
2.580553669281233777e-22
5.739690323435342555e-23
-1.575682678479089026e-22
1.768746678233716618e-22
-1.383772287111716145e-22
1.790795596733182038e-22
-1.014637231866337460e-22
1.561716017249086985e-22
7.972060427165259923e-23
3.215648077287185668e-23
-2.349520164506021772e-23
-1.846871679417935261e-22
-8.196143589311963690e-23
-2.319532447554422352e-23
-7.383072724523173056e-23
2.417272554170115322e-22
6.038768926714605668e-23
-1.064941150851849704e-22
-3.097594226754525776e-23
-2.127087235401801426e-23
1.892997694470143692e-23
-2.011103986633195635e-22
-1.364475419820392878e-22
-5.364270096120496999e-23
1.406745938864760675e-22
-3.959292151506179340e-23
-9.091669140050912282e-23
-2.516825549538708878e-22
1.585356602118310083e-22
-4.346889737550524861e-23
1.267713283267410445e-22
9.494243408110789567e-24
-1.985464872521481854e-23
-1.422962207450656350e-23
1.827826009900907069e-22
1.135199761641019963e-22
-2.148351575781660108e-23
-1.636174383406159100e-22
1.762509875278094615e-22
-1.700424881493968343e-22
4.327723518340485950e-23
-8.726448662327485337e-23
-2.067368266265184148e-23
-3.095387912161730451e-23
-2.975485515846532174e-22
1.037238532217211455e-23
1.623414285010018717e-22
-5.585933714840683774e-23
1.880292452297540796e-22
-1.454529804107921940e-22
3.684944889962876640e-23
1.126395460945860635e-22
1.068131175060525460e-22
-1.711775996296292721e-22
-1.559263132928312031e-22
3.257922548721640115e-22
1.024865510725809433e-22
1.999694362020422260e-22
1.866986673251175883e-22
6.533655506688874195e-23
-2.642842876395082378e-22
-2.088814673768517655e-23
-7.053617874690080157e-23
1.187417697943397777e-22
-3.969773746436693889e-23
2.645567277988888017e-23
-8.428817695378779583e-23
3.097858569444598516e-23
1.313055022273592412e-23
-2.495992795348252134e-23
1.218758833007930458e-22
-1.874454587619252513e-22
1.533423992996719624e-22
-2.301122112713933044e-22
-2.905691124974760755e-23
1.469331608297591790e-22
-1.625939972874885734e-23
-1.085351963973510252e-23
-1.032806612302893372e-22
-1.078644728438830536e-22
2.225021660390044810e-22
-1.259063265172896180e-23
-1.425691449453413014e-22
8.345374387014477662e-23
2.206959829137966338e-22
1.215646467947396633e-22
-1.289845409692490472e-22
1.519175110803781139e-23
-6.635538219792587276e-23
-1.067501235969807298e-22
-1.917762440374311741e-22
6.578768734932859935e-23
-2.873226359912419708e-22
-6.728349834952181570e-24
2.266839140702555491e-22
-1.888180017678808063e-22
3.700998310083653007e-23
1.005560969725473537e-22
9.326791267600150579e-23
1.122222102730430236e-22
-1.449284710493239857e-22
-2.066216388180237862e-22
4.066287288162649113e-23
2.268511793205090842e-23
-2.348907761638713936e-22
9.739515719523509362e-23
-1.069299908805002329e-22
2.539803354624841186e-23
1.341793102696875693e-22
2.825891200358104775e-22
-1.923711122935103943e-22
8.029246240166979163e-23
-1.108778563716223759e-22
8.717310677658411776e-23
1.660718341318156588e-22
-6.340343723632283647e-23
6.537433360025168528e-24
-1.046376833644186683e-22
2.812967874946618443e-22
4.154921141279130251e-23
-2.703895733507710763e-22
1.839502665430660729e-22
1.570995125187039529e-22
-2.714458986831739355e-23
-5.657861553543622870e-23
4.054596193010845622e-23
-2.612153432339328896e-22
8.378725813374593509e-23
-1.972936751665533968e-22
2.474161656973105463e-22
-1.727336821901629194e-22
9.352139090843511402e-23
2.179084848697978042e-22
6.525528812863721307e-23
-1.055270105733907969e-22
-1.041953372801645154e-23
-1.144679723391518485e-22
-3.709376823652392871e-23
6.103553479585874388e-23
-8.780727032246651120e-23
-3.087649993378355549e-23
1.513166379061796226e-24
8.183432162845385171e-23
6.680667938458727931e-23
6.862382632326001527e-23
7.449020975238459664e-23
1.962567131739726652e-22
4.047704913297460899e-23
1.417521478935965631e-22
-1.779577359708710973e-22
-8.363772017618252511e-24
-2.257867111998959979e-22
-1.943148731399266905e-22
-2.509451151178364361e-23
7.713418762034563899e-23
-1.144296102669175944e-22
-8.554494666980753348e-23
-5.080794267651624163e-23
8.001874769337145567e-23
6.784099903298192828e-23
2.463595540278113937e-23
-1.121233897949518597e-22
-2.445051960424918418e-23
9.166525488733508163e-23
-7.532126111823920232e-23
-1.062642620053301670e-23
-4.711067560225622387e-22
3.621074584175293575e-22
-2.563062102307659415e-22
5.904424671933669977e-23
-5.663734740323728767e-23
2.590924346900613807e-22
-1.114854859886773675e-22
1.314283714803263285e-22
-1.145415329008143804e-22
3.129438862632694938e-22
9.289025784432029214e-23
-6.895937651248023165e-23
-8.004320088914294654e-23
1.259605398081066064e-22
-1.267549449590213316e-22
9.425902709586794286e-23
-2.537907158800190548e-22
1.928869609801825891e-22
-1.327333654034128657e-22
9.672869138493132372e-24
8.386470509138876551e-23
1.098782916493783604e-22
1.969299261535521132e-22
-1.024333574743467170e-22
2.839468713074915103e-23
-6.062798254680330661e-23
2.173923421143684845e-23
-1.622521384957497706e-22
1.133627151294296435e-24
2.387291587057008279e-22
-7.229752428349180185e-23
-1.200407442300241366e-23
7.114217536502621570e-25
-3.963815473057829476e-23
7.272035593253623711e-23
-4.399816732321744639e-23
-1.834522857861386029e-23
8.012888592456422181e-23
6.302781794052484692e-23
-1.474116870207866471e-22
