3.269870310226977383e-22
3.194942128119923633e-22
4.512714053152481648e-22
4.804538464148328066e-22
3.089598630640513251e-22
3.723638826772611838e-22
4.019112433468097759e-22
3.617405744490117222e-22
6.061566325591438793e-22
5.236745828442274741e-22
1.511770472939120282e-23
3.530312828507306923e-22
6.050655121143547503e-22
2.705587724948320942e-22
3.723451219058172869e-22
4.949953969984743896e-22
2.458012503643307516e-22
2.133113777377460563e-22
2.553249282563364241e-22
1.213812355601329263e-22
5.654027193843385242e-22
2.734308475516358182e-22
4.193125415677022307e-22
3.920318681018396521e-22
5.984443511055671302e-22
3.454867460046717525e-22
3.489643772069071444e-22
2.764487693556904889e-22
3.361170431610176083e-22
4.786594027368788694e-22
4.081275731215932709e-22
2.731345298807467259e-22
3.600202565936725915e-22
4.628467729956410496e-22
2.554575307984773272e-22
1.812984638736082118e-22
1.390523611062576549e-22
2.756756416442865399e-22
5.961258387600610077e-23
3.179986777029017906e-22
3.785538162419406656e-22
2.105687693205521238e-22
2.837754715761093927e-22
3.098515541778674767e-22
1.339843644061718476e-22
4.291669693013345003e-23
2.336171365507206131e-22
1.929038610012299452e-22
1.341940803163855922e-22
1.690812611686963618e-23
1.538594627682835107e-22
3.106680090975729288e-22
2.115248961412206331e-22
-1.690831104355099614e-22
8.369895054460803030e-23
1.293139008449569992e-22
1.378058699667848726e-22
1.569847863394253703e-22
9.606246854614684859e-23
1.577566990700779010e-23
3.000928052905424814e-23
3.431552374044112028e-24
-5.170605292089606275e-23
4.258746271085439299e-22
-1.216619153607065216e-22
1.121697708115023969e-22
1.002272784369403268e-22
-8.356429684432604675e-23
2.694793049603889464e-22
-1.360804724926123111e-22
2.540350631770568424e-23
4.997294304322228269e-23
-5.914299375020303641e-23
-3.079910977503079653e-23
-3.894999738693114781e-22
1.099689985651016645e-23
-1.081709522691712606e-22
9.891514698901073386e-23
-2.306784873579920868e-22
-4.368379964231020034e-24
-2.280189977584817150e-22
-8.481262734510937687e-23
-1.836919363055547769e-22
-5.532593276300237225e-23
-3.344357654123365302e-23
1.288341467019157111e-22
-1.549590190787754634e-22
-2.361521158291764355e-22
-1.220727466177097414e-22
-2.258783015614359753e-22
-3.146747189086842892e-22
-8.292004478425218592e-23
-1.990392108847290869e-22
-1.692475012853400761e-22
-2.421379532332749485e-22
-3.065033575820121247e-22
-1.237349907946999748e-22
-3.813186051929714091e-22
-3.636939143516648916e-22
-2.145898706461692765e-22
-2.783019059820146141e-22
-2.551735605029418576e-22
-2.564286445509467690e-22
-2.488787122549495531e-22
-3.264338591234928211e-22
-2.844587411162925676e-22
2.479107066641779925e-23
-3.064210552386242907e-22
-1.525230746280802397e-22
-4.028747782102686355e-22
-4.043441092346053023e-22
-4.291545176096857689e-22
-2.712461387350751105e-22
-3.842680191066670111e-22
-4.553551332168168811e-22
-3.986828422111973792e-22
-1.931709673562147330e-22
-5.873466041203877161e-22
-3.734711582779727509e-22
1.066405919260385568e-22
-5.225497799941839611e-22
-3.527849714273774577e-22
-5.353796491790770742e-22
-3.916010360654587654e-22
-6.982260571786247888e-22
-3.709960702391332295e-22
-5.561720887669839322e-22
-1.496736816094129240e-22
-4.525419836833117849e-22
-1.827674116604643943e-22
-4.837039286467383713e-22
-3.931360725115871254e-22
-4.016636926541849896e-22
-4.238608603028857234e-22
-3.804926418097656553e-22
-4.244903094499009880e-22
-3.697878295110412289e-22
-5.512705643311095278e-22
-5.589763953135434864e-22
-5.544598491415595438e-22
-3.533743561491655886e-22
-3.414374615134307748e-22
-4.388227835984080231e-22
-1.875303177040423580e-22
-4.586659055730092980e-22
-2.086803475287510649e-22
-4.924138717839014600e-22
-3.627512451352602435e-22
-4.544893106768576793e-22
-4.839930146090674613e-22
-4.518499600254862930e-22
-4.965555524571934253e-22
-5.138324678287709702e-22
-3.158678912319544104e-22
-4.188810520523377093e-22
-4.721134111660143110e-22
-4.072423390136804270e-22
-5.108196897770307022e-22
-4.068351957143989412e-22
-5.934445487858700297e-22
-2.135470771462177823e-22
-5.066749216458382571e-22
-6.616372693718555071e-22
-6.181510631311949375e-22
-3.491929146153153460e-22
-5.354753279131528264e-22
-6.428510928556241387e-22
-4.832702425204340251e-22
-2.811135680917575568e-22
-5.268829904755949544e-22
-5.968239394900534288e-22
-5.891638070456752050e-23
-4.013895531252264823e-22
-3.028241065570751104e-22
-1.765933219895092930e-22
-2.503678008541991805e-22
-1.810517804595430005e-22
-3.514573631533613705e-22
-4.443033352478186105e-22
-6.261092802630616524e-23
-4.336520616930226958e-22
-5.682307947593363242e-22
-1.909600700011562708e-22
-4.488827810129586950e-22
-4.629431903559703402e-22
-2.352043033326954071e-22
-2.559542061304796931e-22
-2.490231750356777636e-22
-3.837864736126798022e-22
-2.479751231486624702e-22
-2.159765199705718855e-22
-2.462416895101150344e-22
-2.974214893365229940e-22
-2.149061647796399030e-22
-3.674581064524581801e-23
-4.802537490981844009e-22
-1.666669204149870240e-22
-1.402316110581191727e-22
-4.270691488468450412e-22
-9.807669335588990444e-23
-3.967895865179419373e-22
-1.538350931270542350e-22
-2.683296218138062505e-22
-1.067911401603205130e-22
-2.686120915678334067e-22
-1.950319254640738634e-22
-1.071808031154418500e-22
-1.941875883159157674e-22
-1.072732893674491664e-22
-8.472221187764096001e-23
-3.169339792387460129e-22
-2.312443859380718851e-23
1.244226521852054181e-22
-1.644673531659590509e-22
6.087187700401652645e-23
-3.995600727137839654e-22
-1.909252890523648165e-23
-2.446069260860180846e-23
-7.326620496747001510e-23
-2.146060183226168565e-22
7.352944170332629267e-23
-1.998272107563585342e-22
-4.159589575075062127e-23
-1.938545736377880563e-22
1.037947944307022995e-23
-1.349201180705274213e-22
1.590930381315958227e-22
1.288077647257452273e-22
2.400472398703099171e-22
-1.890457127128657728e-22
2.402387468473157190e-22
-1.236835919397418051e-22
1.430731479673060782e-22
-1.190772194448379746e-22
1.633826245052508446e-23
1.075159702501055008e-22
6.285003689201577844e-23
3.225727062711761312e-22
-6.435656532228457474e-23
1.026379247750556997e-22
2.436491428931103786e-22
3.535330405352250574e-22
-2.658306467489271326e-23
-1.584660500763405393e-23
1.934425929757271632e-22
1.701165061611620221e-22
4.255486715082855993e-22
1.752551594507003714e-22
2.425387767962585036e-22
2.666158984400787085e-22
2.053244900706096407e-22
-2.067266033216302239e-22
3.144123141435465584e-22
1.698263616697562619e-23
5.309603127826869330e-22
2.206033766366783793e-22
4.936692226574043764e-22
2.756820402780201588e-22
9.663106399730882440e-23
6.259433170834041378e-22
2.111557002044470853e-22
3.018796878091991407e-22
3.809481029909060388e-22
2.759572176763232685e-22
4.503630773351606223e-22
2.401504600871070124e-22
3.026048991753634307e-22
6.202010114324189032e-22
7.953779328949091315e-23
5.389205953856484910e-22
1.861379409282746162e-22
4.083723303321351115e-22
2.997478302211210257e-22
3.936395426806292642e-22
5.040389681691271393e-22
1.662228218903457895e-22
4.144601766002100555e-22
3.732975491275818644e-22
4.189406475532098885e-22
3.560407308475520251e-22
6.349568870728499521e-22
3.290099655596220577e-23
5.350190225273632060e-22
6.371092539531567222e-22
4.224757877443653286e-22
4.144232105068449574e-22
4.220648302636121430e-22
4.719987941338230726e-22
4.680454072570652039e-22
1.585642465457823648e-22
3.899366480743783428e-22
1.552722374152146346e-22
6.097889262403153363e-22
3.955935277264618538e-22
4.717551193815281431e-22
3.582541038713197617e-22
3.347849016750347947e-22
5.727424019526522405e-22
3.940033296688365302e-22
2.286514453099379510e-22
4.303080424159692501e-22
3.262827981067799360e-22
4.551113965549714373e-22
1.707903632808441248e-22
6.222203859972491721e-22
3.935188714344566630e-22
5.275233158547212407e-22
4.047089377542672097e-22
6.299882220384411892e-22
5.714683907845182265e-23
5.782937537958407605e-22
3.277899697052042978e-22
5.230775731418187668e-22
3.586974227580880598e-22
7.075288674273450067e-22
5.609285247795729335e-22
4.501733313115704855e-22
5.427512066619032786e-22
2.880343445733305301e-22
4.846435061051634106e-22
5.130797689414265386e-22
5.433909893817168568e-22
4.141431568331748272e-22
6.796668522670833828e-22
5.121261775976785377e-22
4.992887341874437781e-22
4.906782649841191964e-22
4.709837487747388887e-22
5.038345544301174502e-22
3.355056357335728744e-22
6.898226651322541666e-22
3.088083866849570890e-22
2.296194539144056290e-22
5.416008557610424399e-22
2.579421238859341209e-22
3.293449260098424668e-22
6.770916895957731167e-22
5.489811038615137222e-23
3.868482206900925628e-22
2.319205582780219337e-22
2.014339270270659067e-22
3.576668474201370373e-22
3.478759408403046121e-22
5.522430949189896155e-22
1.286501976631937155e-22
2.637406963468693184e-22
1.957200738662583764e-22
5.459599760231416122e-23
3.004785593620310294e-22
1.330775948945957788e-22
4.155087151320563062e-23
2.255344252259662758e-22
7.518856340827563173e-23
2.476085690448017188e-22
1.074075418931434590e-22
1.710868209428131871e-22
-3.769169746107029847e-23
-2.740938261307482884e-23
1.038629565565409533e-22
8.611538593841131572e-23
2.547519008053875113e-22
2.265934513339761106e-22
2.327470381352911961e-22
-5.414682783366301025e-23
1.463083618634200105e-22
3.595312711649492632e-22
1.949223030612393289e-22
1.376314153199560387e-22
1.243059174417420484e-22
3.020822569659013551e-22
1.691902186315750609e-22
9.074953265972754178e-23
1.689683609434884713e-22
2.152986390202451637e-22
3.193473775403279664e-22
-2.625894023175763839e-22
-4.973565915451527829e-23
3.447820145911214137e-22
1.802798138176919143e-22
-4.288970078631736344e-23
2.055773173227356873e-22
9.963284385405231922e-24
1.855080682015457149e-22
1.837005611188105102e-23
3.903263696907381702e-23
-1.465455965931821793e-22
-6.090581087976127482e-23
2.502846104536384569e-22
1.030465300369853634e-22
-1.301201295490819992e-22
-2.738017683333516618e-22
-5.152569368095748703e-23
-1.091118644131059299e-22
1.758410669269703797e-22
-4.343369646825235931e-22
1.404267588944245099e-23
-1.451649228446691328e-22
-3.685376111969850904e-22
1.338999152528923987e-22
-4.453064789292181409e-22
-1.543090521008939107e-22
-1.560671562876886570e-22
-2.055650253945174384e-22
-2.260649984430192650e-22
-2.523496305723638438e-22
-5.886358501858335280e-22
-4.261551008944811210e-22
-3.184556511723960622e-22
-4.334516160869181411e-22
1.284236344370939734e-23
-1.357970541352075283e-22
-3.358469591381008368e-22
-4.973644283983290734e-22
-1.935733274778474687e-22
-3.699914955742670032e-22
-4.386555935361749298e-22
-4.055169423750727129e-22
-3.823365816917170957e-22
-1.769292917133397443e-22
-3.169413967015950427e-22
-4.041835073611163670e-22
-4.150947861020850593e-22
-1.959752911430342426e-22
-2.057942448954332365e-22
-3.520424604856240519e-22
-5.863620468798325844e-22
-3.523612555739190514e-22
-2.950821195515845162e-22
-2.615291338807565752e-22
-6.142990996558644448e-22
-4.920221097393743473e-22
-4.064170260018021873e-22
-3.423929927036611336e-22
-3.779777498731629009e-22
-2.453570524437365559e-22
-3.597959254632427390e-22
-4.222692086819480848e-22
-1.486593872912520077e-22
-1.688692658588028443e-22
-4.845149970677151312e-22
-1.975117642155549234e-22
-2.737923206388738255e-22
-3.000819648576212391e-22
-4.252852408719001317e-22
-6.371590649731976465e-22
-3.675997399646323968e-22
-4.287575214622720091e-22
-3.448116387561176039e-22
-4.851381847495427887e-22
-5.276651895370663760e-22
-7.619149365068782820e-22
-5.163858565604601524e-22
-5.109260750598850529e-22
-2.888972379697689464e-22
-4.764748749323679288e-22
-3.264588065982923613e-22
-6.313978856278145703e-22
-2.883470601970222972e-22
-3.386334703005393003e-22
-3.248108116990955157e-22
-2.667594918836952351e-22
-6.078786473747098976e-22
-4.395733351225244748e-22
-4.772545116575549241e-22
-4.736720595422668870e-22
-3.522717034426351165e-22
-3.904231280811349370e-22
-5.723184089907895721e-22
-3.222289429373014657e-22
-7.849449764207170333e-22
-2.063068058584103274e-22
-5.581712925949182199e-22
-3.820937686012798907e-22
-5.269829958768114170e-22
-6.317547350448614579e-22
-4.108798720370722530e-22
-2.724863048614883590e-22
-5.320211291470155547e-22
-5.395604520260631148e-22
-5.083388356507540146e-22
-9.140245378868292884e-22
-4.930830922010441138e-22
-6.620964006975029146e-22
-4.623953558093570664e-22
-4.370177684690471906e-22
-3.794692542599847094e-22
-4.399677905848514142e-22
-3.121727682837350744e-22
-5.000081728040136926e-22
-1.471804510896267764e-22
-1.894942222425163287e-22
-2.401658054744786632e-22
-2.586925898224400962e-22
-3.499853568407311686e-22
-3.480744729378867365e-22
-3.707507551122256663e-22
-1.085639459779360956e-22
-3.082092933244375025e-22
-5.424783633529333859e-22
-2.453751438500832807e-22
-1.486806283237603285e-22
-1.519631408585068159e-22
-6.627967581505239092e-22
-1.193459037460529435e-22
-2.041951105524568635e-22
-2.006733857996405739e-22
-4.100704192157729449e-22
-2.057656618812399098e-22
-1.285892588486567110e-22
-1.214467626124168569e-22
-2.057028971122847136e-22
-1.803633524994533607e-22
-3.201239687424423871e-22
-1.947269826566628486e-22
-2.343465587003258356e-23
-2.579638671164825761e-22
1.012317967103297521e-22
-6.013024845753815341e-23
1.027030058924820440e-22
-1.380077565020903986e-22
2.937530702482800383e-23
-1.621879749569013387e-22
-1.594104017741984947e-22
-4.581724312714112995e-23
-3.260682747772853561e-23
-3.704271457087247407e-22
-2.451090740779148160e-22
-2.047610338510225596e-23
-4.447830801397816824e-22
1.386434830191198441e-22
-2.082771769342153002e-22
-2.864496258726580668e-23
-1.251439884326642056e-22
4.766114335808465570e-23
-2.384639348450143968e-22
-2.605246608577077401e-23
1.976625988771458992e-22
-3.875192980605019923e-22
1.495457830406504237e-22
-2.060555716149742373e-22
2.131579410043395235e-22
5.698797045838431149e-23
1.077889096749499360e-22
3.272299351853070350e-23
-1.366652317931117812e-22
2.784437640458110009e-22
-1.822092164835156581e-22
2.136892637874302124e-22
-2.084354530970212370e-23
1.972429265252237794e-22
-4.484822778597557422e-23
2.016274460032485189e-22
1.721183160845072955e-22
5.564345261910035104e-24
1.789715252168436567e-22
6.675641472513817538e-23
1.116962886281038247e-22
2.472551758365467527e-23
4.275990031374813207e-22
1.636414279875380047e-22
4.151158772605671545e-22
1.005384388863330654e-22
4.889858969373697120e-22
2.191391083414019470e-22
2.964142309793298592e-22
2.820600403791420558e-22
2.652812589142881328e-22
1.510739625563667823e-22
5.527123585423833152e-22
2.710242509656395147e-22
5.376235386863491021e-22
2.305843915946545543e-22
6.236684019977442033e-22
2.866154718763720002e-22
4.387802868289400481e-22
3.798228852726348319e-22
3.824728882920028772e-22
6.757057246265834187e-22
3.896895961883279666e-22
4.290493033348172084e-22
5.734684425713675379e-22
3.936995329831048284e-22
3.136941442576983751e-22
3.837287765283016815e-22
2.169806370366976746e-22
3.088945140749393544e-22
3.489940755236159735e-22
4.180180974576186873e-22
5.980412406932940707e-22
4.945894852070470894e-22
2.151987300216980278e-22
3.489351731791287761e-22
3.605086059188719241e-22
1.882608342093160496e-22
4.095843656251806938e-22
2.490565433693040492e-22
1.773483424586373130e-22
3.853488566752209547e-22
8.104441971213755061e-23
5.053286435507462748e-22
5.599082877683640703e-22
3.270578838404216544e-22
4.257451928387845648e-22
5.349659322551952408e-22
5.538455748130583626e-22
3.609030719195601205e-22
2.314660422675538664e-22
3.944658470440154778e-22
3.746963263968528916e-22
3.927769171724810372e-22
6.597667804304292482e-22
5.473231895310469036e-22
5.247942867199467044e-22
5.154813044157628067e-22
3.832886129067005422e-22
6.692233840780830028e-22
4.372324087719913447e-22
7.204296403104828830e-22
3.691793068373350631e-22
5.180859837414643173e-22
6.024528262381589879e-22
1.941688635462170295e-22
4.741168204020626326e-22
2.875534844634874081e-22
4.885255243458876569e-22
5.570442494505710262e-22
4.136564139714152385e-22
5.212050025035487200e-22
6.519862183347579460e-22
5.590851439034889355e-22
5.976269194980143492e-22
3.210709788521152403e-22
3.190374546621579583e-22
4.795983694737109432e-22
3.160857856326195001e-22
4.898882924812281946e-22
3.516923317217883821e-22
4.769579161773495531e-22
3.796787039374084456e-22
6.836459011469772202e-22
3.782974951509691280e-22
5.636858226754803644e-22
3.422976043331462501e-22
5.444168963722884775e-22
3.639962916492417902e-22
4.869035535229403382e-22
3.020931258503725017e-22
4.128415500898858133e-22
5.257433314727466781e-23
3.923668542122856645e-22
1.970267167222159912e-22
2.066749638164130914e-22
4.000058103863818544e-22
3.848161636983958008e-22
3.370997235793890376e-22
2.027815580872318476e-22
8.401524701352943898e-23
3.692324054796074500e-22
3.668711740868794143e-22
1.916244860607626322e-22
3.658711206404741535e-22
1.137994380565279142e-22
4.865478779867667455e-22
1.551498083120654860e-22
2.696571096378473746e-22
8.119655403467576186e-23
1.014844376205270594e-22
1.111494112118711436e-22
2.338976772755712898e-23
1.536698119932263298e-22
6.686402467410133106e-23
3.003701056199239442e-26
2.126415988397997582e-22
-5.575726448571423921e-23
2.538182533239273874e-22
2.921642865329514926e-22
-2.009471948663920572e-22
2.318507813646436961e-22
-9.801654906016539780e-23
2.780689330031958932e-22
1.122145376978295610e-23
-6.813893481139176654e-24
2.975699480702905106e-22
1.796514462543372851e-22
6.599197349850662942e-24
3.912141705418771389e-22
2.232825092512179988e-24
3.849167926311148560e-22
-7.910379597161851074e-23
1.941534750790220995e-23
1.018942691674920713e-22
6.497313409885267377e-23
-3.993919106808301887e-23
1.858534651391312690e-22
1.742545530485702326e-22
-4.751881313049404167e-23
4.082992033431950424e-23
1.603295075642444712e-22
-7.187174730477818375e-23
1.505782878941416051e-23
-1.382767439913182332e-22
-1.206791326127998800e-22
-3.741341187074132298e-22
-1.041329372652471823e-22
-2.827778388729833728e-22
-2.122822299893502718e-22
-1.325530024728865603e-22
-1.835121715240667591e-22
-3.478727877972741065e-22
-2.013981209822670268e-22
-1.911713807639125982e-22
-4.848547203113714769e-22
-1.796770606388657938e-22
-1.533347130999424781e-22
-6.019609907584313732e-22
-2.918464620364142398e-22
-2.100768018979619557e-22
-2.012510057326922901e-22
-2.434405225598114808e-22
-3.565361027636514710e-22
-2.171928440678103076e-22
-3.094807474914260468e-22
-3.882820777574998404e-23
-2.769987369581664917e-22
-3.345707111172338427e-22
-6.141653228729946095e-22
-4.361649247872649397e-22
-1.556047528538952677e-22
-3.706181995121185116e-22
-2.574877721944131266e-22
-2.728743198180390435e-22
-2.605186368871159866e-22
-3.633175810589504163e-22
-5.194099707482880839e-22
-2.313072242799201187e-22
-4.371149760215953524e-22
-3.056961312118195470e-22
-3.657203235853268727e-22
-3.639514641034400527e-22
-3.676615185143438378e-22
-6.065332362599329210e-22
-2.665573388992512821e-22
-3.257297785560747342e-22
-4.924253929346889379e-22
-3.182722611579129811e-22
-5.784859355569390727e-22
-2.639538023357021764e-22
-2.101846404386852776e-22
-3.783966326172433942e-22
-5.394475726573763312e-22
-3.315296601041967841e-22
-5.296672446546597879e-22
-4.434372702629594202e-22
-3.650213573031920910e-22
-6.049333931037150084e-22
-3.647872949936429355e-22
-5.640250410392816340e-22
-2.177598836384713375e-22
-6.745205042243267677e-22
-2.764259906513291873e-22
-5.132760733181951888e-22
-3.742406261970490847e-22
-3.661941492092084810e-22
-6.549503182213757274e-22
-4.697439712447774061e-22
-5.335920198854211831e-22
-5.644762725024601508e-22
-6.853611505502269227e-22
-1.502126381225613903e-22
-4.626605115808962824e-22
-2.998835559006196954e-22
-6.464454615022706818e-22
-5.455546196888246357e-22
-5.013220724526760722e-22
-6.413100922578731718e-22
-4.418455169711545162e-22
-6.270084299275636163e-22
-3.784431526427832834e-22
-6.612817877850081906e-22
-4.607418471928562269e-22
-2.577653720365471843e-22
-5.615185497760993985e-22
-3.427732460155458702e-22
-4.702549935478043338e-22
-3.815040406039702188e-22
-5.784611023412566998e-22
-4.574248650533780984e-22
-5.198140774345373343e-22
-4.480065149280913620e-22
-3.212011582647911260e-22
-3.078868939791314280e-22
-2.332935629685246769e-22
-3.430871877338172396e-22
-7.164351561976537923e-22
-3.183683728581965246e-22
-4.793326192800981586e-22
-3.964259631490543551e-22
-4.373223061450557662e-22
-3.836022894981100752e-22
-3.709105916097630333e-22
-4.859585448555769957e-22
-2.642903762652810371e-22
-3.175934028414622801e-22
-4.891904936570818437e-22
-1.838457909247917825e-22
-1.316069021178905456e-22
-1.130661046188847157e-22
-5.856096788295892894e-22
8.005425278796600187e-23
-3.373122450810800443e-22
-1.953855473624062853e-22
-3.491612004134741340e-22
-1.866236576019962654e-23
-2.580008598096527770e-22
-1.287515659527902151e-22
-4.465739420612768161e-22
-5.183460157281533441e-22
-2.894870417915794806e-22
-3.402698797208583997e-22
-3.983187883829096306e-22
-2.571934873333112800e-22
-1.691681012091871396e-22
-2.150705845551816409e-23
-2.427613621603669117e-22
3.268519715306303223e-23
-2.308618447579829964e-22
-8.475923310234471011e-23
-1.641536078814304371e-22
2.472937273216112960e-23
-1.889140168589290918e-22
-2.178150954306471135e-22
-1.985001867666718616e-22
-1.062490783131391800e-22
-1.583957503677929083e-23
-1.538220238404439850e-22
-1.599390965155228708e-22
-1.037553314359993620e-22
-2.071138269881359365e-22
-2.203523693931484287e-22
2.042711208105636243e-23
-9.958808541342794601e-23
-1.955873939609571362e-22
-1.322976624901434534e-22
-1.781854057379832789e-23
7.869078928696359607e-24
-1.282207106479325930e-23
1.749920542594569782e-22
5.175812378399850732e-23
1.381632089633092378e-22
-7.372076825434858108e-23
6.910104198510270312e-23
6.004195979026708016e-23
1.788585673505402446e-22
2.491730558500766179e-22
2.217122432517277471e-22
-7.104634100149155506e-23
-1.456444039047411186e-22
2.792346738208783718e-22
2.978490123196932875e-22
1.586293247073368046e-22
1.068486187855975269e-22
4.850754944203601767e-22
2.807198864193072031e-22
3.098713735085494422e-22
1.537361879784095285e-23
4.469990927723535998e-22
1.508038688322830950e-22
1.890756961787453626e-22
3.415827602812835315e-22
7.827777859975967974e-23
2.365405761157029139e-22
3.883834988854130904e-22
9.010057257113357775e-23
9.767210462971157912e-23
2.259863900442287897e-22
5.259192849888602860e-22
1.907897527790863962e-22
2.528802611076730814e-22
3.570244569123851843e-22
3.316064854808765282e-22
5.012622368621739447e-22
5.314754364734143061e-22
2.624623128337360417e-22
5.649088311551139063e-22
3.857798696964887083e-22
3.631600652669119137e-22
2.316811346111301809e-22
3.166800960095876581e-22
1.234601610985287346e-22
3.398518496573144427e-22
2.453214168190703815e-22
4.029552960723839589e-22
3.041478372917744614e-22
3.931787869429544171e-22
3.492245008920024164e-22
4.926813820363528478e-22
5.725704171012543384e-22
5.380291804286014200e-22
2.658524585363891508e-22
3.635932495047957891e-22
3.135472741697987109e-22
4.219456370658146456e-22
4.307019382442113230e-22
3.958722876332641924e-22
4.286467893022941909e-22
4.908286753724973509e-22
5.637342523136305802e-22
3.945533192417241874e-22
4.068995167995723417e-22
1.116118638024070329e-23
7.255372790647244443e-22
3.253960915764737789e-22
6.346546354519594683e-22
5.280771533882733076e-22
7.359346115612776174e-22
3.683206049533502421e-22
4.827395921978188600e-22
6.228103077175261447e-22
4.174553684962043739e-22
3.439052060245522684e-22
5.172224644797058520e-22
4.907971928956223706e-22
6.945509491417918380e-22
4.216232689595319980e-22
3.982588415760552528e-22
5.100033055859903930e-22
6.622517887778404104e-22
5.845608279426510668e-22
4.320553008656913567e-22
5.664528395327159808e-22
7.458520513893103877e-22
3.020994549584426016e-22
4.662483063904832057e-22
2.464799143043259974e-22
4.026515317100755702e-22
5.936470461269064572e-22
5.142710492603953097e-22
2.933202656734044374e-22
5.099063528347705767e-22
3.577782390878426719e-22
4.582269688368138107e-22
2.906394774118826664e-22
4.121872713515849706e-22
5.156660816396286345e-22
4.015960935035602483e-22
3.813233305276727678e-22
5.684893846542615952e-22
9.833215065843329732e-23
5.321790674961727147e-22
1.500049838114226369e-22
4.363369971775098221e-22
4.304338504796608565e-22
5.129025067145687871e-22
4.363848174667105398e-22
4.378304986098381994e-22
2.305981953683521887e-22
3.674249702551281910e-22
4.126596151383201800e-22
2.811257140636156175e-22
3.847972445932307195e-22
5.060631755854611539e-23
4.685159471285514088e-22
1.784296122524378917e-22
3.643274466496407783e-22
3.311300227714166817e-22
2.399289955232889133e-22
2.993797221790644851e-22
2.833651391601539768e-22
1.591912778907556236e-22
3.291039632754302812e-22
1.627954276988928805e-22
1.657189319617468671e-22
2.516988017771879611e-22
9.040156671447182795e-23
1.942492213443677201e-22
1.971119572790199564e-22
-3.551891315828705238e-23
2.077617205742579805e-22
2.153226473325529540e-22
1.744090168375482496e-22
4.809992734042444863e-23
4.559996289109554928e-22
-1.068339730497710393e-23
3.455760163478281049e-22
2.581403354573038678e-22
1.182239668328805544e-22
7.365953086889500710e-23
1.865266144875597411e-23
1.105607752292661840e-22
-1.255191038044824380e-22
2.515562852125426600e-22
-2.201675746905863117e-22
2.003631992646331110e-22
4.629039689285563217e-23
1.017718110771141890e-23
1.916153156344835737e-22
-3.538779062118494404e-25
1.132186620013699663e-22
-2.002283885252027416e-22
2.714734290392702788e-23
-1.262012908041068962e-23
7.817302825846518145e-24
2.486685011782752581e-23
-6.768654380848040285e-23
7.925108020192270548e-23
-3.254365886240528612e-22
8.568305308228991434e-23
-1.357554727605497944e-22
-1.210308797600794146e-22
8.753257809400028101e-23
-1.820682278771232417e-22
-1.257945512169344893e-22
-1.593024760820076773e-22
-1.228309613097069956e-22
-4.206558903665103665e-22
1.468235820138870081e-24
-1.635237958629693279e-22
-3.040112966768143359e-22
-1.817347737549999776e-22
-2.744037014180906596e-22
-3.806254116683247766e-22
-2.175843514675474006e-22
-4.837630121859870308e-22
-3.450152932114663914e-22
-2.486108675014473882e-22
-4.492677179588304089e-22
-3.343637778617553405e-22
-3.248462125452474024e-22
-2.884889922901293061e-22
-2.046307363952406868e-22
-3.125724445220438758e-22
-2.884516156903796897e-22
-4.623251392917883397e-22
-4.292109216040637068e-22
-3.826461047656801241e-22
-4.583245136370915166e-22
-4.253325617602808960e-22
-1.128647914810157408e-22
-8.284296457576799467e-23
-3.062007776462965534e-22
-1.811286718902235657e-22
-3.743589552573171158e-22
-3.262483409755636945e-22
-3.438579697479333081e-22
-5.764450137315072941e-22
-2.948891057962668568e-22
-5.761097113054605001e-22
-2.521300382064383966e-22
-4.832682067590938292e-22
-4.961092842291192664e-22
-5.560623231289733378e-22
-4.643835966525410254e-22
-5.891972351507744823e-22
-4.205415916658189004e-22
-6.148246188253498397e-22
-4.684094503056102783e-22
-2.565243939695313003e-22
-4.445256760464017431e-22
-3.837276492321832755e-22
-4.661364865394423534e-22
-4.389320930345174592e-22
-4.695585299408134506e-22
-3.027966502236972168e-22
-4.588009036677580194e-22
-5.727629482558271694e-22
-3.888450541168196807e-22
-3.131398896865688043e-22
-5.187643230599785280e-22
-6.308495252390204656e-22
-3.109125531529896998e-22
-4.083598450303690194e-22
-2.769631770301534735e-22
-3.771629537367833657e-22
-5.148195916780557129e-22
-4.607316096542426278e-22
-4.348773847347427504e-22
-4.431970953518202233e-22
-6.118522320970607613e-22
-4.696371182619178859e-22
-5.840673618007947590e-22
-3.681539515454822291e-22
-4.753713484549260739e-22
-4.626409542617406817e-22
-7.425632715595833892e-22
-4.558656922455532410e-22
-3.523369635352911181e-22
-5.646793292389703855e-22
-5.007092796339737140e-22
-2.805477827689112636e-22
-6.744647195727303997e-22
-6.406394512609598821e-22
-6.306348738354473775e-22
-4.385988142864439173e-22
-5.002902951781796894e-22
-2.154328963287510452e-22
-4.565212667982914108e-22
-5.104361081443955720e-22
-4.140798241704140819e-22
-5.117100372156646418e-22
-3.695012154226469391e-22
-2.191838425095354864e-22
-4.736915950555161894e-22
-4.135049348648429953e-22
-3.321017688060363002e-22
-3.395259294935830562e-22
-5.980724094456396080e-22
-2.230345236008025186e-22
-3.397060356397699125e-22
-2.566923358052819777e-22
-6.082267859721206191e-22
-2.004672279565140766e-22
-5.174254998317610946e-22
-4.180525916592997728e-22
-2.953389137549635898e-22
-1.750750194515785652e-22
-4.009309128393299733e-22
-2.723064570803415591e-22
-4.533241668177363101e-22
-2.915358143780255691e-22
-3.300367949595620396e-22
-1.792034588020563193e-22
-6.844763364564758387e-23
-8.195778176592600274e-23
-2.315137550379267733e-22
-3.841753074175564146e-22
-5.461887278633894070e-23
-1.971846215301748831e-22
-8.801092202571398808e-23
-2.102703010836123551e-22
1.591954493051468072e-22
-1.271152260595350011e-22
1.202323814849333431e-22
-8.957346196551209348e-23
-7.469330867750965113e-23
-4.292836997141181074e-22
3.623235380577704270e-22
-1.020245890781108407e-22
-1.630177891499648728e-22
-1.177986283951580382e-22
9.169801522245831204e-24
-3.126485669346030266e-22
-1.905295841655393495e-22
-2.236229018901212070e-22
-1.639393356103674446e-22
6.100906263679579446e-23
1.304370969041933263e-23
4.382342720520369335e-23
-2.093185487438512090e-22
6.634411809022235912e-23
-3.549389964381610830e-24
-1.321095898088288635e-22
2.020066615435737728e-22
-1.896241979217863747e-22
-9.100273874884435712e-23
-1.757414753880172906e-22
-7.736255913498869836e-23
-8.975896987782199739e-23
6.778020711487576822e-23
1.210345712759354209e-22
4.005852720718465178e-23
3.655408550033419441e-22
6.313993520836811475e-23
3.091509394642938648e-23
-7.105594117528096273e-23
3.313447982058034905e-22
2.981858944749427906e-22
2.969699120487866171e-22
1.622039026599353406e-22
-2.394175073713630187e-23
2.512790396318541036e-22
9.143191682451108562e-23
2.342726896471427178e-23
3.063085315940673681e-22
-2.738702967332815293e-23
6.112370826354530411e-22
5.585843259474984171e-22
-4.758433194377447832e-23
6.117710011616910240e-22
3.733288075142394820e-22
3.894780810526237333e-22
2.673198459225373784e-22
2.022618341948833199e-22
6.002051624527321522e-22
4.927076995819835113e-22
3.913847616333214252e-22
3.079069595592936184e-22
4.122842203905644278e-22
3.766280221465683355e-22
4.261682971323364763e-22
3.589519527205597842e-22
5.500190878835440398e-22
1.827098884864579672e-22
4.075235007548636987e-22
5.755915528060321991e-22
2.168926674266459289e-22
3.995054377788839871e-22
5.034169805257338650e-22
4.793790834488187245e-22
2.386509888476419170e-22
4.272503721529335163e-22
5.122525430935059211e-22
4.718262201371155560e-22
3.268430905810374034e-22
5.436809019128792163e-22
4.067514997422410623e-22
5.420568561962512267e-22
1.821486956909930621e-22
4.766590393749367685e-22
4.357577681006662526e-22
4.716518966724636768e-22
3.046191594367846477e-22
4.858743762412613721e-22
3.292694193972685579e-22
2.734935405714949066e-22
4.073609818484722870e-22
3.832630170080020486e-22
4.472493739673943161e-22
5.203201612838754923e-22
3.146312870930570934e-22
7.371298329977411766e-22
3.099765788171644422e-22
4.342441724398246339e-22
3.425302630404387921e-22
6.629951811506502003e-22
4.207108534562116247e-22
5.161072065069672351e-22
3.517666291355294652e-22
5.984455283043312526e-22
4.048202408528045012e-22
4.843475033348194202e-22
6.081014254244512913e-22
5.360086940288670290e-22
4.164920296665782739e-22
6.033315988911483364e-22
6.078217223097871049e-22
3.617140669156022120e-22
1.147766762407857013e-22
5.896572702297374869e-22
3.356283191630489470e-22
6.887929591131397464e-22
3.773616129060867528e-22
7.065654622768772474e-22
2.851835064978998874e-22
5.578749923252862940e-22
4.637453767950774071e-22
4.258651759962084523e-22
5.008044150397956488e-22
7.726294306455166452e-22
4.254394540719157774e-22
4.272666023736678724e-22
3.555737107287853676e-22
3.725590978373721455e-22
4.928099048658768155e-22
4.456798052155135332e-22
5.194229245066652029e-22
5.046071343467136732e-22
4.355976642503133777e-22
1.442109661042273065e-22
4.665812495999835763e-22
5.056120257743371335e-22
1.997582760017797227e-22
2.692791483109898293e-22
2.392610205758662773e-22
3.265076185628733505e-22
3.236886589252136792e-22
2.915437561787081178e-22
4.409001973677519384e-22
2.414313893286517565e-22
3.357265864349881514e-22
2.596868687749505718e-22
2.519384274815106338e-22
5.240601187262568860e-23
2.636594574189102012e-22
2.282344932765749385e-22
2.788022815630402170e-22
1.107089374675632567e-22
4.145695875408014092e-22
5.728701640907015185e-23
4.384443873053409404e-23
3.314800012204992045e-23
1.425216729075120324e-22
1.488245950140354735e-22
2.597212559287414430e-22
-6.517321895811161685e-23
-2.199554724134015725e-22
-8.037006958452898382e-23
3.615770565930498470e-22
1.878870929441505920e-23
2.151898087646896524e-22
2.786268357966682939e-22
2.919421857504448527e-22
1.769376485257382095e-22
1.692417656776852561e-22
-6.708085681575364031e-23
-1.192569847673038916e-22
2.713272087396364738e-22
-9.784266749483916582e-24
1.954867384834942620e-22
5.772694094946282259e-23
3.830212876742678457e-22
-1.512841172292150265e-22
-1.528741829993844019e-22
3.972445616670138110e-23
3.946967311991399485e-23
5.486178320399675860e-23
-7.862925588421024997e-23
-2.869832095700255591e-22
-1.716828096090835842e-23
-8.953691693461846123e-23
3.247694901871576993e-23
2.778615562763300091e-23
-5.567404612285148361e-23
-1.503321874161059827e-22
-6.008907541164578367e-23
-2.369189985474894150e-22
-2.215471616026202234e-22
-1.864269636925980893e-22
-1.754448761686966797e-22
-2.020604549228012924e-22
-1.952641167593333483e-22
-2.224398288176442203e-22
-1.240367198855603754e-22
-3.797782610330109431e-22
-1.712868441761186206e-22
-4.546767665765358326e-22
-2.821145267716177370e-22
-3.077779977880329057e-23
-4.575949903394885079e-22
-1.286288599462570310e-22
-5.257758818191896528e-22
-8.649912222863283866e-23
-2.452235548243954675e-22
-3.715668477831869493e-22
-2.526951658438070407e-22
-3.871100325991376038e-22
-4.122677472294650447e-22
-4.474653677838285976e-22
-5.838368163419784246e-22
-2.113849934769005247e-22
-5.663482723217460534e-22
-3.705756932802801496e-22
-5.130591182073798441e-22
-2.988674095103405126e-22
-3.308283120330183982e-22
-2.894499240948369321e-22
-3.696620769535638378e-22
-2.922360236124603808e-22
-2.307173386162619331e-22
-2.921635988804452834e-22
-5.866213642303398296e-22
-5.116999097728861546e-22
-2.558486093159608713e-22
-6.221787331562477072e-22
-3.461321130690396799e-22
-8.474380925149277268e-22
-3.011434047751318137e-22
-4.318967488212881880e-22
-3.172927805432960996e-22
-4.133720119291783415e-22
-4.201857063276420890e-22
-5.009863963926389471e-22
-3.940803190956473027e-22
-5.416676580490415283e-22
-4.138146730629599737e-22
-3.936305895129300521e-22
-4.786514819828962858e-22
-3.409810102065637112e-22
-5.100898229617112460e-22
-4.178818015149066402e-22
-3.820352711269414426e-22
-5.455618833228860923e-22
-5.394038685088479435e-23
-5.462345152336612378e-22
-7.618500756751743578e-22
-3.151871029381541614e-22
-5.242610216600360780e-22
-6.319602083593097409e-22
-5.842024741915470491e-22
-6.741539847095881107e-22
-3.410955390613741247e-22
-3.893096062363006886e-22
-3.731796220581334158e-22
-7.224643940424048393e-22
-4.891015987407731295e-22
-5.934571069159282730e-22
-4.975939530273907096e-22
-4.785693766639721013e-22
-6.340667870473415581e-22
-7.099944153174697571e-22
-1.205110281325567335e-22
-3.432607737766628272e-22
-5.459046394302882805e-22
-3.934978428182202461e-22
-6.461071191478344854e-22
-6.301801862582487732e-22
-4.748530704397095644e-22
-2.956273050565566243e-22
-2.982696171322400324e-22
-5.880659885157248146e-22
-2.125882805499079537e-22
-2.533042353287674588e-22
-4.509727781289973006e-22
-4.221414074363535984e-22
-2.163536334158887366e-22
-4.389262442807322523e-22
-3.640746608656037652e-22
-3.838190395882415706e-22
-3.316857835562131602e-22
-4.159486429354210847e-22
-3.756005328562694148e-22
7.520504557456412209e-23
-5.205840579044046426e-22
-4.925661226511542001e-22
-2.849322531910573131e-22
-3.442286223552935724e-22
-5.748815665212025634e-22
-3.839367672845770899e-22
-4.126696208259538006e-22
-2.936021945200036317e-22
-2.033008726475271972e-22
-6.474276346874464512e-23
-5.544908529814786049e-22
-1.284423273112222584e-22
-4.319278893775152875e-22
-7.482581508204540000e-23
-6.803125538671123556e-23
-4.060598855556030104e-22
-2.513825114128848164e-22
-1.954886074315856093e-22
-2.233377732910963192e-22
-9.516006276010220882e-23
-6.924304113988123642e-23
-3.643376103078057268e-22
-1.598724403488811067e-22
-1.489532752476047365e-22
-2.284501919114407688e-22
-2.033620190618602159e-22
5.103844264225368368e-23
-6.833237268663747828e-23
-2.319356980528640812e-22
-6.204817820688278070e-23
-7.938301201402712385e-23
7.071621031101760335e-23
1.723137744014882081e-22
1.589694328053006861e-23
2.068183214724898110e-22
-2.207216070652084461e-22
-1.356144232585142582e-22
-1.196225269190241550e-22
-1.428253105014708109e-22
-1.531475159055396071e-22
7.005637681859261545e-23
-1.637683549852134706e-22
-4.147425414640229730e-23
1.558035938850329189e-22
1.529227185417240297e-22
-4.260028721308513810e-23
2.229540695966891382e-22
1.036405144910750263e-22
1.281234687000001452e-22
-1.664293384265754541e-22
3.569112530422522660e-22
8.798942120235436954e-23
1.657286490602101685e-22
1.535449439972440159e-22
1.749962299245326421e-22
4.341757160173796700e-22
1.127430312145411792e-22
1.547141242142494453e-22
-8.894004746789990682e-24
3.500810934543074610e-22
3.146615010060674397e-22
1.041328147648822848e-22
4.757357249447356683e-23
2.396481357900292431e-22
8.740722009951300570e-23
2.245385980377013146e-22
2.324098453145736566e-22
1.617068889209781096e-22
5.950921153451606531e-22
3.131016317376841807e-22
2.028368521024373655e-22
2.451035637737307980e-22
1.479684274082417536e-22
4.052395863869119506e-22
3.817656337294560361e-22
1.969162769940227888e-22
4.890800606015048587e-22
3.157642892790204022e-22
4.153318313044854680e-22
3.566291716616981046e-22
4.534392827002111174e-22
6.274731122955520654e-22
4.213930087858591943e-22
4.975264313430914513e-22
4.617998342871590889e-22
6.111405390334556303e-22
4.211565252225964033e-22
3.939708669089970157e-22
5.548521168629041449e-22
5.083360751080603338e-22
2.501403940822256356e-22
3.762702663157510992e-22
4.204821629552157837e-22
3.621128461320012330e-22
4.267096662024014247e-22
3.776491447380755808e-22
3.110895786611002741e-22
5.168590821628155690e-22
1.941598842482321477e-22
5.869300453893334274e-22
2.847999972007564335e-22
4.245090556152085136e-22
4.620381197822783562e-22
3.675723408671132526e-22
3.430973611375286941e-22
4.017067404435507060e-22
5.226090953425653292e-22
5.664183467994025351e-22
5.387971800896320582e-22
5.493879931734973117e-22
2.829711989002425911e-22
4.373605920079102789e-22
4.850676354433014996e-22
2.905478221132211334e-22
6.401757095096779647e-22
5.050366043747215675e-22
4.623677307049892927e-22
5.170433704195257914e-22
3.462468689571373808e-22
8.178022107612417642e-22
6.451838372724573223e-22
4.698248358418346650e-22
4.694317260149435177e-22
7.036793441376593286e-22
4.592329665042595873e-22
4.068489152747633626e-22
6.374632372657528829e-22
4.095112351569205920e-22
5.683420952733108952e-22
4.922265259443797200e-22
6.522081503170071064e-22
2.634278407728298007e-22
5.153014174180440265e-22
5.308330503871223295e-22
4.437355162479856023e-22
2.513558274815886241e-22
4.420978598367395749e-22
4.515622627981359679e-22
4.632473304751201221e-22
2.672724939381818219e-22
4.914373634551926608e-22
9.260648473461795032e-23
3.941529510597595730e-22
4.995113625033224476e-22
4.305903007356886606e-22
1.570174101393028270e-22
3.219901751197725211e-22
3.353569345609741645e-22
4.994849999321234167e-22
4.139676183989549479e-22
2.410755111204958332e-22
3.059350508806634674e-22
8.048363945924584509e-23
4.853131260167483713e-22
3.702047551935668203e-22
1.962890158347668694e-22
3.768289785609415549e-22
4.159591668416900687e-22
3.237002105488476634e-22
4.110026430792018691e-22
3.578286325817734350e-22
2.641067278073055478e-22
1.379232054763617785e-22
4.782349569416223748e-22
2.321678788970598093e-22
1.488763699910193071e-22
2.180204661529975341e-22
2.288691749335778561e-22
2.555170087236432540e-22
2.631303505864680018e-23
2.415192713965002503e-22
-1.082518194911386260e-22
-3.813887072763623312e-23
1.005357323030815213e-22
1.750306177036941487e-22
-8.320768487492158363e-23
2.194502697348901288e-22
1.590233773244770939e-23
4.831856618499473435e-23
2.511426331835377484e-22
4.850426671389695915e-22
-9.850519491363198395e-23
1.503064551611887997e-22
2.556321967348453123e-23
3.025919954729936979e-22
-4.944310144763751326e-23
1.141151681692808036e-22
-1.094018572156739433e-23
-1.061980980817296796e-23
1.228373231416001626e-22
-1.340948521337134846e-23
-2.746237795795911869e-22
-7.750765062801033693e-23
-5.067723484036953362e-23
-2.180154267204625464e-22
-1.161130757090189107e-22
-1.125287170006843795e-22
1.500938261830665840e-22
-2.587184084596135271e-22
-6.457566248612739637e-23
-9.495212456325819805e-23
-5.226305372955005139e-23
-2.208567341939954260e-22
-4.397712914958303262e-23
1.641313657234003605e-22
-1.357191679562833826e-22
-2.099772279807975424e-22
-3.287597189471730944e-22
-2.412183251694831764e-23
-3.759195145285762704e-22
6.749769737463219088e-23
-3.291880630842732150e-22
-2.818886961474259448e-22
-2.525441502515870785e-22
-1.655383145114024245e-22
-4.864444203479345943e-22
-1.954333279025113493e-22
-4.643448027637357230e-22
-3.619763683356963362e-22
-3.504516681119558786e-22
-3.435127850614750914e-22
-2.861226061327258044e-22
-5.387448942709689778e-22
-1.802049474241350391e-22
-3.417461240648019757e-22
-4.809345305866811458e-22
-3.966837517362458776e-22
-2.320697358427183560e-22
-4.318348688392402779e-22
-2.413581066727849544e-22
-3.847785098814944949e-22
-5.240052002224486709e-22
-2.739751446632538086e-22
-4.264398814286369422e-22
-4.909649164716953573e-22
-1.158912632950496355e-22
-5.159221658811182748e-22
-3.469893489964780664e-22
-6.143784069214404309e-22
-2.169472731157571405e-22
-4.450212581955400365e-22
-3.797600609795661317e-22
-7.105521398687981266e-22
-2.204261053049588390e-22
-3.636959768495226283e-22
-3.430056354657580261e-22
-4.674144264070704044e-22
-5.884051677857456795e-22
-3.717667232227279305e-22
-5.660883369568842506e-22
-5.241796323059676353e-22
-2.058031593737653588e-22
-5.340258043736432474e-22
-5.431041292764857456e-22
-4.453752864839722197e-22
-4.421962434766527954e-22
-1.710933616245140321e-22
-5.322698000097850860e-22
-3.615752031744023314e-22
-6.262898600137875691e-22
-4.727092383528855338e-22
-6.209735414117177172e-22
-6.007989119956592906e-22
-7.303931705150308371e-22
-6.287915234402288732e-22
-4.241012006732214972e-22
-5.950525030275358970e-22
-3.677000971614396425e-22
-5.373108802641841262e-22
-2.514222463405017666e-22
-6.206431860315344636e-22
-3.821255014938146980e-22
-5.537712850458993330e-22
-4.384116951437669477e-22
-3.847954450537200335e-22
-6.170257418229174456e-22
-4.930020398489890920e-22
-5.823076297298737667e-22
-3.353251596987101314e-22
-5.274291256813318602e-22
-2.426752741577831803e-22
-4.054645045345745780e-22
-4.934362678980833277e-22
-4.770960598976586629e-22
-4.027979594515406483e-22
-3.054740609334033950e-22
-2.892494812041820681e-22
-4.849661785477692626e-22
-4.341779446046987896e-22
-2.921211409068094858e-22
-4.318975635821363527e-22
-2.760102322804257238e-22
-2.939408228857612158e-22
-5.516271050827857634e-22
-3.067697419134072708e-22
-4.776110786776212408e-22
-3.023122747580016715e-22
-3.978624855508065378e-22
-3.825402241763980028e-22
-4.175121935656987702e-22
-3.742565409453352286e-22
-5.879877801359263302e-22
-3.173788803109539377e-22
-2.532519762765124364e-22
-1.940593980218071370e-22
-4.079047708997885804e-22
-3.189122289539405104e-22
-3.452654952128369689e-22
-2.895747483004044830e-22
-3.513546414201469270e-22
-1.818014088070658176e-22
-1.561555693566017168e-22
-2.435350596623250596e-22
-3.029461964005154336e-22
-1.016828580986477357e-22
-1.222427152534429881e-22
-3.850020863380992542e-23
-1.228433926476421723e-22
-4.097201498655158015e-22
-3.434355372912812414e-22
-3.456869469786629443e-22
-3.133009707549387305e-22
-2.159123982873235802e-22
8.492428166055815698e-23
-1.346806856883487646e-22
-7.238182433113467278e-24
-1.428336409760115226e-22
-1.082181078956323643e-22
-3.140318589458385462e-22
2.547818678024632112e-22
-3.790513894558704809e-22
9.851497836900489634e-23
-1.580742666853776364e-22
-2.661411484750466901e-23
-1.878951632509414404e-22
3.355978591802298660e-22
3.860918598552859945e-23
1.612386064982968805e-22
2.381339797911851199e-23
2.682199452294879593e-23
-1.485847082408209043e-22
2.290414345050062725e-22
6.646511437578837010e-24
3.769818315389172864e-22
-2.382932010487362885e-23
3.013031107342090838e-22
6.295736311229317934e-23
1.341571724731346782e-22
-1.791848126825098364e-23
3.015336751638414801e-22
-7.001524056920829077e-23
3.668473257486234226e-22
-4.906410696324999904e-23
7.049464922265504073e-23
1.918125895166981428e-22
1.837477190128465311e-22
2.391679044103768034e-22
1.540395215102749337e-22
2.789704650879981025e-22
7.500597034312917914e-23
3.281680971483954501e-22
2.234232804723851349e-22
8.708427288728083998e-23
-4.127755965807644476e-23
2.680240119761376593e-22
2.183138456197583582e-22
2.792246893676258370e-23
3.407325973608325661e-22
2.554432632862549968e-22
4.402719131391109371e-22
1.224694455588064207e-22
5.379556927479968648e-22
3.200199416662877636e-22
5.351479288159426302e-22
2.378659791849228373e-22
4.628489404179527305e-22
9.996715087120104743e-23
4.356744138812842353e-22
5.420299202582985863e-22
4.297982450404271393e-22
2.629581765084717113e-22
4.884468138875378507e-22
2.623818548635000667e-22
3.842728201155399146e-22
6.007282338536035904e-22
4.078688892819753693e-22
5.136620565472548963e-22
4.960025345765201008e-22
3.430837186132487610e-22
4.037407081085230865e-22
3.850960010425471431e-22
3.499746121161185721e-22
3.646125132259834596e-22
4.851075943861317028e-22
5.902237275811884158e-22
6.433873097239752223e-22
5.452633975532277699e-22
6.699324805330599904e-22
4.718568604189483389e-22
3.454458862715890141e-22
3.581976787665644834e-22
5.013384695111165655e-22
4.143359947150720754e-22
4.634186940468550403e-22
3.963950697101491459e-22
3.874655377859092087e-22
8.029518437411811189e-22
1.362147385083819948e-22
7.351907871923970286e-22
3.866963589145409944e-22
3.819105392997878672e-22
4.720844457682297762e-22
2.756831788862780061e-22
3.445846239501964139e-22
6.543918797204495392e-22
7.461111708814474292e-22
3.655878754559816588e-22
6.438269096781152952e-22
6.536469888428593871e-22
5.360401840531007256e-22
3.868525069418596163e-22
4.680751375130442877e-22
3.135906070810859125e-22
6.334477812805088278e-22
4.377626500219074700e-22
6.048540522450578191e-22
4.194427589655353638e-22
5.715363673630954359e-22
3.970259955686455574e-22
3.400009014475351692e-22
2.092062762051475963e-22
6.290132211030424382e-22
3.601131485122538449e-22
2.886897339192430795e-22
3.464425713957675686e-22
4.417803173829049294e-22
1.813129121920119165e-22
3.279777473164355432e-22
2.203609168912313599e-22
5.106464493459052873e-22
3.473561266282941928e-22
4.343757844518725149e-22
3.042166354375845124e-22
3.601200713770245938e-22
3.246827830078360767e-22
4.310868450425440127e-22
2.944488663483886833e-22
4.245656134615874991e-22
5.996504525234745125e-22
4.202348696464080212e-22
2.886341869393277563e-22
4.815559474899600223e-22
1.057090747700664310e-22
5.094730789634512577e-22
2.721532306504021132e-22
4.260602178050429733e-22
1.532088414056686940e-22
3.282267417792909338e-22
2.214250824979505307e-22
1.920073503695069928e-22
2.513685413523986658e-22
3.280766097057748069e-22
1.677397725644131662e-22
4.879241164710996334e-22
1.572003364091109785e-22
2.861540578180304109e-22
1.467580827244169238e-22
1.640038851877600556e-22
1.750472207960148997e-22
-3.523008023227693216e-23
4.691389615259875019e-22
-9.845810834814124039e-23
4.503462353418660255e-23
5.053112619128722729e-23
2.117166205093581041e-22
9.655998880320251529e-23
1.071467582177939750e-22
1.208086773563450840e-22
2.554644622368409143e-22
-1.119762947145756804e-22
1.394934491545318022e-22
-1.089963659569973903e-22
-4.515626506028031626e-23
-8.358397053765697222e-24
2.903749391525449477e-23
1.810870814720671756e-23
8.518836238677989102e-23
-2.117368072663985828e-22
-2.053804267623744257e-22
-1.685984690537295869e-23
-1.686404792552212599e-22
-9.615930939297775236e-23
-8.808797639836499305e-23
-7.359114149319131991e-23
3.672014086577205089e-23
-1.933975284009635732e-22
-1.500865075455638579e-23
-1.332308097620138411e-22
-3.081641027219400042e-22
-8.151911272286398052e-23
-8.351797556165157237e-23
5.148947628963130232e-24
-8.192584686912306372e-23
-3.973128871102684182e-23
-2.193738870653062449e-22
-2.336824202021566730e-22
-3.797513166182689290e-22
-2.433964459993362189e-22
-3.389872822124932480e-22
-3.623784123148191046e-22
-2.842307654727560099e-22
-7.885263446907917636e-23
-2.253231435322930910e-22
-4.879994703254349114e-22
-3.324550914890505460e-22
-2.173025318471856523e-22
-1.969779738672966186e-22
-4.205674066030654165e-22
-1.154790758064071218e-22
-2.696004959478643966e-22
-2.692466411165400091e-22
-1.860960905477270377e-22
-4.942212114976347052e-22
-4.183680162020649463e-22
-3.482220784185639939e-22
-3.942652406408228838e-22
-3.337475063122040134e-22
-2.163460777560440013e-22
-3.630625297332986562e-22
-3.727156202424280822e-22
-3.136944827488117708e-22
-5.123267993408224998e-22
-3.274490179632087445e-22
-4.874942032746471661e-22
-5.483809740767813644e-22
-4.690136376496714179e-22
-3.006241721455909379e-22
-4.651407930503571048e-22
-5.034079974695912286e-22
-5.925743466026035206e-22
-3.460766447760297591e-22
-5.331674427811562427e-22
-4.483928750834760406e-22
-8.335004125814464178e-22
-2.054678756658525241e-22
-4.533088242472244828e-22
-4.391388506113747595e-22
-4.772118232443655125e-22
-4.159769222162369602e-22
-5.557478695511848973e-22
-3.933207236900616856e-22
-5.108973683638480479e-22
-5.375515773000589410e-22
-5.611270043737389518e-22
-2.216602777464365356e-22
-6.576164764373377040e-22
-4.580974389418185733e-22
-1.155762673808881942e-22
-4.124362759269863128e-22
-2.203654804296382759e-22
-4.018931101571383122e-22
-6.279801659905958419e-22
-6.225931052052255636e-22
-5.703659343504175142e-22
-3.442928202975148559e-22
-2.922880509199281267e-22
-9.164303308004587557e-22
-3.404070154066819856e-22
-5.678578667014249477e-22
-6.354198967927101829e-22
-4.497478041092154283e-22
-5.844411491975407802e-22
-6.110689234832377665e-22
-4.787413601277892943e-22
-5.228350582102458193e-22
-4.716177262191134755e-22
-3.225130771230102188e-22
-3.951899754296151545e-22
-4.119991583397374643e-22
-5.127873978436274824e-22
-3.704676567916013297e-22
-3.355924157292781146e-22
-2.787555357917874392e-22
-5.652157438575555964e-22
-4.448537241040125331e-22
-1.944104755421048982e-22
-6.555748405056444262e-22
-2.437139741271672101e-22
-3.213443941833968892e-22
-3.072859725245087564e-22
-4.002426528068518552e-22
-6.416790063880569169e-22
-3.135062085429504332e-22
-3.114950580511152901e-22
-4.035034996025402124e-22
-2.545826174767669372e-22
-4.617347939653907200e-22
-1.463978663362933533e-22
-6.132461357556885860e-22
-1.931051247959945332e-22
-2.378268700679393528e-22
-3.505557363232400084e-22
-1.084466210303985469e-22
-1.662340340689398759e-22
-2.614724529758090871e-22
-3.723529348768548891e-22
-3.624268149672197057e-22
-1.797019836309557907e-22
-1.696986686614961201e-22
-1.350990065820859388e-22
-1.585364093533799714e-22
-2.518973630659278463e-22
9.096666729296826741e-23
-3.848834536526591083e-22
-7.707087389370615760e-23
-2.547991990322940718e-22
-2.484665299781033251e-22
-1.623707972743301057e-22
-2.632620914567549645e-22
-1.869095950716400177e-22
1.470981055817403147e-22
-1.585971894789899633e-22
1.077614074530514784e-22
-1.295262663200727108e-22
5.695180231660923235e-23
-1.667234333917758919e-22
-9.333021517485277813e-23
-3.803954424685281920e-22
-7.574502129906695332e-24
-2.890151818467411576e-22
1.338816265778209281e-22
-3.934181237217189140e-23
1.164875432102283106e-22
3.684259902185178020e-23
4.688824725626482101e-23
1.511379501075276773e-22
-2.117909121616971089e-22
3.351727304136653048e-22
-3.111612158071872229e-23
-6.179428607074167674e-23
6.145843142169836271e-23
1.337839114500753946e-22
-2.113679513061664903e-23
9.723158034507356692e-23
1.962772289650557042e-22
2.081226100719071034e-22
1.416155204302001010e-22
1.010514516181612520e-22
2.491209988714349367e-22
3.657826743207806482e-22
-8.968190795338911417e-23
-7.900940293457732060e-23
4.166466095442680906e-22
1.508786015078789377e-22
2.331030017171430616e-22
4.377856508251520603e-23
1.262237747649105003e-22
5.202113690837744236e-22
3.924988145904935220e-22
1.815552669327172935e-22
4.045075413394128052e-22
3.134780472729026482e-22
8.391177800228199924e-23
2.131815381685756170e-22
6.707764976788287963e-22
3.715349404591980497e-22
3.532402091592171912e-22
3.289641233497345487e-22
1.615058137834165054e-22
3.560219794970729022e-22
3.663855750335852534e-22
5.741695489615418326e-22
3.633305800068710640e-22
4.343337474590939514e-22
2.157261231114756139e-22
2.365738470422565147e-22
5.707830833643543205e-22
1.699590278925777129e-22
6.069873495690690329e-22
4.408375459394712326e-22
3.388311207472649002e-22
4.534506602682732425e-22
7.680468277074881942e-22
4.634439597485014072e-22
3.377275328192025468e-22
3.768776141570797856e-22
5.325394250142880698e-22
4.266897013500422707e-22
4.812016721372030646e-22
5.424657566552928093e-22
3.358469390144464789e-22
3.314460647149490974e-22
6.046184665412436401e-22
4.001664785991563314e-22
5.375804805401386749e-22
3.295029731985411849e-22
3.861856240023915339e-22
4.055096875246061603e-22
3.522570829617545779e-22
5.215500170264457627e-22
5.650188093695606133e-22
4.090281339816928944e-22
2.996227037208853768e-22
3.974508899073303732e-22
6.010199328836076874e-22
3.899854340395993297e-22
3.989407032872520749e-22
2.892575978057415539e-22
6.009587881894734005e-22
4.523498269083589875e-22
5.985882346663446878e-22
5.174283509900296670e-22
7.070760360755065920e-22
1.777769337967661355e-22
4.218537973057038521e-22
4.941240775675341673e-22
4.472330405103053353e-22
6.958912893803486520e-22
5.591101879243367040e-22
4.337502659099441450e-22
4.739426111022534149e-22
4.189677905914794970e-22
3.044723516465957695e-22
3.324023391687764993e-22
4.424892008101378821e-22
5.255756008063231985e-22
3.244586271547272904e-22
3.347997025105351842e-22
3.677994294027315380e-22
4.190006291808467218e-22
5.156440791291274320e-22
5.935294150730708287e-22
4.456384546618400505e-22
6.602399139430745939e-22
4.722390201980692539e-22
4.855646863276821223e-22
2.740585482019649461e-22
4.997643342848420006e-22
2.893449261811211230e-22
3.002121112519565811e-22
6.024160886461496772e-22
4.212850111160577894e-22
3.383110576523921266e-22
2.487501925967980952e-22
2.096571580698137587e-22
2.491557405321187615e-22
3.615061969749823076e-22
2.165175991950736786e-22
4.685027930638313642e-22
2.869458466197523175e-22
3.243445444983250456e-22
1.081929307037944148e-22
4.184361689218103695e-22
1.619387256846632329e-22
1.120308470873182180e-22
2.361876892441210556e-22
4.155905556832843704e-22
-1.814736928069483806e-23
6.889320868199683980e-23
9.120584661593767030e-23
-8.849368886309325283e-23
2.422541746048357871e-22
7.062411213322381416e-23
1.761307850795934851e-22
-1.337282093082337520e-22
1.204861803735486963e-22
2.059819873016769171e-22
3.545244978724499455e-23
4.708231443524015490e-23
5.515013664092202151e-23
1.572515929808954002e-22
-4.997052773382978938e-25
-2.843655151594412606e-23
3.118823402609880900e-22
1.188493494941895364e-22
1.117712009069436939e-22
6.855394093105630685e-23
-6.129805356643507273e-24
-7.022044461187786509e-23
-1.728186784588846541e-22
-1.908549526544312471e-22
2.034728140370257073e-23
-2.384514001435038040e-23
1.336993182074717187e-23
-2.928473594713091972e-24
-4.788725761548822237e-23
3.511395499865082118e-23
1.251409394413885306e-22
-2.477237628716235576e-23
3.388232571848780143e-23
5.521041164280283726e-23
-5.018018121454988654e-23
-1.868855809938759630e-22
5.259320634636684452e-23
-3.081707647441386646e-22
-3.256092577703818789e-22
-1.069193307800434061e-22
-2.218928393251620847e-22
-3.499837278348649411e-22
6.693531182585368757e-23
-5.336499575036199322e-22
-2.007117324757089455e-22
-2.430980300086313429e-22
-2.835230537797397897e-22
-3.162880345227856782e-22
-3.289963220687689490e-22
-1.650483437086288743e-22
-9.587271752223471620e-23
-3.991895709015128981e-22
-2.620685248408118316e-22
-5.367809371974195233e-22
-1.728001203215852881e-22
-5.069091388344172632e-22
-4.307004006694208386e-22
-4.505797430852740448e-22
-3.169475307416763290e-22
-3.645947810477387434e-22
-3.288561280078517344e-22
-3.803549836153479720e-22
-2.213186045882795594e-22
-3.720253005196283588e-22
-6.618975619692032949e-22
-2.892636204516498920e-22
-2.895397294560078804e-22
-5.465813350980311954e-22
-4.672753223027726763e-22
-4.339429848901715414e-22
-5.163216574629830983e-22
-3.284115936546972627e-22
-6.496909687756297941e-22
-3.288661058522640982e-22
-5.495659973448830165e-22
-3.567131032117971309e-22
-2.792553639459321798e-22
-4.328700654713521624e-22
-3.587441240549436688e-22
-1.136419940720036859e-22
-5.497342747785071227e-22
-3.918379005470736322e-22
-6.966350852336355126e-22
-3.085943994653845916e-22
-6.561041509221344587e-22
-4.408038417848804168e-22
-5.003567444496426846e-22
-6.053328656107639761e-22
-4.307942518759758583e-22
-3.402906947625654467e-22
-5.473993959051039437e-22
-4.366524880671616130e-22
-3.741794721646966915e-22
-6.014930974153002777e-22
-2.368189488626307280e-22
-6.607126971451289600e-22
-3.746644796194375521e-22
-8.946852764581804871e-23
-5.800053068643898282e-22
-5.537931024461389550e-22
-3.825138654479587006e-22
-5.569220442997218265e-22
-5.644882228812517290e-22
-2.241123745983922249e-22
-5.821472505050536930e-22
-3.466641373608783654e-22
-4.814056689102513968e-22
-4.731971817587352808e-22
-6.371837182406927004e-22
-3.944173222365321314e-22
-5.432306187306645349e-22
-5.769616685793513951e-22
-4.836041737198299701e-22
-3.668607748357333383e-22
-4.979614235099601364e-22
-6.602422671485988110e-22
-5.066223492144346738e-22
-4.757816065001908984e-22
-5.389440434909320358e-22
-5.939189327736169162e-22
-3.383595767670258272e-22
-3.298201821276914604e-22
-3.120683217691611068e-22
-2.858233224235590881e-22
-1.754613791974300868e-22
-3.706498994535162575e-22
-5.834136305827236063e-22
-3.708736679876156206e-22
-1.802869280035347161e-22
-3.234799067803721092e-22
-2.846901860080584062e-22
-3.011740650724563120e-22
-2.735563937923689264e-22
-2.445239937246844256e-22
-4.112215690648310117e-22
-3.011012155191067798e-22
-1.811993399157324959e-22
-1.593949503966757869e-22
-3.189343210949523855e-22
-3.613636716566718343e-22
-2.439844207759028525e-22
-2.323143268941256179e-22
-1.949474819867492443e-22
-2.915080347510549941e-22
-8.976962916209204815e-23
-2.977424735934069057e-22
-1.332200802636531567e-22
-6.967881957512769546e-23
-2.619777992099907526e-22
-1.192796547156990500e-22
-1.827616245478531741e-22
1.767115514041670187e-23
-8.145586969609326309e-23
-3.300841374088684386e-23
-3.863429809010546283e-22
-5.341790293439075991e-23
2.836208213693050335e-23
-4.177295415661315046e-22
-1.528633568104564286e-22
9.152626337680460244e-23
-1.815686382777929117e-22
-4.318743161362028701e-23
8.205548928395463131e-23
-8.805546497536260632e-23
-1.080598427111245327e-22
-4.374248126380385670e-23
3.875313296209973242e-23
4.637340364374564418e-24
-1.269411811589935156e-22
-5.922003728948459778e-23
-3.757271198973824330e-22
-7.264139053569725507e-23
1.375529386232538893e-22
-3.029332742536623125e-24
-2.910296731796628567e-23
4.931262230899986801e-22
1.092932606661328564e-22
2.151350727917498394e-22
2.859602517883022275e-22
-7.795438849272897450e-23
1.291487787332518846e-22
-8.983268824875686363e-23
4.259556595533634481e-22
2.158728949954433894e-22
2.174642321915463587e-22
3.800261403748645095e-22
-2.225460506299561291e-23
3.598022171979434131e-22
3.342062141672322175e-22
2.115237538977277450e-22
2.380032655171976039e-22
2.350835206037269876e-22
2.046364848142759361e-22
4.963645083201714907e-22
5.503128268829565820e-23
3.411775976982384900e-22
3.132688106433965928e-22
6.344758099581413351e-22
2.304937516065117713e-22
5.835128599267325048e-22
2.475800736629187872e-22
3.225792127280370311e-22
2.491474121637053066e-22
2.428840573007678496e-22
1.759876218102967992e-22
7.179466385508804586e-22
2.423463034974405686e-22
3.922639052335161260e-22
2.860641437383255970e-22
4.938233419120078949e-22
3.721555700935804740e-22
3.237847157604358534e-22
2.484019652984508629e-22
3.745118486959983154e-22
8.269294769462663196e-23
4.679213972783339686e-22
5.177909847559046010e-22
6.319642558066968222e-22
4.242175563126058419e-22
3.636165110426137834e-22
3.827102646737354968e-22
3.852901142888115282e-22
9.930998042828091544e-23
5.216435312238789120e-22
3.207333607341176874e-22
4.270457059109409383e-22
4.961636967079880934e-22
5.672011264467803604e-22
3.884803399803053462e-22
3.896288971479776361e-22
6.128432015759557626e-22
3.690754006918237414e-22
6.160336895745484045e-22
2.692307567412540695e-22
8.179224158167859781e-22
4.175611021416408989e-22
5.066124028624595614e-22
5.812556680736586690e-22
4.593933533817122660e-22
5.314376119022626235e-22
6.356250015122183551e-22
5.937469411207067614e-22
4.679301002443857360e-22
3.724225007785012591e-22
4.154022148856727607e-22
4.097797177220833136e-22
4.890720500106055620e-22
5.099533044807895668e-22
4.393046973754457526e-22
6.830809373095235478e-22
3.740531869181526050e-22
2.110861110866978079e-22
5.442598328652026646e-22
4.623646290643971041e-22
5.675879368672382792e-22
3.639825062139837537e-22
4.758796208455352552e-22
2.980103107874004916e-22
6.114890295694519318e-22
4.551827475037038032e-22
5.770588076277111003e-22
4.852740265851036066e-22
5.280170254274329218e-22
3.127572842026632295e-22
3.782197448293953656e-22
4.118160424248687593e-22
1.969551484790705264e-22
2.392158918997332353e-22
2.144734058954813989e-22
5.033669472274641027e-22
4.235826764153981603e-22
2.810654743505470804e-22
4.676680819818442992e-22
2.586840302431863268e-22
3.030957651927247612e-22
4.957737904737951163e-22
3.612044266623352393e-22
1.617856038143872980e-22
4.668994508717685862e-22
2.972997533364038910e-22
2.951938867224167459e-23
2.114114847975022486e-22
2.674574510830886193e-22
2.855215824598797593e-22
3.624901192073932935e-22
2.062187743951297164e-23
4.800379609152977438e-22
1.054983334093286013e-22
3.565781145817407742e-22
5.138246157462477144e-23
2.894782469048648266e-22
2.213321570191436585e-22
1.186052165102700801e-22
5.027610140142275967e-22
-2.763922845358829854e-23
1.278626964031784264e-22
5.596975750695187514e-23
3.146774600049776764e-22
5.132301412146980968e-23
1.535461809181865395e-22
-4.447983077761512035e-23
4.885265548460665905e-23
3.027229280578144675e-22
1.453691555295447583e-22
8.295817323324649568e-23
3.368759204983500068e-22
2.270871822564539454e-22
-8.584324796659937153e-23
4.054773225909631696e-23
-2.193375293739203421e-23
-1.217345378515351623e-22
1.544996504416579768e-22
-9.158320758527447622e-23
7.459339894551109883e-23
2.362761425129823282e-23
4.414620485887649532e-23
-1.995667395299583451e-22
-1.448557584939564701e-22
-4.196783200895040584e-22
5.246743333330043486e-23
-4.297355485614046195e-22
3.139770954965635102e-23
-4.693430748093630625e-22
-2.884382014304807260e-23
-3.840828446578796128e-22
2.495920712307090677e-22
-1.322575153441457823e-22
1.526523175209984559e-23
-4.439547135872448830e-22
-2.224494926247506169e-22
-3.001085279249799075e-23
-3.742906117223244744e-22
-2.775878897803997381e-22
-1.241329673414621309e-22
-2.146959879904510089e-22
-4.418197599396760429e-22
-2.100308738311480818e-22
-1.455657290972771981e-22
-1.376151811817512709e-22
-2.701696856694119283e-22
-5.080835974254793811e-23
-5.437353168299011556e-22
-1.257407346444820507e-22
-3.126064422983081743e-22
-5.371823403164796642e-22
-4.434631217339963425e-22
-1.087027727347402172e-22
-3.409663748068078458e-22
-3.091431941025721851e-22
-1.557712902094682489e-22
-4.273243837404963460e-22
-2.535960496046352626e-22
-3.856861865316393974e-22
-3.228662715334241446e-22
-4.684640380104883855e-22
-2.302850209663319510e-22
-3.700057866697341565e-22
-3.373094971588907489e-22
-4.356549036249846295e-22
-3.832942848586049806e-22
-2.424609211287553697e-22
-3.953294618234636022e-22
-4.680882456032983688e-22
-2.797027270306856405e-22
-7.856273406024621684e-22
-5.407565325162793003e-22
-6.399686528969123135e-22
-4.027735165625332949e-22
-5.880665483344102543e-22
-3.913212996981443450e-22
-5.207905115545484438e-22
-5.442997427837123926e-22
-4.739955502576017773e-22
-5.091921038951361653e-22
-5.893903508225462730e-22
-3.602427097362969917e-22
-6.444117798624136451e-22
-3.807468269784611119e-22
-5.872190224139984491e-22
-4.967443312250728587e-22
-3.254046703711077020e-22
-5.485072011889163276e-22
-6.478669603133061001e-22
-6.878369805179169703e-22
-3.927432591716128668e-22
-6.023166979995706555e-22
-3.981641050699765761e-22
-6.354149808824413306e-22
-4.612417391093868834e-22
-5.165258901280745897e-22
-2.335064624900773296e-22
-4.097276619757997232e-22
-3.605836492809436504e-22
-4.951250860863282231e-22
-1.089811248523390904e-22
-5.683581669676967481e-22
-4.274468204577819291e-22
-5.086237239745718271e-22
-2.952461136465733924e-22
-3.220531535443597792e-22
-5.518833042436338467e-22
-1.946690682518419523e-22
-4.811680803764074433e-22
-3.936395234730761161e-22
-5.493888891934964404e-23
-5.024097605695480061e-22
-5.236987418852126041e-22
-4.664865778931018004e-22
-2.878521349469607753e-22
-3.456340248412648108e-22
-2.862629272783145149e-22
-3.196684249024824400e-22
-5.144789482380744112e-22
-2.523236627244560118e-22
-2.753470816259277853e-22
-4.374919173198936612e-22
-3.278976879588831091e-22
-4.920305101638487667e-22
-3.251355533189293127e-22
-1.974404820345688141e-22
-5.988794732956954051e-22
-7.161542965739636902e-22
-3.401840935221950338e-22
-2.257992887028198870e-22
-4.715075210884740939e-22
-1.712322709011169140e-22
-2.395779207081552907e-22
-1.747668460138488909e-23
-2.011546940942704774e-22
-2.610969290353890256e-22
-2.339410092240777426e-22
-5.344076453535338244e-22
-3.203269859224214686e-22
-1.235271150301311132e-22
-2.443434331847204744e-22
-3.326982936503077701e-22
-2.810716572714577511e-22
-6.760683057620707072e-23
-3.054395586278296954e-22
-3.725962257644994403e-22
-4.386640559044315519e-23
-4.180023438427564117e-22
9.158021718552141342e-23
-2.180653265233149027e-22
-2.226945340868383816e-22
-8.244497770251223925e-23
9.715008916080179765e-23
-1.843993239481795831e-22
-3.051414398119775366e-24
-2.293782264247121892e-22
1.231689160457644629e-22
-1.089498569897222300e-22
7.664100069946648536e-23
-1.219134071950714663e-22
2.211258306153728734e-22
1.873658578741351256e-22
-2.187429252866110214e-24
2.119243866903546596e-22
6.111604596919767077e-23
-3.920698917828759786e-23
1.639909757439208906e-22
3.271570199257818160e-22
2.223665393109149975e-22
1.634350774848860398e-22
2.154940355311054057e-22
1.603021094170289320e-22
1.183540613542680980e-22
5.020037481747963146e-22
-3.707995054490864602e-23
2.692206576939810897e-22
1.256591972047262773e-22
2.725271584263216316e-22
1.162976246612885613e-22
1.006367857137040395e-22
-7.158840937450000059e-23
1.727468368704736745e-22
2.484547962564297137e-22
1.805252365804791836e-22
4.247695673708747379e-22
7.341849541103575037e-23
3.585885459460274221e-22
9.323226132579642552e-23
2.448802135304876316e-22
4.268552656933200926e-22
1.711338201851751160e-22
4.167180972300428987e-22
2.017873332722105128e-22
1.100239788063905904e-22
1.525355192090834743e-22
2.652672374302058954e-22
2.028511443717091434e-22
3.363519135922487430e-22
1.074685054022678794e-22
3.141665096245629647e-22
2.424885014084442216e-22
5.448424457134096782e-22
3.265360206591833174e-22
1.535956688591250266e-22
4.883973454215570229e-22
4.994933760173232890e-22
3.995188353278140592e-22
5.881562998351881947e-22
3.312091253454479890e-22
4.005065212002281063e-22
6.299778431304833385e-22
5.485575833501459963e-22
5.011033632285002704e-22
4.561763663492741734e-22
2.631640091789129201e-22
4.160373734392185006e-22
3.870266046375217498e-22
4.454486823465717848e-22
3.262966267145809312e-22
5.402409181462128159e-22
2.946490870258814250e-22
6.376307325709398085e-22
6.934756800416800816e-22
2.907297630893895063e-22
6.008221130974617425e-22
4.907736198546856484e-22
6.386571052731998777e-22
4.070730473747851784e-22
5.088055249298499519e-22
5.992896465489825874e-22
7.170762840276547648e-22
3.478825297683879322e-22
6.462436453508549374e-22
4.093893605051770428e-22
6.033455134053838745e-22
5.140410942784439217e-22
4.995844199719601218e-22
4.859151535999826599e-22
5.476238620770109783e-22
4.373792003400209557e-22
2.321564841502166004e-22
5.448532991418824444e-22
2.359950304979394296e-22
5.219844670801540005e-22
4.510732203233758213e-22
2.971898392110333396e-22
4.573115636217473323e-22
4.523274340900173354e-22
5.472878171211383155e-22
6.720174705502965242e-22
2.574488440363979400e-22
4.501770304365012476e-22
3.631460963864736499e-22
3.171760164618744151e-22
3.396324827850941860e-22
4.953657286084966949e-22
5.396009526614752402e-22
6.396588560433443441e-22
8.003919847504713641e-23
1.446849671655163249e-22
4.390597412982319409e-22
6.856244199630573985e-22
3.463504975898686943e-22
2.166808539742329971e-22
3.970010626725631364e-22
2.535484940548865452e-22
3.881287447282405172e-22
1.858381094633578545e-22
3.308089886590853617e-22
2.484062995628035223e-22
4.572271383505587291e-23
3.631351503554662618e-22
1.553080815014828657e-22
3.549321956862753243e-22
1.197391325863617723e-22
1.655600344405978071e-22
2.134694250791221655e-22
3.629807501743558750e-22
2.625020566375800482e-22
3.124922897966061714e-22
3.723984820669491940e-22
3.022285529204703039e-22
1.364417515313349355e-22
2.813334303049067402e-22
4.337233183369132494e-22
1.623984394982279119e-22
8.021396934063884558e-23
3.676129548325450230e-22
1.504490957960839642e-22
5.667817091153390055e-23
7.874951131048842553e-23
1.082658325301377696e-22
3.482103121530524746e-23
1.575522423477566158e-22
3.465126009239488647e-22
5.116946605467376630e-23
1.458816459742564653e-22
1.649656825307488482e-22
-3.439985782505144504e-22
-8.403717126415300822e-24
1.430724830517874773e-22
3.049497237569757522e-22
-1.157980318925748813e-23
1.434678615279741180e-22
9.798709690055868937e-23
1.611403656500165491e-22
1.067455880126760203e-22
6.043286660041243715e-23
1.114854814185311855e-22
8.645404459507123860e-23
-3.123289379999036087e-22
-2.010002779685996213e-22
-1.125145238676804289e-22
-1.842797814907810215e-22
-2.600415466658176744e-22
-2.005359366279960527e-22
4.931276938951709866e-23
-2.973675689086211655e-22
-4.231498271084657746e-22
-3.303258410917427895e-22
-1.627763451438601870e-22
-2.470472212928763039e-22
-1.945688865927804103e-22
-6.126762433609504227e-22
-1.575133395395801941e-22
-3.624150191579683242e-22
-2.195491617547568490e-22
-1.633524098049787355e-22
-4.302097553530764181e-22
-2.824220055525628976e-22
-4.754492311487889079e-22
-3.054711704971790446e-22
-5.157341223791941360e-22
-1.461775977476527471e-22
-4.584533916146301568e-22
-5.063547492651663156e-23
-5.025985561425106876e-22
-7.028654474833122994e-23
-2.131793221949097726e-22
-1.105612160785121717e-23
-2.579533861994312008e-22
-2.656217328371749992e-22
-2.377546061655558558e-22
-3.003502896515225292e-22
-4.219013900224076323e-22
-3.999603436804445389e-22
-1.960759640818713918e-22
-2.961160754342822351e-22
-5.521918994555878002e-22
-4.078421019544449544e-22
-3.188130128478512866e-22
-6.341049671466475518e-22
-2.675464128181594508e-22
-2.490930084437094679e-22
-3.907578158321488616e-22
-7.404632895294270873e-22
-3.611448792528764709e-22
-4.530406385875115327e-22
-4.271805540707703817e-22
-3.196174387446701810e-22
-5.477993670710443708e-22
-4.219340810294752086e-22
-6.665927434757828358e-22
-4.426988524392225457e-22
-5.663329863533211995e-22
-2.984265136466326118e-22
-5.542565986819727815e-22
-4.060384149504331295e-22
-6.539219251719536093e-22
-4.100667061331306887e-22
-4.825673279407845263e-22
-5.080436249119115526e-22
-4.401506664614652924e-22
-4.786903387283870213e-22
-4.733036143635052092e-22
-4.243555660244062987e-22
-6.618927308451535731e-22
-5.152697886450846900e-22
-6.271401038719460072e-22
-4.164165955698055430e-22
-4.266532281533627036e-22
-3.655770992409953208e-22
-3.359611946917604234e-22
-3.258915395561116156e-22
-4.209438267312931961e-22
-2.790541665271662201e-22
-7.068324302528985112e-22
-2.631887880440679725e-22
-6.906010966193782937e-22
-5.830385493707860201e-22
-4.097297224775352683e-22
-6.421840986341063202e-22
-3.541108840822394497e-22
-2.625243899598384469e-22
-4.661952325781421622e-22
-5.003341720981361941e-22
-6.043836202830439394e-22
-2.235459520515542625e-22
-4.329989791593358130e-22
-3.171884350035726096e-22
-3.707946316082145547e-22
-4.168547796499948391e-22
-4.789602617573955874e-22
-3.893090252414892651e-22
-4.414298398314251100e-22
-3.083217981768722654e-22
-3.445203587906960719e-22
-1.629120088924122999e-22
-2.847339940763649945e-22
-2.988537786008842678e-22
-3.196314132882562165e-22
-4.317621939048928929e-22
-4.868113833665029137e-22
-2.167902215990162312e-22
-3.061875795515249502e-22
-2.321077985932209505e-22
-3.367839316041727637e-22
-1.887493854318594429e-22
-3.357362580341385730e-22
-1.810299874793100078e-22
-2.947185631959040606e-22
-3.736377057449283439e-22
-4.968195591988721935e-22
-9.754727070742689734e-23
-3.885891228827310148e-22
-5.752239467704586911e-23
-2.296768607272370523e-22
-2.156559320859672090e-23
-3.256277611439902295e-22
-1.213179295273710786e-22
-2.172662297486193575e-22
-2.462687643071241799e-22
5.420193919483916308e-23
-3.688986091731873103e-24
-2.159195422492589949e-22
-9.351932643884866842e-23
-2.757769083092154761e-22
2.852729664761915773e-23
4.005850652149462413e-24
-5.116902885135213029e-23
-3.313305115708254943e-22
1.151237058427491222e-22
-2.914093035907673327e-23
2.399779529747502482e-22
2.636821395431518528e-22
1.935076538277044853e-22
-8.320928919210356338e-23
1.922584887003356584e-22
1.115753278346775014e-22
1.448850316110774474e-22
2.695879313168219148e-22
-1.176833886374548157e-22
1.426914934400361237e-22
-7.438375069383592722e-23
-2.217196662312321857e-23
9.234468712147264702e-23
9.134675600462008920e-23
-2.941575840958456439e-23
2.224920701295499479e-22
-9.262344130690490815e-23
1.975317670073945766e-22
1.671301755732960224e-22
1.337320540299318350e-22
1.864077417620468665e-22
1.133928657226870830e-22
1.239455281189439590e-22
2.657264757564128013e-23
2.551397933085741821e-22
1.169279924007651526e-22
4.464942228303898665e-22
4.303442859783476247e-23
2.662420242841349682e-22
1.685836867494136518e-22
3.732982894475689607e-22
3.862307714450920528e-22
3.263884174561770160e-22
2.841281291146134012e-22
1.538465394968538931e-22
4.073852676805933504e-22
1.750708525644772731e-22
4.881179859840051894e-22
1.789656162890751039e-22
4.133952117557555271e-22
3.024123329647308810e-22
3.756285621502762713e-22
3.868040514618166937e-22
4.499618446725472637e-22
6.296305211465240468e-22
2.316202915210874860e-22
3.724559211580042448e-22
3.526066101999719204e-22
2.834975631313899993e-22
6.844336108128029947e-22
8.033675849239048571e-22
3.361492821983962241e-22
5.614277819943590997e-22
3.727404330754837360e-22
6.605115345946597839e-22
3.281975493718125998e-22
7.133986224915117722e-22
2.112167723935452305e-22
3.880669576231382978e-22
7.565750153902986082e-22
6.050087981647888714e-22
4.086360764825896609e-22
2.019365745280524391e-22
5.001405095104165335e-22
4.959175641761295866e-22
2.508493312806122498e-22
2.880813093530338319e-22
4.534858691174182223e-22
4.871558001445221818e-22
4.729628830836403470e-22
3.582714912981088280e-22
5.164152189442635818e-22
3.536325859298654744e-22
3.981008743651911967e-22
5.754019778409950125e-22
4.693226687751663233e-22
5.677453212151825471e-22
5.309680863841860861e-22
4.171091241327009350e-22
3.264716543238828200e-22
4.749857338661734122e-22
5.436017638879031035e-22
4.543290634062439616e-22
3.860881538203581224e-22
6.968087293341988091e-22
5.310067635368134213e-22
5.132107057710169360e-22
4.521171773124147533e-22
4.899605876291672466e-22
2.933622734919365602e-22
4.187197677618011521e-22
5.343396319687414433e-22
6.277446076723361844e-22
4.714491622915556103e-22
4.944567006623948943e-22
2.207153493179094016e-22
4.515427660779646125e-22
3.390080038897499666e-22
3.106352877877725329e-22
3.170571980463798444e-22
1.150369481470025095e-22
4.585487456453727572e-22
2.302622793080259772e-22
5.859693213088110055e-22
2.633533327232593487e-22
3.788178802684505004e-22
3.322302020312492015e-22
2.217111636478599000e-22
4.165153372113519551e-22
3.700194328768859449e-22
3.127958403582339010e-22
2.908470095888351555e-22
1.337635380720328387e-22
3.856839249446833539e-22
3.149121097889844503e-22
2.026937810772674265e-22
3.370807688645612704e-22
1.752959913292215063e-22
4.034508362586266923e-22
5.711006548099699074e-23
1.991910635350259908e-22
2.090215166363127193e-22
2.421039918877680359e-22
2.681227817364948537e-22
4.603155608142881160e-22
2.881519832260520586e-22
2.697965595227501475e-22
1.315379574042169544e-22
2.799491395922653410e-22
2.968330168240748202e-22
3.326786609179571568e-22
1.114518713983619733e-22
2.192819725991339707e-22
7.621824891436374625e-23
-4.705142288242422444e-24
8.310985419142353848e-24
-8.676780430764187064e-23
-1.049479019765532499e-22
7.478455701205188216e-23
-2.741752147867578274e-23
-3.425565435691472273e-23
-4.810188663602357353e-23
-8.700483300202314563e-23
1.990687514920073698e-22
-1.780363433373661553e-22
6.074753881092342866e-23
-2.402996191080680743e-22
5.662758822320387860e-23
-7.518906943786132580e-23
-6.269929230200216160e-23
-3.554427983592527843e-24
1.056208385399030264e-23
1.479380044202265877e-23
1.104575642746318641e-22
1.446032387685865434e-23
-8.106442425567331833e-23
-2.737057755226508318e-22
-3.345279875800352144e-22
3.466882044995205471e-24
-4.510574644381007500e-22
1.896361623948070350e-23
-5.066863540181944770e-22
-4.642840615972244348e-23
-3.923321733741730569e-22
-2.987325957387919135e-22
-2.599066364776641219e-22
-2.793028597722715654e-22
-8.999448570330838894e-23
-2.070048289784518863e-22
-3.404319694239618434e-22
-2.575171292290090480e-22
-3.302146545192977983e-22
-6.084574152662277037e-23
-5.820574548453294988e-22
-2.309043661494581469e-22
-4.480309856441146072e-22
-2.121880670860851589e-22
-3.184415178039235271e-22
-1.945708722956574242e-22
-4.704455869355723594e-22
-3.671704807939213329e-22
-2.737170862562571437e-22
-7.283965346171176399e-22
-2.611148832453398794e-22
-5.200654815517841983e-22
-4.767266627724312452e-22
-3.746246067416369566e-22
-3.207750788958916893e-22
-4.006100645078613293e-22
-4.650754274746457547e-22
-3.313389269364038386e-22
-4.415742308404190488e-22
-3.403165752425636305e-22
-4.204476090428418173e-22
-2.982771959934848268e-22
-2.453995492164145238e-22
-5.818339221223595047e-22
-3.399896991209721426e-22
-5.521199009946303087e-22
-4.685568989458716807e-22
-2.274511529509688571e-22
-2.634353276290234392e-22
-2.705557625443585865e-22
-5.103952656829417022e-22
-2.756426560473889613e-22
-4.711437847612277117e-22
-5.805739426778329304e-22
-5.170154185327208606e-22
-4.395592527781572118e-22
-4.443553714552798865e-22
-5.234064190465968509e-22
-4.993423162330018786e-22
-3.865565514538776525e-22
-4.016666629658103429e-22
-5.288741116221056494e-22
-5.989863039636230859e-22
-5.654016270148014851e-22
-4.160125131933712584e-22
-6.561053932743828966e-22
-7.395498275806309109e-22
-5.355138456704354225e-22
-4.631322555569750217e-22
-5.673788660920043646e-22
-4.602589473213164395e-22
-6.385314413355502164e-22
-3.994206543038199880e-22
-4.553336485314420359e-22
-4.809339964493210567e-22
-3.261843515921692764e-22
-2.631354493765280907e-22
-2.048783575565795619e-22
-5.010235508897130828e-22
-2.873788044970169431e-22
-5.445279131546845902e-22
-7.064567539863877004e-22
-4.785798385891284499e-22
-4.491288470948925801e-22
-4.483842870511217723e-22
-5.893723322645661336e-22
-3.564265708439548040e-22
-6.078441398068152608e-22
-9.763519476850251403e-23
-5.352500567769263575e-22
-3.987612287297794289e-22
-4.565035561488679094e-22
-2.974024557591319891e-22
-4.640723780309228285e-22
-3.679488350165158228e-22
-2.943350106885107984e-22
-2.257259845998769698e-22
-4.881507368608996520e-22
-4.494024412164142244e-22
-8.570791972988566824e-23
-1.971638412711012447e-22
-2.857900937363512225e-22
-3.163773416493917793e-22
-1.030525929618360987e-22
-3.006040825894184422e-22
-3.516342202902320994e-22
1.388076250230158535e-23
-2.556180826013301312e-22
7.781149268401662485e-23
-3.008033353447339747e-22
-3.610696706626221480e-22
-1.300092640811534621e-22
-7.239653640459654322e-23
-8.985272376336796318e-23
-2.602610746090861665e-23
-2.071435882876898948e-22
-4.634705844442932788e-23
-2.801892385074990610e-22
2.364674442907178893e-23
-1.151689601726798231e-22
6.843443713619209588e-23
-1.029579675309711688e-24
-3.081408910777650854e-22
-1.767229683910578576e-22
2.098420341734962530e-22
-6.286793139763861833e-23
-2.988510349801779239e-23
7.264429824217062014e-23
5.884516506246524719e-23
2.234371815510706345e-23
-1.308055329155819068e-22
-1.991027985785150636e-22
-1.180018814581772615e-22
-2.947766271363367267e-24
-1.152417226027624630e-22
1.000741369179299821e-22
-1.523810818774600874e-22
-1.889302157179824518e-22
5.406046049355744335e-23
-2.288596818452356366e-22
8.786672817854701986e-23
-7.701967413587814199e-23
2.008053916336773066e-22
1.212077212775936894e-22
2.742592851134439196e-22
2.137927501533395156e-23
2.924958663287677572e-23
9.259730035287971547e-24
5.486211579203554315e-22
7.276737430001849147e-24
3.213067771415956076e-22
1.925373229284938899e-22
3.883031199545077612e-22
3.730060054972103210e-22
3.897645951868058911e-22
3.656082145229652150e-22
5.651780890009883120e-23
5.443796120807916227e-22
1.319536386065315263e-22
2.332628234828867675e-22
3.572990362193261304e-22
3.931509649035455292e-22
9.407348958248724840e-23
7.830606467190062597e-22
2.956588479758973665e-22
6.262989377030554285e-22
2.711489512299893362e-22
2.355520165363904394e-22
3.878758733610254878e-22
2.888764824772940485e-22
2.591209988971372834e-22
4.462446179853558653e-22
3.669026181535686707e-22
6.045168454277169603e-22
3.607775449261644376e-22
4.442129139839023499e-22
4.767421548477703145e-22
3.523875191820651075e-22
5.054277492621641910e-22
2.766201393337240929e-22
3.737694862516100163e-22
4.652590750982534730e-22
5.895661672628068650e-22
3.175879927282587014e-22
2.955603625408901202e-22
3.642598615838931212e-22
3.638541577134836986e-22
7.939112002222775163e-22
1.600389810560050787e-22
8.072056018071074108e-22
5.066991058874719826e-22
5.313797407902808516e-22
4.399404365242195664e-22
3.212012342760311618e-22
6.971225830477581419e-22
5.297497489895560681e-22
4.611573561422011889e-22
4.841843641789356890e-22
4.872824507353362429e-22
4.004023297645777791e-22
4.419111534664015042e-22
4.262247609605354382e-22
5.095634982133928589e-22
3.899803702365283221e-22
4.317925254978990214e-22
4.978583055061280052e-22
3.038265534880827315e-22
2.774948416465459010e-22
6.851988187572289441e-22
4.239026704885112207e-22
3.522614090571824201e-22
5.433959616365807391e-22
5.763743046468835164e-22
5.557044231421912895e-22
3.146990196491935300e-22
3.906575871525181588e-22
3.193682981459735419e-22
3.946184453215454347e-22
2.628711585882470299e-22
5.507039669442408863e-22
4.008531551953259405e-22
3.885135605080697439e-22
1.944334112778360339e-22
2.599831091439747746e-22
4.044558711168736834e-22
4.932920800945860054e-22
5.174607847332875663e-22
5.331294479084996882e-22
5.187123009167070932e-22
3.161670037232731284e-22
4.638524608164093330e-22
4.926234010735072000e-22
3.438441612291470152e-22
3.750691590651870834e-22
3.143809740632470529e-22
3.406262098793376253e-22
3.625601502835391367e-22
4.572293082607650830e-22
3.322361345506542197e-22
3.326114492994985081e-22
4.861778262019123605e-22
2.667127171613146714e-22
4.131400178681986323e-22
3.722058875548888649e-22
3.696733715983334769e-22
4.700784208838337669e-22
2.235520060285270470e-22
1.263436224325142564e-22
3.606360049043313863e-22
5.558338891572582758e-23
2.712728662000670332e-22
2.236706008741806518e-23
4.886034335175957978e-22
1.813263626407315688e-22
3.030643218261314932e-22
5.070053514718166461e-23
-1.243972716367332881e-22
4.098465686978781932e-23
1.696769053252182792e-22
1.905655546674469840e-22
-1.195936283049505648e-22
8.881343190334798156e-23
8.606515278042427400e-23
2.675416932194080846e-22
-1.647479922788564516e-22
8.388477376405501231e-23
4.488773665419828654e-23
1.936402138667705131e-23
-9.758174960159078434e-23
-1.128034035056148367e-22
-2.095221039971298057e-22
-1.685096825545369103e-22
-6.208824499376027924e-23
-1.551429848778299428e-22
1.358650462504238173e-22
-2.909716397326681371e-22
7.614988549389541232e-23
-1.412356568145577171e-22
4.409124937287403412e-23
-3.012086076795907539e-22
-1.636025689775560262e-22
-3.725595679418720274e-24
6.934500232645473057e-23
-2.440563137520585872e-22
-3.276115289920078841e-22
1.153470977027320572e-22
-2.523625346431971709e-22
-2.370166035270447759e-22
-8.089142049569981978e-23
-2.780494629681262849e-22
-3.869282731292084371e-23
-1.386063101434870525e-22
-2.006562664284039635e-22
-1.746360039286037493e-22
-2.568526637439655469e-22
-1.114544959082257815e-22
-4.671810576232872280e-23
-2.989220534064338304e-22
-3.696019499901599370e-22
-4.816535066076488010e-22
-4.327503545961211325e-22
-2.952141903169599837e-22
-5.230527483695233905e-22
-1.515283514278688919e-22
-2.010066479923749632e-22
-1.843031094067769166e-22
-2.145461620174816676e-22
-2.120881519008290170e-22
-2.500801903359341688e-22
-4.396115368892112461e-22
-2.806856168352615584e-22
-5.302895692096291200e-22
-4.286488990983165008e-22
-5.081108210220184998e-22
-4.323175365183492118e-22
-3.530119577178992051e-22
-5.816140094109126532e-22
-3.353712730156939814e-22
-5.921788702127137002e-22
-5.148524898078195070e-22
-4.001482521007718735e-22
-4.981341646624026583e-22
-3.360915159429496964e-22
-4.954743077448886797e-22
-2.095274580101103704e-22
-6.120912457639083320e-22
-6.568313897623921104e-22
-4.301072593548610787e-22
-7.387503257856924449e-22
-3.143949459435792026e-22
-2.670659574301987530e-22
-4.146985521814498038e-22
-5.462041934316609911e-22
-3.755355870637254047e-22
-3.454642492532534381e-22
-5.553280598711314880e-22
-4.738220407471853121e-22
-4.910415670514708651e-22
-6.063440809417764944e-22
-8.366810893690207242e-22
-4.548501127229795154e-22
-4.721978583645473708e-22
-7.471992001188427517e-22
-4.910184734392580118e-22
-5.890914945171608693e-22
-4.348790314642363483e-22
-2.918797660657233138e-22
-5.083490934979375773e-22
-5.219963960926586512e-22
-3.079052288238448879e-22
-4.131724944181988139e-22
-4.170768607459513101e-22
-4.405071719002438168e-22
-3.688554035058982970e-22
-4.980049341775947718e-22
-3.375500170827724582e-22
-5.300433685297053172e-22
-5.330603241200786178e-22
-5.118110623201832642e-22
-3.874392338593642060e-22
-4.283131510459742154e-22
-5.633443539558024240e-22
-3.370222859375671728e-22
-5.042455177982850032e-22
-3.433157671277529349e-22
-3.584834144267782690e-22
-4.544804112407449418e-22
-3.006447202802636480e-22
-5.709538869495145236e-22
-3.862298527715396244e-22
-2.619098865482399036e-22
-2.993253933795749973e-22
1.088725125614505559e-24
-2.777998766878650433e-22
-2.939873769555242037e-22
-1.433568189153431931e-22
-3.241167190208624293e-22
-4.802708683056576740e-22
-1.002435467509595901e-22
-3.496538097135857981e-22
-6.043182039065053693e-22
-2.482961563585781559e-22
-2.641654837862537880e-22
-5.747569161102712469e-22
-2.405598895057469801e-22
-1.839572039181729190e-22
-2.098168885735542729e-22
-3.225915312941040349e-22
-4.025468506973235335e-22
-1.684173894954273713e-22
-3.120574398019855219e-22
-8.827325892163321964e-23
-4.312969079377621828e-22
-1.031396300837596373e-22
-6.658584284770989338e-23
-2.583167147429952266e-22
8.829200269784672503e-23
4.351060558585269078e-23
9.494042571650292986e-23
-1.398496827001276231e-22
-1.385921056735393898e-22
3.278600452950403949e-23
4.066834792976602892e-23
-2.006428828614637167e-22
5.436208522002666681e-23
-1.146854436701347719e-23
1.239082692777774000e-22
-8.116135183686030133e-23
-5.808236815759228944e-23
-1.186948545177499767e-22
1.147257440943522343e-22
-1.409896239426719878e-22
8.325232971074395138e-23
-6.723020406182833222e-23
6.675155686203887447e-23
-2.008885861996017452e-22
7.704911793980085266e-23
-7.967397361787243820e-23
-1.829108601982153652e-22
1.171228214608714951e-22
-1.059708133388500596e-22
2.635956510486956769e-22
2.393453873290917307e-22
3.024884415528144747e-22
1.066636857297689918e-22
8.608395486804948005e-24
1.703012626651766046e-22
2.202850872558705502e-22
1.037472341396526366e-22
3.956510269993002433e-22
-9.703846891845017187e-23
3.583728724784129821e-22
4.797748446989514459e-22
4.991604156914589860e-22
3.134166057463710496e-22
3.062459391891960670e-22
4.134064856162182978e-22
3.248535370015975344e-22
3.572892663849293560e-22
2.673472664175372616e-22
4.822257728475974030e-22
3.683156854093515931e-22
4.835354745042358824e-22
5.591681072770885532e-22
4.839914297715794192e-22
1.218216827873643697e-22
4.319045499687526429e-22
1.554150616152460276e-22
3.969208941970065225e-22
5.442692842059406443e-22
4.558167142912762500e-22
2.733158210430668621e-22
1.651247237674380183e-22
3.605133309444262620e-22
4.586042567363464155e-22
4.655996536533416086e-22
4.514543074941385230e-22
4.692792541135907724e-22
2.467192008687621687e-22
4.986408522901092902e-22
3.853206200119913245e-22
6.131004046402428958e-22
4.398561707992562327e-22
6.040792011258603883e-22
3.209440596190122378e-22
5.128555139912351467e-22
6.233428475512995456e-23
4.382413551881293541e-22
7.656287815294646398e-22
4.094063510357988993e-22
5.007133404212945247e-22
2.207128567541726357e-22
5.236532267048501303e-22
4.297790208488517237e-22
5.518855565002550723e-22
3.481527007525669864e-22
5.724551128492867361e-22
4.241654337021132656e-22
4.341302373880096926e-22
4.697120448414955218e-22
2.338984507331080218e-22
5.099145184952386596e-22
6.123824357498940999e-22
6.339671776052750073e-22
5.402384655643296944e-22
3.983300090867179097e-22
6.325557756378531820e-22
4.478108907686462199e-22
7.434493456253380993e-22
4.048489825982656064e-22
3.605251960652813373e-22
3.480156731615706372e-22
4.831807969583331135e-22
5.014100682713214888e-22
3.210450053668242628e-22
5.747026061926180709e-22
4.494923033697383919e-22
5.211942438865101281e-22
3.657925223072478477e-22
4.276358114625829211e-22
3.144102822943927154e-22
3.237658724286915148e-22
7.191020558040368441e-22
1.541324369844114882e-22
5.124491250106447485e-22
6.849878877772796112e-22
3.597572533447777305e-22
3.512330821795827556e-22
2.279055327031941141e-22
5.281148238564267464e-22
5.347707974714915538e-22
1.552602039303464651e-22
4.021537206026271560e-22
2.253396245712167888e-22
3.519937371962047440e-22
3.770749637403014245e-22
4.195335612483979929e-22
5.254794962953041419e-22
3.001818495433295204e-22
1.730855524365931595e-22
3.528342690419205749e-22
4.751679293067269472e-22
9.895982606705066179e-23
2.709859376053101118e-22
3.345579004336633807e-22
3.492317477037704001e-22
4.348046741993351822e-23
1.736088654422845003e-22
4.767339364845719835e-22
-1.921772632043106651e-22
4.148368172905377850e-22
-5.750861986923296514e-23
1.559765343916360158e-22
-2.173525629158752490e-22
1.309553023262171661e-22
1.047332371362273927e-22
1.356796087762837454e-22
2.338038659511111632e-22
1.612178071482589386e-22
-5.973446814889233104e-23
9.049807003934140517e-23
-1.970761067133302614e-22
1.319456660622982298e-22
8.254030952414012007e-23
-6.153038225794804867e-24
2.587942858173281306e-22
-8.513103649568702616e-23
-1.834064368478726807e-23
-1.024601977200806431e-22
-5.990046740299400525e-23
-1.751552690582314090e-24
-2.647784719595457640e-22
1.869791785877351122e-22
-1.733996941379054362e-22
1.557607852999689726e-23
-3.640077403027608870e-23
-2.254802433524786622e-23
-3.402374227712336955e-22
7.095810992000579683e-23
-1.454607842251780302e-22
-2.243612011704818701e-22
-3.686614812440950934e-22
-3.506600073957371731e-22
-1.675251991402536343e-22
-8.397814253493356294e-23
-1.782351709840206515e-23
-3.411589120257587599e-22
1.023534529106370688e-22
-1.765222074033242074e-22
-1.376902678415677652e-22
-3.144473853033990370e-22
-1.653406066983054765e-23
-2.122016330642427768e-22
-3.094390075444495877e-22
-7.433109842502900791e-23
-3.354427996540828551e-22
-3.874330772859052506e-23
-4.999974709632285834e-22
-2.838875699201083184e-22
-4.497963069068813053e-22
-3.148747407364456261e-22
-3.676071299015382732e-22
-5.078884661109814207e-22
-5.173564049503616163e-22
-3.641512831075880461e-22
-2.028242527488938417e-22
-5.434458287354223742e-22
-2.870749193554574052e-22
-4.956782109554878728e-22
-3.272081558408532275e-22
-4.302790039886762842e-22
-3.435986202748801112e-22
-6.280278778474094281e-22
-4.670045334079996216e-22
-4.398583168983745149e-22
-5.367516678169799013e-22
-3.076925826557604272e-22
-4.975641139547360189e-22
-2.953702934309073184e-22
-3.744575805360125042e-22
-3.826454655750832086e-22
-5.296087438118761677e-22
-5.848023946498097325e-22
-3.495015918330474904e-22
-5.386397314583011021e-22
-5.847329568900130227e-22
-6.436879788528648640e-22
-4.781775545449381108e-22
-2.469262571637195685e-22
-5.104484340773170345e-22
-6.838678390795715434e-22
-6.230541946325561500e-22
-6.545770147571838201e-22
-5.287609749802739768e-22
-5.510946960446854346e-22
-3.078990375248714636e-22
-5.200001337151846295e-22
-6.355631300440240961e-22
-2.512095834736809376e-22
-2.787811768072585089e-22
-5.955896678839954886e-22
-3.433794924099912303e-22
-5.704318484676998454e-22
-3.537768646157550635e-22
-5.475192649591267548e-22
-5.095335024161133028e-22
-4.938580813925115630e-22
-3.994992264878413247e-22
-6.289925149438975976e-22
-2.786571545439858034e-22
-5.771115360711109571e-22
-5.287224366544378958e-22
-3.268886382912702321e-22
-3.853409801833998938e-22
-4.874637464361933770e-22
-2.916382868038036748e-22
-3.761774315337306848e-22
-5.836846325599551619e-22
-3.673688464400713936e-22
-4.005698719011549063e-22
-4.524898957183136393e-22
-3.488001183191654515e-22
-6.010336809438236167e-22
-3.397488283197993636e-22
-4.710963155528510549e-22
-4.537520051353484876e-22
-3.340022878525410930e-22
-4.252284393206137472e-22
-3.698505057849747156e-23
-4.835616009166536542e-22
-6.600394517266068660e-22
-2.549326076251511312e-22
-5.360688605574320923e-22
-6.118371537579139547e-23
-1.540703451169583002e-22
-1.901482828107479557e-22
-2.776183447527433618e-22
-1.032032376748908372e-22
-4.403593524123821997e-22
-3.163824857007386852e-22
-2.804842799507400339e-22
-2.483026471032240963e-22
-1.309435637752363917e-22
-3.281570274266562358e-22
-3.117716130712401879e-22
2.175278640916302524e-23
-9.961063944964923266e-23
-2.271814317305129157e-22
-3.182594884609848860e-22
-9.431046361509786419e-23
-6.841676885345029609e-23
-2.262093849660146438e-22
-3.112874111233778182e-22
-1.741603424583262296e-22
-1.131886682930427072e-22
-2.629016352222332791e-22
-1.497861973625791986e-22
-1.558255041664867101e-22
1.640730995930266330e-22
-6.267091703925090834e-23
-1.989418193716235609e-22
-3.045061181389770266e-22
-1.226641579789618215e-22
-8.455085526476903969e-24
-1.552760050702761908e-22
2.368497001176898162e-22
1.862553209928158043e-22
1.299752066039570941e-22
2.565408442126545844e-23
1.046780165907461342e-23
-7.727095608225812217e-23
1.185290010215685991e-22
-2.876884850824361806e-23
1.921078024625403468e-22
1.565416275600280799e-22
2.150264191144419749e-23
1.099183776918777923e-22
2.279224476309222185e-22
2.660327488641827095e-22
1.686523355011300976e-22
3.113054997591325534e-22
2.590175933414887317e-22
2.376815689584645626e-22
1.633159827449310194e-22
3.993125226153464649e-22
2.975037326195219226e-22
4.197452805140289471e-22
2.228333619664725442e-22
2.151151869140320433e-22
3.716465272288034410e-22
1.624506382102763881e-22
5.217659405358916672e-22
1.278021798145755014e-22
3.489777506508317346e-22
2.274591845096167931e-22
2.336386945137905256e-22
2.258075467148994988e-22
2.521220978005082010e-22
6.646232428552527343e-22
2.370725985320070255e-22
3.866677594324484853e-22
-1.089579536983181713e-22
3.174389012947616392e-22
3.838223355226909410e-22
2.572739515374103705e-22
2.831385867529078159e-22
3.809884916414075830e-22
6.136983438842050785e-22
3.799365151247225357e-22
3.667787651351249380e-22
4.808690630165465817e-22
5.713837852825147182e-22
4.861828757398640206e-22
5.302223904643161157e-22
4.013394538005881506e-22
5.166911755732897387e-22
4.828151681830260134e-22
4.944229947925833773e-22
6.412268044151794690e-22
3.553801212647195276e-22
4.007970974523096178e-22
5.453437332542608107e-22
3.067663967105125453e-22
6.411984762904217860e-22
5.497788964693843343e-22
2.960864210078829956e-22
5.114734653003822971e-22
5.678141827177148493e-22
4.840642789002633735e-22
6.245723159413708409e-22
6.164625051376852356e-22
3.081364768939894888e-22
5.073514714424810936e-22
5.350009182002000434e-22
5.269503061975196290e-22
3.229357096389371284e-22
4.427121481539627314e-22
3.133238804638042835e-22
4.023090480015569996e-22
5.535737709455753754e-22
4.518633398337768173e-22
5.328751138326889247e-22
5.444932511311093621e-22
4.960607463854990665e-22
6.947200336613714966e-22
3.024783833689909350e-22
5.016996786540564163e-22
5.293690400615229578e-22
4.459068380789484275e-22
6.935861313444773154e-22
2.068463542136678936e-22
4.192022489905064694e-22
4.598460919204788140e-22
3.718953872705982110e-22
4.086013082317379062e-22
4.779571496884918126e-22
4.963760591133592941e-22
2.818523967365992243e-22
4.337576903438179196e-22
3.993671329501814685e-22
3.935780547814153584e-22
3.567124844145235099e-22
4.314816831917860171e-22
3.280957405761637757e-22
5.288672932855002176e-22
5.314027407284066447e-22
3.003170053070758494e-22
4.205907663925990037e-22
3.311275574578247291e-22
1.880301284052161976e-22
2.393673212230645034e-22
2.491647349577839124e-22
3.073029400226253470e-22
3.485489554267395583e-22
4.532906598628747403e-22
4.962804042738901111e-22
2.366124960823566961e-22
1.439642046631831946e-22
5.837084806417579239e-22
2.042608881750519258e-22
2.599365402416755326e-22
2.023831643204477061e-22
2.528866041684165536e-22
8.793687503239348414e-23
7.977165927332249324e-23
2.737457145012350899e-22
8.407092197790351056e-23
7.785159955726506123e-23
-2.074412666443815623e-23
-7.582545947401088031e-23
1.451747330635790054e-22
1.297214110262114348e-22
1.096133896872062930e-22
-1.319445347551566128e-23
3.373275553766211660e-22
1.695515663570085821e-22
1.079312485290935171e-22
-2.615043871756951152e-22
-6.160558339326575826e-23
-3.558097778492869357e-23
-2.394545045659362099e-23
3.276885085146546456e-23
1.404521818148425813e-22
1.417201245590961544e-23
-2.409658876434595664e-23
-1.597592020236365289e-23
-7.377091437625936651e-23
2.681833038137530766e-23
-3.339305743518557584e-22
-5.872363568073750018e-23
-1.808469790807700831e-22
-6.429354958202587917e-24
-5.421953566305132643e-23
-2.670049067117232853e-22
-1.389808570494375576e-22
-8.053801839071243878e-23
-3.553270590609344835e-22
-1.434195125636261224e-22
-1.266903872430685445e-22
-2.115383920088785039e-22
-7.100204774828239922e-23
-2.762670511182884817e-22
-3.194184294479773142e-22
-2.504531457492626015e-22
-1.938402234413623257e-22
-1.956084377289308783e-22
-1.824479775584604460e-22
-5.214901141726924972e-22
-1.842912635000071410e-22
-3.553684984530544644e-22
-2.904025582207867752e-22
-3.145514626113194104e-22
-2.702454342958554631e-22
-2.502289175041998538e-22
-3.509758561257400048e-22
-2.202775185393880109e-22
-3.365994999421821985e-22
-1.001816022400289916e-22
-3.504028933444548631e-22
-5.547270266018721654e-22
-1.394388848997023595e-22
-6.068405410187221885e-22
-1.314173622776423046e-22
-5.359028342267254227e-22
-3.882647099160594841e-22
-6.862497623623928555e-22
-2.972465324616561386e-22
-5.164470521402467424e-22
-3.413441345118935527e-22
-4.016032819490233667e-22
-4.824069224429468734e-22
-5.380873393381487435e-22
-4.589778579441000970e-22
-7.387177938454772411e-22
-4.805988551969259458e-22
-4.860001927703304650e-22
-3.758147994310548554e-22
-4.734568248755385437e-22
-5.210011858205823821e-22
-6.396260008902745832e-22
-5.368267507514400585e-22
-6.590520252365904160e-22
-5.023709568564785132e-22
-5.310804447321253410e-22
-4.914816875609538281e-22
-6.031444155028993913e-22
-5.603052149482047044e-22
-6.260916831839431353e-22
-2.946437377521805079e-22
-7.063549497859551085e-22
-4.167757018106661500e-22
-5.852954515625209276e-22
-1.354057745399495372e-22
-7.150616074640628481e-22
-4.328678988433870898e-22
-5.873414438759795891e-22
-4.093733297186133317e-22
-1.301944373396367149e-22
-3.037428183672407743e-22
-3.773052208600421617e-22
-6.582422633667326193e-22
-5.942726090864216235e-22
-8.309317734364555621e-23
-4.998389801534750632e-22
-5.352527649085616300e-22
-3.442615026143729257e-22
-4.398979633014896975e-22
-4.540170583623926604e-22
-1.802792680003385187e-22
-5.414580998915999116e-22
-4.771471142547028069e-22
-4.622126125611548933e-22
-4.115313395759903246e-22
-4.281657092103326026e-22
-4.056116496161139500e-22
-4.327128896576826796e-22
-7.984771939498122565e-22
-3.341592661652082402e-22
-5.049058212317569956e-22
-2.787663986140246045e-22
-6.755061068652421321e-22
-2.034691885632270646e-22
-4.863138244026371375e-22
-4.143231580279594373e-22
-4.678259889293715226e-22
-3.101130394112904634e-22
-2.938452947917909967e-22
-2.937123945944884567e-22
-9.215523411275055110e-23
-3.849256092993837501e-22
-2.143237673202011033e-22
-3.999712361627684708e-22
-1.289579009260081284e-22
-4.554318760665102577e-22
-4.852206228122541771e-23
-4.089899160074697705e-22
-1.329705932424728767e-22
-2.476845969969379601e-22
-5.357510985003214846e-23
-1.639830813268171324e-23
-4.805188789654859810e-22
2.012580416810365787e-22
-1.896990263730205465e-22
-1.047162339989462997e-22
-1.628310729193822342e-22
-3.629363728346882320e-22
1.103691709576973180e-22
-5.720006544471494482e-23
-1.891786419386904115e-22
-4.535105926952831038e-23
-1.133603481843255760e-22
5.356682307866458252e-23
-1.582999179321089263e-22
-2.774140320635732137e-22
-1.910229943896901935e-22
3.780744263184836288e-23
-2.111490118666242301e-22
3.595201292738354728e-22
-4.246455650779810488e-23
-3.396026594074958579e-23
-9.752648806632142064e-23
1.368331137966595731e-22
-1.069567096382706007e-22
-5.443219981955533228e-23
-5.341956183553104484e-23
2.290718611330212750e-22
1.146023649500498245e-22
3.065012185814925441e-22
1.627542131744525868e-22
2.757918631918494456e-22
1.868324340859408073e-23
4.919312317264886283e-22
5.505246012846049142e-23
1.686673921538498267e-22
-2.845189170306422100e-23
1.084840723591810135e-22
4.823300689339863572e-22
3.177137747065703560e-22
2.360111475767306978e-22
2.942425602874174580e-22
6.975401888810008164e-23
4.637575336537127332e-22
2.694459673970183597e-22
2.057456763251276470e-22
3.035961234187428348e-22
3.671882500504733683e-22
2.425130487962875557e-22
3.258977153413014731e-22
3.245026302985571408e-22
2.948768025802701587e-22
3.698445856566526153e-22
1.976032626034119763e-22
3.714987349072205225e-22
5.307808832895367282e-22
3.876546882828705823e-22
5.088419066890529270e-22
3.967555352478932011e-22
2.888823322195290391e-22
4.396463009370185323e-22
1.670808021143360183e-22
7.286405684342998676e-22
2.917029560171533776e-22
3.942016509859765852e-22
7.071757070285397597e-22
3.059048480503069597e-22
4.507712933428892925e-22
5.711550153701555071e-22
2.820242556220957961e-22
5.655924522992608440e-22
4.038034762350761105e-22
5.071199410933298984e-22
4.717943699548621155e-22
7.853278928007252221e-22
4.782137237097505666e-22
3.802551088418833327e-22
3.378705575423709846e-22
4.368044530966174666e-22
3.472493360399146456e-22
3.836976128149323084e-22
7.807785446559739942e-22
3.873498545724235034e-22
5.263137884325962292e-22
6.857446732881422432e-22
4.210238790044756765e-22
8.154794956107680006e-22
2.583772765027917197e-22
4.941790973926022055e-22
5.382045467094398530e-22
3.729459157631405483e-22
2.028157661085357564e-22
4.093574645725270335e-22
4.750459503756976005e-22
4.372269299014389685e-22
5.978251709469909518e-22
4.695759650091605402e-22
5.649038324707096357e-22
2.752597369662515653e-22
6.487107321047514497e-22
3.105115518338688422e-23
6.526661016397860452e-22
5.464163741634672423e-22
4.098837261887454697e-22
5.954086863423950428e-22
6.301220843925416453e-22
3.233971672384011745e-22
3.738011662657082157e-22
6.310961151596895662e-22
4.977799782456421021e-22
5.808140827515279328e-22
3.452888725810666670e-22
4.326491731778558024e-22
2.597649724822551792e-22
4.315109768583372786e-22
6.876239368316024351e-22
4.549376410538827271e-22
3.059102894554524170e-22
5.567963100230583379e-22
2.440089833881920222e-22
4.752683828809876611e-22
1.877567282574000181e-22
6.372350536908296470e-22
3.488006441523096931e-22
3.059578942902670864e-22
2.046608059587185303e-22
2.614568209027202694e-22
3.431678494134927699e-22
3.671156543400292255e-23
2.997890503365199142e-22
2.516860970468009985e-22
2.447107273623748542e-22
3.863170161374421170e-22
7.472396019097661651e-23
3.542285420036684675e-22
-6.492517597201727521e-24
1.903637668730382492e-22
5.693411608453854060e-23
3.583148313207789845e-22
7.916410010101360143e-23
2.831012026571320520e-22
-5.132724890124654377e-23
1.763929095193402086e-22
-7.902764456439027594e-24
-4.105251310319186408e-23
1.621195504830302675e-22
-1.656165396427343239e-22
-7.153450436411250140e-23
1.247242622215077627e-22
1.090869625286442153e-22
1.066602219764831983e-22
6.274615452992049802e-23
4.494179956121863854e-23
8.003265411315445742e-24
-2.316507762605097264e-22
1.791996658863067358e-22
3.938536107048003214e-23
3.386702147142066505e-23
-4.272360067194923890e-23
1.581193287584943744e-22
1.617374446485192660e-22
9.446008312610009355e-23
-1.061041676460942172e-22
-1.216997962926967088e-22
-5.612954864082843399e-23
4.652389660825561012e-23
-8.754575178335605516e-23
-2.137117455686768365e-22
-2.442411064135248982e-22
-3.346875906069089356e-22
-3.147834963021084748e-22
-1.393682416279384448e-22
-1.677540791289831814e-22
-3.306755645161671461e-22
-3.903519822732422556e-22
-3.909438827644430488e-22
-2.028633417474017968e-22
-1.277615634024294932e-22
-2.295553787588240944e-22
-2.264519524873073641e-22
-3.724781617685225276e-22
-5.272709557691228941e-22
-3.489115653444816565e-22
-9.934211155975929832e-23
-2.990588880213385585e-22
-4.579094749416888671e-22
-4.945090850011636603e-22
-4.091732792163214621e-22
-5.254070681049934571e-22
-2.914342272504153993e-22
-2.096527707073643525e-22
-2.412648977227417650e-22
-4.080354781105134838e-22
-3.642221246399808921e-22
-2.422130093340567502e-22
-4.918218852260959909e-22
-1.878642447336697286e-22
-5.595517196049895666e-22
-4.631396634662656776e-22
-4.369122233408620662e-22
-5.162426622001362830e-22
-3.074188569717728312e-22
-5.076100457531194209e-22
-5.050831376084875328e-22
-5.275497677801954611e-22
-4.426566843691849059e-22
-4.677822401349958362e-22
-6.285800758905017804e-22
-5.291638514602984032e-22
-4.731498848678653658e-22
-5.175730221088256342e-22
-5.306377621329430943e-22
-1.721425423061693875e-22
-4.822986557138704069e-22
-3.571362604628257964e-22
-4.794711763867628202e-22
-2.880875998681334913e-22
-4.880506647121457794e-22
-5.621425727329307767e-22
-3.791476214419659351e-22
-5.755223606820634175e-22
-9.024697479470654468e-22
-4.730357927814870073e-22
-5.996403430648605747e-22
-6.420208175043316550e-22
-4.404058520596975022e-22
-3.618503063204511247e-22
-5.499037106994642021e-22
-4.200196369960160465e-22
-5.773702970883876767e-22
-4.104471633246461090e-22
-5.238393028276541763e-22
-4.465548548774035799e-22
-1.935341035301885496e-22
-7.445849563399395971e-22
-4.667864900491735240e-22
-4.119377318184203122e-22
-4.802315295337713300e-22
-4.825649887677256268e-22
-4.748355760396348667e-22
-6.023462093325558677e-22
-5.070811579411593534e-22
-5.063812029595446536e-22
-6.140178990048730164e-22
-3.074752252317384161e-22
-6.181605266418965549e-22
-4.503427099258537913e-22
-3.540286159175332595e-22
-5.566061663369192996e-22
-4.841531731573825975e-22
-3.271998224543408114e-22
-3.423745763511181526e-22
-2.582910925144682171e-22
-6.477975945592978469e-23
-3.848204114332862067e-22
-3.474506818731066861e-22
-2.378669205060870528e-22
-4.024262166873600096e-22
-1.698562457573900906e-22
-3.401202123791261702e-22
-4.819528516663586421e-23
-4.122317061954024791e-22
-1.630764934393415165e-22
-2.867686849339191204e-22
-1.464687020428192820e-22
-2.149077720586462791e-22
-3.790340019072142947e-22
-2.583015775867927697e-22
-5.028465900496357134e-22
-1.458308502310828557e-22
-1.269165059329224837e-22
-9.888244260354665350e-23
-3.387970334509488293e-22
-1.352836356976841298e-22
-1.706821571876521760e-22
1.220456865554443481e-22
5.282596672717200800e-23
-1.533445427803243392e-22
-1.665340423808633883e-22
-1.977633244588374698e-22
-6.924760133553747662e-23
-3.999229021184175527e-22
-1.989369787257090733e-22
-2.127872993304869389e-22
1.050188533588211226e-22
1.211575141358582686e-22
-1.550406487253282093e-22
-2.788296995682150186e-23
5.665560290107117722e-23
8.602898893087089656e-23
-1.267170071263846630e-24
-1.808860016820357113e-22
3.916521223665491271e-23
6.925804989049306761e-23
4.066848863860228526e-23
3.941528299191537255e-23
2.825523522907473813e-22
-9.238219338338465877e-23
1.852783457877574206e-22
-1.828574367365224244e-22
-1.131947403027065170e-23
5.099954708340506681e-23
3.209429582252006946e-22
6.526488868115836981e-23
1.193275116310127478e-22
1.984302074214161003e-23
5.314880997432417937e-22
3.902634663836612060e-22
2.522593579402421767e-22
3.949017078445034321e-22
3.138865627598009566e-22
3.645931228638289932e-22
2.341707375120689293e-22
3.554277978291061665e-22
5.411343803064594163e-22
1.743148751551540779e-22
4.667895345134965804e-22
2.446610575706093614e-22
4.224596741608240869e-22
4.727479589865870776e-22
3.379113102388158579e-22
2.007229592210570040e-22
4.561606844928748383e-22
1.848894527709402592e-22
4.461022192889643527e-22
3.965253864177108722e-22
3.492370273822265730e-22
5.852497074118916221e-22
3.211820947336888776e-22
4.512400503600040954e-22
2.437904914823926885e-22
4.050414754255993565e-22
1.866072137674779870e-22
4.001626332056887821e-22
4.180905341750754192e-22
5.206414512436333474e-22
3.006661817533589048e-22
6.905689542123907543e-22
3.761043827772923373e-22
4.246792337099657261e-22
7.063822178292260425e-22
4.484802099466431374e-22
6.309144183590419404e-22
4.617884256090507519e-22
6.139985202206596924e-22
3.391550680694362773e-22
2.946758359588790928e-22
4.720298037267321394e-22
4.165421406428399908e-22
5.194931648537162310e-22
3.594929159782123601e-22
7.654489502754583641e-22
4.847984395078883812e-22
4.358700068606480584e-22
4.175256854914642293e-22
4.388252658821873770e-22
7.271423242619268998e-22
3.023594059229121773e-22
5.757937398152037710e-22
7.874250287454651233e-22
3.795218334483366142e-22
4.578825947789600673e-22
6.127880102539066024e-22
4.653127887337877136e-22
3.119266206446742094e-22
5.453820930283455160e-22
5.494591053123041933e-22
3.452771345410910839e-22
3.896361549744884227e-22
5.072794776212699583e-22
3.064413543093354947e-22
6.768521240986600077e-22
4.269484439801525655e-22
2.721601869904330440e-22
4.498932419492134630e-22
5.784730179552043073e-22
4.705089902693618789e-22
7.018644977203603548e-22
1.383657574996541663e-22
4.880588343802483817e-22
5.377880568570957369e-22
2.440098032093521378e-22
6.262389620138138706e-22
4.996397018021365607e-22
3.106147594173681769e-22
3.399290705147527395e-22
2.555507884348002728e-22
4.643034826171275656e-22
5.008156655141018225e-22
4.371127889893594655e-22
3.355081518690865754e-22
3.436553701527260906e-22
1.499039836196643104e-22
3.002712173873390737e-22
2.244031313931445656e-22
3.423841031153300908e-22
2.387555542174340082e-22
3.130380277504179565e-22
-9.807094764045002605e-23
4.619056958327253614e-22
3.245877894521739511e-22
6.504466460196302539e-23
2.249624516717591220e-22
1.628115045378575485e-22
3.394160669932744055e-22
3.854257199720042080e-22
6.197086249857725602e-22
-3.142905445283609814e-23
3.293995377051754950e-22
-4.428680010332912274e-23
3.230838359464616763e-22
1.125760876221804771e-22
3.548604062527583422e-24
1.361905266068095039e-22
2.488649365693905740e-23
9.032535066087736780e-23
-3.978168664671494210e-23
2.532677563707149656e-22
-2.175934569911077909e-22
-7.615027735563275289e-23
-1.179121337028342302e-22
-1.937744841669133107e-22
-4.088769594870141792e-24
-8.263294697836298922e-23
1.367826246956199540e-22
-2.866019921179681046e-22
4.130076800911322619e-23
-2.870042332600273809e-22
-1.239300175559311823e-22
-5.868054225963615046e-23
-5.546811330038875116e-23
-1.559965860203784047e-22
-1.125959626672022821e-22
6.086437829821386916e-23
-2.991676837549589537e-22
2.234528877533447293e-22
-3.640572381737528840e-22
7.511543118825710239e-23
-3.770646698060294619e-22
-2.690065851372779065e-22
-1.864243849179597552e-22
-1.949932981579009346e-23
-3.718633761274731755e-22
-3.019246160078478120e-22
-3.095268026898384441e-22
-1.222431950668335830e-22
-5.177342054210306519e-22
-8.904966190772978577e-23
-1.657545099864135077e-22
-7.368938257450819899e-23
-3.524327177132984272e-22
-3.410885409792516935e-22
-3.168861364397189845e-22
-2.695542411104309630e-22
-2.690703935075774959e-22
-3.538440163229892063e-22
-4.011524962170072737e-22
-3.867977845544954587e-22
-5.411866372492235752e-22
-1.696930532613109792e-22
-4.261237706090900445e-22
-4.737283062863891028e-22
-4.482967650230290277e-22
-6.227339860285379107e-22
-2.846369463530495611e-22
-4.795288183028649415e-22
-6.652778831401604881e-22
-5.877840022748074583e-22
-4.518233328533994797e-22
-4.299799986658920572e-22
-4.127942143010358949e-22
-6.528029357327025857e-22
-4.405339491145132034e-22
-5.673059925110474721e-22
-3.443678057830368620e-22
-4.310489600572532549e-22
-3.139271116847035915e-22
-5.785224820277675697e-22
-4.016436658825727910e-22
-6.413669277274386386e-22
-4.633552948446826267e-22
-6.611522276530570830e-22
-4.626023694768732525e-22
-5.705695833645860938e-22
-2.360771117642638803e-22
-4.999394374667283659e-22
-6.506274373146965823e-22
-3.371168230166124771e-22
-3.978192276879971962e-22
-4.676451996123794097e-22
-3.334410574099563682e-22
-4.213789120575014698e-22
-5.186810857878841416e-22
-4.723634553493981679e-22
-6.119168020866665084e-22
-6.330029536739508402e-22
-3.120509805462075618e-22
-5.698284607267342585e-22
-4.089134479920651002e-22
-5.449298100542219753e-22
-4.931397953696852413e-22
-5.258253672926598441e-22
-5.678335587817876019e-22
-5.513219791002942295e-22
-5.759598152740003598e-22
-5.359640710250829982e-22
-7.012294723904787918e-22
-3.719436852836980744e-22
-5.172032940067865671e-22
-3.527315097568219018e-22
-4.304420041636735830e-22
-3.204986506785061707e-22
-4.865049337785108906e-22
-3.058452356141730091e-22
-5.503290926251884914e-22
-3.626829638306505385e-22
-3.415099729027426190e-22
-4.573573851697176704e-22
-3.000084172311121794e-22
-4.418512746711285005e-22
-2.276879449345479332e-22
-2.521979391034054861e-22
-4.481629256255666328e-22
-1.795143078141065976e-22
-2.547470688317901547e-22
-2.923117923565677661e-22
-4.651805480939805996e-22
-9.477081628809367708e-23
-4.127441894132564495e-22
-2.823665890548428223e-22
-2.836688399318388377e-22
-2.338683197380357376e-22
-4.787150176769529550e-22
-1.044891625452541234e-22
-2.954291179466059139e-22
-3.315887468489468801e-22
-1.284307097105254627e-22
-3.164951774680360885e-22
-1.247093031690839424e-22
-6.763270276667015603e-23
-3.630605260706727218e-23
-4.087219714277956315e-23
-1.480767742423180020e-22
-1.520167834773292984e-22
-9.011333517177553529e-23
-1.158024974494203732e-22
-1.649240554435944347e-24
-1.687683780143610888e-22
-1.749342421629670220e-22
-4.599475867771026847e-23
2.188656384657700870e-23
1.476962031271192161e-22
-1.628108089131577973e-22
1.275482240253319931e-22
-4.101178640948432938e-23
-4.765621469769598011e-23
-5.132478787014472775e-24
1.895608956749009792e-22
-5.535878445274586491e-23
-8.856141637906843894e-23
-1.619712316098509284e-24
5.659254006115204075e-23
2.488322845964090251e-22
2.629317901542300702e-22
9.655069519198001322e-23
4.245018170525144076e-24
1.987135925904233585e-23
2.688355197317329736e-22
1.165657841655749797e-22
-5.000783917637443907e-23
2.555430046067786715e-22
8.948862357259988168e-23
-1.080892896315801909e-23
2.133034971567961329e-22
2.591789634170011257e-22
-6.315418525610792793e-24
3.301142036479212576e-22
4.386497913787380893e-22
2.446953150643478497e-22
5.141462527527735716e-22
3.439221389498907440e-22
6.008859784839111124e-22
2.121821080524323598e-22
3.847311930369472223e-22
9.917553298732551142e-23
4.151237733431035743e-22
2.609541210525231646e-22
3.694854296447055036e-22
4.105774767743531718e-22
3.478473326319310592e-22
5.837907450277307414e-22
4.721819170315256326e-22
4.696053352640726382e-22
3.019240674929439077e-22
2.714732000107652722e-22
5.280365612236984759e-22
5.731060894140832164e-22
3.862347748877759357e-22
3.224714511737960269e-22
4.840362647270376688e-22
3.882883198102872465e-22
5.151795230629138908e-22
4.348386555299380654e-22
6.677780684542751407e-22
1.155493599719393216e-22
4.614899024484676539e-22
4.073402148781502489e-22
5.197049051399046262e-22
5.315557736197125731e-22
6.107133691404113730e-22
6.248249041697839165e-22
3.432321739655031348e-22
6.777676740484404404e-22
5.789393397112899528e-22
5.189569324281983629e-22
4.863626680689885875e-22
5.922473072741179273e-22
5.258937826383006984e-22
4.438468826230018099e-22
6.696388759111196098e-22
5.293309056731570306e-22
6.130123825178996856e-22
5.512952348580570217e-22
2.508607374918509937e-22
3.470762731886932697e-22
2.216818644476076212e-22
4.976506088555728831e-22
4.837535039904400081e-22
6.071291557290908463e-22
5.166690971785377192e-22
4.605627815251539765e-22
2.570507501754830901e-22
4.232533155298741691e-22
5.600082202613682606e-22
6.091541727812120717e-22
3.509475315277549221e-22
1.921768104858834308e-22
5.865706888592027102e-22
4.464819189357733207e-22
4.914627334772636011e-22
5.503794332050164553e-22
4.158937841336076095e-22
4.603140126707481999e-22
3.656365504284412230e-22
2.972219543096306028e-22
3.476861804970712328e-22
3.983942075194996930e-22
5.855158116847657279e-22
5.026044431232849146e-22
3.957881634332512220e-22
3.024800193463259150e-22
2.853786831493072257e-22
2.123962227219733537e-22
4.090897771797546311e-22
5.166126705096487339e-22
2.193810925245994373e-22
5.186420868488576850e-22
3.775307337367879538e-22
3.970629039786418651e-22
3.454259951937073658e-22
1.865989390588929777e-22
1.987339199449851748e-22
2.170785803319790065e-22
1.378704729906259393e-22
4.758838893045629705e-22
2.531925873936455456e-22
2.610211903531323925e-22
4.296571277515815114e-22
4.841882978048068380e-22
2.113106194865630938e-22
7.991247218674175626e-23
3.724445703412598397e-22
1.817934217155644602e-22
2.035819803023348788e-22
1.254132920330722149e-22
1.945416312784374874e-22
-2.412234621333983420e-23
-1.528906679383158609e-23
-1.044559401135389867e-22
6.813839259707180189e-23
2.650530440436102906e-23
-8.973923666037419429e-23
5.797350158121791281e-23
2.135733653751511327e-22
7.351703257211288164e-24
8.506304865948965063e-24
-3.231492561949214275e-24
-4.711930731484797987e-24
-3.548929513177967462e-22
-4.198189633013303105e-23
-2.854283580354884876e-22
-4.340434406823586640e-23
1.018461471714876865e-22
-1.809847769105971646e-22
-1.186144094297535595e-22
-3.025011645837353861e-22
-2.286043891310124520e-22
2.285196323873620912e-23
-2.574393916112122080e-23
-2.676042534497314445e-22
-1.156121109845164535e-22
-2.985198202608542090e-22
-3.234220264567923449e-23
-3.931754967457629884e-22
-6.262181381605130548e-23
-4.957519900985514482e-22
-1.324470299706764697e-22
-2.441731067280769826e-23
-3.334425273707233104e-22
-1.688426682521096510e-22
-3.366265661980019951e-22
-4.948431261966729234e-22
-2.072675052714307452e-22
-4.063814811943679007e-22
-3.623835438432349443e-22
-2.542278855820643544e-22
-3.309241697231956933e-22
-3.509103744794018592e-22
-2.734592235120544650e-22
-2.819738508067823506e-22
-2.170989204412169798e-22
-2.227327758792708160e-22
-3.612321655562344024e-22
-3.871061627770783434e-22
-5.913907055043672535e-22
-4.078720841902698581e-22
-5.016475312001037792e-22
-3.000127843523150752e-22
-3.537321657214660216e-22
-5.495366369450723696e-22
-3.346437026248337262e-22
-4.049235880525962635e-22
-3.254269207094975226e-22
-4.406313329855584501e-22
-4.230490049324378667e-22
-3.018475506262544928e-22
-5.741952900979435643e-22
-3.527351781749969348e-22
-6.969745249335358622e-22
-5.474684350219069908e-22
-6.860395508839841032e-22
-3.922719122317751249e-22
-7.463400578653692266e-22
-4.468079242925620093e-22
-5.104348622711200681e-22
-5.723253131892040667e-22
-5.189445949770914961e-22
-3.849026551495864120e-22
-3.728438954541593960e-22
-7.407831567419532809e-22
-6.109019458532538023e-22
-5.964302627997025218e-22
-3.713597324090305715e-22
-5.711756676551929883e-22
-4.332453421546510944e-22
-5.560375395868870932e-22
-3.410187322019004322e-22
-7.231372569752821740e-22
-2.675964345439601849e-22
-4.232907046227227328e-22
-5.192261632533989346e-22
-3.193292293371571250e-22
-5.641342972745912642e-22
-3.414869589896384484e-22
-6.843743403008184403e-22
-3.061212789365563649e-22
-5.451766346098507961e-22
-5.167399002989984800e-22
-4.578277675292085375e-22
-4.098742375138620539e-22
-5.272327937435339951e-22
-5.327306644754640046e-22
-6.907900891361541924e-22
-5.000819872143929759e-22
-3.794801534118459333e-22
-3.855414317201244871e-22
-5.758360278967967128e-22
-4.862854653041250418e-22
-2.900379276691894770e-22
-4.220357157992043477e-22
-4.338934670786049992e-22
-3.577184592864498413e-22
-1.802818216913042157e-22
-4.271277412427925174e-22
-3.278948823658390069e-22
-2.773847529349132122e-22
-3.708762617729554912e-22
-5.092848064235105292e-22
-1.600867783037046603e-22
-4.551102598738217089e-22
-2.858420163119697266e-22
-9.287458697441121171e-23
-4.366347238425398756e-22
-2.688011614777044526e-22
-1.533478662441750264e-22
-1.277843152624957975e-22
-1.280433399849803890e-22
-2.310842501023134704e-22
-1.063054605710033546e-22
-1.272240413818875316e-22
-1.394897655551750973e-22
-6.846913171283794073e-23
-3.244314089687446828e-22
-3.760768998042403342e-23
-3.257801034035797322e-22
-2.345201281511875744e-23
-2.501731729781991656e-22
1.612566377386978431e-22
-2.652353369769326698e-22
-2.820467420362699217e-23
2.507783523796649089e-22
-1.255296370294515730e-22
-3.257546689352245415e-22
2.112292952243593881e-22
-1.024559509488286735e-22
1.257313466527468744e-22
-2.383244652798983099e-22
-3.992499316543062399e-23
-2.456883574835547181e-22
-5.523574380463582110e-23
7.257569621383890884e-23
1.266287340438959809e-22
8.802542465495965393e-23
-5.552956886336304648e-23
2.596602633484593676e-23
5.805801736024401188e-23
2.365212508776564068e-22
7.709686575744147409e-23
3.237054136633895208e-23
2.206530937119512062e-22
6.735237304432939395e-23
2.949860847901376127e-22
2.635033603859487099e-22
1.146366801001984098e-22
2.580255741433841218e-22
1.960351975247178292e-22
3.491829811163317288e-22
4.046328688379788082e-22
-5.230355174659604730e-23
3.681870622519914788e-22
3.297811398665688829e-23
2.390031250820728019e-22
3.004512028453771445e-22
2.602121792979594935e-22
3.192849901244841697e-22
3.838829154332191569e-22
2.855527486009645133e-22
1.904915377708470262e-22
4.228568831664739505e-22
5.107454955150891955e-22
5.342568095300891929e-22
5.781424819796212155e-22
2.515585499640392871e-22
4.154326862185155380e-22
5.817518772267203058e-22
3.194684653173390079e-22
4.662754031603643624e-22
3.202778976049901484e-22
5.392183520139514941e-22
3.064509088454200383e-22
4.859719743326916114e-22
4.819070991838130588e-22
6.426870461721269541e-22
4.548914476385016118e-22
4.178214911188588772e-22
5.837003606196103114e-22
5.319712250142038963e-22
4.165278927707638733e-22
4.293044715761468039e-22
6.204915117698219736e-22
3.580350591407929225e-22
6.535694947247532238e-22
5.591011872401617065e-22
5.251884074590855143e-22
4.644933603943287687e-22
5.405243628116772758e-22
5.494624665308480909e-22
4.203204181612466393e-22
3.989380041300046428e-22
2.973164530540044575e-22
5.050443908721356272e-22
4.921518473525514922e-22
5.579186974402026934e-22
4.378791909045292660e-22
5.167948815998446297e-22
1.401404318664943279e-22
7.396672298013278005e-22
3.766828258763236915e-22
6.459513789943994969e-22
4.518140623339918227e-22
5.003317836558720999e-22
3.910882417720957881e-22
6.865939755855375212e-22
4.731241252679981279e-22
5.388594577474749043e-22
3.406829260178619705e-22
6.583539282172966698e-22
2.821716929314748290e-22
4.593965889278037854e-22
5.406746245881655766e-22
4.841212737321341008e-22
5.172958279147405925e-22
3.766378871410860795e-22
5.309283898271580034e-22
4.399402071651274154e-22
2.943865687887632169e-22
4.966231918849358675e-22
3.441621980154010396e-22
1.632488292939091237e-22
4.780555605190491436e-22
1.993338282257036455e-22
4.326813892264339382e-22
3.514463503139278459e-22
2.508108940320028474e-22
3.657879441884649078e-22
3.396928564802232705e-22
3.130462415703805565e-22
5.134405291152012856e-22
1.450048310296184602e-22
3.337973481980840319e-22
5.817994437993230663e-22
3.113737522490199655e-22
2.850663524295017727e-22
2.916921644360739465e-22
2.889742864497500075e-22
3.442314612623247806e-22
1.099535192304758541e-22
3.917201135900416787e-22
4.749747367390192643e-22
1.803446378885924823e-22
2.654288691955343259e-22
2.584682923375469418e-22
2.298164054489336914e-22
3.135972492309494967e-22
-1.531534431253541931e-22
8.441962439875180843e-23
-1.227633683753946984e-22
2.952363256579324240e-22
-2.377821394617316192e-23
1.485747195775573573e-22
1.041541618186639335e-23
-1.303509902085813973e-22
2.444536981411913741e-22
1.020982895647610787e-22
2.221064212623416215e-23
1.284243473501950873e-22
5.464634638280159874e-23
1.174769780512343926e-22
-7.737903316117886666e-23
-3.004396212213648381e-22
3.175408745376072615e-23
-1.344427891861810327e-22
-1.421628940205506941e-22
-2.520675695266518507e-22
-1.098684372941955217e-23
-2.337020215506297125e-22
-8.970859552377904848e-23
2.255610128248294460e-23
-2.201691487992024200e-22
-1.931513930178416266e-22
-8.854095367922417163e-23
-3.844918994330815630e-22
-1.839543757486344851e-22
-3.546515197997078411e-22
-2.092058728609755373e-22
-5.090348007537451786e-23
-4.161165657497823596e-22
-2.088644607845854593e-22
-9.277654652034727478e-23
-9.743589203037377290e-23
-4.543701405405922590e-22
-2.406729367664209418e-22
-3.370932060142150910e-22
-5.173686040016290024e-22
-2.778839805468676973e-22
-3.325248258974513236e-22
-3.571436071764903479e-22
-3.934251680399541076e-22
-1.372383505439985695e-22
-8.098330324193481935e-22
-3.560173211049637622e-22
-3.761245233958847793e-22
-4.704243999727241461e-22
-1.688641173104182638e-22
-6.034507145737232653e-22
-2.662695969582939320e-22
-5.243386194562691781e-22
-2.663443902649877498e-22
-3.364449927613517573e-22
-5.082821097496273987e-22
-2.136345981566329224e-22
-5.587621416715965464e-22
-3.723651086552163240e-22
-4.244954425932982356e-22
-4.135880743690420510e-22
-5.897121677388523811e-22
-3.417980191654914302e-22
-4.450418850173212274e-22
-3.106398015033228566e-22
-3.833238418827074749e-22
-4.010276583400564592e-22
-2.710410033699884490e-22
-5.063321389748822715e-22
-4.913130766294805712e-22
-6.061483937730159711e-22
-5.922379920038998837e-22
-4.119760191296941375e-22
-6.790180311443090464e-22
-5.681381856697158038e-22
-5.050078541933383252e-22
-4.078179890650084165e-22
-6.443170062249480606e-22
-7.326808332944013184e-22
-3.702901637263499502e-22
-4.899912165896884880e-22
-4.892221044518809618e-22
-3.586867833890116799e-22
-5.173494338176528117e-22
-4.218982079880017779e-22
-5.348767032452806643e-22
-7.504158549186607443e-22
-6.597461725339628489e-22
-7.204087996722862417e-22
-4.524851421156774385e-22
-7.731746015072030459e-22
-4.215987186256576689e-22
-3.322500125265720998e-22
-6.800663735343713430e-22
-5.396315456077838884e-22
-7.010737260917475104e-22
-4.151889649011122740e-22
-3.141967972690750255e-22
-3.486464230686437006e-22
-6.738364163196450742e-22
-4.096702232202776388e-22
-4.823659635093006928e-22
-1.465520326154939344e-22
-4.201100111322881888e-22
-4.355085207061366093e-22
-2.809989370282279708e-22
-2.315864529825226613e-22
-3.106202116925545872e-22
-2.632963639753362568e-22
-2.113468037713213011e-22
-3.464769265082650556e-22
-1.380538353016240196e-22
-4.270041745672974414e-22
-2.012819279484484675e-22
-3.284045037904235945e-22
-2.885545866651813933e-22
-2.180635303752122947e-22
-4.212745331228266785e-22
-3.118433160505190318e-22
-2.763765177404977442e-22
-3.360887701473636881e-22
-2.828374296313175281e-22
-3.160201783350359288e-22
-2.203298385480196439e-22
1.254448477644669211e-24
-5.607816032503093974e-23
-4.802907290898092378e-23
-3.974336340167534857e-22
-2.213993199940915964e-22
-1.390730440418365861e-22
-1.248836869108765785e-22
-2.102074641562861031e-22
1.285075644939536861e-22
-2.547151344555044132e-22
1.070419132867771140e-22
1.131711509691336933e-22
-6.940813529854479302e-23
-2.846545897711172711e-22
-1.686796684888799594e-22
-1.258392190236526303e-22
-9.160574962672506425e-24
-1.997013996638762875e-22
-2.032012821604552128e-22
3.314280210411640654e-22
-7.733180990806767168e-23
4.248197744826652864e-22
-9.679492462744074973e-23
9.183565257675155352e-25
-8.541112882635325939e-23
1.538549907509617269e-22
2.131218351999885664e-22
2.995656333986543101e-22
2.094637338355261548e-22
4.200054995125733334e-23
6.178308935007942382e-23
1.245503130613140090e-22
-8.449647520280315072e-24
3.553296614453975660e-22
3.371145433387708679e-22
-1.373756140418221763e-22
4.672730902756633067e-22
1.857065207345055610e-22
3.245515361354383171e-22
3.168347682779238326e-22
1.763948034884456655e-22
2.853569472735991598e-22
1.731254037580244069e-23
3.879514382222321993e-22
3.842082373519312847e-22
2.195664404219522199e-22
4.890563799205464821e-22
3.927331183375097299e-22
4.100798526198553898e-22
3.288065744184800295e-22
2.221926651774230239e-22
4.318821557237928665e-22
3.202943019820936407e-22
3.372841617430461452e-22
5.596803187919715451e-22
4.580239927605542741e-22
4.701123127330098353e-22
5.307358774541488539e-22
4.518140659642083020e-22
4.765494056747595865e-22
6.410633748187018560e-22
3.766840795814822286e-22
4.662743829375084639e-22
3.031410023520675740e-22
7.029075152573610851e-22
3.239973632747012876e-22
4.741514810894343422e-22
3.722307486043462221e-22
4.055482657644795477e-22
3.776112379226322611e-22
4.159882200449995925e-22
3.834949817891237794e-22
7.404689443038674657e-22
3.115264188408594599e-22
7.119517925559190749e-22
6.167079591443645707e-22
5.924905016256566284e-22
5.751213019338423663e-22
5.362087416324450776e-22
4.680702821853600299e-22
4.049015965592725008e-22
5.437520025156068484e-22
6.675502034413514962e-22
6.276892262175589095e-22
5.877160665042005872e-22
5.923809257526946561e-22
5.077286739715596756e-22
3.484279316892844337e-22
4.323942892512403292e-22
3.963863492494082535e-22
4.410968511670386577e-22
5.561613010785753439e-22
3.480795122207489437e-22
4.114319825061237943e-22
4.283574358050169936e-22
4.994953681820480557e-22
5.466118708071411717e-22
3.531113822153107347e-22
5.027483595686825400e-22
2.327139745559656472e-22
5.131359058722663733e-22
4.662620049180685714e-22
6.162840802401590392e-22
5.626597595397606516e-23
5.765465916609209534e-22
3.637386962259289451e-22
4.811152327567875345e-22
5.001031688663968326e-22
5.824539086684960934e-22
3.521060341971477002e-22
3.667904190695879288e-22
2.255419293503502739e-22
3.992857054796949070e-22
1.024000731480524676e-22
5.288763277534988086e-22
3.211894440658542703e-22
4.775410043305449723e-22
4.766978671385809005e-22
4.543196377454513023e-22
5.799409086680964205e-22
1.732985938979254753e-22
3.947651987164249836e-22
2.237130917994243198e-22
3.152973256539249682e-22
2.775667829946476197e-22
2.866438751290524355e-22
2.523757531988120408e-22
1.616840076070156702e-22
3.218572515490834847e-22
1.981293427164050562e-22
-2.337863108667477706e-22
3.616580344543050387e-22
-1.495065308509075231e-23
3.243553271111400214e-22
6.489581833505842256e-23
-5.657266930815349054e-24
2.476443191562902593e-22
2.670371192109391109e-22
-2.461347549749586405e-23
-5.920097163323988452e-23
-7.682505250912070532e-23
1.705316095289947571e-22
8.703083518108437148e-23
3.017006145182012742e-23
2.063951486988639338e-22
-3.020674244958985333e-23
2.085785003325905416e-23
-3.943339414802957078e-23
2.998160839859602254e-23
-2.693717913163311801e-22
8.284444195841383951e-23
1.662541165487517192e-23
-4.283141826979562106e-22
-1.134381867290554416e-22
-1.930816966061185757e-22
-2.141284652119540401e-22
-1.825820695689951486e-22
-1.449057365442210592e-22
-1.338320675979214900e-22
-2.267097800035892414e-22
-1.423967774024391573e-23
-5.240094967565485283e-22
-2.792343897103693413e-22
-1.391932016821467931e-22
-2.255071803813860275e-22
-2.080280337368412392e-22
-1.991644525444623807e-22
-3.557119687866022597e-23
-3.116276299238476123e-22
-1.229240979247999884e-22
-2.846275203077830274e-22
-1.509217855729681940e-22
-1.696352012806406383e-22
-1.915389335021907215e-22
-3.577209188721092842e-22
-1.331407297542491547e-22
-4.049702964881859479e-22
-4.278524801171517021e-22
-5.312735663316957487e-22
-3.749485074806459575e-22
-4.213911008305242802e-22
-5.910235502066483216e-22
-2.696559438437585961e-22
-5.795606294963959795e-22
-2.947690864535453079e-22
-2.873391579791596881e-22
-4.711642850794812660e-22
-6.566618495449060950e-22
-5.525095346065710092e-22
-4.205529505120335385e-22
-6.811998284542580049e-22
-3.538844755770086741e-22
-6.750074961638019458e-22
-5.804006406644588271e-22
-4.834804093758052413e-22
-3.360927200409195428e-22
-1.743631554831823389e-22
-7.680233851207114617e-22
-2.875038993238990960e-22
-6.173091784401506886e-22
-4.694612926862130448e-22
-4.497429290640276962e-22
-3.917095487479439768e-22
-5.611806538781480992e-22
-5.226402433287028026e-22
-6.349407437577817919e-22
-5.869968778011164919e-22
-5.514287217534980472e-22
-5.052161928982825034e-22
-4.913698119824575581e-22
-5.194893496333643941e-22
-5.359716242729833490e-22
-4.169858204221002720e-22
-3.904815005126399965e-22
-5.019338948944871333e-22
-3.449512804035425857e-22
-5.195097804989553558e-22
-5.841331888336496127e-22
-7.096578909027330801e-22
-5.172286157748170392e-22
-4.905443644945159065e-22
-3.270448635598895473e-22
-4.612762829445854763e-22
-6.239607270616884060e-22
-4.910345303061902131e-22
-3.114242115046679356e-22
-4.144390509043745431e-22
-5.335570561176746037e-22
-2.211181754118782849e-22
-6.239155503239879899e-22
-5.392968974685661845e-22
-3.591066674176621233e-22
-6.073555285636100601e-22
-2.223382968703881132e-22
-3.411192086793931605e-22
-6.159672928659055925e-22
-4.223311830589846351e-22
-4.568739262521140351e-22
-1.831965175300668523e-22
-4.746711075681552759e-22
-3.301365704824619388e-22
-4.103984572620751184e-22
-1.568846182592173722e-22
-4.548486758491620202e-22
-3.097909553672246700e-22
-5.890969881257031254e-22
-3.436127835474331076e-22
-1.618285562334728626e-22
-3.087669499602188599e-22
-2.743258393089345307e-22
-4.411136254905603411e-22
-3.353369012005976397e-22
-2.314218269394841644e-22
-1.394834508729680253e-22
-3.407609657486483322e-22
-2.667529004270867029e-22
-9.844486070564250528e-23
-4.702949693605909674e-22
-4.827480070917002855e-23
-2.182292795968126499e-22
-1.379056731108614935e-22
1.425990209961230748e-22
-2.672514941060084073e-22
-2.843417279363873648e-22
9.710462041304493599e-23
-2.021178807080482963e-22
-1.978922910722706610e-23
-1.139324794666348753e-22
5.974037585346878085e-23
1.145419255306258894e-22
-1.590789058467268471e-22
-1.028699093648889926e-22
1.334526506434307823e-22
-7.855185452674979869e-23
2.314525392001130443e-22
-4.093448711003888558e-23
9.920322336109246374e-23
8.198134233923328414e-23
7.627742419435523193e-23
1.185014133901193177e-22
6.582432207264836630e-23
3.141361686469052455e-22
-1.343291868311959635e-22
6.935383923853238359e-23
2.346582001485448638e-22
-6.134292345528891241e-23
1.050038266468596884e-22
1.923292754354578474e-22
2.536254414438084155e-22
3.142637411543450274e-22
2.607017675058876334e-22
1.552610629811224576e-22
4.336977816609767176e-22
2.321903893697947415e-22
3.800351909730697452e-23
3.969917688028412099e-22
9.837272766040867173e-23
4.091658718875164828e-22
3.516867008604295354e-22
2.768222973165987768e-22
1.665848266616084176e-22
3.152772164165913809e-22
9.511317030174207466e-23
4.380849640502194532e-22
4.616427267599157593e-22
4.739666354794399396e-22
4.854102961774465965e-22
6.077936864269474614e-22
1.876231615113562186e-22
3.103598290243526517e-22
7.003102554753946591e-22
4.734759302565554993e-22
4.578672993940880052e-22
2.176606341651803785e-22
6.355218731870791054e-22
3.197168321950805050e-22
4.917283536226715832e-22
3.919203196201361755e-22
5.873930630279295022e-22
2.331742928793018472e-22
5.071094854028418320e-22
3.958441960175041170e-22
2.989856842613930789e-22
5.819750978893972648e-22
2.984783616804086881e-22
6.786022603954521846e-22
3.910881609108096010e-22
7.978636859501758225e-22
4.922772255735082090e-22
5.806930471409165100e-22
1.851359580548771642e-22
5.293759385987991647e-22
8.223080438447638089e-22
5.174557750065877515e-22
5.732135250149194538e-22
5.073113937380984137e-22
5.425012389177042886e-22
5.852809326270407477e-22
5.709302530309141263e-22
5.187765489914729054e-22
3.906592577367243516e-22
4.285953082404410912e-22
3.750223235379697507e-22
5.043204183012101687e-22
5.742394321785109595e-22
5.286934929723587115e-22
5.893803069129046721e-22
4.554244550092953514e-22
2.891679227362265888e-22
4.464100392710227258e-22
3.676727749688208515e-22
8.155889655093981076e-22
3.432098558011351160e-22
4.794955020369324372e-22
5.798491976677924323e-22
6.772919988980885928e-22
3.735623867532787448e-22
7.250234339248992785e-22
3.383194977189443946e-22
5.287299368106056968e-22
4.788061073914381304e-22
5.014228100208596287e-22
1.436710590483847865e-22
6.461700077615608031e-22
3.528097390244138747e-22
4.097191658031723601e-22
2.589274797985377021e-22
2.020682093673802120e-22
4.670616712545830075e-22
4.746574866223270106e-22
1.200677387377144814e-22
3.964676961713870330e-22
3.532882610283410211e-22
3.083342070365125448e-22
-8.235671739804306881e-23
3.817185115043652322e-22
4.266432540959910251e-23
3.371709567960305328e-22
2.769534293443679839e-22
3.101289227938961091e-22
1.604816911456975762e-22
4.192367861241296716e-22
2.709882064943791812e-22
5.644957155724349909e-23
1.823370845146031386e-22
3.749422858160164415e-22
2.455714451162100203e-22
-2.044819814516482062e-22
4.486922346174742152e-22
-9.647860166468573580e-23
2.781974381614735063e-22
-8.492780415642540388e-23
1.632300780247099338e-22
-4.343318677751896114e-23
4.914526698831096447e-23
1.805526591126031360e-22
1.896202324266680881e-22
1.624008034930172008e-22
7.385930332086478641e-23
-2.955071755291428408e-22
1.658273715595909640e-22
2.667991519699874631e-22
-6.509835091153374882e-23
-6.721978139608112930e-23
2.159002384478351668e-22
-1.498825322168849475e-22
-2.964158592574520950e-22
-2.129680155790434670e-22
-2.010241748691830398e-23
-3.929887751891312088e-22
-6.873335905938549257e-23
-2.293225368449006472e-22
-1.566466207914427330e-22
-3.233267795236450321e-22
-1.983446203129753310e-22
-1.908368780385272470e-22
-3.394931259109020133e-22
-7.258679450196145928e-23
-2.163960261697173228e-22
-4.047135922742077272e-22
-1.603445207800445687e-22
-3.405992502425184907e-22
-2.889557590627654894e-22
-3.969612832300024556e-22
-1.506637516637151278e-22
-9.149978246845267006e-23
-4.531839593447261408e-22
-1.948271379514342360e-22
-2.510891976744758737e-22
-3.102131950525854308e-22
-3.386454651218760060e-22
-2.423564537682804164e-22
-5.932549629975320847e-22
-3.274630761686809295e-22
-1.788555573120620358e-22
-4.650563577712904948e-22
-3.989684831972228679e-22
-5.756431985647953242e-22
-4.177025238014258298e-22
-4.914055166534364069e-22
-5.282457022100897661e-22
-6.136797765695128190e-22
-3.002592712001537927e-22
-5.856179133964233535e-22
-6.088166014214528606e-22
-3.932666814486524014e-22
-5.662265101978129414e-22
-3.274450978546388464e-22
-5.243210181384102848e-22
-4.474326048676286692e-22
-4.838332206510910683e-22
-4.040291969492542795e-22
-5.166951680234776135e-22
-6.534637881036523387e-22
-7.378945981014429488e-22
-3.374727401719245987e-22
-5.939480993961851963e-22
-5.853352206839838220e-22
-5.640312161924566565e-22
-5.164799103848168051e-22
-3.412514957708845948e-22
-5.960185836761901243e-22
-5.929693980866708140e-22
-3.826323720194006505e-22
-3.770240053520299192e-22
-3.402079978127254741e-22
-5.030246662308931659e-22
-3.708728417125144093e-22
-5.360116584802020297e-22
-4.774944016073484556e-22
-5.940234455896209466e-22
-4.434931754902296066e-22
-5.999867875129507763e-22
-6.350282346469143609e-22
-4.498483372627270009e-22
-5.914596504028367851e-22
-5.048557871291195828e-22
-6.308633922651753658e-22
-4.300719986869508317e-22
-4.685131502540282540e-22
-5.331970929044778081e-22
-5.792460700514112632e-22
-6.234235360941184668e-22
-2.140869053327072210e-22
-3.110089820752793811e-22
-7.005763497066749470e-22
-1.868998508816616448e-22
-5.770765343270420048e-22
-3.152032536478141683e-22
-5.240373889862086717e-22
-5.658439321752206182e-22
-3.791605641058631310e-22
-5.103643214920162685e-22
-4.634466972458060749e-22
3.649696540588411437e-23
-4.983588278483062235e-22
-2.346933713703087840e-22
-3.201598941776334745e-22
-2.148432255539821478e-22
-2.578924746278924506e-22
-1.968767603563510982e-22
-1.841158055735575816e-22
-1.002928660585347935e-22
-2.413144437860126755e-22
-2.319555530622718468e-22
-3.149123033407356385e-22
-3.334588121399316529e-22
-2.218331485531293415e-22
-3.155635973847225968e-22
-5.757240337120150182e-23
1.490591915534803151e-23
-3.183072178704982434e-22
-1.764334786490428460e-22
-3.127698007969979268e-22
-1.852083948296999482e-22
-2.245213904403124776e-22
-1.765931319931058677e-22
-1.551205199625954719e-22
-2.515083701871363032e-22
-1.456768616152884716e-22
-2.694804228691970287e-23
-1.709759917025292134e-22
-1.266348631953697056e-22
1.522933640994200189e-23
1.800606506323037059e-22
3.094013352512094315e-23
-1.801376094769753973e-22
1.420240808550013467e-24
2.700249324570543911e-22
-1.396227093120867175e-22
3.087808288904733485e-22
2.370670849578794660e-22
2.190778760388373386e-22
1.370705805900830669e-22
-5.219795828108686803e-24
8.517344073006199318e-24
-8.017002670258982152e-23
2.421509107175117043e-22
1.781192009831876881e-22
4.665691418452835473e-23
3.500269013990985453e-22
9.262669662161730807e-23
2.300705129608524213e-22
4.708769416572970721e-22
2.675289792288900240e-22
3.929802337621951863e-22
3.015544778375843858e-22
3.608259912268831294e-22
3.766711350229761353e-23
2.463835228473740219e-22
2.509147831589873368e-22
5.595633305458343209e-22
1.547018723974757109e-22
3.218089591344146927e-22
3.769094716042468870e-22
9.490851651264649028e-23
5.236639897980008105e-22
4.239400567326529038e-22
5.192748501116297793e-22
4.164124159649771257e-22
4.561308694036526183e-22
2.087025478473826888e-22
5.690343199576477134e-22
4.491860890531405478e-22
3.992241961230711151e-22
4.710684244484432232e-22
4.050561570884754371e-22
2.621983143192297167e-22
3.239676752913651332e-22
6.205408333737704833e-22
4.980099416817064494e-22
4.609181891387319880e-22
7.072410546417283517e-22
6.411570244226269283e-22
5.996907021535838922e-22
3.402309831873204065e-22
4.812035074438780564e-22
5.197943885813613817e-22
5.643980083335754560e-22
4.771091531678900974e-22
4.892283593262886931e-22
4.118918218322430804e-22
5.640917372913352736e-22
5.758299803741088325e-22
6.790073336599161576e-22
5.945044933967600582e-22
5.800073927091796551e-22
2.877188767325136435e-22
3.403408564552185775e-22
5.947872170083720832e-22
4.425518982575585090e-22
3.653936017066744913e-22
5.107661442889848600e-22
3.891153827785814951e-22
3.083137811957300311e-22
6.935904288239540224e-22
5.011956380168230382e-22
5.048944952752046849e-22
5.484769562179939312e-22
5.013401798989189850e-22
7.089001770994732538e-22
6.413101833682384621e-22
4.069777506218963803e-22
5.296295046160816979e-22
4.570773118102526029e-22
2.193258338015655258e-22
4.356507355753002874e-22
4.876602048069951421e-22
3.470265085240132263e-22
5.344830407063834091e-22
1.691886637518309602e-22
6.740585108383034775e-22
5.874525624303777992e-22
3.680523725964570421e-22
4.101519654011893852e-22
5.379950138647563611e-22
4.937802556502569107e-22
4.278264207393980605e-22
3.466656688504265413e-22
5.342175013735165904e-22
2.450473316945479769e-22
6.007693417019369072e-22
8.949273609229622299e-23
5.208751951023709943e-22
1.938655752161509981e-22
3.917878533698261882e-22
1.895834985898291777e-22
3.291593244723004585e-22
1.978597359584519134e-22
3.467249644001739310e-22
2.055520649678800844e-22
3.547650322980839867e-22
3.178298704535445703e-22
1.261957220179161023e-22
1.147316963259975213e-22
1.184230022884429757e-22
1.404861575367678675e-22
1.336521547141784890e-22
2.630957076387663393e-23
-5.733359679561677158e-23
2.873053480689658488e-22
2.050087937492428170e-22
7.858336834288505419e-23
9.113754389008084646e-23
-3.256896040590143201e-23
3.079114092304527467e-23
8.582342363557574449e-23
4.620695946916173066e-23
-1.695380826865925772e-23
2.422567096987557622e-22
5.792996840417436121e-23
1.034128432349504912e-22
8.534720269015274889e-23
1.024289143034675063e-22
-1.460511175490666367e-22
-1.263688511944576063e-22
-8.833409496115345076e-24
-1.960528174477567713e-22
-3.326321670696511942e-22
-2.249988559307722556e-22
-2.604980779801345696e-22
-2.509647295853385936e-22
-1.364442166820602180e-22
-2.067023027632286855e-22
-1.527992459677483528e-22
-2.758184336822962477e-22
-1.801501589193357068e-22
-2.743460197060666439e-22
-3.060057326247061500e-22
-2.776431905495703374e-22
-2.881426274002502600e-22
-2.236230843657294316e-22
-8.416345823820019545e-23
-2.391581734279543808e-22
-2.318657530013984377e-22
-1.955248354194101569e-22
-3.977066470792600388e-22
-3.094426265941038359e-22
-3.837293572409763583e-22
-5.669119576796291489e-22
-8.535513094695327485e-23
-3.839655087906341944e-22
-3.640281095601265219e-22
-3.921518663964883056e-22
-5.328157630300912563e-22
-4.824453938494226888e-22
-4.653854769442663801e-22
-2.876606828182224781e-22
-4.037625115167521700e-22
-4.618487064976463984e-22
-6.025331200836234758e-22
-2.454886631669118221e-22
-6.121907300873132218e-22
-3.703516578579455195e-22
-3.760486659817990315e-22
-3.971611928476399665e-22
-3.810440793800306744e-22
-4.496873489909872549e-22
-6.536052611625785130e-22
-4.346456640513091354e-22
-3.925652894859809382e-22
-6.066066809121494334e-22
-5.038855494933661543e-22
-4.427242545649487733e-22
-3.738660513974363194e-22
-4.093674515978782401e-22
-4.334196077649044100e-22
-5.929371869830309399e-22
-6.424706235929043796e-22
-6.040969377138022321e-22
-4.076862993938587751e-22
-6.525863105379915629e-22
-4.728966136931802784e-22
-8.056621704126532102e-22
-5.394616147010794719e-22
-5.669085237540462359e-22
-6.601130750971975048e-22
-5.176134049872431948e-22
-4.343792627230559847e-22
-4.852093656742825878e-22
-4.278064651040286095e-22
-5.902018623437774609e-22
-7.138665089496689174e-22
-4.761577326158668985e-22
-5.128352498459253954e-22
-7.815182906438479455e-22
-3.672549540323077774e-22
-3.654688105922174149e-22
-5.522682637243876275e-22
-4.143191529500337960e-22
-3.693110488177424338e-22
-3.928586409880147795e-22
-4.399678567680958643e-22
-5.818594335817957587e-22
-6.090988401369622840e-22
-3.261160937959467511e-22
-6.660018445882892579e-22
-6.333276312522612718e-22
-4.724736543205237934e-22
-4.541817362072783805e-22
-2.898444901836002062e-22
-4.983285358910715105e-22
-1.119412790195401266e-22
-4.813369810792044282e-22
-1.643986008798186066e-22
-2.306335189345721237e-22
-5.108643024991078563e-23
-5.116946972309477352e-22
-1.406405161869858255e-22
-2.468171233226298941e-22
-3.133283132993360243e-22
-3.361852129603589113e-22
-5.125242031828870845e-24
-2.877680680520448643e-22
-1.318535742201313716e-22
-1.398042434501732095e-22
-1.929656824253403743e-22
-1.052665209255250446e-22
-1.054110501466305234e-22
-1.419311855744542697e-22
-2.952558252222075181e-22
-1.185067033883180966e-22
-1.773823044833012271e-22
-3.478347629837422367e-22
-4.659970535683900044e-22
-1.895702915497525928e-22
-1.148479279211102397e-22
-1.726777871368726525e-22
-2.922568510447966048e-22
-4.614576095157053720e-24
9.113048266177011748e-24
3.446428257661836805e-23
-1.095640912408523166e-22
2.786162957345599763e-23
-5.896655148313857287e-23
6.325050856972633670e-23
1.661305480208419744e-22
1.652429316141861446e-22
1.631085626227641398e-22
1.045102397582834850e-22
-1.653992735951626218e-22
9.375857343681566926e-23
-1.067982933232115115e-22
2.230558077910295449e-22
-2.327329055305196614e-23
1.526977369553171520e-22
1.180748041855576473e-22
3.526196325797204589e-22
6.930803497766669685e-23
7.076840331172075897e-24
2.095218966336012441e-22
1.416810822986480874e-22
4.837618512029116903e-22
3.304246444738970095e-22
5.161328797339417194e-22
1.894377515933531276e-22
2.202031290260619050e-22
3.361717106436506596e-22
1.689555692442271947e-22
4.319762713265727923e-22
4.280823786564274446e-22
2.471746332985271326e-22
3.869618059600760299e-22
4.422567716846751448e-22
2.273368938781610043e-22
3.173521308472387201e-22
2.758125646814571416e-22
4.766467776477079302e-22
4.212731547906696409e-22
5.173171038978418212e-22
1.664696090955402079e-22
5.684522649995556588e-22
3.911163721689774814e-22
5.737114979175943506e-22
4.053092311812191038e-22
3.789570819270213469e-22
6.689195136707381272e-22
3.665761461349553425e-22
5.239321635902422469e-22
5.173950968197473346e-22
5.464216673672636837e-22
2.640128335349060631e-22
5.348327130122403788e-22
4.676517335721607950e-22
6.079593691795764248e-22
7.217330822082416702e-22
5.104594072108428500e-22
5.754405516395544709e-22
6.687946424850528328e-22
5.380436564886376913e-22
5.809698473962194839e-22
3.952091740946997367e-22
3.851060763618585918e-22
7.264467456839779533e-22
4.454700832548334462e-22
4.275110718837887543e-22
7.183964796435450489e-22
3.689866480887318718e-22
4.957588756649068991e-22
6.802505274250471519e-22
7.714731483352544462e-22
1.777256117045794851e-22
3.578537729218283154e-22
5.073442552845991940e-22
6.749757160914993907e-22
5.343792687523275342e-22
5.189304835256487368e-22
4.405828502876234581e-22
5.772873455744496821e-22
4.814393175085652916e-22
4.700039690904431142e-22
5.407093668098298181e-22
3.606921777738378956e-22
4.259240738988337992e-22
4.580234403122162512e-22
4.804194040689507025e-22
3.056499335874988121e-22
4.567450143873315265e-22
2.537555077017113036e-22
3.551650736924649418e-22
3.391255311011766459e-22
3.932182544641361549e-22
3.353187059346411450e-22
2.483725988260563830e-22
3.828631061826206747e-22
5.494742363773903965e-22
1.516925224834339885e-22
4.687040227746606577e-22
2.049346232717596390e-22
1.861089822148028672e-22
4.119090346231601510e-22
4.437257297010943796e-22
5.567043572654228242e-22
3.828119870928076150e-22
3.680725828696084507e-22
4.334187880147744809e-22
3.602200409176315325e-22
4.483955643397722407e-22
2.008759787269576020e-22
1.920811907703805354e-22
1.698515916681547940e-22
2.539289376201497857e-22
2.697219075638554626e-22
4.070935310973479860e-23
3.121856286503817916e-22
2.004923690626099670e-22
2.339341974499209861e-22
2.017309198979592513e-22
1.904495081573233289e-22
2.318678057093111998e-22
1.935288495633236976e-22
1.803954630180819639e-22
3.540724323303068788e-23
3.940153366704333109e-22
-1.084196654855990976e-22
-9.173247762479916754e-23
1.501038193216925830e-22
1.164425920311257334e-22
-2.036678609586989914e-22
1.264505459741113605e-23
-1.635580894128364925e-22
-2.816745896310612000e-22
-1.056386852600627783e-22
-1.230743145558544337e-22
-4.375739084556353328e-23
-4.777765513449851025e-22
-1.326006288011558162e-22
-3.423802075369463070e-22
-1.677153695512595832e-22
-4.602763605919761934e-22
-1.155816718371940106e-22
-2.230407851328362577e-22
-1.457485639757585247e-22
-1.901277097848450222e-22
-4.610949025212230744e-22
-2.295959946348087914e-22
-3.354609251206621593e-22
-2.482802723030572895e-22
-5.036885590378430376e-22
-3.277347674199899235e-22
-3.652650985206292630e-22
-1.426041406987536750e-22
-3.193373449968780932e-22
-4.205870588612546801e-22
-2.332086628934610979e-22
-3.109773495170043268e-22
-5.387957034997482317e-22
-2.254482835211526776e-23
-3.860219708729452977e-22
-8.182246690111606622e-23
-5.230154204465189546e-22
-1.921959439151805202e-22
-5.101968830596119766e-22
-3.139309029757164806e-22
-3.637280657463841485e-22
-2.187983505665251405e-22
-4.358525472712006734e-22
-2.301628412338062403e-22
-4.647411072807449057e-22
-3.828592284006869826e-22
-5.474687167711269798e-22
-4.966817486226100638e-22
-4.780741046285751541e-22
-2.613867645041965258e-22
-4.881023893253207002e-22
-3.702134320662462618e-22
-6.587949087504263474e-22
-5.530472776430661644e-22
-6.357954850327929686e-22
-4.685196038669101881e-22
-5.477253124080328170e-22
-5.115330661642444206e-22
-5.042194595798267420e-22
-7.271320053329192388e-22
-8.804864172838860764e-22
-4.579481609421372964e-22
-6.217524319082507341e-22
-5.689411589249186168e-22
-6.188835678245252532e-22
-5.249783748621347428e-22
-6.361063429952105655e-22
-2.862630247561569436e-22
-6.819838467717972669e-22
-5.066454780856366912e-22
-5.144090557695387441e-22
-5.935281028702563709e-22
-2.395157059723805663e-22
-5.710779225271882338e-22
-3.996789071147886911e-22
-4.745340975868069793e-22
-3.348681122257612705e-22
-7.747496056504182430e-22
-4.441467029023708442e-22
-5.513688737435845753e-22
-1.891382356753942514e-22
-6.833630387161662240e-22
-3.323359351252249332e-22
-8.037540171710271299e-22
-3.838090960281714770e-22
-6.083301891215109817e-22
-5.217380027582386723e-22
-5.598509622185390914e-22
-4.426453369126101456e-22
-2.796329004282925973e-22
-3.567757732489053975e-22
-3.645260208425295317e-22
-4.894307387742875852e-22
-5.938205931538343170e-22
-3.469877160922709286e-22
-3.193402971532510545e-22
-2.720834760510961935e-22
-3.346808026005629686e-22
-2.264186075482722706e-22
-2.457469129768914548e-22
-3.086527966420158008e-22
-1.823713232474821155e-22
-4.887220557402989402e-22
-3.258153365997576158e-22
-2.386361332567316348e-22
-1.284200456600465993e-22
-4.094240109415849085e-22
-2.559418941286540875e-22
-3.293369667634021560e-22
-1.659147284405169586e-22
-3.877382745708278671e-22
-6.179532545147246311e-23
-3.775784552916868973e-22
-1.948977831049851790e-22
4.668701081114495366e-23
1.006395445223113692e-22
-9.943416701337202709e-23
7.574189918155057070e-23
7.468175830085591994e-23
-2.765205348667835568e-23
-9.126912190200600378e-23
-4.440039184281920550e-23
1.234374894270301275e-22
-1.297417432978433866e-22
7.577195410075049560e-23
2.128595014760763059e-22
-1.691716898882267789e-23
-1.861739820438917574e-22
1.944169755702461562e-22
4.183320754229151599e-23
-2.913917226984243863e-23
-7.386750322556489771e-23
1.234959112360012956e-23
4.098534653925383231e-23
1.596879537941092522e-22
9.339910080339322555e-23
5.072336169389301008e-23
2.463440612591570576e-22
2.409170971243147015e-22
-5.478030042999934441e-23
2.177383643564012991e-22
1.559436355211374894e-22
2.789054298207669510e-22
2.501754736229415536e-22
1.688960197030485886e-22
2.315538336282272595e-22
1.141107935277643072e-22
4.359704152511334415e-22
2.595293578237160605e-22
2.723421574745209100e-22
3.741820257482970603e-22
3.754705483430746633e-22
3.274864957073920482e-22
8.656132841567678301e-23
4.059293122429270605e-22
2.966980856117397777e-22
3.234847725191169931e-22
2.691505612356302933e-22
5.170995677356788528e-22
4.549536079118078172e-22
2.467819115298718171e-22
2.088310363632301130e-22
8.364251378611447375e-22
5.173997625783430507e-22
5.816460034805202432e-22
3.415412581029816354e-22
6.394085651944847076e-22
3.299043404115320500e-22
6.337711637081649253e-22
5.572599029091334379e-22
7.520702922883945053e-22
4.950183736942303838e-22
6.937289824111125196e-22
2.709574590446757797e-22
4.751115004300684827e-22
6.546382939886915427e-22
6.964661102820510262e-22
4.441625663464300957e-22
5.951377693877508337e-22
5.443286865184314365e-22
3.153283298540611076e-22
5.949827043345958353e-22
7.074573477342588984e-22
2.663793430286818011e-22
7.157172170448488002e-22
4.739231729430383040e-22
7.487098723706889253e-22
3.863653566540467810e-22
5.264756916732917199e-22
5.383729078407551024e-22
6.914398649498977599e-22
2.100901572903051149e-22
3.254082456407981784e-22
4.630723204632162712e-22
5.867329665749706328e-22
5.358747442104087887e-22
4.164281765476718325e-22
2.971283322070123912e-22
5.362527096799115988e-22
4.077473609341383148e-22
5.998650389103721137e-22
2.495904433826502328e-22
5.673153974490120407e-22
4.405263641930358714e-22
3.605099695411799934e-22
5.681971631755176453e-22
4.838086024980980208e-22
6.224064567237880381e-22
3.862255746983807815e-22
4.980339689187634305e-22
5.872727052000400668e-22
4.023716068381642752e-22
4.367542397328181195e-22
7.406941616309214474e-22
3.509829326289801021e-22
2.866320599132933711e-22
2.816202578459594244e-22
3.023424365475247138e-22
5.241140744045319282e-22
2.389793258568675488e-22
4.214236354395772031e-22
3.324353540060568401e-22
4.545578034388391285e-22
3.135652618113534381e-22
4.527250102797133033e-22
3.856920703747594647e-23
1.095251432662931080e-22
2.281797568250650442e-22
7.349525039123407598e-23
2.015467898577381851e-22
2.781641360904671149e-22
1.003382201538741203e-22
-1.547714340244153391e-23
1.636738710380231596e-22
4.278155434431809340e-22
8.855576950625453715e-24
2.758487965610213288e-22
1.164041999138743939e-22
4.004204651539205299e-23
1.274057494894335160e-22
-5.798726892072114504e-23
4.872155292610674369e-23
-1.089090833693271902e-22
2.492737548794575949e-22
1.233173266530850755e-22
2.413938803376385679e-22
-8.627653683328749024e-23
7.317084721707418830e-23
-1.624570181453427514e-22
6.752402883618488957e-23
-2.465853664368385505e-23
-2.194144681417316137e-22
1.092318844815079373e-22
-6.613860423644396383e-24
-1.108525670318661157e-22
1.723740127265135496e-23
-3.106146480329098902e-24
4.326147719214387286e-23
-9.857910431322371593e-23
-2.835872177152194582e-22
-3.039759679264929737e-22
-1.434989410592883491e-22
-1.326460240671145869e-22
-2.265452490251366551e-22
-3.819519644222021448e-22
-1.525966602570583107e-22
-2.868460253247990588e-22
-2.647523878131825578e-22
-4.878484929146700671e-22
-2.986279832976783872e-22
-1.533666906633090812e-22
-3.303630259292195427e-22
-4.581098481607715527e-22
-4.588294475590514543e-22
-4.951497640555263363e-22
-4.851857512553860277e-22
-4.273251204994407149e-22
-5.899965628955302606e-22
-3.652543117740684081e-22
-4.161106933127894658e-22
-5.195570831819691125e-22
-2.049221090882239949e-22
-3.185082945194587152e-22
-6.749776293258910371e-22
-3.307791385102069745e-22
-5.620342849350398640e-22
-7.130852288507187852e-22
-2.818420204855494707e-22
-2.741952255384951870e-22
-4.455728300766923271e-22
-6.840282881996651666e-22
-5.779362289178266069e-22
-8.271927776583775674e-22
-4.758230511759899847e-22
-3.857124994379507853e-22
-2.920148702303999911e-22
-4.494182248535260700e-22
-2.617047406054677494e-22
-7.659825701219645711e-22
-4.108717901981219822e-22
-3.624725088645026426e-22
-3.765344498714357190e-22
-4.859867923934094374e-22
-4.510147615303664326e-22
-7.367231615158569329e-22
-5.359438431620527188e-22
-6.227507579806032788e-22
-4.809299780863495141e-22
-4.225095310172079905e-22
-6.313884566909802809e-22
-3.622584493946617623e-22
-4.027001225912980277e-22
-8.434794550036022694e-22
-2.998247816700086841e-22
-5.222650141006809750e-22
-3.072379047799267625e-22
-6.557497602900762931e-22
-3.827621894238065848e-22
-3.348490098657853442e-22
-6.864026643807196549e-22
-5.629450694162857700e-22
-4.294367337327236824e-22
-6.025204508882420012e-22
-4.755038070576824852e-22
-6.477052869846950818e-22
-2.982530288879143442e-22
-6.319504012156124497e-22
-2.285927521842957858e-22
-3.236233857156098662e-22
-5.673865569568249918e-22
-5.837254567723035720e-22
-5.278890719954901253e-22
-3.925684679337688816e-22
-4.096888326111502469e-22
-4.830911142150074611e-22
-5.868888431024168517e-22
-3.770918725037560082e-22
-4.092784186480801477e-22
-3.767071908378667924e-22
-4.208253613309192353e-22
-2.816316541073003859e-22
-3.541381293974084548e-22
-3.895217539614520795e-22
-3.666228259688944386e-22
-5.715307323961355714e-22
-3.192265329468558099e-22
-2.308750880132651105e-22
-3.201706299946253694e-22
-6.520003939982928148e-23
-2.659273444477914087e-22
-8.016888178214893802e-23
-2.390555392461286901e-22
-2.226962282083446363e-22
-2.460817658823789789e-22
-6.831923243060263387e-23
1.226561545085411494e-23
-2.226062635467930468e-22
1.147142788763165714e-22
-3.041249167612199407e-22
-2.006246391213686727e-22
1.288311682485733682e-23
-8.430373800099708094e-23
-1.227722815284461602e-22
6.345138257992113885e-23
6.584911889586214298e-23
2.768389139117331164e-22
3.915448543922276696e-23
-1.068382143455343761e-22
4.899142885379869725e-23
-7.917389193948584926e-23
9.998601500136628584e-24
2.042792236126580056e-22
4.158678329080830388e-23
7.939865410534698553e-24
8.996410542546752770e-23
1.365185596716211601e-22
1.624704643786375818e-22
2.133476312308655580e-22
1.159488416175748700e-22
2.390691057588151867e-22
2.564454840439067182e-22
1.237477461615384583e-22
1.883920127557360326e-22
1.843234260695919671e-22
2.333558175630031793e-22
1.948966563746080358e-22
3.429521920298085362e-22
3.387933359962022884e-22
2.845005855130765957e-22
1.855573757434759211e-22
2.547599479875593581e-22
-6.552475196458571587e-24
2.647829881277834355e-22
4.258952023854593474e-22
3.645813045245266386e-22
5.092013844238284726e-22
5.279570797631602755e-22
1.873752778054030680e-22
6.767351270035104904e-22
2.908325592264509110e-22
4.187354762746885858e-22
2.760651600768663271e-22
2.038338922076550288e-22
5.362700428855546006e-22
3.933516253475997477e-22
4.755855341674553095e-22
4.511277343365701575e-22
4.852697112749473058e-22
5.031503010353512320e-22
6.814777193382022631e-22
5.858861144350835682e-22
5.592945542765638010e-22
4.167401799439370391e-22
5.657290429901061062e-22
4.406472817828885361e-22
5.428031203606304312e-22
5.909142618132790804e-22
4.330012965104471482e-22
6.616701687460097520e-22
4.595891504553808173e-22
6.938586803457464295e-22
3.615559423416229391e-22
4.989731071076923964e-22
2.678027774744914804e-22
7.825097018637189960e-22
3.294120970166735514e-22
3.522155318940350886e-22
5.717953648551153875e-22
3.688503601928706821e-22
5.626042512900504085e-22
4.911324967404790911e-22
6.716769788656814122e-22
7.572598132086905473e-22
5.514257301543831964e-22
4.784950625779657013e-22
5.542496131051952687e-22
5.713338772841939889e-22
3.997799446608928070e-22
6.196418247326725888e-22
5.452653688310939893e-22
4.884076686975931043e-22
4.189583039996510171e-22
4.976019474196694022e-22
6.616107649023375098e-22
4.746961640678312083e-22
3.157065155904818136e-22
5.865365598340758270e-22
3.585876210451346023e-22
5.245501556010849228e-22
5.965830227347920219e-22
4.650313500090648572e-22
4.105996361601281037e-22
2.030842185679178562e-22
6.146086861109752745e-22
5.551170144644462172e-22
4.096263724591596555e-22
5.416105498674624721e-22
4.727513081957286750e-22
3.281573198728531882e-22
6.504851422079233945e-22
2.002952411057217594e-22
2.607968294687008747e-22
4.891161966825948347e-23
2.515649691399269977e-22
4.899656122212715011e-23
3.645246811390197524e-22
2.092353922895268200e-22
2.098614309460213176e-22
1.673916253208748107e-22
2.147475412605498850e-22
1.851531140907522419e-22
7.857452978077947559e-23
3.411606445817664504e-22
-1.402512658327236350e-22
3.080639689884963647e-22
8.407576947102968612e-23
1.827495899341795967e-22
2.871140637374292128e-22
3.227737757974003004e-22
-4.206921472692954659e-23
1.852059995661846295e-22
9.168664664176985451e-24
3.025406478224098179e-22
-1.398121769684897177e-24
-1.721953858486098158e-23
-1.307213080962876559e-22
-1.509382798576155206e-23
-1.013646919102388878e-22
-1.409683786760618855e-22
-3.982223974991478022e-23
-2.172056182241655146e-22
-1.159822976147449058e-22
1.167734420236731448e-23
-7.999158587335121508e-23
-7.769734409624909953e-23
-2.023878728688112370e-22
-3.059034788229842984e-22
1.305705610203238923e-23
-2.186968672091986428e-22
-3.190538545417921346e-23
-1.787489224879291276e-22
-1.264206931051785421e-22
-1.421740890401141177e-22
-1.465160779054938990e-23
-1.593923541424707100e-22
-6.768057672129420209e-23
-2.775913033977874821e-22
-3.893187023965039447e-22
-2.727648579339600773e-22
-1.740739062033770045e-22
-1.858249362895788397e-22
-6.321176727029723596e-22
-2.532450249046437742e-22
-5.025570531663427063e-22
-5.390527319282777214e-22
-2.271615814664703789e-22
-5.654230491693666133e-22
-3.829504966491512817e-22
-3.453077441106416214e-22
-3.180765491462204761e-22
-3.795339888461709105e-22
-4.606960832993105759e-22
-3.711155656578378240e-22
-7.223991417398611493e-22
-3.867497200126579909e-22
-4.470374432023207689e-22
-5.831544880325897635e-22
-5.262598402918579428e-22
-5.408515271373126447e-22
-5.687108885070158122e-22
-5.103840330128896331e-22
-3.612183573052409100e-22
-7.021684539342755567e-22
-3.594285344096590824e-22
-3.999362703399500687e-22
-5.274662558633392034e-22
-1.905068616742819507e-22
-6.530983921501130101e-22
-5.334369109370480129e-22
-5.767699281017091454e-22
-3.154932521438536875e-22
-5.740666684823767459e-22
-5.172281189776547247e-22
-6.160371912128945985e-22
-5.588857022900516334e-22
-5.084041944612584901e-22
-6.910874918858445786e-22
-5.913064104981508177e-22
-8.318465503204220348e-22
-4.991279605612405990e-22
-5.286589688632943545e-22
-7.665368859183006683e-22
-7.481935082743911923e-22
-5.549529220429321591e-22
-4.455546090033473642e-22
-1.350495390191319554e-22
-6.699389127415969098e-22
-4.617890700522770768e-22
-5.733348767379157213e-22
-4.346111296007330750e-22
-5.429619547509948008e-22
-5.843773627232705720e-22
-2.903197112594977173e-22
-6.146900763678211217e-22
-4.589710012714543760e-22
-4.147290389424718063e-22
-4.885922692589546479e-22
-5.107214169186702641e-22
-1.060233757044258570e-22
-4.176467735638331317e-22
-3.944967386847447853e-22
-3.583836094875076934e-22
-4.298182711340968571e-22
-3.515585499324783266e-22
-3.812979556178256931e-22
-1.677603663824511728e-22
-6.449606223054169651e-22
-2.687903692500195745e-22
-4.927712533116793455e-22
-3.243411000807134556e-22
-2.309837761565289108e-22
-3.353622218815193693e-22
-4.432049261328166042e-22
-6.805156980948689143e-22
-3.405735041944083119e-22
-6.825289159410964860e-23
-1.192510028026088566e-22
-2.342148395953045698e-22
-2.619335032057052114e-22
-5.555200440784998661e-25
-8.067231374739994412e-23
-9.105509156031395376e-25
-1.026833489600263047e-22
-1.936438635023703282e-22
-2.848038239572709800e-22
-2.105215059474297642e-22
-5.256038995706987424e-23
9.760747185241406500e-23
-2.539714913445815085e-22
-2.579129756429093728e-22
-2.095803293341362906e-22
3.788605556698694813e-23
-3.441868859095430709e-22
1.755660603192695979e-22
-9.467158377711369593e-23
1.760542046727724682e-23
8.112011423953712205e-23
6.823790879828131065e-23
-9.916188945498712646e-23
2.820866955275574640e-23
1.525395117382416238e-22
3.575471975001484071e-22
-6.465035100514942665e-23
1.042980235693885661e-22
3.462947981004879951e-23
-1.535744514971725000e-22
2.981070057621334400e-22
1.318298800167027429e-22
-3.263031235349746651e-23
3.608033233361604809e-22
1.674803474450074388e-22
1.377801366343234509e-22
2.079952801479255798e-22
2.675800574028372222e-22
2.799448958152925321e-22
4.179599574372813636e-22
3.032299135259121049e-22
3.550648364831943100e-22
3.162502313873983286e-22
3.189859150025664085e-22
2.660234349170917032e-22
2.289024123102806101e-22
5.504852154444285471e-22
4.082615137763466850e-22
4.308316863730965851e-22
3.096337383196953932e-22
5.993591021867494050e-22
4.486634367966849035e-22
4.415170545299546266e-22
4.639415297057854843e-22
4.245733986288471341e-22
3.920737988292826145e-22
4.877655816858907660e-22
6.757333801408579226e-22
4.942119255685437095e-22
6.022821605401336151e-22
5.384950974573112271e-22
5.834572776440388781e-22
4.225581543245918733e-22
3.888194462103561624e-22
7.844946790253891314e-22
5.391637099062377903e-22
3.569463153119276267e-22
6.664356762584319174e-22
5.274365127069969544e-22
4.261356264903071672e-22
6.171152055870568350e-22
5.317157939750088422e-22
4.068608358821033910e-22
5.174419216649723416e-22
4.314673287986041251e-22
4.093244773016767869e-22
6.522192136249194869e-22
3.518619487337772583e-22
5.382747954661570824e-22
5.205982226597409774e-22
3.358576166729220713e-22
5.780772944553777103e-22
4.589490414241249016e-22
5.316036050380880237e-22
5.993206095954899487e-22
5.429525488846990852e-22
4.857392110789554264e-22
5.344559380863196466e-22
6.877086262959641535e-22
5.552666899042209545e-22
4.678036010682935196e-22
4.593008651561583387e-22
4.430082183939420359e-22
3.783206514619839000e-22
5.782423296008710057e-22
7.061124756903568186e-22
5.827054307378117500e-22
2.479111851832399156e-22
6.622341037005688331e-22
3.428898074383301884e-22
5.392729263077174321e-22
2.870334173020540879e-22
5.320723970584196543e-22
4.369958059591916024e-22
2.907030312005585065e-22
1.782753196437706474e-22
1.632630575697809819e-22
4.930162816294513455e-22
2.391164493206194310e-22
3.989195744416012085e-22
5.304512608907942731e-22
2.990437907576100456e-22
1.059268149128185204e-22
3.481995809779541880e-22
3.078860406133497697e-22
4.159695724630986875e-22
3.131595627878777868e-22
4.064205838496547540e-22
4.300531641188455937e-22
5.646057843990488313e-22
4.008522038074056983e-22
2.668161980786006775e-22
1.836306415959518722e-22
1.758739184980318367e-22
4.597284109754730681e-23
2.514741693901936160e-22
2.623874449780221805e-22
3.431724452645944973e-22
-1.720114136446108789e-23
2.462995727709301337e-22
-1.159476741438647195e-22
-5.927388921863448998e-23
-4.209397214595085415e-23
2.255138440259555354e-22
1.934513827072322074e-22
-7.599731735081321061e-23
9.537833703229379464e-24
-2.392371926065866000e-22
2.135601203481469002e-23
6.010649110561094558e-23
6.365577571896371415e-23
-3.826264028288758886e-22
-3.425160108935383129e-23
-3.637092582281140792e-22
-1.968955076155914402e-23
-2.635981807108959636e-22
-2.228042215947338232e-22
-4.178080909697282952e-23
-1.263434393780929896e-22
-2.729555544426060653e-22
-1.212791443060778624e-22
-3.349085903849716778e-22
1.308206632484481414e-22
-1.584787923944407053e-22
-4.214730126552911394e-22
-1.298335655761488258e-22
-4.672805447998156127e-22
-2.420057491090715564e-22
-1.423278312519087215e-22
-6.309594773784584194e-22
-3.973724248305931717e-22
-3.604331643409479863e-22
-4.753524406378208083e-22
-3.494630098028779567e-22
-3.566369201894886516e-22
-2.149900016379930726e-22
-5.282375760374072936e-22
-5.201558598398027527e-22
-5.354149224795478587e-22
-4.067010569057759801e-22
-3.726127537809649503e-22
-2.565261885885335535e-22
-6.125133691653331896e-22
-4.287826715598198976e-22
-3.638055691355218629e-22
-2.260938542652738968e-22
-6.582134846307811461e-22
-5.331661772774720860e-22
-4.885975321110578487e-22
-6.347642474591402520e-22
-6.348009621350349296e-22
-4.213659867600780923e-22
-6.126826559510448456e-22
-2.521756058013053579e-22
-5.600845650911599140e-22
-6.420172937981387726e-22
-4.959254500281739609e-22
-4.023028957021380925e-22
-3.839365856163361894e-22
-3.561089340803521785e-22
-4.859158987022615885e-22
-4.778022312612359211e-22
-3.988277862422012410e-22
-5.670904142202560837e-22
-6.534557177713257799e-22
-3.227632258847363095e-22
-5.010709266717941614e-22
-5.794928836242191938e-22
-3.731655851499048863e-22
-4.429954179687172401e-22
-4.188667283296982331e-22
-6.536809682143479323e-22
-3.952288794545624237e-22
-6.313688090700133051e-22
-5.306858243600319281e-22
-5.429505192517959601e-22
-5.860810632408851129e-22
-5.593485365118067689e-22
-4.767464911649405276e-22
-3.897787786731830191e-22
-7.149741098635691332e-22
-5.372917992395046294e-22
-6.635482170335136690e-22
-7.064139318274905819e-22
-5.370868173432066347e-22
-6.156642124694199939e-22
-4.706798213702168996e-22
-6.646206342660848147e-22
-3.104511914514776260e-22
-6.863218073675651629e-22
-5.073118628268725760e-22
-3.869452148133759374e-22
-5.883941750294774092e-22
-5.816534001941045025e-22
-4.321167885889242603e-22
-5.086196303811673248e-22
-2.243434004665771646e-22
-2.866900989983408683e-22
-4.421222274158580266e-22
-1.118491129885422559e-22
-3.877624643117666577e-22
-2.834900749021143870e-22
-2.744901940479038942e-22
-5.037537334052119844e-23
-4.703844399440286854e-22
-7.776929472535707363e-23
-7.191644411760037091e-23
-3.889736315194210136e-22
-3.210892318691512101e-24
-2.392587674063167833e-22
-2.367342178915392199e-22
-1.266624413065512244e-22
4.582977307226956100e-23
-6.596527273538962958e-23
-4.923145095980671299e-23
5.208290608545913454e-23
-1.551481493109743740e-22
8.095477991323584889e-23
4.523409034749672082e-24
-2.199345253229303695e-22
4.338605336322188579e-23
-7.167818991237331975e-23
-1.736937686665726533e-22
-1.227894191930872755e-22
1.424041566818758006e-22
-1.043373955968498680e-22
1.079876368725701867e-22
2.145259502063666768e-23
3.602678669549668177e-23
-4.094370705283878665e-23
3.102498451644032835e-22
6.885659374579941165e-23
1.815134912023347467e-22
3.732164222279701957e-22
8.491841173607041505e-23
2.224149153764331284e-22
1.963592837559523932e-22
1.707426050851785826e-22
1.953261936096689870e-22
3.688135214050771067e-22
2.623524349609166161e-22
2.380244855486552953e-22
1.796639464772004118e-22
3.304268726506186795e-22
4.365515578407660628e-22
1.872416852376297222e-22
2.025320361403980888e-22
2.702087950475989563e-22
2.309719602871420431e-22
2.481490541596670318e-22
2.472633485600916026e-22
2.830752566914804279e-22
3.823997718298752798e-22
3.309709470013093203e-22
2.426539004405447968e-22
5.002383912779607056e-22
2.512125469750932171e-22
4.016844032493561505e-22
5.335142187071772599e-22
4.029021429392398652e-22
7.068533723194537956e-22
2.104007101841048950e-22
5.204793188257745212e-22
6.565729819334829912e-22
4.943514617006865071e-22
5.866330604237701895e-22
3.855354638070958586e-22
4.392015481789824427e-22
4.397050438709712525e-22
6.080867648445498969e-22
5.047839090937759683e-22
5.533705382194119422e-22
5.705200193222061999e-22
6.174542306582169514e-22
3.381960443954314768e-22
6.732483033290295096e-22
4.851019785015730180e-22
5.482749954168597152e-22
4.332651757774995450e-22
6.618738503176969719e-22
3.964676297070166201e-22
7.447412300418334458e-22
7.544671758059326482e-22
4.796575165941510107e-22
6.317670349341638161e-22
5.006103380030068691e-22
6.809929473222227962e-22
3.761767547936696474e-22
7.775279763218665883e-22
4.288722752976109781e-22
7.218110592002264385e-22
6.993415928785917635e-22
7.263287364571134358e-22
4.481694231771103768e-22
5.919207928692666446e-22
5.439522091083296639e-22
4.807192258426158668e-22
6.116728430753316901e-22
5.562867315956369016e-22
4.312516946159090448e-22
5.350703957639703136e-22
5.159070515166208310e-22
3.059902914859254362e-22
4.491607548482432045e-22
4.666748675990142977e-22
2.586241461204234023e-22
4.275012264613073408e-22
2.335746186059863168e-22
3.862214699787394357e-22
5.963893460817144547e-22
4.208060174299717220e-22
2.447376538960628276e-22
1.219071809220515768e-22
3.116173586415770147e-22
1.689286579429273315e-22
4.856367787016630160e-22
2.372687620463647266e-22
4.548389258631401737e-22
2.459426429919449904e-22
1.973271837746876797e-22
4.514208211027365039e-22
1.544616951286199880e-24
3.536312330995438405e-22
3.395959264162518763e-23
4.326161786213831639e-23
3.570045587076186788e-22
1.656790812172185541e-22
-9.309921488119886911e-23
2.150859808959611831e-22
-6.398397789158148064e-23
2.253034697145693432e-22
-5.904863817656656909e-24
8.104843225653442568e-23
1.216766269987665070e-22
1.831378057597688343e-22
1.394246824857765540e-22
1.296412376441952617e-22
2.586288331630046318e-23
2.082834886757806426e-22
1.528068696544117842e-22
2.142241031607790208e-23
-1.890685151326502420e-22
-1.345852304420905686e-22
1.538473431390169428e-22
-1.291115404736857399e-22
8.839858737979616836e-24
-1.734428373500464137e-22
1.705696126478595221e-23
-2.786882621967229064e-22
-1.283267649747130365e-22
-3.072918603092231771e-22
4.247693110875454631e-23
-2.586086728533552931e-22
1.562159158604184693e-22
-1.656333473461967865e-22
-3.714701649041524447e-23
-1.079842648600520223e-22
-1.756224807649682511e-22
-1.776478060803855068e-22
-2.778413449449716907e-22
-1.748180912500447809e-22
-2.720951286995153732e-22
-2.918613240028348478e-22
-4.685606684842350306e-22
-5.933310068557748250e-22
-5.037952773816116212e-22
-3.530413952420919276e-22
-6.550057979778000217e-22
-3.468379971200385384e-22
-3.083560131059659057e-22
-4.208029544206916844e-22
-4.357753802947305793e-22
-6.028775641605382231e-22
-3.818001859384234428e-22
-4.881109114250151629e-22
-5.399329366123042855e-22
-5.913062281116055683e-22
-5.304842279399733521e-22
-3.507904418591222487e-22
-5.575511430640595317e-22
-6.230695409610354899e-22
-3.309871890988775323e-22
-6.024702994100779709e-22
-5.957207599182032686e-22
-4.593630935977720409e-22
-8.285999183519064175e-22
-6.241606907285619512e-22
-4.579769906243947003e-22
-4.781702169370077530e-22
-6.316716611387827689e-22
-4.857893930774126296e-22
-6.237558835004845096e-22
-6.086770290735243568e-22
-4.180818429504003095e-22
-4.464652160555711251e-22
-6.403633361213991946e-22
-5.965742552004291579e-22
-6.135681067642676333e-22
-6.374473624980648614e-22
-6.358819822268475950e-22
-3.106040071738055062e-22
-4.522112739533821985e-22
-3.444376434318378458e-22
-5.628545985733908023e-22
-4.455606341013415730e-22
-7.822337453135021182e-22
-5.686932355485145929e-22
-5.462678172458198899e-22
-3.422541691941002529e-22
-6.949825286618195488e-22
-3.778896599317134795e-22
-4.522407179049962058e-22
-2.512710836167899289e-22
-5.728647624926443525e-22
-5.392489054243300448e-22
-3.871265035001713627e-22
-2.384060615015912286e-22
-6.158824474603345539e-22
-1.921894420619592099e-22
-4.622423844885174234e-22
-5.247779260335659919e-22
-3.923642524677070695e-22
-1.210631667528719170e-22
-4.824502875869502255e-22
-5.288738106120449083e-22
-5.013320448633648589e-22
-3.482886531278984670e-22
-3.398443977868264807e-22
-4.607006333470357809e-22
-4.783935577055242529e-22
-1.995351056088575052e-22
-3.203114841787721728e-22
-6.993733603026420598e-22
-2.734051549891415198e-22
-4.012987893202830663e-22
-9.823040116128339512e-23
-1.829394758746811352e-22
-2.950741004026950940e-22
-1.291882356650232553e-22
-2.895871314963706350e-22
-1.832950218905605123e-22
-1.347615828045701874e-22
-6.122068212977366881e-23
-2.208137839597031516e-22
-2.324985635033425451e-22
-5.046634595448698890e-24
-3.854820628480391057e-22
-4.146539110046532600e-22
-4.244085106312094889e-23
-1.440431092523590608e-22
-1.611037466302839422e-22
-4.506831663792807801e-23
-5.894031809714216580e-24
-2.781036195644482498e-23
1.043690561987531548e-22
-2.207771766244835332e-22
3.392470781451086922e-22
2.725892719300376992e-23
-5.644500851073578286e-23
-2.543009020571609579e-23
2.760380078606345096e-22
-1.520110669923893780e-22
3.354372855167628336e-22
1.621262603445627944e-22
2.074140416650554474e-22
4.534570777824346958e-22
1.846664659140428236e-22
5.611422530156987204e-23
2.065525889791354985e-22
6.528919126614682265e-23
4.157342539344880862e-22
1.102216347549406220e-22
3.527411584190641356e-22
4.063907405673855689e-22
1.849826420815042347e-22
4.094043928991844481e-22
1.487655979204478872e-22
5.059586468468925281e-22
7.769756547217216492e-23
2.954934857596711411e-22
4.893204106688331092e-22
3.203974729287097398e-22
4.927372121186358184e-22
1.530455149311578568e-22
3.262471175736095382e-22
6.283567336618120587e-22
3.355783158593867700e-22
7.234173081743514378e-22
6.206120147226861023e-22
2.444702098264968470e-22
7.907066112149403722e-22
4.010271321623018488e-22
4.740804360861290697e-22
7.611978798177986401e-22
5.387861092073683197e-22
6.387463341915613119e-22
4.931598113242567060e-22
5.322251626071069711e-22
4.356541400991550929e-22
8.498354894891358611e-22
2.934263147940595797e-22
4.669965980157497041e-22
6.147575908990590504e-22
4.164252547848244293e-22
5.522945225509098142e-22
5.609403515878726390e-22
2.205175531800432098e-22
3.238818986930617435e-22
7.630206059422026693e-22
6.394064586123291222e-22
4.339374914997198807e-22
6.419288347637272666e-22
2.403787579390066543e-22
3.825562782083471729e-22
4.407260069569742334e-22
8.115714633496100693e-22
3.400295801189730324e-22
6.682446389544526001e-22
6.985120277149845328e-22
4.090519231451292261e-22
3.194636757285691535e-22
5.468411239837016988e-22
5.003250846965753414e-22
3.744739432762835735e-22
4.542140677881896540e-22
4.334273442662498225e-22
4.623926702195160497e-22
5.413786834305174284e-22
4.327391289397713060e-22
3.884789961443830745e-22
6.860559494582411128e-22
6.438744648519137888e-22
4.921689584593025536e-22
6.511408780403757516e-22
4.886792930438380070e-22
6.811037317099531859e-22
2.607209784887797526e-22
5.402339124992038721e-22
2.325313623598182588e-22
5.627843176876643770e-22
2.599039901796365511e-22
3.599232109042833421e-22
4.775966743307517868e-22
2.928229975231533408e-22
3.285837140457014316e-22
5.098190252030358643e-22
3.060826781919598168e-22
3.475962443994275060e-22
2.460306869084179262e-22
4.840108007546863620e-22
3.679544396210871878e-22
5.495755090036865418e-22
1.470600364503153478e-22
1.475391444096819964e-22
4.528331047442894538e-22
-1.129890896433352570e-22
3.710342488019670141e-22
1.052923620098958108e-22
-1.014945440064642156e-22
1.187490546278775436e-22
-1.755964307619615319e-23
-9.045992974532371535e-23
7.107315453677363425e-23
-1.120087854159139862e-22
3.352244403621669628e-22
-6.563195489910496361e-23
1.161472377868101378e-22
1.572599839774283925e-22
8.153925126703367058e-23
2.375416612143659878e-22
-7.168185001043256880e-23
9.274963944419368932e-23
-2.737138579254537693e-22
-1.197355860734814726e-22
-1.988163182010068350e-22
2.779348826176786259e-23
-3.699491938771134259e-22
-3.391763146279361122e-22
-3.096708494075144516e-22
-1.066362210005170896e-23
-4.328577946498628486e-22
-2.514571437743165697e-22
-1.019919617599094731e-22
-2.900622476794196715e-22
-2.968615753748218058e-22
-8.964137931896297520e-23
-3.070817890783072109e-22
-3.653157542755845966e-22
-3.008244719282694215e-22
-4.113356929096785315e-22
-2.200610490793779998e-22
-3.819721480748488885e-22
-5.020878300471597558e-22
-2.093780970642648964e-22
-4.645034688766199807e-22
-3.007280116639616612e-22
-4.820313432314507283e-22
-2.121774011217572122e-22
-7.086651291149432318e-22
-1.537322800817818170e-22
-3.673104952063477921e-22
-3.894788446038809525e-22
-4.997218819283568338e-22
-4.244999372008701271e-22
-5.553226013840234576e-22
-4.005378525978795547e-22
-6.125911220239563791e-22
-1.881690319116204478e-22
-6.363215214032788164e-22
-2.857093113014243761e-22
-3.960073775152474114e-22
-5.118096817967729132e-22
-3.640671026783067150e-22
-5.503964403283272691e-22
-2.432233773667744527e-22
-6.976270707360150347e-22
-2.401617633823404726e-22
-6.905862589466734100e-22
-3.302419737210067246e-22
-5.551321233202152689e-22
-6.553723590451528090e-22
-7.057929939610929019e-22
-6.541170413052621394e-22
-6.065127447411883012e-22
-7.133236280798710622e-22
-7.723156377632648506e-22
-6.461524791552013150e-22
-5.375594618810462578e-22
-5.476972650972927884e-22
-4.513217142798334778e-22
-6.230291823898204766e-22
-6.099549463953789627e-22
-5.919261619917051061e-22
-5.491002215900763475e-22
-3.469604781673380934e-22
-4.370294539159928088e-22
-6.571094161721006252e-22
-4.829462428692765030e-22
-4.743775265360919514e-22
-4.616174043475510363e-22
-6.106572070240953775e-22
-5.457099877518428045e-22
-5.012679592052351954e-22
-5.535049291541186622e-22
-6.356797470991898959e-22
-3.159047559119581045e-22
-6.183101981751322963e-22
-5.087710786120843435e-22
-3.161916656008055772e-22
-6.163697606327159595e-22
-3.565043084092150870e-22
-4.728467293114828632e-22
-4.342490556523307527e-22
-5.120972721989087527e-22
-3.202793658485727025e-22
-5.055997960725544640e-22
-3.907959522678122680e-22
-2.070713000948053684e-22
-9.549236023054464273e-23
-2.352118382965155798e-22
-2.726889726750607479e-22
-3.030762959404195212e-22
-1.657585819295846857e-22
-2.489299607383261478e-22
-2.428316446328959824e-22
-4.736087131736377765e-22
-2.662846796693190157e-22
-3.372856390460417859e-22
-1.393973354601311314e-22
4.677382300736619220e-23
-1.355483148255306278e-22
-3.232891205513368685e-23
-2.287284977536577512e-22
6.423512906617452794e-23
-3.019082289595049410e-23
-4.959172428980068168e-23
-8.729479548157560766e-23
1.139443667180148677e-22
-1.164822709262619045e-22
-6.199600362335498655e-23
-3.645313321253022412e-23
-2.627811477833170983e-22
6.465901639094546791e-23
7.372025268701393643e-23
-1.111000831068561577e-22
1.276123310841393641e-22
9.399537856534986151e-23
-5.075314274749883073e-23
1.502089375006959364e-22
3.118758459702133893e-22
3.305605293188084100e-23
4.666050685122787854e-23
3.506108491740505392e-22
1.404109702100469609e-22
4.472365758022444545e-22
1.003584101994840365e-22
1.550428862173877638e-22
2.118321267605442201e-22
1.047139540909546280e-22
4.594503569803716194e-22
3.131362359199464013e-22
3.181587125389040117e-22
3.814027318530430641e-22
4.400884313299848757e-22
1.230318288887126656e-22
8.528518832572402446e-23
2.364163352742985908e-22
4.413084666813923669e-22
3.554343913714658894e-23
5.402274796224631135e-22
5.185124828805799203e-22
3.845497550323812062e-22
5.778424238182327852e-22
3.474929424846767625e-22
4.303817463485442434e-22
3.347270418878456733e-22
8.420024081492462057e-22
1.099787299905759013e-22
6.052072341548422515e-22
4.289826069500341757e-22
6.221936178902119823e-22
5.630367523754933525e-22
4.258617807858677988e-22
4.178107844078999092e-22
7.410324046763091446e-22
6.822034247830745194e-22
6.947501585022609856e-22
3.873725473002072917e-22
5.341273529724418816e-22
5.139373730786523370e-22
7.619486450011382654e-22
3.803108129849857934e-22
8.105646134661673251e-22
4.713179300786765708e-22
3.628757978013811516e-22
5.079382232961740518e-22
7.920367627646676957e-22
3.796913080443010384e-22
6.160303410124165773e-22
5.455083000030517726e-22
6.099342131457735395e-22
6.225905029203927743e-22
6.332792325262380615e-22
5.256319385132920881e-22
3.968019493267504978e-22
4.545811649220075320e-22
6.013246279881310954e-22
4.725203995180896248e-22
3.721987316443157915e-22
5.419728111429553422e-22
6.387686268117532318e-22
4.096166533378369559e-22
5.753179720570978245e-22
3.059735964889601896e-22
4.364698928147062183e-22
4.605945738631435896e-22
6.474366221664590871e-22
5.590859056038101638e-22
4.921440499586057270e-22
6.085610547623808085e-22
4.866843962996943893e-22
4.582707398541105976e-22
5.825687481839246415e-22
4.816553763107780843e-22
4.298250421434469576e-22
2.481620594225079013e-22
4.824697125861841816e-22
2.322605161172023271e-22
2.571340429296673034e-22
3.044443684513841869e-22
1.985475929634389012e-22
5.707456234968171888e-22
3.315164591221688094e-22
2.348185139358103281e-22
3.948504326742240920e-22
5.860930177458740157e-23
2.669574481409964391e-22
1.515714311285679938e-22
2.888366025665079308e-22
1.643893775508242799e-22
3.493994667349237838e-22
3.654613068819831163e-22
3.911587617708838047e-22
9.966676152962927788e-23
1.389318923432444352e-22
-1.304119481182672066e-22
3.286217852656345936e-23
-5.607053448446606877e-23
3.913298100591211536e-23
5.619919992489468929e-23
2.870778634510980024e-24
6.710307498893053196e-23
1.380131317203331733e-22
-9.435836319245997598e-23
5.528577834588574666e-23
-1.871328491350239214e-22
-7.337948942409375912e-23
2.568055240579035919e-23
-9.297799086954411253e-23
-3.813877416023360296e-22
1.069576813945698181e-22
-1.621592059202028414e-22
-1.855608796886096195e-22
-1.452685853958554766e-22
-7.490215693609384002e-23
2.142567977578415271e-22
-2.457288183097990086e-22
-9.977052551694802055e-24
-2.276590457909084486e-22
-7.730808198835579320e-23
-2.665669611741451932e-22
-2.666091926290815898e-22
-2.953911356360556087e-22
-5.469389838485736302e-22
-3.269590839344776027e-22
-4.773382751956639395e-22
-1.748306157518768674e-22
-5.872151150187700007e-22
-4.299876913880415307e-22
-3.302787855281269872e-22
-6.072015524504489641e-22
-2.433487845321299085e-22
-4.220942361002912704e-22
-5.343723021640463177e-22
-4.968271439764560395e-22
-4.571076729533975147e-22
-4.159807295348224366e-22
-1.625030843471292050e-22
-6.438526458990549913e-22
-5.052100351397146877e-22
-3.636513908886356069e-22
-5.976552337493130142e-22
-4.497546003832576895e-22
-6.518646734834110011e-22
-4.544226974398884345e-22
-2.900695841950587673e-22
-5.289456456524246744e-22
-4.099311666071358552e-22
-5.817321125914313000e-22
-6.986167624658255968e-22
-4.469666387617218298e-22
-4.438553578153500930e-22
-2.800952492101837789e-22
-9.840918073918201068e-22
-5.398459120467705201e-22
-6.764073771438568093e-22
-7.269915457994989575e-22
-4.224275691873197200e-22
-8.474886182044734406e-22
-5.424597237037245461e-22
-6.344991605541067562e-22
-3.485870844971171325e-22
-5.391773452817601606e-22
-6.226611218674877533e-22
-5.006311628381080733e-22
-6.634469363774270860e-22
-4.566288127416139184e-22
-5.754177736432698710e-22
-5.376683911236041718e-22
-4.523106583741070769e-22
-5.738685696640264492e-22
-5.087884523415522992e-22
-6.301252986114861553e-22
-6.251904676751457739e-22
-3.979374011597748830e-22
-3.610022237392265421e-22
-3.180142350698152457e-22
-2.585476271621996936e-22
-4.146012833129025181e-22
-3.057579058495386387e-22
-5.559715541508331325e-22
-4.796417660882547200e-22
-5.627252035937136621e-22
-4.803498380134356015e-22
-4.882666527926261657e-22
-2.675650016584658945e-22
-3.151402773984792534e-22
-7.579335985628651598e-22
-3.328283575246115804e-22
-3.616503095957108973e-22
-1.707430035235288351e-22
-5.906368456699342536e-22
-3.995205008671802517e-22
-6.414966530540127314e-22
-4.565880396629882147e-22
-4.312667770834243611e-22
-1.718106250221266975e-22
-3.665427996100726223e-22
-1.285944822603210979e-22
-3.311961940525248550e-22
-6.155258673539969259e-23
-9.290637448506950324e-23
-2.697476872058800350e-22
-1.857609948876771675e-22
-1.642445471761619028e-22
-1.607146850346923029e-22
-2.789564175864089102e-22
-1.659241097460001360e-23
8.258713719689626458e-23
-1.043413481248852701e-22
1.314950166927811163e-22
-1.123968530539407583e-22
-2.614641292863891587e-22
1.485758829424603056e-22
-1.527893798393185714e-23
1.265444293258430903e-22
1.110173802147578357e-22
-1.940045196395627383e-23
2.171815431232237153e-22
1.950770817172073269e-22
-9.649049333052336110e-23
2.201976522131624079e-22
3.233611692535157160e-23
4.032257133730954577e-22
6.540170323522735796e-23
2.382356831150695245e-22
2.373901645154905813e-22
2.898724758828449649e-22
-5.048578254269598266e-23
4.210584524266769316e-22
6.171861253543790102e-23
3.744133940760742452e-22
2.176733968972747660e-22
2.793138252618731672e-22
6.650374359738923573e-23
4.663762988778015018e-22
3.248954038023846526e-22
5.032371447231298174e-22
3.258621756186827874e-22
2.685105688690048937e-22
4.887255659743887998e-22
3.858942120807210600e-22
4.148581318463053284e-22
4.811645703627116778e-22
2.392295373587115045e-22
4.067451428737417945e-22
4.699833662693055120e-22
3.756305072491966681e-22
5.676409037965396369e-22
1.143607083735072212e-22
3.956803706565802573e-22
5.044981360676900129e-22
5.755506633375669677e-22
3.714688974958749767e-22
4.652181452884103554e-22
3.257611366050988590e-22
5.459437622372111003e-22
7.627143308085236839e-22
5.585443469815804070e-22
4.770909083848266175e-22
6.640456930827652108e-22
7.005617559074571762e-22
6.528052771829533097e-22
4.025143063925259916e-22
3.229351827395308783e-22
8.047882233710148417e-22
3.702666049389910078e-22
6.001326403765280987e-22
7.273063965408485396e-22
4.063614967898725952e-22
4.245911229062251191e-22
6.318945435602977146e-22
4.226039163150708981e-22
7.196090452585096683e-22
4.918125753419211225e-22
6.803074518981106078e-22
4.882973695036657492e-22
7.379960804306238768e-22
5.650891864316776995e-22
6.958748987835563126e-22
6.872387202215451534e-22
6.795495122686797244e-22
6.135877895098694710e-22
6.982401747339474134e-22
5.554488205731872237e-22
5.489781245654230154e-22
7.409071085393826664e-22
4.738404140076953185e-22
6.628906231887016327e-22
5.365257640655081234e-22
2.503746251570147171e-22
3.733051237772418007e-22
4.020928685255750558e-22
1.116712592349873402e-24
6.929093960699811446e-22
4.433052420762121994e-22
2.894841809176236985e-22
4.296737401941706668e-22
3.803290098601816882e-22
4.356927276504543431e-22
1.846441421138240101e-22
3.957037260850338466e-22
1.701951148899729127e-22
3.430545066112623591e-22
1.693201943638949788e-22
8.557913680227179697e-23
3.524166592048837211e-22
5.533493202783666058e-23
1.837992724193037393e-23
2.272539278354786004e-22
1.880372394917273662e-22
3.357129600259500207e-22
2.912306084159272449e-22
2.958517800914561063e-22
1.672480307016286574e-22
4.190558007598382419e-23
2.408287518057986095e-22
1.208903051655023349e-22
1.157470375939830777e-22
-9.799125084556737804e-24
2.961121528880742792e-23
2.433815042601919238e-22
-1.267626110919074652e-22
2.078502812219846661e-22
8.782871646573226428e-23
6.931917591202554601e-23
-7.061539561907367854e-24
1.314308533517863687e-22
-4.142205704831973112e-23
-1.194527427094647587e-22
-3.546704420155094023e-23
-2.229467259137584602e-22
-6.087935752525398282e-23
-2.138100684631736811e-23
-4.413810263611436738e-22
-1.129763796018762446e-22
-2.840698622520604007e-22
-1.782785523675798584e-22
-1.879439418311774492e-22
-2.419901022258382413e-22
-2.165964074407502543e-22
-7.022604571905802889e-23
-1.974912250494897954e-22
-3.276195385017902150e-22
-2.450136702850022589e-22
-3.066297425114536675e-23
-5.518470444954261743e-22
-2.542328325003318858e-22
-4.440912858704755731e-22
-3.542110785216096258e-22
-2.829925027134650386e-22
-3.757212223419649868e-22
-5.225116351630964549e-22
-2.811649225371966300e-22
-4.558978375589502807e-22
-6.031547844517584892e-22
-3.807041002188467648e-22
-4.358294994344335623e-22
-5.152336689039795163e-22
-8.125547183895586354e-22
-2.857439834944348744e-22
-7.065829108394275940e-22
-6.352458437909498393e-22
-5.070490131881068351e-22
-3.280129234247181951e-22
-8.592567016694387903e-22
-3.804686028919657078e-22
-5.916746867711172994e-22
-5.094751582166198369e-22
-4.843984459126294176e-22
-5.841848592365962254e-22
-5.474865781070082485e-22
-5.519163583438839172e-22
-5.146870516305690008e-22
-4.706759598378337030e-22
-6.567633940743127459e-22
-5.479859758195052794e-22
-5.255465984685942707e-22
-5.334301500172616799e-22
-5.590926467883745611e-22
-6.010585097376277312e-22
-4.447354477074441528e-22
-6.462136434886008054e-22
-5.953460036922482375e-22
-3.697412239672093420e-22
-8.396127729256064212e-22
-6.134512117181232943e-22
-5.538804464980503182e-22
-5.773794874099532681e-22
-4.856106277349289579e-22
-6.254168889783752686e-22
-6.577191233005596570e-22
-7.085288412661378803e-22
-4.053162653440698992e-22
-6.006900521367415741e-22
-6.104455465768072399e-22
-3.925397167169633834e-22
-4.666773404292731383e-22
-5.106904391293578219e-22
-4.324941344258313179e-22
-3.411980799462457144e-22
-3.382976195736162656e-22
-4.408093833977872006e-22
-2.543192621059864898e-22
-4.490559718645415415e-22
-4.132523877013203942e-22
-2.000042675234153308e-22
-4.710681855691399683e-22
-5.690850071826993230e-22
-1.226763046052028936e-22
-4.919935547062046339e-22
-4.242996687906010474e-22
-4.043274932259151732e-22
-1.873643332239385301e-22
-1.262233993544059951e-22
-4.408571688416244653e-22
-2.269022417504635492e-22
-4.255207015286156173e-22
-3.241010030524671979e-22
1.000240371742317581e-23
-1.727554557412325975e-22
-2.273157389553232407e-22
-1.638397039200619253e-22
-2.839218607713694744e-22
-1.394667698587637282e-22
-2.120055722455611527e-22
1.455677601821854812e-22
-6.719015626894796166e-23
-3.393728986847554132e-22
-7.311475320109511502e-23
-1.663309794856629724e-22
-2.502657495585058120e-22
1.437785451889093998e-22
2.108040582926372225e-23
1.253713790403539948e-22
-2.858259229295230471e-23
-6.325448176162391782e-23
3.184514427097824918e-23
-2.241514838396549673e-23
2.990994174645037059e-22
-5.094340448097383734e-23
8.249112226381140365e-23
1.243678627959056907e-22
1.390017913043310152e-22
8.184218351330236510e-23
9.365591184609621661e-23
1.476110295246280416e-23
2.534380879251658569e-22
2.444356804364816132e-22
2.453583703279085095e-22
2.492551838268971305e-22
1.662454279188983864e-22
3.000626532328375112e-22
3.774903848959287210e-22
5.461596808437699376e-22
5.208918421564097249e-22
2.663273741503154274e-22
3.613408315654405253e-22
2.164538704749176956e-22
3.818284777799425915e-22
2.856202589169027866e-22
4.507155421257008222e-22
4.925756581983295667e-22
7.809727527127727362e-22
3.811981311807702042e-22
4.591506370110220459e-22
3.902461251763661862e-22
3.776875891081607797e-22
5.390107720006557373e-22
6.909768015803516015e-22
3.024097969623991219e-22
6.414762537676318511e-22
4.328925518403656288e-22
5.338503166449560353e-22
6.311329066135277746e-22
3.902122199890304445e-22
5.566126933163688461e-22
7.480793082562869899e-22
5.582457744151797342e-22
6.592503200732533733e-22
5.394383087191524724e-22
4.122342383575874453e-22
7.309979639529440508e-22
7.034626461774597615e-22
5.235055545428936596e-22
4.240810066746852269e-22
4.159223921605096141e-22
7.094515470670207293e-22
6.710262544283512602e-22
4.298712448497095388e-22
6.509131255088321631e-22
4.301746027796362927e-22
5.591363955747641269e-22
6.362772270910795893e-22
6.743119490890045525e-22
6.568981642160567262e-22
5.864241702297560777e-22
4.441832136525782171e-22
2.479735139043578565e-22
4.262712664997550264e-22
6.769620718131573053e-22
6.058574682682555760e-22
3.535053303105487878e-22
6.043274094526758172e-22
5.067506265563598927e-22
5.350741130278274500e-22
6.064133740854214909e-22
4.992681155589886453e-22
3.691548583114594307e-22
4.585970195095760604e-22
3.623613252956149889e-22
3.217031575210078221e-22
1.693794321099697951e-22
2.682967457437227976e-22
3.772655304800301936e-22
4.294490864294753440e-22
6.565119905436583457e-22
3.118865177856961696e-22
3.596511211542632130e-22
4.885529685978452253e-22
2.818412376451548114e-22
3.486306386359020771e-22
4.997967102220146243e-22
3.324972320913103266e-22
4.361163293605349439e-22
2.305917390462452296e-22
3.163410255436719457e-22
1.481064305379891106e-22
2.728634400551001070e-22
3.557483042569239198e-22
3.367204536189636780e-23
2.199346810009056444e-22
2.859060022759618098e-22
4.063212446613640898e-22
-1.719431934551578721e-22
2.646045090820834659e-22
1.284767855443935009e-22
-1.073564798614253681e-22
5.460909402994473376e-23
-2.268931210350180113e-23
9.717490168955860425e-23
-8.778715143288677982e-23
1.035424415037394533e-22
-1.334172376603261426e-23
9.523040757607095859e-23
7.160123623076791327e-23
-1.703164806588933909e-22
3.561912553850191948e-23
-3.137248229364203011e-22
-5.572726722702545258e-23
3.894288897899811729e-23
-3.302148406102370761e-22
-2.500028039634653353e-22
-1.728020788881449325e-22
-5.088564580048139063e-23
-3.347766413207418287e-23
-3.629738511245431133e-22
-3.053820678201338347e-22
-1.243145033167943364e-22
-5.373736950401558892e-22
-1.617870863193780935e-22
-3.911184611166676953e-22
-2.268889326098136012e-22
-4.642558729380462275e-22
-4.861570431850543782e-22
-3.567468561120862151e-22
-4.507586278876511686e-22
-4.716014689569229215e-22
-3.133058965432729272e-22
-3.463180048953252097e-22
-5.409752546493544253e-22
-2.742266352114222690e-22
-3.910454786248199349e-22
-7.167153140175736170e-22
-5.295485895564656548e-22
-4.385862371645170254e-22
-5.717860674306044576e-22
-4.374266356781254373e-22
-5.842664539770385563e-22
-4.374721717286306466e-22
-5.459579330036393248e-22
-5.152120548272390285e-22
-5.134840000032316750e-22
-5.879774133967873738e-22
-5.807497621606264909e-22
-5.085550576356450708e-22
-5.259384891461171277e-22
-4.714960151658828429e-22
-4.898873106107677554e-22
-5.128768375467619303e-22
-7.127620217703975611e-22
-3.259471896371095762e-22
-4.735845960957721616e-22
-6.571599686818949066e-22
-5.277759958108837217e-22
-5.530346417106825654e-22
-5.280290519520137821e-22
-6.733528843893258379e-22
-5.378901334918379607e-22
-3.629750952268377302e-22
-5.043839237268944236e-22
-5.949851380580372865e-22
-8.404279407443387989e-22
-6.727929927793837398e-22
-7.088216088897023969e-22
-3.866242605940546197e-22
-4.485170413123888916e-22
-8.527415984414581818e-22
-3.972783065999920982e-22
-3.588087408500389160e-22
-6.424806898353548320e-22
-5.662927465298403037e-22
-3.085697490344097862e-22
-6.011241219033437978e-22
-5.684110985101519258e-22
-2.562162081456296885e-22
-5.703562857888701953e-22
-4.375600143655812970e-22
-5.393607279192899698e-22
-3.474639700299899564e-22
-7.551173344933585252e-22
-1.032007062432945355e-22
-3.811598764890497118e-22
-5.887500938397964272e-22
-4.055278275576572710e-22
-5.277428228820436719e-22
-4.147036883501596861e-22
-2.527564895913660917e-22
-2.433401584254903894e-22
-3.689473314254775444e-22
-2.279523181216447237e-23
-5.721991033085194812e-22
-4.273273297060016374e-22
-7.475394064552574777e-23
-3.901251761203208742e-22
-3.544187749655229503e-23
-1.171924422557125052e-22
-6.977250798045246255e-23
-4.101894761589503645e-22
-4.656905931829671734e-23
-8.099803133544566185e-23
-2.536515827936476176e-22
9.954464235297824991e-23
-2.492641559473622187e-22
-3.046901084555706883e-22
8.649284780518551361e-23
9.158653622925293769e-23
-3.893648707272076809e-22
1.660250793836811940e-23
-9.934429875173090266e-23
1.210041098205463901e-23
-5.190213871620232628e-23
5.671373332776868482e-23
-1.547404317850872840e-23
1.888608422848893971e-22
-2.503790552877024534e-22
2.843905647385544695e-22
4.851239639491742633e-23
3.076334984078548421e-24
1.900515288453387474e-22
4.578185097636660404e-22
4.416548153944693476e-23
3.849781501777264529e-22
1.609880405224415576e-22
3.195591886129233387e-22
1.555868062974396436e-22
5.717946559046913532e-22
2.614356225782456663e-22
2.350476566124867378e-22
3.195095932906762912e-22
3.024904075089600526e-22
3.969006182629857301e-22
5.549613944041428293e-22
3.135188611214122032e-22
6.303743690514066226e-22
7.105601332020057799e-22
4.933914508724342047e-22
4.038100136205925949e-22
2.957221133734207646e-22
3.981821373191930912e-22
4.195506443047933265e-22
3.585437980088218664e-22
5.630119420583437908e-22
4.598081416844508613e-22
4.077089622304134995e-22
5.925471353037211446e-22
2.899866315084258852e-22
6.005605505832723913e-22
4.962859780338710880e-22
5.668744634831971476e-22
4.576852521463890819e-22
2.577622897883144286e-22
5.368342471866950322e-22
7.121925250304747626e-22
4.481326941762481727e-22
7.559407592443159829e-22
5.386365887693996332e-22
6.397774310908005960e-22
8.174806335005620875e-22
5.559349564137132497e-22
3.551856714327286108e-22
5.135259572077450114e-22
6.189375536800848750e-22
6.044268662658119713e-22
5.650432668646820976e-22
6.353510936409670199e-22
6.612537667025958910e-22
4.197498451236661220e-22
7.054880561934924878e-22
5.971884631680563733e-22
4.047440190199922644e-22
4.984854191481564697e-22
3.728547360311100350e-22
5.537914533781122876e-22
4.571829090545293382e-22
4.833991113578906676e-22
4.840481532755365803e-22
7.422626478789968728e-22
5.544544317918140828e-22
5.622559671716163086e-22
6.200538934187109541e-22
3.995551038162024318e-22
4.074073286606821605e-22
4.477993833350182947e-22
4.653415435857836308e-22
4.764560392799191812e-22
6.622956682625842472e-22
2.828016118563866284e-22
5.267120860818397059e-22
3.156780135139604128e-22
4.689924056022948618e-22
5.260598126083392887e-22
3.943258675970926962e-22
3.807959967175140186e-22
3.445809817251297946e-22
2.152176285256540149e-22
3.656564490710135465e-22
3.331940694459277553e-22
1.370501101650018330e-22
3.933959250011199972e-22
-2.038231049654482034e-24
4.065747165171502813e-22
1.960032282040435330e-22
1.244421633359761267e-22
3.668351309274208884e-22
1.442479883876583579e-22
9.637384502662098936e-23
1.616622043142937179e-22
2.810767901641822390e-22
3.149797534656696663e-22
1.505031993078492668e-22
2.771244946205978647e-22
4.079037208376984604e-23
-1.706488776606469135e-22
1.922579027182822118e-24
5.745080370598046538e-23
1.644333189767025185e-23
-2.263456362266140278e-22
-1.468614521841095929e-22
-5.778238744782511853e-23
1.222924944134558947e-22
-3.115016050340633593e-23
-1.827897304267672411e-22
-5.432409593798287672e-23
-2.194532806822121864e-22
-1.470327868894279263e-22
-3.659788248530333287e-22
-4.502577503887115655e-22
-1.198748326855710877e-22
-2.187974823046566652e-22
-3.085473660163425537e-22
-2.768757129409038914e-22
-2.695659533830450241e-22
-3.131336996149903925e-22
-3.360194915312889231e-22
-2.498189193866094731e-22
-6.027561519297820904e-22
-3.354255546794932332e-22
-2.967792445939449313e-22
-5.051692522938000643e-22
-2.830327210202897225e-22
-4.814008924965315474e-22
-2.979847918802559391e-22
-3.724362260588041704e-22
-4.489500921864490384e-22
-3.544280006883147322e-22
-4.156783090979318767e-22
-5.374546336007272606e-22
-4.219529904239159232e-22
-7.207155749704999106e-22
-3.606968519642694955e-22
-5.862986807671520710e-22
-4.321699602567211868e-22
-6.011878686735294416e-22
-5.300563214462439754e-22
-5.208905389066896857e-22
-4.783954489025304072e-22
-4.286143076883139988e-22
-3.624970057748052348e-22
-5.187125623090222956e-22
-5.363107322651912274e-22
-6.349760425219872459e-22
-4.224014766036034238e-22
-6.186158390205027308e-22
-5.941760357887879108e-22
-5.226883203844329134e-22
-5.520270622908159909e-22
-5.384926317622836298e-22
-5.359317009970115782e-22
-6.690173884629407633e-22
-6.383737236643548547e-22
-7.132341581482831417e-22
-6.582893750633163354e-22
-7.259818796367670350e-22
-7.292738132510212503e-22
-8.556377671633678879e-22
-3.572707064152894264e-22
-4.369923330115714321e-22
-7.897796500665692168e-22
-3.662935268884773011e-22
-6.142367693196648969e-22
-6.309303163521433958e-22
-3.898722739880421163e-22
-3.569128289383052889e-22
-2.781891180404890363e-22
-6.366151285933459674e-22
-3.006430100179657511e-22
-4.548468106232991607e-22
-4.972327890196723485e-22
-3.622209581465429078e-22
-7.768570265267254538e-22
-4.805255666776093445e-22
-3.816357456745563206e-22
-4.174304703820353242e-22
-3.873133261699353898e-22
-2.755285209872300090e-22
-6.906232008534910991e-22
-4.088925498228508833e-22
-5.511984962944750883e-22
-3.940455574382591715e-22
-2.409882822154500644e-22
-3.742853225711964931e-22
-3.635785975900250940e-22
-3.521816374721609404e-22
-1.603160797107219476e-22
-2.238486232407898353e-22
-1.418261353632853276e-22
-4.804217178727488492e-22
-3.713064061626775007e-22
-4.760406472982939637e-23
-1.001873134933225469e-22
-3.711311025285944224e-22
-1.174242275503674860e-23
-3.378903057533996252e-22
-4.857607626481578820e-23
-2.194876264776258742e-22
2.856670710127300765e-24
-3.998163314356694054e-25
-4.727478582107774396e-23
1.121496876363040187e-22
2.476286994224145428e-22
-1.821192513122050131e-23
3.674583534436329521e-23
1.667590838738626424e-22
4.799138293897945196e-23
-8.498696994788281942e-23
2.507082588953794252e-22
2.646478713184537692e-22
8.939372497205348655e-23
3.279245376656658140e-24
1.432576746782479384e-22
-6.152870071478267817e-23
1.525024552185130605e-22
2.126526672906480359e-22
1.575747131435578939e-22
4.334390242911963383e-22
1.469200548267419724e-22
4.622041735652831760e-22
3.494724471715291338e-22
2.479125783753128688e-22
3.538297384201406674e-22
2.569646957577291558e-22
4.511135033815238000e-22
3.623897685343718205e-22
3.100512805965367540e-22
2.828258796246417570e-22
2.964145873339740132e-22
5.991358965895783738e-22
3.061191862623077064e-22
6.059668804224537696e-22
3.923602490999734117e-22
5.853679317878632957e-22
6.583699292783007420e-22
7.574868415571412597e-22
4.564719950648981859e-22
2.952898945411602147e-22
2.483543154065744517e-22
6.951434458673577669e-22
4.582737614040138017e-22
3.057029266748783345e-22
3.747457884597198710e-22
5.503156952738479230e-22
4.892450488800628371e-22
6.163959124793911403e-22
8.135446379894527803e-22
3.594980387107640030e-22
5.730754528322210297e-22
7.841540773475274028e-22
4.501371840831238882e-22
6.728270952489261131e-22
7.050443443225595794e-22
5.705531123238607240e-22
6.139689912818625358e-22
3.763027223327198245e-22
4.903127246974303003e-22
4.708327833644070405e-22
6.395685916049608635e-22
6.017683834977095626e-22
6.878164509253812774e-22
4.643536352428032567e-22
7.851020226223025310e-22
5.552510228577198742e-22
6.075583555263215420e-22
4.756013471607878327e-22
6.586032204719725327e-22
5.172750092872929294e-22
6.557507854682459308e-22
3.994341682425149672e-22
6.715555647014962454e-22
3.362734348111880110e-22
5.992286406079043674e-22
5.996873352331025550e-22
4.587530112440681064e-22
4.612921137317309871e-22
5.473121467537836754e-22
7.182303872422423992e-22
5.293525960122957462e-22
2.615578902930338224e-22
4.906710576232778813e-22
3.662459940091204639e-22
3.449040480600203771e-22
1.752963054561867299e-22
4.894459480996450360e-22
4.583383804467616408e-22
2.771278106187580578e-22
4.457103536908405760e-22
4.054155517497745173e-22
2.687827944263262419e-22
1.369175049444821698e-22
3.598016372896240677e-22
1.253272094489559776e-22
3.084329979562333617e-22
2.651658003984782662e-22
1.847849734962572420e-22
-1.056954080338663019e-24
7.254880529164549987e-23
1.060730993655803923e-22
1.985955169534347888e-22
7.270720390495845839e-23
1.223546076840996680e-22
-2.586197761901133034e-23
1.338407455440012235e-22
2.091812600903802689e-22
2.331058240712766895e-22
-3.584085357319333844e-23
1.564781080245126415e-22
-1.140684000906299061e-22
-3.124114128446891353e-22
-9.634223945630707772e-24
-9.240282510428857259e-23
-2.617312640971789052e-23
-3.070419762591996147e-23
-3.750702147595333598e-23
7.667323300075607977e-23
-2.087067015318012541e-22
-1.051019636796083141e-22
-2.758517840350961056e-22
-1.865515271114740141e-24
-1.652077641034395758e-22
-4.167589766045758494e-22
-2.271729312422624855e-22
-2.788947327113190502e-22
-4.851865251845813103e-22
-2.198990618568378940e-22
-3.015404917377051589e-22
-4.559783307206294925e-22
-4.697742969161115943e-22
-4.096547737205015970e-22
-5.429820151989460225e-22
-4.966020238985795202e-22
-4.055727123117106618e-22
-5.137697917676888534e-22
-5.987041870543881604e-22
-4.216199577868293884e-22
-4.701080073824658373e-22
-3.934382397174806292e-22
-3.880677279888741777e-22
-4.973782503554761999e-22
-4.674804267856926740e-22
-3.641037261749877273e-22
-4.370604582381984882e-22
-2.380384376758019808e-22
-4.663635060654502364e-22
-4.706848425371252777e-22
-6.372652125654795357e-22
-3.492297737003287347e-22
-6.520630696806666688e-22
-7.231116264425402104e-22
-4.972926788657673681e-22
-5.934265550977589834e-22
-4.831923688059952725e-22
-5.593442432156003644e-22
-6.348541154348413177e-22
-7.080149550192680252e-22
-5.507623662917021820e-22
-8.132374548975524987e-22
-5.908735504031915318e-22
-4.760032331282997894e-22
-6.420086911662217796e-22
-7.444342610694420276e-22
-4.903529150659471430e-22
-5.451973818947792106e-22
-3.500315363272597404e-22
-5.892040167285517410e-22
-6.753381456460263763e-22
-3.779742434492469381e-22
-8.958381529198408240e-22
-4.342335861329588275e-22
-5.074344915298293978e-22
-6.824910316999922057e-22
-6.004832288316417134e-22
-7.717012523950071582e-22
-5.672985971440819875e-22
-8.200124371103921093e-22
-4.312841206334755784e-22
-5.967418702175313867e-22
-3.827296919140582724e-22
-3.679493207938262598e-22
-2.944866127456775452e-22
-3.581973502525686172e-22
-2.451473269068064651e-22
-3.592128406699341407e-22
-4.552156297385215707e-22
-4.384080544934839671e-22
-3.911865735880764094e-22
-4.305560186487222960e-22
-3.847695512515453260e-22
-3.585477727196794121e-22
-3.755566497614908321e-22
-3.833010386597616710e-22
-2.046182141989531606e-22
-2.676192236129487222e-22
-1.886051372570523231e-22
-4.530102324788097793e-22
-2.864006742290455896e-22
-2.679649799227781998e-22
-2.265210571197257918e-22
-2.892904281249304985e-22
-2.254438574835054729e-22
-8.819239362895116499e-23
-2.460233004062605576e-22
-1.324769357104287396e-22
-2.373947250350384207e-22
-2.746170592350236434e-22
-1.134645594910491569e-22
-1.096407480195801918e-22
1.250681295567944327e-22
-2.149649930378352830e-22
1.333651837376048590e-22
3.638794358216407355e-22
4.652219736773123600e-23
1.660001227451330170e-22
-2.201405506376831162e-23
1.474575956607051111e-22
4.027538989961826088e-22
2.944438601104497901e-22
1.357832194272025796e-22
1.211459609730730532e-22
-1.195770554116508592e-22
5.354750732476515366e-23
2.553287172937087061e-22
2.632585537893664228e-22
2.801653571290588314e-22
8.287660064238144726e-23
2.591118901834131187e-22
3.007304374162470383e-22
9.708239637215048357e-23
3.726999941261597084e-22
3.010965154341018004e-22
3.403792017066391885e-22
2.777019278073509495e-22
3.405268751516866755e-22
4.690494422797143221e-22
3.452188573160527395e-22
6.846215740082608324e-22
6.165967308090353708e-22
2.820952572739170246e-22
5.484310448097848840e-22
5.678838573441408157e-22
5.023939273058109057e-22
5.320804513438852212e-22
3.875588352764618597e-22
4.768894325327835612e-22
4.261285891991718896e-22
4.097107851108226369e-22
6.921055474993347511e-22
4.029442995565400997e-22
6.402524102665276550e-22
3.486925346432215207e-22
7.428542823473679228e-22
7.105734448487218510e-22
4.612465672290957302e-22
4.033355487803020961e-22
5.151142300488031886e-22
7.720496452844098832e-22
6.022372397475416219e-22
4.112711326962348057e-22
6.860286982008985114e-22
6.824551847029902067e-22
6.147977328248213738e-22
6.990020096847179535e-22
6.740546541344681450e-22
5.670988106471934802e-22
6.928894782008601545e-22
6.888295768527556903e-22
6.819073068266916324e-22
5.284085609312610687e-22
6.392454471339162375e-22
4.899746840738904564e-22
7.998086408471296548e-22
4.110089956870457843e-22
5.689422794611232583e-22
4.336516341535809657e-22
2.812468461123311741e-22
5.083671168251760908e-22
5.379503830511539373e-22
3.947700312601046567e-22
3.956489323143309289e-22
4.818451348351481308e-22
5.123003258692684565e-22
5.426809819839686030e-22
3.116274350917214580e-22
4.460600529276016972e-22
6.022728701603653137e-22
3.506977158406838879e-22
4.359369012141426924e-22
3.357471357256963610e-22
4.686310464089571429e-22
4.748758077672173093e-22
5.045149673445594215e-22
1.947217882029536364e-22
5.219505419331775244e-22
2.357387567244048362e-22
2.890374425996300194e-22
3.788947405426713526e-22
3.470125198103788170e-22
2.783782125707272079e-22
1.735748155549038003e-22
4.297796020518145147e-22
4.235654010511765467e-22
2.012114745910169608e-23
1.907054476161170752e-22
-3.661570901674097681e-23
6.800568996508312857e-23
4.531074894902164541e-22
2.324773642106474757e-22
5.373329020393281938e-23
2.062747302829009566e-23
-6.039273459305985841e-23
-1.046506540455779817e-22
-6.144430883085198907e-23
1.283218766943335290e-22
-2.704251941371759394e-23
-2.195479181060298307e-22
-4.636806193025635743e-23
-4.077225732271754567e-23
-1.190744455175973330e-22
-9.230201654070140888e-23
-2.051362655738483574e-22
-1.091910490960892491e-22
-2.345441903094769059e-23
-3.003215648495198236e-22
3.491721645870963624e-23
-3.918490373183252101e-22
-4.111087171266313157e-22
-2.908615955109137367e-22
-8.321415165683753073e-23
-3.651822730816725500e-22
-3.179550667506039539e-22
-4.109188153960402683e-22
-3.024155154186837878e-22
-3.494799515706580881e-22
-3.750894101370356846e-22
-4.054152768046544672e-22
-4.957784733550589881e-22
-4.143987264801610836e-22
-4.084394929671097706e-22
-4.037571205269802603e-22
-3.652608229261064294e-22
-5.961064793853155435e-22
-5.544276787967485138e-22
-3.794161278284576822e-22
-5.937625967017916013e-22
-5.011141873454263166e-22
-3.695447398049807704e-22
-4.012523113776970532e-22
-2.635766316779534259e-22
-5.086440171598534624e-22
-5.990612113575311407e-22
-6.682242273001140202e-22
-4.790493628152898640e-22
-4.000444554457593312e-22
-8.859666614469778787e-22
-6.425723758546738197e-22
-8.234929208041007181e-22
-5.982063170516407469e-22
-6.612948427687431314e-22
-6.462037948982933016e-22
-3.051048135279305594e-22
-7.704194764933614900e-22
-5.643855993780091011e-22
-7.988802133991640689e-22
-5.180555984711636605e-22
-5.921280643652417834e-22
-5.962651186910001612e-22
-6.381229976689964917e-22
-6.717002086623425497e-22
-4.713471435561200661e-22
-4.829110921853139600e-22
-4.159327396137253080e-22
-5.406030643910666724e-22
-7.436229892180400642e-22
-4.349373499585790738e-22
-3.182703947957712027e-22
-5.500489623846076636e-22
-4.248856910659681275e-22
-7.111198227279828045e-22
-4.920206137031230940e-22
-5.275228421266254988e-22
-5.781667474382827701e-22
-3.518246082854682921e-22
-6.006045681293489768e-22
-2.816211537045069900e-22
-6.457574953625901980e-22
-2.853999692879501338e-22
-2.354076670512775523e-22
-4.966006863378426579e-22
-5.916526426440975798e-22
-3.051473633270602335e-22
-5.323117446986745583e-22
-3.231392095421713415e-22
-4.606683501149802558e-22
-5.088286935603735775e-22
-3.823060784586196616e-22
-3.617351432248635094e-22
-6.670807058164479078e-22
-1.000989145503291682e-22
-2.809219868488420028e-22
-1.913870470369111603e-22
-4.013224143398806401e-22
-2.971526647126515676e-22
-2.409535428811079280e-22
-2.084786703686475415e-22
-7.023581422825358269e-23
-1.484181423406494830e-23
-6.630284518380656738e-23
-9.300160500802553132e-23
-2.160390926883544531e-22
-4.030763592319377404e-23
-1.274063812618552294e-22
1.358630093144121402e-22
-1.801006309054809902e-22
6.607081612866876597e-23
1.661503888671970624e-22
-1.022488802994293312e-22
2.211754659034449475e-22
1.279796908917175335e-22
-1.301117306166561882e-22
1.269061110731613788e-22
5.163313424176472514e-23
2.639546452637395808e-22
1.172098722028414966e-22
4.207014811975158311e-22
1.712047925323312976e-22
1.711092544611531298e-22
3.291871334349009056e-22
3.214694124948910141e-22
2.670399930641202345e-22
3.314602384709301489e-22
3.102771550282578487e-22
2.156476046084074141e-22
4.331372958925107399e-22
5.991993928516916208e-22
2.740585102792544256e-22
5.740156023017561163e-22
2.228619211763414527e-22
3.560006729893220245e-22
4.305350670980507313e-22
3.282482662849274124e-22
4.240291696949718164e-22
5.383256302324059110e-22
6.622421765421386411e-22
6.211925892771702996e-22
5.592577415792249746e-22
5.244124310821069744e-22
5.612730424628437275e-22
4.139650231763312696e-22
3.435957444336514078e-22
3.808973746659567456e-22
7.226193142527720613e-22
6.130672627739506226e-22
4.306260373569639481e-22
6.284909784160702469e-22
5.130902966185223792e-22
5.348161982351008579e-22
5.723177736406787912e-22
3.591863461748455994e-22
6.791437328459338566e-22
5.564859176461577385e-22
4.584233246975064695e-22
5.287342661130594507e-22
3.472903743579781512e-22
6.970129516362253908e-22
8.593239651338478466e-22
5.547460586142391909e-22
7.855572042861531864e-22
4.909300403105153295e-22
3.963464832609306082e-22
8.971540969354228496e-22
5.874290835744746243e-22
5.113131859433685147e-22
7.604305108697798279e-22
7.108245194796138429e-22
3.295067194940404172e-22
3.644783841847503696e-22
5.776037413523239519e-22
5.981399022586622707e-22
5.093276991446513316e-22
7.015834569324749352e-22
4.653550262912456214e-22
6.284845050519903744e-22
3.744104113470838012e-22
6.825978716898720191e-22
5.702144352930667765e-22
5.962018624301944489e-22
4.454987132305814388e-22
3.484039830159834119e-22
3.789479807156504046e-22
3.191361206928924415e-22
6.296300744995853668e-22
1.916870787630897224e-22
5.481380696765372095e-22
2.216182003595185390e-22
2.780444683559517819e-22
3.110990472037285220e-22
4.963704797963047578e-22
1.768145687086671508e-22
2.985871244292215378e-22
2.916926814557249615e-22
3.753939353463140961e-22
3.421887485959192480e-23
4.648565168135766215e-22
1.653303057192464516e-22
1.672724678132954516e-22
2.235040228574698126e-22
-2.693170968626296863e-23
1.951741053510207323e-22
-3.171031519573423634e-23
-1.327991551953048489e-22
2.971311524845150894e-23
-1.837310431832834482e-22
8.980098728942011867e-23
2.705445799432523349e-23
-3.490892780445386837e-23
1.067539214449652428e-22
-1.385888691946089612e-22
-1.696054583490939574e-22
1.038251724011520164e-22
-9.669385573810392828e-23
3.388410639760100621e-23
-1.466784024822728821e-22
-2.849439825356691406e-22
-2.525157724680813125e-22
-4.380781152087903541e-22
-2.195010675496862395e-22
-2.325117341713695055e-22
-2.958716086599109380e-22
-2.495229251081634855e-22
-3.747856464547344620e-22
-1.488288258674256009e-22
-4.055840005809873724e-22
-1.136110407577415948e-23
-3.936029205619663616e-22
-7.356188920947933806e-23
-4.446871651921229364e-22
-5.524659513636840048e-22
-2.773643547290280253e-22
-3.551913701061415959e-22
-3.409783520841178598e-22
-2.563255107789145969e-22
-6.192768789439300614e-22
-5.344295418303421075e-22
-7.641782586673259955e-22
-7.150495687961556163e-22
-5.572320120709950130e-22
-5.700330116555025544e-22
-5.129746904238967846e-22
-5.839508195095630361e-22
-9.703067645514072015e-22
-5.621952044285533276e-22
-5.680088315903963692e-22
-5.267422091048567098e-22
-5.162550399098936934e-22
-6.849273247830074449e-22
-3.411779047049148138e-22
-5.401742954668485005e-22
-7.004901887545047394e-22
-3.585840139651779815e-22
-5.050686740793368980e-22
-4.922530939935557166e-22
-4.594453399931968104e-22
-6.017705925456302815e-22
-5.173525390354534552e-22
-6.926659999799171676e-22
-8.282872359302257633e-22
-5.058336945029973802e-22
-7.336089706983905529e-22
-6.649331337914566559e-22
-5.955757351691722209e-22
-5.270555589651688955e-22
-6.036673749857395762e-22
-5.514429199473277337e-22
-5.674962543584625466e-22
-5.206770454966919143e-22
-3.983573662887149526e-22
-5.468884567675743766e-22
-6.195147123281190326e-22
-5.783033507582307358e-22
-6.549200403687582692e-22
-4.376305928715184796e-22
-5.922392114099790250e-22
-3.635744095225276232e-22
-4.342817499499117051e-22
-6.485940242616976746e-22
-4.631380454638638549e-22
-5.463737573308199210e-22
-5.219932503691749753e-22
-2.064694240982625759e-22
-4.427180280036584074e-22
-3.260196168341322366e-22
-5.725458784554248175e-22
-3.168711219500929291e-22
-4.833262794809812003e-22
-2.746244362425128361e-22
-3.795426462119556868e-22
-8.647987266963972780e-23
-2.052287426281300428e-22
-8.460312989358418753e-23
-1.277532317782859163e-22
-6.509501713992796834e-22
-1.249409105414390290e-22
-3.823666010105266577e-22
-6.585271952676008390e-23
-2.674248510121667387e-22
-1.768172749515906519e-22
-4.409560629634132758e-23
-6.467368915422173855e-23
-1.279745017914709073e-23
8.061155434244756311e-23
-3.884883751253807161e-22
-2.059823647923139851e-22
4.214178658517365021e-22
-2.163874589395880304e-22
7.343084202555401644e-23
-3.680089782118295283e-22
1.606864206333034333e-22
-2.050278193982687749e-23
2.430549000951826748e-22
1.379780667632042596e-22
5.975708797613267100e-22
-6.882345177460969010e-23
4.181996371736636059e-22
3.725031201691098059e-22
6.675608418640489411e-23
2.945102445171866824e-22
2.126158348249326907e-22
3.259810782885721873e-22
2.686734244965388929e-22
4.447347562568939729e-22
1.457681809946706535e-22
5.009615617917587332e-22
2.643999595934467773e-22
5.483709216677932173e-22
2.622187251454555661e-22
5.613824930384070194e-22
2.988123157008138268e-22
5.888631898038652017e-22
1.810377486033134199e-22
6.221262833895234656e-22
5.411179432936992590e-22
4.593506007020227537e-22
2.245625656798967473e-22
5.892336384719500580e-22
4.534996489837875233e-22
5.120198363369522083e-22
4.803475668346599714e-22
6.215462446790703590e-22
5.626058931635738339e-22
4.910391107960469624e-22
6.466639847744420805e-22
6.403689615676159736e-22
7.201038557659516142e-22
6.262659868240878882e-22
5.207325190164128166e-22
5.860646505519909346e-22
6.794556047187749464e-22
5.040075928613799925e-22
6.219015724861571505e-22
6.078797955397000946e-22
6.650018835154739320e-22
5.985329735874610763e-22
5.724400910154270120e-22
5.502801271874149165e-22
6.811006826246936577e-22
6.922955332848055703e-22
5.739762296586620918e-22
5.451001756470057041e-22
6.751125865266027329e-22
4.122654735209514215e-22
7.169145291950249901e-22
6.670822493947609446e-22
3.739034033552014218e-22
6.431907176826812141e-22
6.277488597746285849e-22
5.694092376928593813e-22
2.035289178668961033e-22
5.134327434271009805e-22
4.311762238018124482e-22
4.882944546773521587e-22
5.357523304150682908e-22
6.212453509873143795e-22
6.510803787367363386e-22
2.292464677927029525e-22
4.497812658198568073e-22
5.350474273797046431e-22
3.775398239681552897e-22
6.124648417515075163e-22
4.177867990199570296e-22
4.214865428129369445e-22
4.548969628598338416e-22
2.149033505306023603e-22
3.892430017296122247e-22
2.886518837929682012e-22
4.293687898540719281e-22
2.364469799408925046e-22
3.656516987209799006e-22
1.604251360079385652e-22
3.799487459625260326e-22
2.087968892193272973e-22
1.534394135474286148e-22
3.795469178502197339e-23
1.543872298522828943e-22
6.016003432094812233e-24
1.094501204506406842e-22
3.829283300207466764e-22
2.189961006333463297e-23
1.669399442112277787e-22
1.263302195994230323e-22
-5.002964016894498746e-23
-6.840675579398471512e-23
-1.885547951207364671e-22
-7.396954992088636281e-23
1.411086438718297801e-22
4.045774532601507239e-23
1.328868039075164036e-22
-6.643154281042326195e-24
-1.480804680124619838e-22
-2.128699710467884073e-22
-7.965758092734288152e-23
-3.171432825677517731e-22
-3.258720731459429011e-23
-3.387569142846791652e-22
-1.494256891375167629e-22
-1.327270717515448523e-22
-5.617054957265934017e-22
-5.414445086569366047e-22
-3.511093141622309506e-22
-5.469067190854363064e-22
-4.751055247739276153e-22
-3.495358391647000402e-22
-4.471285500587134631e-22
-1.800120318726253007e-22
-5.643490146914147339e-22
-2.377975453008182916e-22
-5.964090806565674392e-22
-2.410384952541838461e-22
-4.280889834780712596e-22
-3.959783255249779982e-22
-7.273168015270544297e-22
-4.901440621769301102e-22
-6.743071797386950283e-22
-2.592121238304422068e-22
-7.881885841708762081e-22
-5.118260631453727574e-22
-8.301195270584672209e-22
-2.547074211594942858e-22
-8.102470945331621379e-22
-7.277211797323115324e-22
-3.437538506787523187e-22
-5.007272159164767743e-22
-5.279223225340871747e-22
-4.918389567257117136e-22
-6.200316017242793281e-22
-5.511423628660420187e-22
-7.771844338455732545e-22
-4.698573924525912311e-22
-7.051907513626783499e-22
-5.679889371366616775e-22
-6.888094726828046993e-22
-5.434445006025632273e-22
-7.075798331261992098e-22
-6.317014807441877049e-22
-5.113995425788928570e-22
-5.285574722236570486e-22
-4.359329476255430205e-22
-6.747652999324359743e-22
-6.509300506385714485e-22
-5.689093552896493628e-22
-4.458936122888904030e-22
-5.976311965105323506e-22
-4.999323359982721957e-22
-3.697393038090196119e-22
-5.482593832914073425e-22
-5.586840718214876328e-22
-5.534388917323525293e-22
-5.735023782448726978e-22
-5.854626828194103731e-22
-5.859795944711667505e-22
-3.612616312719721844e-22
-5.064042723871278934e-22
-4.299322670817536944e-22
-3.792151552421180991e-22
-4.175426468904544185e-22
-5.950368360830697012e-22
-5.588046883661594528e-22
-3.780197622822456717e-22
-5.573160035634252291e-22
-4.414464069477139121e-22
-3.785277373810140228e-22
-2.880352411340968389e-22
-3.353797328219882901e-22
-3.045328091406986593e-22
-4.038362749916017964e-22
-2.499445497600231520e-22
-4.427831456837669754e-22
-3.161195735922410673e-22
4.180857289002608241e-23
-5.741504671551823846e-24
-2.362090575569830189e-22
1.216494131556066598e-22
-2.896534422517426482e-22
1.032457751343509892e-22
-2.625236841774379859e-22
-1.533420622846380608e-22
-1.741204449399696045e-23
-2.859062391326122008e-23
-5.180769900752340860e-23
-1.398605174495338908e-22
2.006227326564146461e-22
7.409600397714246512e-23
-1.030776472261182583e-22
-2.226115651393444445e-24
7.539770150706093487e-23
2.193823474190680044e-22
2.426390602335669098e-22
2.784741118134388878e-22
2.805347579112796903e-22
2.361592479172962406e-22
3.622382230187921742e-22
2.781970827663855789e-22
2.598231395226932127e-22
1.706598271274391722e-22
2.135737520288820049e-22
3.690027486398189428e-22
2.359211853972863525e-22
4.686396627491856956e-22
2.261402066137940559e-22
4.280348178176097452e-22
5.588355952119287827e-22
3.888702072109245558e-22
4.430287490281218293e-22
5.336642400697549010e-22
5.275580058665486671e-22
5.714155200163635309e-22
3.259464151466598926e-22
5.474441807904478403e-22
8.221835826935428640e-22
5.809657318471642447e-22
5.305281154608047028e-22
3.919014012098556930e-22
5.491459126939043528e-22
6.176191973558757417e-22
5.379681061155204938e-22
6.858883462566106652e-22
4.534063113687073408e-22
5.528422545077101985e-22
4.526986525509800837e-22
4.298111836541837050e-22
6.126569469699737912e-22
5.008090208000143913e-22
6.366692633780761324e-22
5.904980178772309545e-22
4.799883750235948090e-22
5.092717006375731340e-22
6.243062927215910626e-22
7.239377769831388090e-22
5.930704051893038863e-22
5.509976352123384861e-22
6.508900417340852423e-22
4.401278937669508910e-22
7.652292457101197253e-22
6.189390993789591578e-22
5.411546810410809931e-22
7.392444848161240540e-22
4.434156692959252283e-22
7.531446503568206968e-22
4.797824520762808549e-22
6.874545599745152290e-22
7.033435909704891909e-22
4.706198279042799967e-22
7.146870514319851796e-22
5.352777481872868048e-22
5.340646519285964764e-22
6.687098988697825771e-22
4.682571925418113632e-22
4.875273669900684767e-22
4.556305554191008781e-22
4.452312900366829231e-22
3.112800230466099847e-22
5.220334149484561800e-22
6.633652968988887974e-22
4.087385676096068157e-22
1.831393785219556107e-22
2.162072996667242806e-22
3.007937448952624208e-22
5.972878735404196158e-22
3.323858258793094328e-22
1.895215737438393534e-22
3.008514213844074725e-22
1.580190611517093796e-22
3.256864879628825497e-22
3.021860489991756445e-22
5.915097432502876330e-23
2.800323584445309226e-22
1.635886591908944220e-22
1.337744576859887605e-22
-1.283216383134347302e-22
6.990848718943027810e-23
2.150973665837510537e-22
1.789091636894231001e-22
-1.873817391136415135e-22
-7.772216899006360239e-23
-5.946563050047545990e-23
-5.319570744130995882e-23
-5.398059120574394172e-23
1.062765104112206443e-23
-1.338443290779082253e-22
-1.358575639076111979e-22
2.129175382502458840e-22
-1.749235232240178537e-22
2.862551905803032551e-23
-1.466415812310931901e-22
-2.362534836043104033e-22
-1.034641239745075378e-22
-2.934920036509904986e-22
-2.368696019751970125e-22
-4.041563945279431113e-22
-2.850833504736560379e-22
-3.695847812450629294e-22
-2.273452630142078970e-22
-6.229061401342663064e-23
-3.223974470331595100e-22
-1.414429792926655035e-22
-5.582688451975570768e-22
-4.383411756382802135e-22
-3.765807166607532446e-22
-3.734658056233272071e-22
-4.898222596526809409e-22
-6.438142986193594559e-22
-6.225650630618463239e-22
-5.442381539130929599e-22
-6.562403831831683862e-22
-3.507036267551594632e-22
-7.442070321469152572e-22
-5.612007700682252842e-22
-5.003268890341487151e-22
-5.827715439298853993e-22
-8.355645870093116289e-22
-5.539937709737352061e-22
-6.424303160972829365e-22
-6.468900973639553796e-22
-7.869813677862672331e-22
-2.970288085134984676e-22
-5.286007090401473323e-22
-3.975971454873394872e-22
-6.803495795299463964e-22
-4.977699229280354658e-22
-6.182444900310477485e-22
-5.754988528456972429e-22
-5.775513990609351705e-22
-7.831717745613333760e-22
-6.887056736001101602e-22
-8.501569884188555142e-22
-6.061888937235046839e-22
-5.574603764805906206e-22
-4.398481321198087386e-22
-6.406509717389134836e-22
-4.365551737905160241e-22
-6.317814089256296050e-22
-6.448953849358012137e-22
-4.200969191414481137e-22
-6.400931488703882793e-22
-5.907702408051955833e-22
-6.576810017031131988e-22
-6.518526091275538026e-22
-4.776770343174082138e-22
-7.338242908172933803e-22
-5.357133319857773740e-22
-6.261176698387051746e-22
-3.979755738156271153e-22
-6.336015051106183605e-22
-4.456395982251028581e-22
-3.809256860545819644e-22
-2.825197238684665770e-22
-2.738511718737966532e-22
-3.420589926485799881e-22
-2.469166046152040025e-22
-4.174906462589082319e-22
-3.824094633630331358e-22
-3.466615725967430472e-22
-4.596428569089573499e-22
-3.568707309060648574e-22
-5.036673974974101151e-22
9.639686240513451013e-24
-3.550734701136331937e-22
8.808106250150065560e-24
-2.786487686070362847e-22
-2.541696754790349659e-22
9.237335959782495502e-23
-5.027613940802425896e-22
-3.342665866922185538e-22
-2.882040161142424766e-22
-1.500626752682762715e-22
9.389511495571944244e-23
4.331292174164607872e-23
-1.248726429355340620e-22
4.630392104953954063e-23
-3.410821402130864985e-22
8.179051096951595929e-23
7.946101202378538088e-24
2.818871088224088554e-23
1.697480951834070474e-22
9.976042291432800666e-24
2.596840522786205381e-23
1.802383242077206747e-22
2.627618024134850098e-22
1.582016700430672246e-23
1.286305758363256800e-22
1.611440856567522202e-22
2.811246743741034478e-22
4.528673834167648398e-22
2.919426510456966540e-22
3.760221082494046882e-22
7.055285865552879915e-23
2.272948896171317253e-22
5.228960768032415834e-22
2.760125080383727935e-22
4.847002266118894626e-22
3.694005156924779836e-22
5.228470215986416037e-22
6.322650889132564469e-22
4.940676624030330098e-22
6.178524749772503552e-22
3.656854035989162433e-22
5.812969056967726645e-22
3.923281012060424938e-22
5.977431437029805173e-22
6.004254959728536809e-22
5.764417497829478612e-22
5.854864503646330942e-22
8.190041119376421744e-22
3.983427287317506763e-22
6.358180480717630363e-22
3.772664355621612332e-22
4.139457094870477371e-22
7.507022910464987468e-22
3.991566795322816019e-22
5.780633105633758729e-22
6.968488695660294803e-22
6.209583079192945133e-22
7.012800548415237475e-22
7.388375681144688916e-22
6.849166979617687876e-22
4.744369038373900773e-22
6.676055963511664307e-22
6.197905851447676453e-22
5.314482831792320225e-22
6.140132297382969050e-22
7.400912711670570020e-22
6.754524851147683457e-22
5.568347537135159143e-22
6.495464476876877379e-22
5.322258618367197217e-22
8.046058319784504772e-22
4.115897510090375213e-22
4.840006991802713038e-22
5.158350125730097460e-22
6.580841476306211538e-22
5.242359665033294335e-22
3.025550551299938840e-22
8.368796731304559688e-22
5.325985652719198727e-22
6.950769934813961580e-22
5.003419362433563720e-22
5.354590808347919411e-22
2.724398118766814095e-22
4.773814210682043265e-22
2.054824252382637396e-22
6.144937821338408364e-22
5.554360762928389929e-22
1.924366046869945678e-22
4.505222780599414120e-22
3.809250377757393429e-23
2.306873247770216855e-22
5.885883874505085428e-22
3.955506197474721333e-22
2.769391351134009290e-22
3.501790217718914936e-22
-5.416670075875725465e-23
3.200990645311791307e-22
2.035317155152443211e-22
3.267671145495616650e-22
1.952376739910410653e-22
4.720846148924481856e-22
1.157453945693392474e-22
1.683467498997468556e-22
1.357283161840293453e-22
7.950900042075356712e-23
3.305409363786569003e-22
3.041773740067668760e-22
1.348663585098929018e-22
-1.065807471210298876e-22
-4.298536910410694107e-23
-1.367385496939613090e-22
-1.970966194380120601e-22
-3.813809157176520087e-22
2.858337898625460855e-22
-1.493129588537332349e-22
-2.421930854705268624e-22
-1.204960831834552435e-22
-1.401485150008255495e-22
-4.728785404348482389e-22
-2.449265479917909153e-22
-1.075048862462980972e-22
-1.895431872545526981e-22
-3.736380057279455648e-22
-3.075094826040364889e-22
-2.789497177808111853e-22
-5.502731005824160053e-22
-4.516033535983082868e-22
-2.850586223451284876e-22
-4.444506537276864058e-22
-4.665185753926579316e-22
-3.537588993505600781e-22
-6.640739520719685220e-22
-4.591025402573432324e-22
-5.139660825721631477e-22
-2.879994586169248309e-22
-5.973051571804334825e-22
-3.640280786212401868e-22
-5.565668370575327676e-22
-6.532276050813581715e-22
-7.973091267696905983e-22
-5.999806527668750591e-22
-3.175189086307405779e-22
-7.146221799400693354e-22
-5.106066545738993836e-22
-8.392509736710272487e-22
-5.668341969080227027e-22
-6.884743101435959531e-22
-4.173028706176196492e-22
-7.734667310297540872e-22
-4.848281360562469386e-22
-6.460074957490449842e-22
-4.520355029044653537e-22
-5.962561376947367432e-22
-7.180101547075479761e-22
-3.508856559096555923e-22
-5.838555589452055434e-22
-5.493147004948232544e-22
-5.148683022840082428e-22
-6.919162813973215731e-22
-4.468852326633836338e-22
-9.002466813863516998e-22
-6.505541478597279492e-22
-5.480738083231935830e-22
-5.077111553081581805e-22
-6.930700511648523215e-22
-6.546163092273865464e-22
-6.899518699745276398e-22
-6.855874894326237255e-22
-6.305415738294220625e-22
-7.015798452837771772e-22
-3.601780611598435453e-22
-5.948249244351007482e-22
-4.788455549240665807e-22
-5.161672351713108623e-22
-6.076798235915469948e-22
-4.691912002314696995e-22
-5.826978180372354846e-22
-3.090621334371499043e-22
-5.864249549795355044e-22
-5.377797743807064069e-22
-3.034881983634161898e-22
-2.582820534783993671e-22
-3.501990606897229084e-22
-1.554788087322510529e-22
-3.431305998800017059e-22
-3.206701616649671057e-22
-3.065508369619864911e-22
-1.231317936174850835e-22
-4.280841035411850035e-22
-8.243993773089423746e-23
-6.633708867315056898e-22
-2.060800954260781929e-22
-1.158622775848519759e-22
1.434710743060101130e-23
-1.292162261625996312e-22
-1.470544763563579680e-22
-6.874872733250949797e-23
-1.531284532812021576e-22
-7.596906440446117786e-23
-9.599362761851224485e-23
-1.081748863904807172e-22
1.332521440274955865e-22
-1.728341990294621447e-22
-3.132520562014845421e-23
1.724117328235484400e-22
2.061513783716871487e-22
1.260410623400653377e-22
-1.963751683271488544e-23
2.221202306930704015e-22
1.872135143183682277e-22
9.083822192039758969e-23
1.020063187931964288e-22
2.939756134383338050e-22
4.445219198176845232e-22
4.661505988311478467e-22
1.768791166555975166e-22
3.076743557844167204e-22
5.350892696272028102e-22
3.271756241710162066e-22
3.377702088912591340e-22
3.344240811139653137e-22
3.516824574805232487e-22
6.143362629835938837e-22
2.697491512069449734e-22
7.740183209457964237e-22
2.733806609357088171e-22
5.465506085627504610e-22
4.603109848068034796e-22
4.200660395938062889e-22
6.472345928284571072e-22
6.893645503106969412e-22
2.567209260477995878e-22
4.879811619523702104e-22
3.835507951173542507e-22
6.661233356189758444e-22
5.007821061157748758e-22
4.819208017189394685e-22
6.488102630667877079e-22
6.807378869363304015e-22
8.108544308927693489e-22
8.002625936404934149e-22
5.798016934564755181e-22
6.354990031052676898e-22
6.875720829893937859e-22
8.079287955658167500e-22
7.350733146799324389e-22
5.849631599431493735e-22
7.210991582774759982e-22
5.689454011767399797e-22
8.128966714806177773e-22
5.028572638500454181e-22
4.744418147298600485e-22
7.059289881796678771e-22
6.500247056887381767e-22
6.767811133763218789e-22
4.563064953311567057e-22
3.425107723281233786e-22
3.802816291980582406e-22
7.574923028329617132e-22
4.213033120995099908e-22
8.127933150030579409e-22
5.013464191444158440e-22
5.902371185275827281e-22
5.395122677498142502e-22
5.898179904800278429e-22
4.586969477042001812e-22
5.919174718221617661e-22
4.833073561891587941e-22
5.626648439338542015e-22
1.191300202745614804e-22
6.025929133417740028e-22
3.982119717636848411e-22
3.848198425838366877e-22
4.205010800908008657e-22
4.492587675492981641e-22
5.451667766889706484e-22
5.790738656430217837e-22
1.582070104817430324e-22
4.380000129886026155e-22
7.778527012616255539e-23
9.475987706355350903e-23
4.748080904237658403e-22
2.835614499869081372e-22
1.221504397667109723e-22
1.685851150906352730e-22
5.090323823610551125e-24
4.114417335809135701e-23
1.671949473771364516e-22
5.337965663536475187e-23
-2.490691305235120460e-23
1.710830667458949765e-23
1.053505359533496699e-22
5.963146157159226231e-24
3.722773774705147196e-23
-2.661382386206644027e-22
-7.471300824704248408e-23
4.736709800129575198e-23
-1.446697637273085673e-22
-6.449070269108225066e-23
-1.622204688313812967e-22
-6.653375312897260043e-23
-3.045634072577753844e-22
-2.242658681339457478e-22
-1.353100138911169429e-22
-1.947173530108254746e-22
-5.917810005347844403e-23
-1.931324656458207060e-22
-5.357245826331599506e-22
-1.846125537371749156e-22
-8.378600946626684141e-22
-1.273981428667208634e-22
-3.368087920630876669e-22
-4.409628441256577012e-22
-2.529571336623792900e-22
-4.101477663616387405e-22
-4.697407709773549892e-22
-3.148573394364010905e-22
-4.265615818258197260e-22
-4.964640056929763367e-22
-2.221206508639204333e-22
-7.312776608926529052e-22
-4.839516828551806437e-22
-5.663230362080281680e-22
-8.017882706141705093e-22
-6.999055146522611247e-22
-6.806812957147812867e-22
-6.826514447802184947e-22
-5.001909090066959062e-22
-8.098284882513013806e-22
-5.258627448589568222e-22
-6.754058467360019041e-22
-6.757572950561814626e-22
-5.684720441760780431e-22
-7.194365505588627081e-22
-6.654840288289179259e-22
-7.487623141541484195e-22
-6.869636997526862673e-22
-4.217641215625895288e-22
-8.063308073718291274e-22
-1.016242230210907003e-21
-4.620775721609711351e-22
-6.409960635128511308e-22
-4.427476251197855913e-22
-6.687075564686316847e-22
-6.343276736323387587e-22
-6.403792278102466759e-22
-4.692196074726451140e-22
-6.296837512258552407e-22
-7.286553779875606125e-22
-5.867878180035479373e-22
-5.616776998619468460e-22
-6.737183350515122953e-22
-4.915261504885425600e-22
-4.063066906760204100e-22
-5.133578297052485085e-22
-4.096415262940054737e-22
-7.188202175576666977e-22
-4.135308183291043756e-22
-4.516719185875057813e-22
-6.315996036968585068e-22
-4.570771729053710021e-22
-3.662682738262052483e-22
-4.654143580048275563e-22
-4.102656814374326577e-22
-4.339396462741592226e-22
-3.450221152357046657e-22
-2.403819472407385191e-22
-1.689235037497681206e-23
-3.972058839660506638e-22
-8.056983022148132223e-23
-8.123205005631030741e-23
-2.737808541103100973e-22
-2.139354069137033774e-22
-2.576658588071263143e-22
-1.712160615600824621e-22
-3.498111265902110678e-22
1.863504874286574945e-23
-2.031361094638904664e-22
-1.659490397496183694e-23
-2.325721935854762494e-22
2.258120396098200611e-23
-2.334542678404344975e-22
-2.091212578880225785e-22
-1.523043821313302269e-22
-7.116290214409985102e-23
-1.320028454097875597e-22
3.644327513553974699e-22
8.264064270452076699e-23
-1.039045855965854857e-22
2.387102835816417423e-22
1.577345251672232958e-22
5.578052003504103292e-23
4.787236439235601851e-22
1.930876538410073261e-22
2.734587336907017685e-22
4.273647687506867356e-23
3.222580125759502949e-22
4.215782750150549946e-22
3.252568223667946219e-22
3.383288435362374631e-22
3.153476218687683324e-22
3.140407030605461273e-22
3.817698615008071102e-22
4.045077790926665282e-22
3.028807904512190627e-22
7.265022988962174348e-22
5.733088000584757266e-22
4.869897899129594836e-22
4.911456609967217097e-22
3.917209182759267502e-22
4.519310713773651778e-22
5.719931349369679685e-22
5.900519397739283182e-22
8.841169052523089597e-22
5.158698517166746026e-22
5.249113785578544425e-22
7.081354755237303929e-22
6.287723927919675236e-22
7.253165931009741810e-22
5.791059563369150736e-22
6.928605011301639377e-22
6.286085116479844012e-22
1.014346772113199901e-22
7.199029638922154861e-22
7.277688443119749049e-22
6.277730847178255836e-22
6.592844687869538744e-22
6.402660704109019299e-22
7.830768655623411607e-22
9.153909288823290846e-22
7.361415105801266010e-22
6.410776231148514314e-22
7.536414883629723607e-22
7.460058824068574418e-22
5.614492181114692607e-22
6.644180757184101108e-22
6.167232977885698190e-22
5.854768090891014407e-22
6.082377337313777937e-22
8.279556296952878909e-22
5.649665150812726561e-22
4.413919852753849234e-22
7.005876889657085146e-22
8.511772991270827299e-22
4.638867559749986096e-22
5.396425688808901305e-22
4.586026571308507876e-22
3.540641459275896697e-22
3.657309948397513246e-22
4.685230543283528781e-22
4.516570190475137312e-22
3.555212861596826354e-22
3.958901175013717740e-22
2.291751959453835559e-22
1.692794735093894985e-22
2.517386851226673854e-22
7.419820158157176515e-23
1.305415613291353425e-22
2.075634547011036327e-22
1.987625685236048745e-22
3.622674389362225530e-22
2.241433598744723862e-22
1.995898947564760173e-22
1.094280165987099859e-22
2.751411264806713897e-22
1.134856025126809410e-22
4.519657282312831712e-22
-3.651599743277267983e-23
2.708120509624700032e-22
2.895353053828234542e-23
9.539761062012803525e-23
-1.343580912315493948e-22
1.074486557723723834e-22
5.715703391595810466e-24
-1.048092242394259539e-22
1.133850481805305302e-22
2.434310921933722066e-23
-1.316304934472252013e-22
-1.837398972536650734e-22
1.091923439233996938e-22
-2.912214900105768292e-22
-2.660401965501689211e-22
7.391389301935890776e-23
-3.146960362265526623e-22
-1.652291261969682155e-22
-1.786729420752365853e-22
-2.527650003738854835e-22
-1.550049490831779757e-22
-1.042400445665862025e-22
-4.294036715447211464e-22
-4.870022772737856627e-22
-4.029319991567197926e-22
-3.667267576564261908e-22
-5.004343811355860444e-22
-6.996385410350081469e-22
-4.826330121812927307e-22
-3.885358424685720395e-22
-3.793089726304495766e-22
-4.355144350438953906e-22
-4.203991300684138276e-22
-6.351339945693176559e-22
-6.278292235530214679e-22
-4.618019659033737149e-22
-8.557995547104124492e-22
-6.942568327265399207e-22
-6.513088803313487967e-22
-6.953393320228722284e-22
-7.739749331806892464e-22
-6.793305699860279821e-22
-7.828657924870807909e-22
-6.809600276290873753e-22
-7.110692432066635147e-22
-7.805439714803650162e-22
-6.805095464937843528e-22
-7.337180699860934434e-22
-9.456557536814158723e-22
-7.726031603760677761e-22
-6.439469598440189412e-22
-4.746812074123882229e-22
-7.574576577607596290e-22
-6.027056889857517356e-22
-5.274063194392397358e-22
-6.933164450599314171e-22
-6.397060636931056035e-22
-2.731153466789648579e-22
-8.811321652179010700e-22
-5.493188101760252925e-22
-9.473312258647834030e-22
-5.560282385331415509e-22
-3.596312534234049673e-22
-6.963225485279255114e-22
-3.844489479637641422e-22
-6.590481021042034882e-22
-3.610821495751475761e-22
-6.180399021678379718e-22
-2.851894858093545087e-22
-5.602715757840290198e-22
-3.404318498392448561e-22
-2.882099533166139101e-22
-4.721908442896891148e-22
-6.184314991859587264e-22
-2.895485531271579333e-22
-4.171058693082941877e-22
-2.664946809859785622e-22
-2.052377343476689130e-22
-4.244772736161429178e-22
-3.371785729711473415e-22
-8.151608769618491324e-23
-2.670903101698261148e-22
-2.403480810384082952e-22
-4.799103420134186649e-24
-1.665891477847002340e-22
-1.579240158697663090e-22
-2.699275504381013515e-22
-2.642195651180375996e-22
-2.293084443499997811e-22
5.921956765553295335e-23
-1.714629487464257946e-22
-9.993992875250059704e-23
2.670581914582474706e-22
-4.310193597052120919e-23
-4.139565003542146425e-23
1.937204710094260691e-22
-9.732623239511098581e-23
-3.953551726905643260e-24
1.185118057215553031e-22
-7.305371447057793305e-23
1.797841853810913392e-22
9.769785372893414260e-23
8.679309643251441108e-23
3.300248290581129938e-24
1.526727005484810745e-22
2.782213447604309130e-22
2.476235993123897315e-22
2.630536160236394238e-22
5.522402585149132790e-22
3.239648638601106002e-22
4.832483742153243662e-22
1.612556452346098059e-22
5.624726315924613470e-22
4.296221649097501091e-22
4.346009056370116744e-22
4.248004309745839719e-22
5.421596656384657869e-22
2.131646947912117477e-22
6.864722515989243692e-22
5.879579178201605269e-22
3.682476654272491829e-22
7.059128739841950743e-22
6.940207433313710621e-22
5.281319461209227898e-22
6.002241079884837178e-22
6.170600787465481982e-22
6.969041121506085384e-22
5.916766534087976217e-22
4.904444218280956109e-22
7.132886732815553575e-22
6.681386223286953981e-22
5.414340864940783100e-22
6.365661712887802841e-22
7.265683270902129829e-22
7.257546298993051385e-22
7.279585585956196495e-22
7.977847348612593346e-22
7.962178138393525744e-22
7.694552651822820651e-22
4.227637324541922158e-22
7.916740320338867909e-22
8.164210668753351419e-22
5.513685989629082856e-22
8.123910006659783249e-22
6.616438856156406313e-22
4.542022888533579139e-22
6.738471288561595241e-22
5.465721914959922366e-22
5.654548450103856274e-22
8.814193900068890590e-22
8.689690969548804626e-22
6.140900391422649475e-22
7.901223568296082988e-22
3.210726781357786996e-22
5.481939818430491243e-22
3.812461560704728579e-22
3.747356955652393587e-22
1.584443821233123382e-22
6.506168303604763814e-22
4.537018206770633727e-22
3.478105924485191555e-22
3.763695765465208399e-22
4.779766588564218876e-22
3.761288413434437763e-22
4.095133056694038077e-22
3.103616240492683386e-22
3.363454848865504184e-22
2.635324026005282744e-22
1.370778345937052455e-22
2.567309598576494919e-22
-7.370142910029334617e-23
2.382220649077820788e-22
3.066334465180572093e-22
6.982878386303646156e-23
1.669374538112176104e-22
8.854848831421458739e-23
-1.570229640777851907e-22
3.228466646288758693e-22
9.440096924927636253e-23
-1.025213566129517607e-22
-1.940221465510478744e-22
1.778385342856691360e-22
-9.556893387135719188e-23
8.987724643746442848e-23
-3.089463609697678575e-22
-2.689239231237905271e-22
1.090094597055547794e-22
-1.760316097026727028e-22
-2.689433152204031299e-22
-1.265534616219896905e-22
-3.746304831453961458e-22
-6.031882187119744215e-23
-2.850570353464091168e-22
-2.991730210266650659e-23
-4.459081495098292867e-22
-3.341590006829978000e-22
-2.095576008902203561e-22
-1.668245604596834078e-22
-4.480576193752482151e-22
-5.506514786627213746e-22
-4.269491189163639189e-22
-4.613617389862701642e-22
-7.022568195430634911e-22
-4.527150584398987096e-22
-4.692290565001815513e-22
-5.910278642824656826e-22
-5.609793473835123792e-22
-4.432589995148876626e-22
-2.975671975989159376e-22
-6.676925019994617680e-22
-3.977858256558129284e-22
-8.498962136163937185e-22
-5.464353047599457389e-22
-6.284993535086851344e-22
-5.867939010707276391e-22
-7.031921509657640178e-22
-7.571378078829554117e-22
-4.732576856058220137e-22
-5.949531883829384355e-22
-5.809399963971879411e-22
-6.211720926348481998e-22
-5.052068730880376404e-22
-9.017947982056621887e-22
-6.374463804601893882e-22
-9.954687247894205666e-22
-5.788929539873894860e-22
-7.981773537982680132e-22
-7.063773007512324809e-22
-7.188854858718533808e-22
-7.428996961719657706e-22
-6.157085183468514827e-22
-7.025108939331224727e-22
-6.058568767350348882e-22
-3.869213129236007269e-22
-5.588901755371188071e-22
-6.040638868165533686e-22
-8.551173781051858201e-22
-5.084492954005994867e-22
-8.389837515925389356e-22
-3.987856535296703826e-22
-7.021975251658847409e-22
-6.080634405048696923e-22
-4.706548576097143001e-22
-4.707159683892192737e-22
-4.009709719589608155e-22
-6.025896848891163449e-22
-2.327925023625666414e-22
-5.459047895480826941e-22
-4.591383547244332170e-22
-2.269310968485107346e-22
-3.022291817950423023e-22
-5.282061075783252045e-22
-3.733063378051959438e-22
-3.301537294308110568e-22
-1.582505908551782904e-22
-2.503504072100271474e-22
-2.093744985180179776e-22
-4.548802078836354403e-24
-1.071127998145604722e-22
-2.417352244599676429e-22
-2.913583236843804509e-22
-4.810686672376245344e-23
-2.340482444188744162e-22
1.001859218498165817e-22
-5.178028321738798988e-23
-1.228711870989920111e-23
1.281040498229874809e-22
-7.258745617342789854e-23
9.892251656898685602e-23
9.082876029983720359e-23
8.966480177947638704e-23
-8.541620051801616878e-23
1.036789042555592117e-22
3.340507744513604359e-22
2.818762331123603595e-22
1.301677698172862889e-22
3.809408388199986162e-22
4.496130746459089857e-22
3.363154605497573287e-22
2.139812460159733346e-22
3.408127947017473498e-22
3.710697735019415404e-22
2.970271152372454378e-22
6.208939094604999574e-22
2.584061771474080919e-22
5.076575976894920262e-22
4.014938019606199251e-22
5.612723415288808713e-22
4.614962701621084593e-22
2.215580698886803307e-22
6.344805667306330936e-22
6.465234169829015171e-22
6.188206670488539560e-22
5.988710887732613558e-22
4.952837158264022643e-22
4.819170474642833264e-22
6.079649394479511725e-22
5.338144974273945214e-22
6.206914154303384431e-22
6.549003177575223620e-22
7.720098293489537744e-22
6.192756563520198298e-22
7.479019759746730791e-22
5.715441413982073718e-22
6.918795424331668285e-22
8.018893216538559046e-22
8.568647157558237657e-22
5.063550946705035345e-22
5.358671542613181382e-22
6.814943754462603478e-22
6.573733516374318251e-22
7.086262644210557325e-22
4.317628782573253835e-22
5.451120406953373388e-22
4.473311145557496761e-22
7.906633733415189191e-22
7.296735773089680730e-22
4.672300664365402600e-22
3.577494278609039870e-22
4.798959927079719254e-22
4.752977825112589892e-22
6.733053291771835650e-22
7.472900167601794335e-22
5.900066391579602932e-22
7.096661757051979666e-22
5.656748830831215343e-22
7.730460625339911119e-22
4.106039449450644817e-22
7.165932946631314544e-22
3.993843627268153021e-22
8.187171702348099791e-22
4.212639810642777198e-22
5.030345251013483707e-22
3.845247564808327259e-22
4.999139520089754083e-22
3.784832148687848069e-22
2.055405829280859396e-22
3.088132301196992217e-22
5.940720028337162394e-22
2.871225720683304866e-22
9.447905185881583753e-23
2.940085227197332078e-22
2.758588874476939192e-22
2.452848294803174315e-22
2.706379887403790136e-22
1.219912530515844681e-22
4.450806040926208217e-22
-1.341404199404105230e-22
2.491046582735532607e-22
-1.881928276206601975e-22
-2.286177816288171555e-22
-2.347271099801988446e-23
-2.540653971756365521e-22
-1.011741746826486184e-22
-1.860716612517047157e-22
7.338226935316415902e-23
-2.097620356925096999e-22
-1.047591637308409708e-22
-4.317159652193905879e-22
-2.307602306723177179e-22
-3.569714626288830309e-22
-4.195907803431465017e-22
-7.884228734391870614e-23
-5.709709131407944559e-22
-1.813845386051882857e-22
-5.549858179220838426e-22
-4.213416683508542766e-22
-2.865321182346226407e-22
-2.841846955214684947e-22
-4.531658607929848015e-22
-5.340689112152494835e-22
-2.812510176964637184e-22
-6.352522508390488157e-22
-3.516598422889486938e-22
-5.203657077289643763e-22
-6.428110177552673564e-22
-6.167884598166894594e-22
-4.925270869387305875e-22
-6.189761242684749617e-22
-5.135341623566835009e-22
-6.526023105704582025e-22
-5.426641715003492709e-22
-6.552180647097732777e-22
-7.573926510039994954e-22
-8.025697673436841439e-22
-4.478017481575568042e-22
-5.800235217933803983e-22
-5.844165803445862383e-22
-6.023537683827337620e-22
-5.991868011679142139e-22
-8.222187169226908873e-22
-5.474830086207231299e-22
-8.295073279578830128e-22
-7.175062270524218635e-22
-6.160931928435419943e-22
-7.227526535812122623e-22
-7.275384336236000922e-22
-5.610893632198538315e-22
-7.050664625492826135e-22
-4.931960302566002662e-22
-8.307807218416613882e-22
-5.486654125530060468e-22
-6.773933921640744741e-22
-6.395935347895658655e-22
-5.147693646885544114e-22
-5.398915032261828713e-22
-4.784803494683390857e-22
-5.361469993253976794e-22
-4.747527776084145438e-22
-6.963235010662385510e-22
-4.787254778266081235e-22
-2.892759956541929094e-22
-6.615347457647454811e-22
-6.613897023139982276e-22
-3.441998941126701064e-22
-5.225682564639840104e-22
-4.520904349948047600e-22
-6.894398898801888287e-22
-4.304116730590819718e-22
-3.635358718448561650e-22
-3.090552620840667888e-22
-2.089827702225782241e-22
-2.822253805401637994e-22
-3.951965631993809645e-22
-2.058939623114548425e-22
-5.540631670980661226e-22
-1.021876818692104582e-22
-1.920259371693274299e-22
-1.105936588385613781e-22
-2.307064093489834788e-22
-2.300770062511368438e-24
-1.545315057876135506e-22
-1.547771373718702453e-22
1.153616936768381911e-23
-1.450143516276677171e-22
9.328235737609531353e-23
4.416012855038217604e-23
-1.043427373979728346e-23
3.973980466272833355e-22
2.500157511672338092e-22
4.987258741385315505e-22
4.592968279320273828e-23
3.990020200433118087e-22
1.703329453908700958e-22
2.062755458368000291e-22
4.582482817822956700e-22
3.249040128907746151e-22
6.279851849443575595e-22
5.436555664141647999e-22
1.803695186118397351e-22
4.989361886901427064e-22
2.930388431734179550e-22
4.155065120262797493e-22
3.339906345206346256e-22
5.096121988192563956e-22
1.858113127150202993e-22
6.108113354061292830e-22
4.970196945458933308e-22
5.450485587127392955e-22
4.262496038949479996e-22
4.737139757504348464e-22
5.482418844093890700e-22
7.255086489426633281e-22
6.596776877364191475e-22
3.789186137123182284e-22
8.469882563106310618e-22
7.091520932375301543e-22
8.264287623261310387e-22
6.434874576459801431e-22
5.753871438302724152e-22
6.311719544702956429e-22
6.230710757726981387e-22
7.045872652457471351e-22
5.532549353299126231e-22
5.883801281587244543e-22
5.617450636266896659e-22
9.276884142171431159e-22
4.738745957246719800e-22
7.116709662672446854e-22
9.606616437837388666e-22
4.462123898166969938e-22
6.542680146228534332e-22
6.675733761095926104e-22
6.321871123193651597e-22
6.445072239060239622e-22
8.116992265335248360e-22
6.782817332509868078e-22
6.795646730561840344e-22
7.162185682353365213e-22
5.055168672784535446e-22
4.767914933010479619e-22
7.435215722171047610e-22
5.012331346930494280e-22
5.610616534463729659e-22
5.577338835919147166e-22
6.275344781073096511e-22
5.513885532659032263e-22
3.503267845657648604e-22
7.312429673800960970e-22
-4.167039636709111514e-23
7.389485362837356503e-22
3.345218097611346646e-22
5.813925962520387428e-22
1.355235849509512753e-22
3.896349262177214841e-22
1.130337931183176041e-23
3.559328104776394567e-22
1.155461072904019760e-22
1.598509236147447265e-22
3.105859725416029101e-23
1.197981582527162874e-22
1.099878548997285211e-22
1.053634973217983640e-22
5.513756113796129878e-23
5.513906800762099859e-23
-4.451960397225184547e-23
-1.891250614728154514e-23
2.012479979372282665e-22
-7.638279893252070111e-23
-7.490925153385703505e-23
-2.373369927767891991e-22
3.403229258797327381e-23
-9.609750637655488188e-23
-1.829611776985695172e-22
1.200465685173302270e-22
-4.103717766774552124e-22
-5.167219703484670804e-22
-3.990652056499620750e-22
-3.969173439535610116e-22
-1.880973449751630331e-22
-5.230409936062747813e-22
-4.282507092315236866e-22
-5.448765246840197960e-22
-3.956110933193204363e-22
-5.359105274434725139e-22
-3.122386363152952276e-22
-4.822645016783155870e-22
-5.469800636716127588e-22
-6.397974507907673322e-22
-5.735187183061132260e-22
-5.398910676927331276e-22
-4.055495043570619778e-22
-3.964671646968352704e-22
-7.394063839824758150e-22
-6.131129267786332110e-22
-7.625742608103710669e-22
-7.161963162165565083e-22
-5.645848963865423841e-22
-7.085113361155374674e-22
-6.994141130511197674e-22
-7.037250115093730164e-22
-4.203832166980872066e-22
-5.001655141580116200e-22
-6.831485068623965774e-22
-7.377702892136998585e-22
-5.624061714449017221e-22
-7.321396860625178634e-22
-4.348560062033691920e-22
-4.497857065763127864e-22
-9.690984111732051089e-22
-5.462872960839644595e-22
-8.430227030845775627e-22
-5.399717202423617145e-22
-8.798962107985883924e-22
-7.069843819816398290e-22
-7.535758882302660003e-22
-6.581820621923710703e-22
-4.214694919440166044e-22
-7.148573087274475825e-22
-4.779354671731517854e-22
-5.251933319486018969e-22
-6.219920796269626558e-22
-3.762125463011568800e-22
-8.217048946383578540e-22
-5.186422954497478290e-22
-5.970690221530769424e-22
-4.594536420102218194e-22
-3.760727416280145271e-22
-4.750263802134980080e-22
-5.479558435377670185e-22
-6.344774249107715890e-22
-3.227519082748817419e-22
-6.405183367570003411e-22
-3.533629518739593166e-22
-3.775710769188139963e-22
-3.044840538505778560e-22
-6.438493164616711987e-22
-3.322418267580248180e-22
-1.746448811095310991e-22
-2.370436952406427300e-22
1.086480796970262409e-22
-3.423060881308721744e-22
-1.249754657898411538e-22
-4.127460130786616222e-23
-1.120602167417499271e-23
-5.260495680599061048e-23
-1.510706914629518285e-23
-4.788138722212772208e-23
-8.043028718665323640e-23
1.563664431356352334e-22
-8.290289925964322036e-23
2.309959073196387733e-22
1.380262631506230249e-22
2.345996523207832541e-22
2.430603235175131442e-22
8.172160714186144070e-23
3.371395974833370035e-22
6.589908989003418829e-23
5.185736979217914555e-22
2.711609501517292119e-22
6.093547334487219008e-22
3.285068668334096596e-22
6.889644076256718665e-22
4.288000140002577682e-22
1.752328412141307154e-22
3.202533879915779854e-22
7.176566577102861109e-22
4.574679636366928414e-22
4.777350031407094785e-22
7.397599082534129752e-22
7.327256084034973357e-22
9.740957554957156013e-22
4.057532858756783899e-22
6.511853409912186770e-22
7.085606562207188309e-22
6.385705468708491516e-22
7.560283695201124675e-22
8.033660172667707102e-22
7.430999413708813633e-22
7.928157385062436881e-22
5.270398895242174199e-22
7.222284100418601115e-22
3.365466045508127657e-22
6.693715717480257241e-22
8.081630413652854949e-22
4.767728276459321336e-22
5.536120899955675649e-22
6.083795644210956813e-22
4.954736151837736609e-22
7.821751050164997990e-22
5.601462054639267150e-22
5.478599947371247391e-22
3.450271769780313852e-22
7.663942875115476964e-22
6.036730364662939759e-22
5.442837632050101457e-22
6.670982350345508308e-22
5.830715886700933161e-22
5.623537703707244553e-22
5.223607600829158342e-22
8.182498984502707842e-22
3.850530853730184161e-22
7.910790947379048670e-22
5.075177563145551695e-22
7.406196151603577295e-22
4.851831187940651737e-22
7.447453935493468668e-22
5.571616631167189959e-22
1.842147663089397473e-22
5.429800571860578060e-22
4.841893085224679618e-22
4.834514776202266651e-22
3.358773936657528153e-22
3.931726450732406050e-22
4.186180909842121954e-22
4.673716191781155629e-22
1.922119616147946127e-22
4.258776540136896300e-22
1.285762978988913395e-22
2.394357254222521743e-22
2.679432239754614937e-22
3.202924954178502962e-22
-3.184580457176886348e-23
1.135896743598409206e-22
2.118591898805512925e-22
2.567665972826107728e-23
-1.394991610263362075e-22
1.267320535612002455e-22
-1.005968978006604301e-22
7.084748665197653087e-23
-1.866120265200803706e-22
2.590413160026362591e-23
-1.014811276132611064e-22
-3.247894187327181443e-23
-2.630081367468886903e-22
-1.915965937440308481e-22
-2.611314444805802272e-22
-5.112541861065864207e-22
-4.958696846264617032e-22
-4.119885307333467275e-22
-3.443205141528337286e-22
-4.030811691308530970e-22
-4.207832094720035819e-22
-3.963336215771341954e-22
-9.167472112330003721e-22
-4.705763416076314546e-22
-6.354560156113336575e-22
-3.024214357889478281e-22
-4.066859138257330308e-22
-6.081039943461826107e-22
-3.384553355382483480e-22
-5.631518091427380230e-22
-7.868705304509662624e-22
-7.663691111668775229e-22
-5.835062751831799462e-22
-5.002465957102234231e-22
-7.656129279050736780e-22
-6.185155920759837699e-22
-5.703523462955311254e-22
-6.817149206672322140e-22
-7.320640728953440671e-22
-7.539543977249265848e-22
-8.173435820599786749e-22
-5.957626814255478157e-22
-7.058169455312695066e-22
-9.723842340531704120e-22
-6.842873825026614203e-22
-6.758214544922727971e-22
-6.971192305242995959e-22
-4.622888449586888950e-22
-8.204541325722812913e-22
-8.103785356872722006e-22
-5.280496488521327366e-22
-9.698447233247893507e-22
-7.246823841547651830e-22
-5.397576850094220484e-22
-6.362902421596307405e-22
-8.101310599284444216e-22
-4.967344289358416365e-22
-6.033792926324671945e-22
-5.088524430574087785e-22
-5.534802540181270319e-22
-2.988233870102079669e-22
-7.938037756012109620e-22
-4.215569343165367454e-22
-6.990624097679140578e-22
-3.517651488221238251e-22
-4.660999716543019461e-22
-4.872469247739718307e-22
-4.816734864051722255e-22
-2.603772642837992325e-22
-5.149781771932543480e-22
-3.132317361821608534e-22
-2.167457618341233561e-22
-3.707729082782736957e-22
-1.994895262276370038e-22
-8.240784220959714503e-23
-9.587854959553907609e-23
1.368954315846028753e-22
-2.241490612696420593e-22
-7.344820402816129425e-23
-1.973835145431859652e-23
-1.591658067043486777e-22
-8.538073392964269587e-23
-6.436352595894980141e-23
9.569319871953637647e-23
-6.130507731970248582e-23
-5.915633865024047817e-23
-7.129417767003644721e-24
-4.788757187663712535e-23
2.957488813689725656e-22
1.964323165118988630e-22
3.365061918954031273e-22
1.275397956085183227e-22
2.426547376853190410e-22
2.339280976595634732e-22
1.506617409005134748e-22
2.630376889175331376e-22
9.046887140009692004e-23
4.986778767693533975e-22
4.177738020201310246e-22
4.199872525824091894e-22
4.976167546755588462e-22
3.769457986369211133e-22
5.470524818711296956e-22
4.409350058518771943e-22
8.224397417639923896e-22
5.474867584499479174e-22
3.524837430787460883e-22
6.975416050063131925e-22
8.120648220100344271e-22
4.695255924811374513e-22
4.986756318180167287e-22
6.678621409076700793e-22
7.548314883589936040e-22
6.476226077085026227e-22
9.752827765783040614e-22
3.722753049363214804e-22
8.883329379723894745e-22
7.670033715753151355e-22
8.805373232170866431e-22
5.822388272909641078e-22
7.766329608593361266e-22
5.671718934984001959e-22
8.132220342618854052e-22
8.021848907759556112e-22
6.095126857598562828e-22
8.279473417479749135e-22
7.226667707574611802e-22
5.570219141819384853e-22
8.429296757946694410e-22
5.201968873520254936e-22
7.132247700545250945e-22
6.941262771167018772e-22
6.359955212540665533e-22
6.950129548726641135e-22
7.256995725031231467e-22
6.989641716313233398e-22
5.119721441703992155e-22
4.155789096710393200e-22
6.159783988529596854e-22
4.247306888740526155e-22
2.169718905428532271e-22
5.734267711355800743e-22
7.359461915637233495e-22
6.187177290602639494e-22
3.228200568492860687e-22
3.534098343290936510e-22
5.273608568490772478e-22
2.324344801369198985e-22
5.109641846916750922e-22
2.121479609825530800e-22
3.335236019075228087e-22
5.381941345814375367e-22
-1.037371445344447896e-22
5.420987502959547479e-22
-1.298833767608155710e-22
4.906123121206990406e-22
-5.809404782204599125e-26
1.283305014631983638e-22
3.417320503411376029e-23
6.282810668441910377e-23
-1.867256412640703657e-22
7.334043174151530227e-23
1.102275332358829811e-22
-2.182505017223729492e-22
-1.106410988424600893e-22
-3.386945442335456162e-22
-3.321721304191350915e-22
-1.423376651728963273e-22
-4.579664203287287727e-22
-4.315712541709744439e-22
-5.006355008507084587e-22
-4.152151074742336220e-22
-4.045267169516334998e-22
-2.774624310511550137e-22
-5.484515220903898204e-22
-4.766262952291493119e-22
-2.940077929094390361e-22
-4.518673579355565245e-22
-6.536817605926062822e-22
-4.503373225613368814e-22
-4.665609399574030846e-22
-2.684272281132924325e-22
-5.113261432209352610e-22
-4.681962397800358845e-22
-4.071058736354461056e-22
-4.010260314392838999e-22
-5.714366441195671685e-22
-7.745266643491366221e-22
-7.492716547144769811e-22
-4.476308643708780595e-22
-7.372575499618812359e-22
-8.826311063657815789e-22
-6.919505390054777914e-22
-7.486365034307757718e-22
-6.466234565526879271e-22
-1.044534015959988806e-21
-7.577600177860456206e-22
-8.005295068182553839e-22
-7.909030698294546539e-22
-8.511396095413212091e-22
-7.657126612500632204e-22
-6.598862545273989505e-22
-6.761419633642841991e-22
-5.018660593751519008e-22
-7.598393034039495759e-22
-6.308208609434821363e-22
-5.793692218721838999e-22
-6.805580954775584970e-22
-5.753782689103023961e-22
-7.710001821333795855e-22
-8.495108379325225987e-22
-5.685488411364676118e-22
-5.879551263458905812e-22
-4.338605498832007881e-22
-7.010097280850431437e-22
-3.732027981503259811e-22
-5.830039867521616687e-22
-5.412436575705755897e-22
-2.033903309505492422e-22
-6.534113970383092728e-22
-2.690863314364538284e-22
-5.029316567158768046e-22
-3.788359079678574969e-22
-3.788106927926562455e-22
-3.423516661396539562e-22
-4.017052123095826218e-22
-7.619826169509728270e-23
-3.499913105241360531e-22
-3.211489246347906809e-22
-1.778867906451675617e-22
1.005418140259367313e-22
5.500748449565174279e-24
-5.992397808061184017e-23
-1.123530010739408572e-22
-7.782710449313616790e-23
-1.809720085081291475e-22
-1.415347882135680743e-22
1.552568263318284348e-22
8.459230840105420414e-23
1.194793160984777631e-23
7.286315946179135795e-23
1.116150578405779162e-22
4.629071078665745475e-23
3.219942319494829150e-22
1.508929666332378539e-22
1.223105094116629582e-22
4.366229910586452355e-22
2.781583859323598904e-22
2.938868077155508636e-22
1.971843950064749763e-22
3.154078728105545800e-22
4.992251093802233961e-22
5.447173163667412129e-22
4.401126269664237422e-22
5.338691556798177431e-22
5.352041624284881486e-22
6.304083517980188404e-22
5.162552617805347235e-22
5.861066193088731450e-22
6.838761837120670960e-22
7.200238180251515101e-22
6.563056142711535397e-22
5.289854072210460647e-22
9.419231051755777636e-22
8.481432656750152845e-22
7.010086734278017258e-22
9.677706974681280454e-22
8.044439376448979202e-22
7.901595917842547728e-22
7.239055489561650928e-22
6.180334082488025449e-22
7.670321221703642439e-22
8.285525364588130440e-22
4.149445964374823259e-22
8.803320555478760408e-22
6.779547142112170785e-22
7.187386881114775161e-22
9.423632872882684793e-22
8.854873364649045286e-22
5.854884241604677401e-22
6.535235177247223435e-22
6.184040135370932914e-22
4.794246098910006886e-22
8.573776541100220886e-22
7.186629938226823976e-22
5.072276208500759226e-22
6.002624425286911415e-22
4.842747838350304308e-22
8.120414024414713473e-22
7.208001932205454619e-22
3.466782316328441952e-22
6.026099174730509912e-22
5.528454094830888006e-22
3.408358986372706460e-22
2.958999489973719168e-22
3.217252810450714628e-22
3.758553743457808480e-22
2.642028010723293676e-22
3.382792019679114360e-22
6.149913129964169967e-23
1.957295543875788525e-22
3.101489140525149859e-22
1.046316368851211441e-22
3.986313921762878838e-22
3.078695318827764421e-22
3.129682180284548573e-22
6.646079864835496710e-23
-2.841032845723927923e-23
2.638851532313391181e-22
6.149181085093744235e-24
-2.047180266327382216e-23
-7.924973488789699706e-23
-1.344737565459180840e-22
1.836256648870804617e-22
-2.469916331418517082e-22
-2.437780417616392405e-22
5.703842835285069528e-24
-8.222800724521439749e-23
-1.221799593469467530e-22
-3.420410028916501549e-22
-5.057591982984512017e-22
-2.721182477040172428e-22
-2.580031775611872820e-22
-4.700078052881381634e-22
-2.796249948353796826e-22
-4.693489747249114060e-22
-4.987618371454067534e-22
-5.431840648403432517e-22
-5.535640619184600691e-22
-4.030427068118477255e-22
-4.497809987299912042e-22
-6.062045556833633511e-22
-5.171951679238581665e-22
-7.742889817429832931e-22
-6.407448980447918072e-22
-8.804480519039428212e-22
-8.130981841550401811e-22
-5.756688200405962189e-22
-6.690345295366658887e-22
-8.841873694455079537e-22
-8.479429480381227757e-22
-7.901532356129926442e-22
-6.941421544065599182e-22
-8.404083225158026166e-22
-6.898228001075820967e-22
-7.609215691227143146e-22
-7.781680315555258150e-22
-7.603132906623592665e-22
-6.618751711751441650e-22
-5.875419701783849968e-22
-6.927291263459027871e-22
-7.587908277443328374e-22
-4.925489308933858077e-22
-7.349997756512992976e-22
-7.959078946083292206e-22
-6.501820940998460005e-22
-2.501505487775563955e-22
-7.980957189094152558e-22
-4.948552374238821944e-22
-6.851330096381089428e-22
-7.063853438871801155e-22
-6.637605791612920668e-22
-5.272935869426285059e-22
-4.566754241569049528e-22
-5.102974260212210249e-22
-4.977357233922252783e-22
-4.801379942376091899e-22
-5.235050210472639605e-22
-5.065652334894449636e-22
-3.937004292578670139e-22
-5.723773495175699208e-22
-5.601727654658082226e-22
-4.473280275874227512e-22
-3.571854958540919346e-22
-2.795408033431288711e-22
-2.432008747959925495e-22
-2.251244028563292355e-22
-3.604328657840385370e-22
-1.014394677708134321e-22
-3.660971866447976310e-23
2.735846045467688286e-23
-2.101340281304523756e-22
-1.083490685489218189e-22
-4.862687367858307906e-23
-7.256308084660316433e-23
8.638494615601336339e-23
2.661784964221766358e-22
-1.055732127303418117e-22
3.952883598001241160e-22
2.963914416527567965e-22
2.415273413393288719e-22
2.378567547561794188e-22
2.446617667639227372e-22
3.228564197078409197e-22
4.374699156779331670e-22
5.510608161586945199e-22
3.738075714056406131e-22
4.345182526483804808e-22
5.294055488726464165e-22
4.940411208204799226e-22
4.224271547841052720e-22
3.168888171459957571e-22
5.011382049736163158e-22
7.381608786511493535e-22
5.764308406103063106e-22
8.155578923575610255e-22
5.685512573824744554e-22
5.910433172996706962e-22
6.068674419712009128e-22
5.987465138955015068e-22
9.894236788701370598e-22
6.983803652071593376e-22
8.208991426056397555e-22
6.409573870365551909e-22
6.866363915094624699e-22
6.383542297262999886e-22
7.271243476529064586e-22
8.127404376764440098e-22
1.011856759323338144e-21
7.910242099698470402e-22
8.683231633432262434e-22
7.168055632611153819e-22
6.476039725909134667e-22
8.190292249131191831e-22
5.824992073401492542e-22
6.985075506329230872e-22
8.315585900021280499e-22
1.025534420822044908e-21
7.128342115696248465e-22
7.484322107742015342e-22
4.494599521869402843e-22
6.991880255032922103e-22
5.658094002676980338e-22
5.444161028594283100e-22
5.126973874669118992e-22
5.100602274644101829e-22
6.136466543697424539e-22
5.006752754610435767e-22
4.751847897358021834e-22
3.822302420182992974e-22
5.624221476664125096e-22
1.145650204043947965e-22
5.346211148279546286e-22
4.725984932537556818e-22
2.646617009767152605e-22
1.967767515214748002e-22
7.910785340234308539e-23
2.599048259461723883e-22
5.069518762764155637e-23
3.064310468941087077e-23
1.489634128300143049e-22
-1.446500017613050499e-23
-1.730899451872310887e-22
6.551379469255189844e-23
-1.368478887146630561e-22
-1.416834912035066058e-22
1.554577193303248362e-22
8.650483747147299398e-24
1.213798222177957380e-22
-1.492006549913884460e-22
-2.794639266174157283e-23
-3.293822073243230949e-22
-8.177312819260412974e-23
-3.629100503173896936e-22
-7.754280830657604298e-23
-3.098559823836464440e-22
-1.495761485431203202e-22
-2.587628389318575407e-22
-2.681836315512031747e-22
-4.344919957853010844e-22
-4.553692858904646900e-22
-4.822504523711740778e-22
-4.475465609059995953e-22
-4.301032150135343482e-22
-7.397947260890735128e-22
-5.489407549399079487e-22
-6.284474790126581884e-22
-2.896863874048701527e-22
-1.044599115984424909e-21
-6.041877969852567753e-22
-8.199040571906339260e-22
-7.740698151854097012e-22
-5.816870006944785007e-22
-7.007455597728114448e-22
-7.828731632851596898e-22
-6.598066662695306832e-22
-6.924147221909101034e-22
-6.309272796149183486e-22
-9.700157933074152240e-22
-7.624583592809643099e-22
-9.360733034010521317e-22
-7.564319905594028840e-22
-9.842932089810494750e-22
-7.539287738116263406e-22
-8.362360751679754391e-22
-7.630809117011920555e-22
-6.100782191003550690e-22
-7.328422694986460696e-22
-7.089215484202754088e-22
-1.008947741747378637e-21
-5.560525228058220920e-22
-8.077031609414575777e-22
-6.644771638249617606e-22
-8.833578105852107283e-22
-5.908776913070563723e-22
-9.279440712656803992e-22
-6.839243288930219893e-22
-6.172369043943015069e-22
-5.046625992923941091e-22
-4.812714422075223302e-22
-6.371110523097106432e-22
-4.567851379266529402e-22
-3.060842089863665721e-22
-2.210901317176369986e-22
-4.719548177223100634e-22
-1.395613444749190614e-22
-1.977432887334253680e-22
2.725167988359596571e-24
-2.140163636438415587e-22
-1.644106070663417338e-22
-1.475978497400231872e-22
7.167835363431641104e-23
-1.577983235724455682e-22
8.274207417756349250e-23
2.153812566905859953e-22
9.179623354813090057e-24
2.507252267525199202e-22
7.206005031447991045e-23
2.505998042669160274e-22
-1.565000430307911132e-23
5.211997243012349536e-22
1.868014806515667504e-22
3.730799364511751413e-22
2.926085760125622837e-22
4.671446067195860619e-22
2.308798027459031045e-22
4.491536411421725681e-22
4.831678389199063957e-22
2.715995536117086138e-22
3.800123705203747860e-22
4.121920162352920454e-22
3.481719675663417574e-22
3.493793243604371255e-22
5.997696599691564003e-22
5.163277616961682478e-22
4.277941766756081867e-22
5.469666896119468304e-22
7.648224090326234825e-22
1.826589575166990708e-22
6.772882419755594362e-22
8.031411345887255220e-22
7.584597867682642167e-22
9.092684067375640812e-22
5.131816153119297863e-22
9.382915848621517271e-22
7.888413622251279161e-22
8.015057577083541703e-22
6.287524561928105998e-22
8.578800066953413178e-22
8.639577102222481251e-22
5.753147525423992961e-22
8.087885180757909062e-22
7.783742908926203732e-22
8.165203348199396776e-22
6.180526474910070200e-22
7.114139392912433783e-22
6.351193126919722077e-22
9.112307251622232347e-22
7.833798556670366146e-22
8.089937638971431336e-22
7.798962034395171354e-22
7.447839575736805783e-22
6.841410065263340054e-22
3.094542025719814414e-22
5.530581988455740553e-22
6.518087729672388317e-22
4.601637325334547345e-22
4.332812516770551602e-22
6.519787456093319858e-22
5.352386189614160866e-22
6.666855249737321769e-22
4.590734113875012786e-22
6.040736507910375474e-22
2.076360248429260255e-22
3.485818183381543193e-22
1.605911347823295407e-22
5.904464867663627792e-22
1.142754884129343196e-22
3.536811545956791805e-22
-4.246530287343521416e-23
1.052303969804066541e-22
1.594119832137618002e-22
1.419204989543812498e-22
3.088292997085289434e-23
-1.744273431973592853e-22
6.085073597125975289e-23
-4.182711297048131507e-22
-1.015288145708215321e-22
-1.769381415735047398e-22
-1.448538454565921119e-22
-1.915524660239398426e-22
-5.363967115923489160e-22
-3.028685843264322410e-22
-1.255749241829905411e-22
-2.332608987260409326e-22
-5.613170014389511303e-22
-3.410525309582818822e-22
-4.384621974766688250e-22
-5.316320481494263457e-22
-5.067864223286001571e-22
-6.698988805118330061e-22
-7.167150141849920254e-22
-7.248640738258984176e-22
-4.209150207290834212e-22
-4.738129966016694587e-22
-8.775378703624742695e-22
-6.104582519309464877e-22
-7.667971205269658376e-22
-8.330732839095750321e-22
-8.535681697758188541e-22
-5.851636750040219723e-22
-7.854638881391909381e-22
-8.616200439273638313e-22
-7.552833750311318604e-22
-5.469360714293157782e-22
-8.171518552195991315e-22
-7.025643571755094838e-22
-1.012341218491817169e-21
-8.263829265431517818e-22
-5.716384125853608255e-22
-7.171717357604152183e-22
-6.874829669432063511e-22
-6.199933931917227034e-22
-5.504497861389233309e-22
-9.041427803861437859e-22
-3.716689805288950299e-22
-1.059539791126677557e-21
-7.652327518984424990e-22
-8.004323406700375361e-22
-8.130066625228289303e-22
-7.567064393482756919e-22
-7.141345667030644116e-22
-4.086466435058477407e-22
-5.990476435623581611e-22
-6.378161682185440020e-22
-3.460455695555224066e-22
-8.015613973051914139e-22
-5.025548203668423298e-22
-3.702839598694958967e-22
-4.719698581869891077e-22
-7.626011087633171878e-23
-4.304855439593377007e-22
-3.453879405566172439e-22
-2.540944049609822247e-22
-2.957670620392910761e-22
-1.756141929734629827e-22
-2.190468743416966018e-22
-8.787291348311067661e-23
-4.618460918958844014e-23
-1.585262513327899503e-23
-8.694847014740183599e-23
1.492808724305013875e-22
3.578647953498738317e-23
2.196363554729625227e-22
2.111674439648333544e-22
1.039766869121777110e-22
2.995939863028207774e-22
1.865903160903752768e-22
3.546198490622679081e-22
4.722400674545885751e-22
1.701597848403695571e-22
4.270956365069975115e-22
2.653607257478814079e-22
4.016562779754621681e-22
5.046680282647863613e-22
4.815926986706454723e-22
2.973729566288166641e-22
2.646695307471022845e-22
5.388977909797414551e-22
5.695920437130082329e-22
5.456097629921373922e-22
6.878465801495972300e-22
7.727586592927885651e-22
6.048419834014564045e-22
7.907063007106301194e-22
6.773822546052345342e-22
6.916633732918681416e-22
7.223609518815938141e-22
9.862854219163796781e-22
6.742500611103614130e-22
6.569815837950867125e-22
8.268642349040610879e-22
9.409130304128609460e-22
9.896328491550924402e-22
7.143473738680105308e-22
1.084777520145573977e-21
8.847728436939373603e-22
8.412044488396937132e-22
6.456599702656317932e-22
8.263588760971742108e-22
8.721320262121657161e-22
9.048102954438698736e-22
8.089292760819038958e-22
5.128852241041547177e-22
7.252011985158138301e-22
7.554790131322247550e-22
6.090121312859657958e-22
5.980093798081437832e-22
4.825924895902562937e-22
5.383173049197310223e-22
5.041133133074541389e-22
4.211958686513030649e-22
5.304294710341117881e-22
7.371831077278038953e-22
3.518948739169675913e-22
3.420539146511589537e-22
5.307173340031235879e-22
2.198618307775874328e-22
4.976975100532253494e-22
2.398016472294675871e-22
2.587832821193158208e-22
2.005170464451948572e-22
1.900848346217425221e-22
-1.099973251768439401e-22
-6.956391242049248412e-23
7.838095356104864118e-23
1.333741677910805077e-23
-2.802521247136504948e-22
1.531288174983317416e-22
-2.174718632026493564e-22
1.164376121235051610e-22
-3.253521843192754669e-22
-1.018304101640291361e-22
-3.207306600167566449e-22
-4.331261564553748018e-22
-4.596572716897681924e-22
-1.782941948495519340e-22
-5.599324367524675612e-22
-3.284965725193486378e-22
-6.897905276749719418e-22
-3.323887783314603297e-22
-6.581798839522074705e-22
-3.078462864519416500e-22
-3.991625207409136960e-22
-5.318622357927523103e-22
-6.971929858629482401e-22
-3.970427706407448480e-22
-8.096368734369324969e-22
-6.110640691407514990e-22
-5.683345343111105653e-22
-6.480907779396961251e-22
-9.289090851990984169e-22
-4.455682002621607794e-22
-8.298404593016803536e-22
-8.300434592177959761e-22
-8.113732091403350930e-22
-8.369757999243295989e-22
-7.704217958480420085e-22
-8.133798577103394057e-22
-9.641344289358573005e-22
-7.708214049635115788e-22
-8.126314588209644721e-22
-5.574781591902675576e-22
-7.921799549267249703e-22
-9.440220178133581845e-22
-1.011618696237176699e-21
-1.021957101873380006e-21
-8.529320915082600731e-22
-5.869814591038170135e-22
-7.459357401522850280e-22
-5.391525103786327015e-22
-7.706761984172212262e-22
-6.140135504425883071e-22
-6.786996478836070545e-22
-6.603569294962475488e-22
-6.487301659302867719e-22
-3.577198865465629604e-22
-4.390076435249021612e-22
-5.946022344595974621e-22
-4.015595928559128614e-22
-6.006656231177535071e-22
-4.280583232906706705e-22
-3.783750919011535504e-22
-3.035549486931234396e-22
-7.149623308640025431e-23
-2.937166032690583875e-22
-2.851617346522810713e-22
-7.332493673883834881e-23
-1.270979423726367538e-22
1.244577560629539803e-23
7.284652433777734403e-23
2.679166079107478957e-23
3.058308353849128355e-23
4.106553365856330543e-22
1.522058075739738375e-22
1.782988051185646581e-22
1.532184742887771202e-22
2.643766807343549324e-22
4.163240001456551733e-22
1.854022710812312776e-22
2.621073657824565064e-22
6.372610329475148280e-22
1.518748484690813112e-22
5.571812364557822553e-22
5.210209188867205288e-22
5.012071346144829837e-22
6.507375597845796087e-22
5.662220825442512214e-22
6.436400868583359955e-22
5.945451204158989842e-22
7.888159186216292147e-22
6.950408409264699068e-22
6.874093597833185174e-22
7.167766050274204768e-22
7.335242277076051505e-22
9.205027109217208152e-22
7.676437778170260129e-22
1.037315817709604889e-21
8.362760711595824745e-22
6.442590197216900282e-22
6.803146492619581475e-22
8.796552483552196272e-22
9.804148777639273994e-22
6.201692516450780594e-22
6.986287957437355726e-22
6.819789004882672976e-22
6.656024505333675443e-22
8.269329202069350225e-22
6.332965629611368706e-22
8.567559087586958233e-22
7.179547081534858913e-22
8.249039480036581667e-22
8.660533529598419092e-22
7.171787816834163507e-22
9.516335206814576565e-22
8.150289920999997876e-22
6.703936139627855275e-22
5.128975957361756332e-22
5.931805128190278598e-22
5.789145835112675718e-22
5.223254677226855838e-22
2.618706604485185117e-22
4.397219299160806514e-22
4.027310134816272885e-22
2.764148907556603484e-22
1.475932390861151035e-22
2.944405939465158998e-22
3.749735171874885143e-22
1.285565021038812117e-22
2.249031497853995491e-22
2.060934455647855784e-22
1.358007145270225687e-22
-1.626918132009536678e-22
2.765105022926834442e-22
-9.993781116652911054e-23
-1.509574379791067076e-24
-2.168133357028040053e-22
-3.681461042036717838e-22
-2.023248080535256598e-22
-3.303917694718749178e-22
-1.352922107466292606e-22
-3.063642583421269225e-22
-2.635795739603861816e-22
-4.779314018521993148e-22
-4.157817490237074081e-22
-3.544984693888458161e-22
-5.343660273807471405e-22
-6.570581259563469565e-22
-6.575818967613799253e-22
-7.133697586521162445e-22
-5.730707458896710382e-22
-5.570960694280510375e-22
-7.045941515494388466e-22
-6.544769501175236897e-22
-7.973572732063556710e-22
-4.902153122881419942e-22
-8.246726123479912313e-22
-6.559858328405698433e-22
-5.899025542751670654e-22
-6.014425808630307035e-22
-7.802352726090920354e-22
-9.790563737737451593e-22
-8.286244195996042540e-22
-6.561708136559358562e-22
-7.772349475081159442e-22
-8.160932048563935337e-22
-9.016640229304161596e-22
-1.108644306622174126e-21
-8.919325368500740118e-22
-6.363798855038178207e-22
-1.078454244689927626e-21
-6.903791925132221493e-22
-6.643526841002739587e-22
-7.573223964002639029e-22
-9.741863988256955364e-22
-7.309923607828708069e-22
-7.192000182721938646e-22
-6.375525653054940147e-22
-4.662153480448690242e-22
-6.043542251861121845e-22
-7.316354784504842977e-22
-7.858146089954224822e-22
-4.079627702432513627e-22
-5.978704421415663534e-22
-5.520721635788046623e-22
-3.892735557767650460e-22
-3.336461449085427835e-22
-2.601392395106083883e-22
-3.472991292176874354e-22
-1.418077145496380769e-22
-2.583946190672150450e-22
-2.360431485759344269e-22
5.271566170382513301e-23
-4.686109529122534932e-23
7.593929303996442810e-23
1.086225879033976177e-22
1.202976079029573746e-22
2.310530442355563863e-22
-1.706907972261159119e-22
2.777116389790408296e-22
2.132600750111714522e-22
3.237399276733436385e-22
2.249035953700275272e-22
3.381428900825037474e-22
6.081045248814587155e-22
5.343497696213580230e-22
6.356056438171443389e-22
5.876454250899764966e-22
6.886737479089168928e-22
7.317875007413633167e-22
4.652829224017780703e-22
6.720717835334540854e-22
8.073647705231408223e-22
7.254470830373872915e-22
7.804886617955033822e-22
6.732608801017252113e-22
7.634180104833637557e-22
7.299458838800794964e-22
9.047734981522672639e-22
8.816830288273419909e-22
8.177134744970389481e-22
8.535256915123760516e-22
7.265403143272095131e-22
8.222713062058116485e-22
8.191889174762659816e-22
8.485049184618486171e-22
1.115925444368358835e-21
8.906595614614501652e-22
8.556490570505838793e-22
8.894670288151574483e-22
8.165017772163760137e-22
9.038722924464424108e-22
5.257520898864984328e-22
5.400176174590842863e-22
4.207778035182162809e-22
8.004102199915897901e-22
5.594000727016212547e-22
6.148008254994250053e-22
5.181783421406918564e-22
5.536254235906309793e-22
5.929272643574099406e-22
6.798908290222915418e-22
6.941449970650864141e-22
2.634466763964237354e-22
1.681916304731726776e-22
6.486114544258002361e-22
1.637472617782770687e-22
3.720584005800433757e-22
3.005814944930817729e-22
2.944877059212342276e-22
1.319959077430350403e-22
-3.196929730165660264e-24
1.397288264188126554e-22
2.073849432390160266e-22
-3.000741250425550890e-24
-8.861958139405447439e-23
-3.618744475643557218e-23
-3.648151572308665846e-23
-2.992770234583152448e-22
-3.603308046855766320e-22
-2.680608312492185444e-22
-4.007951557924476553e-22
-4.506912888735129135e-22
-1.799654275312892931e-22
-6.007325228673008858e-22
-3.446050639894161952e-22
-2.696400022717674610e-22
-6.789309641734626268e-22
-6.589931292570858641e-22
-5.038831844128313672e-22
-7.247612828448156782e-22
-6.809587227588841444e-22
-9.843275666151171973e-22
-6.391697746235389990e-22
-9.245359707355919339e-22
-7.770050770314950798e-22
-9.395613995971414173e-22
-9.506219272531861700e-22
-7.998709009011498690e-22
-9.216282780272648679e-22
-7.868895067483966029e-22
-8.403312058746601241e-22
-9.027167100137024089e-22
-6.931725701663482095e-22
-9.740005583776865545e-22
-9.292985022520044463e-22
-5.278811818234561456e-22
-9.124423865874905739e-22
-7.380886650194352032e-22
-7.670502307523430911e-22
-7.830639641110612593e-22
-7.904244742250881940e-22
-9.154138382706735334e-22
-5.280401527702279379e-22
-7.941776056608645542e-22
-4.934595787389196118e-22
-5.603150085653890068e-22
-8.080145430528538181e-22
-2.394453030794899154e-22
-5.597240351587926572e-22
-2.662259532236745518e-22
-6.389192594157894122e-22
-7.474178316347807061e-22
-4.846446673236756933e-22
-6.142245786200748832e-22
-8.575532552053384477e-23
-4.176138888157204212e-22
-3.887277855311044313e-22
-3.475417109412909593e-22
1.282518848429516158e-22
-3.036478156381169374e-22
-2.943666709448097301e-23
1.297986894685112492e-22
-5.352044687383533090e-23
2.934128250506737212e-22
8.250554023185472547e-23
2.994662855353747809e-22
2.054185391739292131e-22
3.658780651865025319e-22
5.434160043019580156e-22
2.972269929990790935e-22
3.838723154421602078e-22
3.525960100035952975e-22
5.881969638716937094e-22
5.072313135235514775e-22
9.012880313924611692e-22
6.327409717970924114e-22
8.328190024388067043e-22
5.519727970064566803e-22
6.622903623111791910e-22
7.497143852736896569e-22
6.673375311591776091e-22
1.148705467870927474e-21
1.005635221759656215e-21
9.954755223219538507e-22
9.235786027122649451e-22
9.752459909550601150e-22
6.909117128619140163e-22
1.205951142663998403e-21
9.234591228864847798e-22
9.829569090272453747e-22
1.007043766988039447e-21
9.397334139024105696e-22
1.019208599221879534e-21
9.136093653732499875e-22
9.159087392550539777e-22
9.009722098035323214e-22
6.225511496070734058e-22
5.835015757613612790e-22
5.289215605179037187e-22
7.737937833811333676e-22
4.931103753416415137e-22
5.742671358385409907e-22
5.533941411242255733e-22
6.154662917548061334e-22
5.604203764457564152e-22
5.642993906874158569e-22
4.295268363582957552e-22
5.551660694231971958e-22
2.994502093650758744e-22
3.047321542873113503e-22
2.067130120034847893e-22
2.694618662380473367e-22
1.332490914251406683e-22
-5.982585336475249066e-23
-1.074371232824128323e-22
1.341428100127987668e-22
-1.310519892538808032e-22
-5.154700601487153021e-23
5.968043821948246630e-23
-1.701901809228386883e-22
-4.932314813304019329e-23
-4.750269559382058284e-22
-5.854596342718876005e-22
-2.118049234463288622e-22
-3.108203354649286935e-22
-2.316110767937874360e-22
-3.923948450835025824e-22
-5.572057322156885707e-22
-5.220394468259360403e-22
-3.728485968172456699e-22
-7.509272698189838317e-22
-6.308413779927684371e-22
-8.709001039455401590e-22
-6.004800831696408120e-22
-8.950322110877257823e-22
-6.516744475953229958e-22
-1.047698838225406396e-21
-6.081869820407112582e-22
-7.964995759953301616e-22
-7.404140047398289224e-22
-9.571499015543899220e-22
-8.565355098208191008e-22
-9.165764983218972211e-22
-1.031089468379538237e-21
-7.913725838182226011e-22
-8.562473210941335813e-22
-7.892589402129463163e-22
-9.580969031383376657e-22
-6.311242093218164129e-22
-1.083621682020482793e-21
-7.603466613723425503e-22
-9.822259000889484729e-22
-9.651324121663183901e-22
-8.651358549724732402e-22
-7.493363864376053494e-22
-6.926192217224123044e-22
-5.330775534005418813e-22
-9.453757128569106740e-22
-6.040662615357236386e-22
-7.269251925226934097e-22
-3.384074866249271855e-22
-4.190323732373505656e-22
-3.788611830783024595e-22
-1.005394274140384642e-22
-3.280839190355461550e-22
-1.349920948411901062e-22
-5.902171478553161545e-22
1.135364690807405360e-22
-2.343224783922881998e-22
5.110647422106443846e-23
9.594817689813409078e-23
-9.318265355177827292e-23
9.289066164279009626e-23
1.706300918460579218e-22
2.126462600296869689e-22
2.500081839546170054e-22
3.348929109213525017e-22
3.142872628451310200e-22
3.732391184206026702e-22
3.676797310022482960e-22
4.908187258399562344e-22
5.621281670052934027e-22
6.609701845915469796e-22
4.781513461131138897e-22
6.401769518016658602e-22
7.503364417208418913e-22
8.367005868037200823e-22
9.601051901349517519e-22
8.289668485841085994e-22
9.224314511293913971e-22
6.959342792768575324e-22
7.640845201628841385e-22
7.900460257145480028e-22
9.681154733397915293e-22
9.305883125628791864e-22
1.013821130554702696e-21
1.034082185102865652e-21
9.455670885553613271e-22
9.690949995602307883e-22
9.019406996091042519e-22
1.043715946230657959e-21
9.038884808694800579e-22
1.131585913246599960e-21
6.592779179469741175e-22
1.262942228917349952e-21
5.220285084681554481e-22
6.555742841777862860e-22
6.506193667738896116e-22
8.244167557333205674e-22
7.570060770592441060e-22
4.341531499683774538e-22
6.541142068868532417e-22
4.418248846679633278e-22
3.944006251352059727e-22
4.848207274992449775e-22
3.260153590694430641e-22
4.311986802293199230e-22
3.551052353669737743e-22
2.684948889039795426e-22
4.128846657892883885e-22
9.454286409513084204e-23
-4.326174050277353242e-23
-1.039908044371765075e-22
1.719450740708415072e-22
-2.148304006503547261e-22
-2.266619133670507680e-22
-4.701844342222093918e-22
-2.941670642879891455e-22
-2.292189377897337637e-22
-3.042682763351430356e-22
-6.243779130061035845e-22
-4.838849127076433576e-22
-4.932212587880400120e-22
-5.541073054320987692e-22
-4.446915949166291322e-22
-6.456332782827429404e-22
-7.271275439379365457e-22
-1.048650310516316071e-21
-7.777042582128559768e-22
-9.213434265180351322e-22
-8.900267466710982710e-22
-9.725354849516976287e-22
-1.025270031352557789e-21
-7.214686521660331703e-22
-8.786770656552075733e-22
-8.296146880537428140e-22
-1.223221595894428144e-21
-8.415726630282700362e-22
-9.949030237709594919e-22
-1.091324431247939246e-21
-8.150154678226317357e-22
-1.051500278624302327e-21
-8.555989292935701896e-22
-9.456273891935474940e-22
-9.807816546986120401e-22
-8.889548446670721317e-22
-7.563117484459722267e-22
-8.594150460459926508e-22
-4.540042325269447071e-22
-5.686737994031192582e-22
-5.165217900972111622e-22
-6.007250146490311286e-22
-4.120906703974455238e-22
-3.821592727773184771e-22
-5.740878483977714526e-22
-4.060220412589965276e-22
-7.006577778541137999e-22
-2.578966271043519561e-22
-5.029777525713951377e-22
-2.187775370960666447e-22
-8.607756868756061298e-23
-1.099454045600011376e-22
1.228972179904156447e-22
1.035622808080393923e-22
-2.552451909146222113e-22
2.169953169032920921e-22
3.248804587538026038e-22
4.501749679267044380e-22
3.049043778247741195e-22
2.884675595015540270e-22
5.356593036382699419e-22
5.295058409987091497e-22
6.577897901744349378e-22
7.677043009515495748e-22
5.997365275985089036e-22
8.430464095273232201e-22
6.729076776299343273e-22
9.174213152921430890e-22
7.109385408116498890e-22
9.763667673054604350e-22
1.037024262474042270e-21
9.789906353907921649e-22
8.916048257572042559e-22
1.116260732963606618e-21
1.087910105480556848e-21
8.685590481332389607e-22
8.805171261689051932e-22
9.611058210277319923e-22
8.948267581959466811e-22
8.853011328013134335e-22
8.939002732662527445e-22
8.316360716061965140e-22
9.296472951007848596e-22
9.323987645319089219e-22
7.799562973353043336e-22
8.707489249513683674e-22
7.239944286406225450e-22
8.738159789763278858e-22
5.507629565661048714e-22
8.215484101595412249e-22
8.772452044502809803e-22
4.127897695127335982e-22
6.098170895136626933e-22
4.463836748754216677e-22
3.119471911470832347e-22
2.523701737067640114e-22
2.032488695421136997e-22
2.852263647346093448e-23
1.258288447749945204e-22
-1.571479869728853547e-22
6.540300976890641661e-23
-3.339238250593826706e-23
-2.756296166145525049e-22
-1.525102598578817558e-22
-1.467910338521798183e-22
-4.792646491154704574e-22
-1.414323016647622152e-22
-3.020508269119860051e-22
-5.366905375996879514e-22
-4.693710197303680858e-22
-7.124945303589054215e-22
-7.472712560819398253e-22
-5.336975225254639955e-22
-7.972244185842172994e-22
-6.264722127280491608e-22
-7.334983305398989453e-22
-7.043222564095816808e-22
-9.669751521116474111e-22
-9.798797974234809834e-22
-1.077778964244583326e-21
-1.032816777403518888e-21
-9.425208067364186144e-22
-9.629100542403012391e-22
-7.745011847856811626e-22
-1.067223353713871675e-21
-8.960478606563581376e-22
-1.210073235153881604e-21
-9.449844335423724419e-22
-9.306777257694695036e-22
-1.163876841605100142e-21
-1.021705511235241947e-21
-9.415885770731914054e-22
-1.039120371758884695e-21
-8.126513185773558402e-22
-7.617103370337133856e-22
-8.284194453958853597e-22
-5.970918222396159743e-22
-6.783266957508213138e-22
-5.436481588174968666e-22
-5.374465302507629156e-22
-2.579204036635965196e-22
-4.141973821664287925e-22
-3.512846520023052748e-22
-1.573569120846111408e-22
-2.095299799835565919e-22
2.189181449116299256e-22
-2.927324346187417818e-23
1.757805635550159008e-22
1.099421604831049154e-22
3.751441450418456285e-22
2.678182595859898527e-22
5.614289574395968276e-22
6.729828835650414905e-22
1.755485697892782898e-22
8.441496078706087203e-22
5.796669714547964498e-22
5.888805480375988362e-22
5.764059023134021173e-22
9.404315281983649586e-22
6.018187642585453516e-22
1.175042904993513677e-21
8.141313854942638926e-22
8.161240341814497492e-22
6.469653745941506884e-22
1.277851333649096598e-21
1.004988722288998397e-21
1.247413504213605839e-21
8.941935926576136441e-22
9.857822491407575383e-22
8.974532397817356434e-22
9.278337857416503887e-22
1.145778011428292933e-21
7.296392612809237721e-22
1.072212969043929346e-21
1.006018398945270815e-21
9.025244631762239353e-22
6.696684591250473150e-22
8.235852644484017606e-22
7.171106687149349450e-22
7.202097958276669831e-22
7.630788302839397870e-22
5.533911667866982363e-22
5.101336327746684002e-22
7.086971491344909257e-22
4.960590649994710772e-22
3.460986676580589921e-22
5.087228798021556390e-22
2.834711941640816557e-22
3.037711265386434673e-22
1.995516154619821407e-22
-9.760626059175817634e-23
-1.104017916492612128e-22
-1.806469326711382846e-22
-1.029514390283664007e-22
-1.461305927437020244e-22
-4.314170848041811159e-22
-5.487238446477850623e-22
-5.952038510292758690e-22
-8.331330576137284589e-22
-6.114159583806737454e-22
-8.920631263355358330e-22
-9.106157303821354659e-22
-1.077999998684508740e-21
-7.549504093083409972e-22
-1.217570862210628737e-21
-8.017485216211974864e-22
-1.193626542125327289e-21
-1.004048844418430357e-21
-1.275981287787327473e-21
-1.129905145560926714e-21
-9.707315995075670666e-22
-9.595988954322633683e-22
-1.261201182830505065e-21
-1.206176849635887442e-21
-1.168841888284072326e-21
-1.218630875012895574e-21
-1.200271698743440129e-21
-9.071598228709156519e-22
-1.167546188700525348e-21
-7.970478921906522387e-22
-8.903835747972914904e-22
-7.654217488968825809e-22
-6.548999446810183141e-22
-6.165625579292168471e-22
-2.799939725865910228e-22
-3.481586883679470610e-22
-3.023518868651585369e-22
-1.123785133948605040e-22
-3.095104578609557526e-22
1.791181896637675595e-22
-2.800128526582882456e-23
1.141065031357803723e-22
2.942682886506050637e-22
2.655288066375731407e-22
3.426410677865268326e-22
4.515243941325113575e-22
3.713917556558565342e-22
4.910802984754378265e-22
7.512456909294937831e-22
6.789116643235292628e-22
6.707150532135750034e-22
7.649595807442754265e-22
8.051010322243587681e-22
7.642424914693678549e-22
9.655002657156635993e-22
1.307230897875929832e-21
9.531171499558104178e-22
1.202268126327025383e-21
1.010517168590751269e-21
1.288219991098028244e-21
1.038088998541519371e-21
1.384848766116113302e-21
1.058710076320197165e-21
1.161160321947633846e-21
1.350749111064520261e-21
1.145407345016209837e-21
9.432844788536994287e-22
1.223375256832154549e-21
4.480559418833493868e-22
7.518630963483046762e-22
8.665665572138703371e-22
5.074822622505423662e-22
5.282911627378171349e-22
4.577163143978953547e-22
4.048432845803559963e-22
5.084192558837545631e-22
5.129201299297293227e-22
2.045781174054134292e-22
-2.867917081902993613e-23
1.058914188173133117e-22
-1.948994245784727599e-22
-3.513389716010377433e-22
-4.110515224289882907e-23
-4.880327362160532579e-22
-4.878701590825597743e-22
-7.078033435129648663e-22
-5.019250084390445139e-22
-9.569321980017404603e-22
-7.540920291342681371e-22
-9.006007433743437155e-22
-8.586858860989128642e-22
-8.738334676395427114e-22
-1.199948442424250868e-21
-1.436620440626210865e-21
-1.244025277193530906e-21
-1.392685481754577445e-21
-1.191625868496591656e-21
-1.150379552924418605e-21
-1.408232236084715975e-21
-1.201771554012843321e-21
-1.522183199585970573e-21
-1.229737637699423535e-21
-1.038320093060686950e-21
-7.957189471840817030e-22
-1.122461924274353565e-21
-9.884824038032863739e-22
-8.497288112956937597e-22
-7.624167223197841149e-22
-5.044606136436925609e-22
-3.274093558873488815e-22
-3.984925365991963499e-22
-3.207443648277568209e-22
-1.077496407467013422e-22
2.138510461989088970e-23
-8.798861999308927898e-23
1.963208626595497646e-22
4.490770353011001373e-22
2.496613077417182025e-22
2.957104493822132914e-22
6.114544968883513733e-22
6.489696942525329418e-22
9.665613798228742774e-22
6.327788525804889925e-22
8.537397036917403739e-22
9.583843235992723220e-22
1.063168710665861355e-21
1.213590755966167303e-21
1.326798282299153253e-21
1.230074942508083914e-21
1.227970872259012586e-21
1.168430533814318534e-21
1.375669527348216061e-21
1.227691607889466976e-21
1.162176345932835502e-21
1.267947128611812131e-21
9.957095197429134745e-22
1.288062350755999662e-21
1.226391078254246313e-21
8.174910658031911121e-22
1.051636238956493144e-21
8.436630551575644866e-22
5.319950186656605442e-22
4.520640942897072122e-22
4.967849809727954782e-22
2.755554979698788362e-22
2.259318978365893258e-22
2.107453574213615946e-22
-2.089917767615708956e-22
-3.105414101417670491e-22
-4.739661475915648485e-22
-5.355709534371956878e-22
-5.503249618871574415e-22
-7.290488768038881204e-22
-6.487027432938769808e-22
-1.001707217044634886e-21
-1.065709708998619370e-21
-9.876230559503851233e-22
-1.327200790866369417e-21
-1.274750781280254053e-21
-1.176989003920314399e-21
-1.544723357027332333e-21
-1.330519871177801280e-21
-1.343615435070017968e-21
-1.359133384549768216e-21
-1.511457381533674259e-21
-1.350868119543753418e-21
-1.419430105552694351e-21
-1.139096325180925010e-21
-1.186952953927239763e-21
-7.537798508382521543e-22
-1.104395385268512970e-21
-5.768081888326854318e-22
-4.188836452856087739e-22
-9.312802741596929394e-23
-3.857425467247081846e-22
-6.964968120674043276e-23
1.662631875426509393e-22
4.675491515419130558e-22
4.331538686965623065e-22
6.055590374654397416e-22
9.941172627326923181e-22
1.016485570824743344e-21
1.013474605129712112e-21
1.360404517921324438e-21
1.499629441317010893e-21
1.577013365392276573e-21
1.354424371808697169e-21
1.467079476924181304e-21
1.451788081351217886e-21
1.353019570683133041e-21
1.400268255317285106e-21
1.414713270677845864e-21
1.481350343758777516e-21
1.279013235253074255e-21
1.236331196708406310e-21
1.059200902746537398e-21
6.735916261235290307e-22
6.138449473466857033e-22
4.405087768681916708e-22
3.501212812839975763e-22
-1.435884338503220363e-22
-2.600208685149514121e-22
-5.840879552437537006e-22
-6.614443949685876089e-22
-1.125194076701689396e-21
-1.346648332128831743e-21
-1.187793477227046588e-21
-1.484923798197303985e-21
-1.452680206921975411e-21
-1.531969468322845997e-21
-1.735844428832376236e-21
-1.555787615012693030e-21
-1.525033828588240794e-21
-1.723499598657526625e-21
-1.468064587222673040e-21
-1.267006438927525962e-21
-1.282503908491545933e-21
-7.958841468591566943e-22
-7.721220923531543879e-22
-4.251327762027768501e-22
-2.186903761342332415e-22
2.362764653467273795e-22
6.898312850668249917e-22
5.888707408383106304e-22
1.268912937813737021e-21
1.427693243717415018e-21
1.610437124701828401e-21
2.055376644348088115e-21
2.039622451811165370e-21
2.156461876825557563e-21
1.837001031650401504e-21
1.840729373920943334e-21
1.173123326853021088e-21
1.293115646915371545e-21
9.045787944742075613e-22
4.294268698610649436e-22
4.634605182097569596e-24
-5.222230206775311235e-22
-1.538940405531598060e-21
-1.482360822874662266e-21
-2.086594379940003408e-21
-2.151911759540917811e-21
-2.368055200435162656e-21
-1.819500236936426684e-21
-2.174858090054378417e-21
-1.105603282059170131e-21
-7.690316644682354435e-22
2.909828536819663992e-23
6.600565573749627927e-22
1.159376667991625734e-21
1.721392837632145972e-21
2.044768305593492184e-21
2.271557607576314534e-21
1.833372820946393077e-21
1.756038073787536609e-21
7.226663921621948144e-22
-8.809026364631034672e-23
-6.637560744227594465e-22
-1.388672025077085655e-21
-1.541613254392583747e-21
-1.484884641658676829e-21
-1.358127428400837265e-21
-9.241338807500974641e-22
-5.219483526055878609e-22
-4.201901262984885638e-23
7.840608388662032748e-22
8.730002583871493695e-22
9.943291283989324452e-22
1.020973550492168881e-21
5.936122165441573467e-22
4.881678184952027967e-22
4.316641837338695650e-24
-1.413319425212736002e-22
-4.872466269131012686e-22
-7.567763880382355517e-22
-8.538179547198317432e-22
-3.662710795667249909e-22
-4.281953196521436090e-22
-9.747252854613740205e-23
1.107194268488730949e-22
3.359045362400722479e-22
3.527360785774721743e-22
2.938114838845025060e-22
5.076371911637932633e-23
3.737236319758418413e-22
9.520824022739053582e-24
-1.654951702868977118e-23
-3.434774720256270484e-24
-2.523370257153084661e-22
7.587943843699460629e-24
-1.402895390161463245e-22
-2.637610903308528034e-22
-6.595997650972169561e-23
1.424438932323821089e-22
3.081542887596944439e-22
-5.060181321543999106e-23
8.353731368211434940e-23
-6.817311786599742163e-23
7.379970591919010057e-24
-1.642271364168536942e-22
6.720448164381444302e-24
1.655898095248526609e-22
-1.817840109677913555e-23
2.005255384293707384e-22
-2.177697868850350802e-22
-1.010572865922829329e-22
-1.047577236682782878e-22
2.280318514269894818e-22
2.406365275013408779e-22
4.380778737388920591e-23
2.249589974203868518e-22
-1.732475749471649452e-22
-1.062837379847938216e-22
3.815865320800966967e-23
-1.919167053503999330e-22
3.804083502163862304e-23
-1.076821731562556048e-24
1.555781846305389851e-22
-1.799776411173879158e-22
5.213282920250533458e-23
-1.404842801175855023e-23
-9.575274253204722463e-23
-6.177641027408546831e-23
-1.904465715799733066e-22
-1.796148710141643563e-23
4.154523969224928568e-23
2.105992034465580893e-22
-1.835237597283610950e-22
1.800882455641871958e-22
-3.415451474673766688e-22
-8.579039432149333907e-23
-1.978078747223073434e-22
1.135117662972303900e-22
9.663903273517711959e-23
1.181992851512044205e-22
1.911792696158727931e-22
1.467007511363314891e-22
3.179757522953174578e-22
-1.587300059122047372e-22
1.732880453809551029e-22
2.036076925712853321e-22
-2.152172755181518662e-23
-1.415592710451309558e-22
2.738775435171332619e-22
-1.407866772008314466e-22
-5.311590030324659371e-23
-1.772999280060509181e-22
-3.496306797989767679e-23
-2.101129089998146199e-22
-1.306078238906157463e-23
9.831838291259708565e-23
-1.962716898189638059e-22
-6.783014870187366417e-23
3.445468102054093218e-23
-7.056995536546681276e-23
1.709148735236079762e-22
1.203442756637345929e-23
1.634041209284386954e-22
-2.608886539236671580e-22
-9.372842584177455591e-23
-1.103018959587867842e-22
5.220698412571802871e-23
-2.271091568368824674e-24
-1.461087088524244896e-22
1.203624043726746165e-22
-1.062273618703861269e-23
4.717734986725711171e-23
-7.764107525248893872e-23
4.412696027880784455e-23
9.357548582668055113e-23
4.181400117522564189e-23
-1.520831195036241332e-22
-4.085306254319703817e-23
5.730407738579165463e-23
1.192348563867379321e-22
2.056606827355728414e-22
3.875145851300584686e-24
-5.944405147847285912e-23
-1.308160295601007745e-22
1.860817063549034782e-22
-5.206222629565932109e-23
1.318344478176927987e-22
7.926426704402732318e-23
1.532664105531722657e-22
-1.121395271345787345e-22
-5.215004638648648755e-23
-9.828881336318705168e-23
8.583840156841155370e-24
-1.191089543795136495e-22
1.058346744771886343e-22
1.269196314216212240e-22
-7.629430133455305573e-23
-1.395493269336445876e-22
1.164248474498668552e-23
7.242227505112145980e-23
-1.227964141741370019e-22
1.084517853595851259e-22
-1.278285838918169635e-22
1.612649579818722002e-22
-2.482634584536111285e-22
2.389365359965515042e-23
-6.342873501711617414e-23
7.940061792920623141e-25
-9.263164561191443762e-23
7.407650489407640184e-24
9.087246655290389712e-23
2.031387832282929439e-22
9.760625283883575526e-23
-7.521024390970531084e-23
-1.950999088057553055e-23
2.743439197065336972e-23
8.414755473836678400e-23
1.703911829297554779e-23
-4.210927582173324323e-23
3.326328823585434469e-23
-4.281586581345953356e-22
2.974857934483690127e-22
-8.231370161034421078e-23
4.355970651717883850e-23
5.020612223821198813e-23
-1.480158882058254742e-22
6.790370985909038195e-23
1.550463837315537344e-22
-2.570661411512107300e-22
3.259535163978569652e-22
-2.186262637349611722e-22
7.016600011838838473e-23
-1.662136330744764134e-22
1.152797011150547166e-22
-5.415825356265502509e-24
-2.325879399682861613e-23
-1.036343189408470304e-22
1.680584402319052122e-22
-7.618098103070143924e-24
3.808264438344999046e-23
-1.738615871687717637e-22
-1.512418385762291237e-22
-1.313159889397225330e-22
5.205090898441418460e-25
4.722695365807544039e-23
-2.209844814922057441e-23
-3.264651099754538654e-23
-6.319958604218553699e-25
9.878361920529384562e-23
9.880334154354280719e-23
2.445358239649415275e-23
6.211693370525375540e-23
2.998142884573714110e-22
2.028048625032709792e-23
7.401334115851899101e-23
1.378553049253572526e-22
-1.311342578662774728e-22
6.182275454482217695e-23
-3.207528760339379420e-23
2.991812386568015393e-23
-1.886568595342082218e-23
1.066541525775558543e-22
-2.122194193599460221e-22
-1.600537985773751222e-23
-1.728845760512684815e-22
1.356239837124872725e-22
3.321093523890698565e-23
-8.019016097983550626e-23
-8.489656895295689885e-23
-7.453306611430789398e-23
7.850679168473298994e-23
-4.928380366285598702e-23
-1.021644582071072141e-22
2.866965008939297342e-23
2.666329155089096579e-23
5.437644288510825225e-24
-6.479273414295050180e-23
-2.646837498485258625e-22
1.644285493179095870e-22
-4.983113824513109831e-23
-1.029145914755692461e-23
-3.383384261149319437e-23
-1.512946466555457434e-22
-5.582576668537295937e-23
3.503763137028640033e-22
-1.324576587089364934e-22
1.382063583473522713e-22
-1.253566582900539246e-22
1.503631082956242936e-22
1.865988048070999936e-22
1.862394195493648916e-22
-4.265477682005847866e-23
5.916288018506244907e-23
-5.823353010942952671e-23
4.610392445357953299e-23
1.318819085142293204e-23
1.145304112709584811e-23
-1.801848772788384690e-23
-1.203331146504914518e-22
-3.766992019571132750e-23
7.122311446901649437e-23
-1.242362723778740571e-22
2.201889949317107938e-22
-3.589664838583236309e-22
-1.480777836991226381e-23
5.871177598335104805e-23
-9.039049009803167096e-23
1.218389006249286925e-22
-6.865730612371706030e-23
-4.580872332714211446e-23
-8.977112083185792213e-23
-6.131059632483939419e-23
-8.391162149767063813e-23
2.556576197735242280e-22
4.946924110211163017e-24
7.641394078328205461e-23
2.071534997411867480e-22
6.990058352497596074e-23
-3.690465934597122123e-23
-2.311291636372045890e-22
7.444103736236436487e-23
-8.573615376118283570e-23
7.217261786507391394e-23
-1.935876378540634052e-23
1.619297786633032593e-22
-4.860936088046696455e-23
1.082095585636276650e-22
-2.446947948954814061e-22
1.253525884941486382e-22
1.400830934945098246e-23
2.391908999097253842e-23
-2.809194217115578049e-23
-5.915745312656626472e-23
-1.058835669605689016e-22
-3.496171423825190110e-23
-3.814861470319510295e-23
1.139830450621907502e-22
-2.227839565677961148e-22
-7.794162478123893095e-23
-6.135851047691862364e-24
1.097447894129967883e-22
-1.617894943177000588e-23
9.620403881628162981e-23
-1.025231599001294785e-22
1.255567623172773997e-22
1.224703516057425749e-23
6.004548913408141608e-23
-1.671069437610837935e-22
-7.607262264458393883e-23
6.670398123627370692e-23
-2.061740820217326151e-23
3.835502051169696388e-22
-1.336766557750586994e-22
-1.266976337727482588e-22
2.026929283760636776e-22
-4.617631345536006070e-24
-3.905461563482375189e-23
-7.572041372137059413e-23
1.439971893127681196e-22
-5.717264653809257558e-23
1.373400686086412372e-23
1.422638908313755376e-22
-8.654909619961937238e-23
-8.029841358509018470e-23
4.104475647063746772e-23
-2.704229291613216981e-23
2.347890313679343531e-22
-9.783112384915348544e-23
-1.454911561384387407e-22
1.055135202443671877e-22
-1.990982098539642590e-22
-8.897630222236415550e-23
-2.628171882872616809e-24
-2.052714849329111990e-23
3.069404340516533504e-23
-4.553412971822746331e-23
7.532181904083941778e-23
-3.626693152366208659e-23
1.713208054162704414e-22
-1.931263654214444417e-22
2.755439721598913699e-22
-1.190507207972278767e-22
5.089831638518879558e-23
4.523631822611938287e-23
-1.585059436873663790e-22
2.836697768046828839e-23
2.524227026812608152e-23
-4.784773014487046596e-23
1.293323911804896125e-22
-8.661946871713172340e-23
1.927139163843197269e-23
2.901050513855446736e-23
2.244401804268264583e-22
-1.749458909233971179e-22
1.543846262089488221e-22
-8.150436297292645837e-23
-8.452774785332017402e-23
-1.574739715768816847e-22
-3.125103710458171996e-22
8.767893853920499972e-23
-7.750437567591998979e-23
2.000068100466823358e-23
7.883520718303522502e-23
1.100149676912031131e-22
1.720490250999307886e-24
-9.747384506485280198e-23
9.550929931309768971e-23
9.366637963671541022e-23
7.554439574828943165e-23
-1.055947411231553661e-22
2.182347120206465581e-22
-9.375643932411469370e-23
-4.554590859147330874e-23
-6.412681463386522317e-23
7.099014462315028481e-23
-8.185998858106898756e-24
-2.753434901545593146e-23
4.568196167836396319e-23
-1.140378905100520206e-22
1.794449671278044649e-23
7.288888284487651714e-23
2.313790520569853782e-23
8.666615932737148182e-23
-8.359392836099774874e-23
-6.699714971102460211e-23
2.087848160142835740e-22
5.410292109162900020e-23
-7.962980901459677179e-23
-1.818940174391880274e-22
-7.933758426115144343e-23
8.435431640503329950e-23
6.678153911490113472e-23
-5.522468349965009010e-23
6.810171029488766268e-23
-1.161853930149390188e-22
7.378971670945753232e-23
-6.727830258904989331e-24
-5.480991094757832038e-23
-3.336668471757942533e-23
1.805609501645407861e-22
8.018092538921762926e-23
-1.055313988798034738e-23
-4.760290422307477587e-23
1.120175880825323889e-23
7.545684072609337930e-23
1.138355749055992180e-22
7.805176022061954239e-23
1.243698584116358639e-22
-2.987506612035755186e-23
2.743577022920427185e-23
-2.107853720723074416e-22
-1.427920556974346876e-22
9.397248786979310416e-23
-6.292437490549430017e-23
1.313726553914219481e-22
-8.881959064337616210e-24
1.740678762001079937e-23
-1.919249227787059542e-22
6.392709468636819002e-23
1.833599340529075552e-22
-2.015016159921506464e-22
-8.762256323289745567e-23
-2.924142220889865554e-22
-3.341708918890385413e-22
-3.627500207673735090e-23
-1.708566454261077975e-22
2.686408697327797768e-23
-3.716361678273581260e-22
1.447649979396583167e-22
1.098556430071548783e-22
2.405670031179232185e-22
1.452015788646698462e-22
1.384569696079216140e-22
-1.839595153019214597e-22
2.695113711656093162e-22
-9.747664578107440810e-24
