1.097270618402659639e-22
2.775757439034444615e-22
3.754179926588299632e-23
3.464722810787228094e-22
3.629966212112721040e-22
4.301106322128413062e-22
2.007375152850978035e-22
6.227446997054726401e-23
1.092479780490773447e-22
2.343031883151264493e-22
1.190526040847724614e-23
7.473990300278844473e-23
2.270116244012454746e-22
-7.444002521219779447e-24
7.582581221112832221e-23
-2.513369438168157005e-22
3.314684409473371868e-22
-6.612758512119792704e-23
1.106596741297907919e-22
2.894118837072907637e-22
9.099143845507651278e-23
-5.106760296592556369e-23
1.448314862755132999e-22
6.103184473152516722e-23
4.285809492160283121e-23
2.025985809989530110e-23
-1.790147580953214124e-22
2.893207432888487652e-23
4.676872185993980409e-23
5.554144254932162203e-23
-1.229271578466668006e-22
1.008546867583941853e-22
1.541871735344891228e-22
-3.602701318074407957e-22
3.515877577250341284e-23
-1.162965003304022627e-22
1.285991793824876054e-22
-2.005262371522666422e-22
5.596359731033187504e-23
-1.669608410766269903e-22
-4.759607724978336300e-23
6.876208332075940909e-23
-7.658584764128270799e-23
9.424804633227737998e-24
-8.975961421783354710e-23
-1.272256252496094969e-22
-4.486923931264481595e-23
-1.262569586024908929e-22
-1.010172036601829308e-22
-4.837180615760899923e-23
-1.835771373735582677e-23
-2.905181026284464501e-22
1.607558470068865962e-22
-5.285327482739800361e-23
6.733407240627724688e-23
1.685839214055428733e-22
1.606976264235395814e-22
-2.484397508200440032e-22
-1.078079747406777623e-22
-1.187554976928934790e-22
-1.138514202703542268e-22
4.330015421463015956e-26
-8.162284685649417646e-24
1.693457773586320956e-23
-1.061562025737750687e-23
-1.206241175919058071e-22
-3.471792793368371253e-23
4.758658306069325178e-23
1.008756751161726164e-22
-4.056838030616459207e-22
-6.822064939854009351e-24
-2.752173404124333772e-22
-1.288026646603155919e-22
-3.523757442562826177e-22
-1.772101746871167753e-22
-3.876500624594280478e-22
2.125946147728610601e-22
-1.980838963579960792e-22
-2.936433493373316943e-22
4.553375724935972604e-23
-3.924927080917933916e-22
-4.237844682643500103e-22
-7.327879318895960890e-23
-2.436409574999182854e-22
6.633426369888438214e-23
-4.468921026188528197e-23
1.865294706728557186e-23
-1.265694836550942231e-22
-1.073417925340439608e-23
-3.929318016613679897e-23
-3.791690600144612973e-22
-1.132423306168422669e-22
-6.249964578427516942e-23
-2.618590407989561978e-22
-3.442980495689049348e-22
-3.199291966030605573e-22
-3.420653845205507428e-22
-1.281700292303490161e-22
-3.326577726768442358e-22
2.553258243781722959e-23
-3.154824803926166696e-22
-2.342899514136414937e-22
-2.042181306641595543e-22
-2.197258471319537491e-22
-2.964436286831862339e-22
-2.484926518915507217e-22
-1.928558037695469427e-22
-1.126152056543847281e-22
-2.495492391037079693e-22
-2.977104854706886661e-22
-2.936965815540743756e-22
1.635741453472123734e-23
-2.391437487508658368e-22
-2.122728208853562353e-22
-1.040498172897935509e-22
-2.665156548729272980e-22
-2.269483570683788203e-22
-1.190135258859284478e-22
-2.758923788469507484e-22
2.847963550618768719e-22
-8.528268104295147272e-23
-3.260513712973313907e-22
-8.367402765226173825e-24
-3.586876377539798757e-23
-4.396320075061963526e-23
-1.859023767319133511e-22
1.638191346483812148e-22
4.221832950356313350e-23
-1.336329116020293797e-22
-9.857126012610785467e-23
5.839140741956572317e-23
2.878050792588147002e-23
-2.604554335200099709e-22
-9.302886632045344011e-23
-1.749948000281125756e-22
-6.173949782617887915e-23
-2.158447024374090293e-24
1.253272094541944977e-23
-7.833980326208157950e-23
-1.949659699693953438e-22
-2.691566346097771475e-22
1.373387623817171037e-23
1.329350103616546378e-22
4.770847570441185216e-23
-5.483414328526901196e-23
-1.320744212498467976e-22
-1.866451447211389003e-22
-1.058312925800960371e-22
8.610838203177751197e-23
-2.282657911957283293e-22
-1.337979918257495453e-22
-2.412737048969749932e-22
-2.744719758947189766e-23
-4.942642196127567452e-24
-1.320943010924763034e-22
-1.548340136652825006e-23
-1.800175679706384126e-22
-1.111153207209666435e-22
1.298248627664131687e-22
1.220167828671730450e-22
-1.852456655445285267e-22
-1.026563250510460414e-22
7.096686603860164600e-23
-1.212125651164910689e-23
-6.104877867023215530e-23
6.632854765126115657e-24
2.510054753625558228e-24
1.639762032337769726e-22
1.244385072315748044e-22
4.580573213515006367e-23
2.097832499384819022e-22
1.446034943409110072e-22
1.008533065161295806e-22
2.689691477228709712e-22
1.547052158241861532e-22
2.205260748135849023e-22
-6.740475522962117963e-23
-4.288259984002068563e-23
3.610108370679080632e-22
-1.457244137020815188e-22
5.662904841766828188e-23
6.157923794394576188e-23
2.335080706546304318e-22
-4.484264576155538637e-23
1.963523249431069948e-22
-2.086796177927447038e-22
1.937187670437586893e-22
-9.701443103078858618e-23
3.019579413907691632e-22
3.376340509406536098e-22
2.922833894206320420e-22
1.259634735349193388e-22
9.999103743873921348e-23
4.421156224990099838e-22
1.880809680950198937e-22
1.193690470500265101e-22
2.576682284919910824e-22
-1.051578574895999997e-22
-4.724722592506968861e-24
1.474735313850767119e-22
1.062238766113881619e-23
3.370576811573896986e-22
2.757336023251101997e-23
1.250298534146384268e-22
-2.875816265787134520e-23
1.703687622423885165e-22
-1.370506039828999054e-22
2.763285280830211635e-22
2.016308616748516438e-22
1.404505096898806546e-22
2.654756142290322730e-22
4.898841968185526502e-22
3.227760937036718506e-22
2.627866852175634922e-22
3.736226215399861567e-22
1.477203558639843548e-22
-7.240087018670440847e-23
2.289876707871390265e-22
2.735938612799004042e-22
1.320593941280325307e-22
4.766134288462212267e-22
7.010109626621165587e-23
7.484072554708157052e-23
2.451426808487087226e-22
1.528246147639628381e-22
9.902732136944381895e-23
4.682136487270417820e-22
-2.314193744149660606e-23
7.536906061065713034e-23
6.804316307282558965e-23
1.933556807683677986e-22
1.845738039419774947e-22
-1.445114686918292030e-22
1.552684342338190006e-23
1.759269044584798582e-22
2.439106231552205837e-22
1.442232134006319900e-22
2.255656171902522480e-22
5.157989253440951161e-23
2.820080265598960874e-22
2.630761090343193052e-22
7.897640207704358568e-23
3.579463083817785514e-22
9.997569738647619156e-24
3.056328520880613097e-22
3.732123780618487354e-22
-1.820268810475541476e-22
2.184196470960470100e-23
8.477106406900709780e-23
-7.384239565338884945e-23
2.170059209548216336e-22
7.942205171721727633e-23
5.113878954074822007e-23
-9.251874916526089190e-23
-1.017128294553091920e-23
1.007646055833525707e-22
8.989834047105257420e-23
3.823068029896425496e-22
1.024136431142652537e-22
1.109652917039819653e-22
1.664279564925371345e-22
-4.328717080431031043e-23
-6.283325153187879821e-23
6.787235598491403685e-23
-7.608361889142283948e-23
1.274379744656506697e-22
1.746422911894623558e-22
1.754080877052360957e-22
1.848667457329443138e-22
4.819992839388504195e-23
1.876975523735932191e-22
3.542515401506698438e-23
5.179285985819602895e-23
4.089326081151229336e-24
3.582992470177868517e-22
-8.586120231285642428e-24
1.111589695632987616e-23
1.872339411838155666e-23
9.622363769290927921e-25
1.590689152822832247e-22
-1.040217816099259645e-22
-8.188734135847323241e-23
-1.107497674424995368e-22
-6.040023281514986997e-23
-8.603363564625955311e-23
-1.416993720502028190e-22
-2.884062305219857593e-22
7.723173698094724901e-23
1.252217305220767035e-22
1.028620040724384173e-22
1.241006199720072645e-23
-4.566491458235146199e-22
5.006362721711873860e-23
-5.011024766849381054e-23
-8.728189129359038589e-23
-1.309873381032726748e-22
-2.079050900995504592e-23
-3.184189687873138044e-22
-1.428185948001157096e-22
-5.770035424033087987e-25
-1.128920800888551399e-22
-3.596440284807442447e-22
-6.939738681292952224e-23
3.392051009414340781e-23
-1.462738028038604528e-22
-1.705556080793022238e-22
-5.544420685054651740e-24
-9.048828629739697019e-23
-2.038187106699830040e-22
1.090069649764469228e-23
-1.879742482195157791e-22
8.187557385961738263e-24
-4.878154711343356816e-23
-3.759864869214203549e-22
-1.589236754434225914e-22
-2.799547520635063787e-22
-1.707406893155878078e-22
-2.396064279918287167e-22
-1.410434210560596858e-22
-4.214240081386610950e-22
-2.108723879291549627e-22
-2.411764103452798234e-22
-2.032929407174233870e-22
-7.274459496624453495e-23
-8.066067988424340921e-23
-7.941386891009581610e-23
-3.296793378686154814e-22
3.650997012896851731e-23
6.313703543296492655e-23
-1.914804518318390407e-22
-1.313526601691463817e-22
-1.814411312291715857e-22
-1.378298557594750485e-22
-1.445899220997041125e-22
-2.978886330229129417e-22
-4.913529463434940751e-23
-1.437688626557151320e-22
-1.757534730789634234e-22
-5.470339631980723399e-23
-2.112898935627529582e-22
-2.005816498329845150e-22
-2.367716399941331126e-22
-5.268148777521296415e-23
-4.926326082087399226e-23
-1.219879089604745800e-22
-1.044315893081453319e-22
-2.212826101093974792e-22
-2.122069536919802601e-22
-7.095172533021119024e-23
-1.374820922250923259e-22
-1.849201763489652265e-22
-2.259345994235036004e-22
-1.493795464601455075e-22
-2.022476512077076332e-22
-3.444206203268875917e-22
-3.200426521676882771e-22
-2.514985855373545365e-22
-3.159816436029368817e-22
-7.229728912808865811e-24
-1.941305611076686217e-23
-1.541957444119354221e-22
-2.529246441340446506e-22
-1.171280005767482148e-22
-1.340545055974700775e-22
-1.970522763502070730e-22
-1.022748274212195926e-22
-3.069722271150813288e-22
-8.481662384096921662e-23
-1.984726004613016129e-22
2.554485377372307096e-22
-4.991893808642716755e-22
4.021316185324692527e-23
-2.590391665573811485e-22
-2.016502948923327965e-22
-2.226640303237261082e-22
3.826853075595466527e-23
-2.278208342611670419e-22
1.500395754069773453e-23
-6.394989115292352676e-23
-8.812798986491967799e-23
-1.227680308067766942e-22
-1.966198122822242402e-22
-2.798232576049133004e-22
5.621067908300222520e-23
-3.212302321096429182e-23
-5.522743443099288723e-23
2.199174744544259428e-23
7.820429654570014158e-23
-9.965307900933781135e-23
-7.265697426167243049e-23
-1.170389013479075846e-22
-1.683535416817321295e-22
-6.113148959145348104e-23
6.212607538573403358e-23
2.509197299981329077e-22
-1.416488431475272981e-22
2.443501074859181021e-22
1.507260882943235790e-22
-2.749671818773591166e-22
5.284986374701239642e-23
2.706753220026094589e-23
-1.715108561859969189e-22
9.455865897687657989e-23
1.218640930281495616e-22
2.061717795088324917e-22
-2.005222510850769922e-23
-9.644047920139027501e-24
3.446186115092432425e-22
3.132311063048304603e-23
3.522210113877983644e-22
2.553580676099012829e-22
1.261201046322084190e-22
1.065471161156354444e-22
5.958775875757032032e-23
2.186476594561321713e-22
1.498593509599996128e-23
5.325913394994256921e-23
-2.031540434752231720e-22
-2.154017881960337849e-23
1.069612964845562522e-22
-1.471686690908159256e-23
3.066729040095413672e-22
3.869012214361046955e-23
1.726366311632260314e-22
1.052755574259261437e-22
7.636088607165904951e-23
4.162156694857228684e-24
1.945309606772540543e-22
-1.116697460799226594e-22
-1.207552061162156549e-22
2.556741900452710390e-22
-3.563636898136289880e-23
-3.037504299469526604e-23
5.157199124299920269e-23
2.075449425507948875e-22
4.690061659723198885e-23
9.667019919832661351e-23
1.857770987238613362e-22
2.641224735544262880e-22
1.573211012301984134e-23
7.941589115900009706e-23
2.364408047457598099e-22
2.826232736897739702e-22
1.885880344765060006e-22
2.619531382088040125e-22
-6.650887041511725904e-24
2.833239791147948055e-22
2.695202229393122652e-22
-1.072101756108481555e-23
3.619934139710249151e-22
2.023855137964324249e-22
1.136436853315440009e-22
3.197629855798438153e-22
2.116774160897033544e-22
1.797343414046110982e-22
1.968652562212026392e-22
1.846547947860062576e-22
2.601292215507556286e-23
4.156823820602956833e-22
4.204326752851519612e-22
3.343747220256008249e-22
1.504413372556317127e-22
1.585924867839478667e-22
1.730032853943386892e-22
1.827526570323678331e-22
2.777342975250616742e-22
1.184628669045326591e-23
2.607372095130604649e-22
1.248320915566487551e-22
3.540273594971529366e-22
-1.716576933953921891e-24
2.785217220784565758e-22
3.336626942026824131e-22
2.858117938083605242e-22
7.569153669830136451e-23
3.370215734716053020e-22
2.439603194582960618e-22
1.184411303937566702e-22
1.711520389924135657e-22
1.091954567828957432e-22
1.863489028452444454e-22
2.270737436733050087e-22
2.090894662890133431e-22
1.152309553488956905e-23
-8.451880171795899824e-23
2.598853061076385531e-22
7.492138107371260735e-23
7.124502249648642226e-23
1.225528378358313925e-22
2.963317197619838382e-22
-1.737506811796460668e-22
-2.588816809367457570e-23
2.169759955594414200e-23
1.365393120473380503e-22
1.624226298509169318e-22
-2.536567200936317280e-22
1.422088487386330250e-23
1.522323752818546178e-22
-8.641694250305216743e-24
3.532415762315034143e-23
7.509601741504829289e-23
-9.731789818760929967e-24
-2.405226499254834744e-23
2.435042719416642059e-23
-7.314013965270153367e-23
1.012104627712006914e-22
-5.381129615886033777e-25
2.400198322134975531e-23
3.988892891780247905e-23
7.462722534071031398e-23
6.762956201471321342e-23
8.443096498485292899e-23
-9.717508203066010558e-23
2.291015642518445797e-22
6.947980168186714147e-23
4.130330089193101925e-23
1.545222341072827828e-22
-1.495713660735640705e-22
9.489778568344852482e-23
2.658765716169298020e-22
2.024554416726823529e-22
1.655914830792171523e-22
1.391143719596441035e-22
2.507072230372739187e-24
-1.531123634819526770e-23
1.660572352267774726e-23
-2.750666019699619881e-23
-7.825524711476124203e-23
-1.821366606865076739e-22
-7.688782249096419794e-23
-1.799539795923146559e-22
-1.605584756504129048e-22
3.180894968161041515e-23
2.459730632824715491e-24
-3.932811157143144866e-23
7.740620082133940597e-23
-1.748547294193172800e-22
1.658405882926955064e-22
-2.079664141946084684e-22
-1.280290302382924821e-22
-2.638324247181831226e-22
7.668577408462745038e-23
-1.399086823629260678e-22
-1.507766999712947617e-22
-7.649832732871696317e-23
-2.600965320405112131e-22
-2.536241033801535515e-22
-1.665890962757592841e-22
-2.466158778921482412e-22
-2.858543679229467848e-23
-2.467538218637064092e-22
-1.790803144565814920e-22
-1.569905032796871029e-22
-4.010728085408402502e-22
-3.336419042368087489e-22
-3.829714063720525249e-22
-3.956664242213654857e-22
3.025486830922201848e-24
-3.037542302414532228e-22
-1.298635168629434424e-22
-1.799719038986680355e-22
-7.703163822555508343e-23
-1.100645166027787676e-22
-1.870125000720483868e-22
-4.189899984211163109e-22
-1.134432977058120717e-23
4.130095257559236612e-24
-1.581784968638442174e-22
-1.067852503653280335e-22
-4.281418530512606219e-22
-3.108699437485149015e-22
-7.364200275689750886e-23
-2.440697144378700958e-22
-2.394933291903929145e-22
-2.171246035490279659e-22
-2.148533877541206094e-22
-9.247951498355509133e-23
-1.990495820280158266e-22
-2.033963353871909878e-22
-8.410533190291929752e-23
1.429349639544784813e-22
-5.391153134099343004e-25
-1.919192538159043636e-22
-6.272022844186499277e-23
-3.547473599656924667e-23
6.300058772464359656e-23
-2.323958696706180328e-22
-3.259101059552077048e-23
-2.523745102828949717e-22
-5.553733282399370070e-23
-1.707914633214139936e-22
-2.105433899363253104e-22
1.727118391107838490e-22
-4.292649163074436703e-22
-2.490490737240497755e-23
-3.450701647054397545e-22
-1.266593585169953737e-22
-2.970393820267121568e-22
-2.365285951662603610e-22
2.107975387219330860e-22
-2.059280423250944280e-22
-4.207188167119114112e-22
-3.392324893811113811e-22
-1.735733390712151914e-22
-2.487358924969217751e-22
-1.022769910025588133e-23
-4.477119477975442510e-22
-1.445995443403014713e-22
-1.327942145173542731e-22
-2.242271432736167328e-22
-1.515197021256450954e-22
-1.674707926429495719e-22
-2.020104668695915645e-22
-2.327248994789167319e-22
-2.097502706428890765e-22
-1.633034956347404310e-22
-2.105685441789929028e-22
-3.498747672401057346e-23
-1.002084910588417920e-22
-7.335515734685656355e-23
-1.111301635512587389e-22
-1.047098441539538755e-22
-9.072992005792114080e-23
-2.283495519140229868e-22
2.044864558813350602e-22
-5.070174303023476297e-23
6.375594073553592813e-23
-1.194820566866660446e-22
1.752942750638500723e-22
-9.568660154561649015e-23
9.411715993475095134e-23
8.747483643023531389e-23
1.811966565159573787e-22
1.000345831946321446e-22
4.702129130689681473e-23
7.704976344252734285e-23
-7.048514269758449072e-23
1.355061113688626051e-22
-1.078549980170121888e-22
1.274822692863095786e-23
-4.871033296550761847e-23
-6.476865358532958974e-24
-1.864425360348755108e-24
6.748552174579567634e-23
3.170743863229623420e-22
1.619982326246008427e-22
2.883004625982594554e-23
2.704046580611282504e-22
6.157295565759005222e-23
-3.897996261215187720e-23
3.559048005591715553e-23
7.171101900591644629e-23
1.912592574047075756e-22
-2.552398821367601256e-22
1.153024031797873357e-22
3.457818404841335890e-23
-5.135690804077651212e-23
1.100694618895194554e-22
1.723968793411178610e-22
-1.698851467666146237e-23
1.641949065295471558e-22
-1.200449291025313003e-22
1.967934567976028481e-22
6.748807015852436023e-23
-1.355168164366036861e-23
3.000549522322359230e-22
1.556420216858819763e-22
-1.026462318788941327e-22
2.921578367092372773e-22
4.494692743062331274e-23
1.305573771368567530e-22
6.378795393046065666e-23
1.373151444541199465e-22
2.069945032746658174e-22
1.581565865193742194e-22
2.252542027029538306e-22
2.307877751704631939e-22
4.122700382672988245e-23
1.973880126686964522e-22
3.225578877815438795e-22
2.703794013022556027e-22
-2.124828941689827381e-23
1.745724651764429490e-22
2.196124798990958121e-22
1.933348565908387690e-22
3.038113389783975003e-22
2.990821445603821543e-22
2.672174576443432310e-22
8.431197993931533538e-23
3.729206305801169593e-22
2.773929062734619728e-23
9.700280838748371313e-23
1.598705682326968320e-22
2.367888974810712013e-22
4.705806940022474709e-23
2.250888131194932102e-22
4.411743976108329050e-23
4.370137737228027817e-22
4.405106132409144960e-22
1.017676110725190991e-22
2.291825629349942942e-22
3.527275490087640010e-22
1.259173124550890884e-22
2.266134482016204131e-22
2.718798220503348635e-22
1.584370638352783696e-22
1.414535475358613067e-22
2.912922845595163960e-22
4.230604734208134243e-22
1.280816648852704296e-22
1.749264818580778135e-22
-1.067201382943134932e-22
1.871690000222643941e-22
1.963100486303447339e-22
6.665473476155395894e-23
-1.455824384117827982e-24
2.233021162675290325e-22
1.586298295008841938e-22
1.258067095242201597e-22
5.473833850321472916e-23
1.034903665749164940e-23
8.522851551033491369e-23
-6.706948026589611728e-23
1.385586065574959643e-22
2.947957803744960060e-23
1.323448974841185554e-22
1.429014706072036987e-22
-9.899091304110353061e-23
3.412975474080927987e-22
9.478817935644116142e-23
3.761357390821570178e-22
-9.439873902513634906e-24
4.508121537786752188e-22
-5.633551045676687684e-23
1.643662769217320109e-22
-3.642107357845701726e-23
1.930808827941351403e-22
4.416810929569685104e-22
1.237325492907875225e-22
1.772285993157474345e-22
-4.514098726882197753e-23
7.117798490551087784e-23
5.364804450905234485e-23
5.182944901864279050e-24
1.102521167169974510e-23
1.218096062308581468e-22
1.785486994220590176e-23
2.142458406344610426e-23
-7.319180871371522127e-23
-5.389187047158897330e-23
-4.389693023212692873e-23
5.264894740958821025e-23
-1.873883202019427252e-23
8.132517386432044304e-23
4.590933780094445149e-23
-4.314072667746355761e-22
6.210508777995955243e-23
3.418909659620984860e-23
3.043473854500384498e-22
1.952945059127783125e-22
8.052133729365177670e-23
-2.505527840065260158e-22
-5.196295012338732403e-23
-4.887819958014219280e-23
-1.009053981854917443e-23
-4.134102286919088814e-23
-4.555911613508501816e-23
-1.560911747087712250e-24
2.314361964703022690e-23
-1.456658190263478315e-22
-1.755907819272971879e-22
-3.412564553592224769e-23
-8.568441056283637864e-23
-1.686705910160390418e-22
5.723677481354182353e-23
-4.845232286285741951e-23
-1.974758808542135790e-22
-7.888588123077747070e-23
-1.851626685135663614e-22
-8.718901729433741031e-23
-1.334567603544495637e-22
-1.789893651472578308e-22
-2.385001155322879531e-22
-6.288101443750964157e-22
1.099577780263069314e-23
-2.525055978400622109e-22
-2.867715621204056111e-22
-3.018275135365358587e-22
-2.798266771146490557e-22
-1.578738742419830619e-22
-1.125677082025451409e-22
-1.228862478116139341e-22
-1.401565515108108094e-22
-9.100305001995786918e-23
1.668891060543300769e-23
2.357065611646086936e-25
-1.761405674025443226e-22
-1.185902554101795578e-22
-2.813662225441548956e-22
-3.959825613531753461e-23
-1.535134437502479955e-22
-2.942531116587220141e-23
-7.947027391998628588e-23
-2.620796755426079596e-22
-2.012184187230172798e-23
-1.821528931135782525e-22
-1.983837007012803581e-22
-2.767176566576212488e-22
1.258160754347206367e-23
-1.551411473159731297e-22
-1.890949136480422755e-22
4.969902487626467366e-23
-4.227690857486077541e-23
-3.439606481043548441e-22
-1.686419268459451437e-22
-3.518682584116874124e-22
4.628228127048481555e-23
-2.744420862790685508e-22
-4.309570300473760986e-22
-2.208892402335244445e-22
1.556945651912456914e-23
-2.143268071660157421e-22
-2.467810595391903153e-22
-2.844432099556045384e-22
-4.364030273878378832e-22
-1.910902763365851480e-22
-2.799419651535574569e-22
-2.223992739587023160e-22
-2.259403667101837239e-22
-1.295066755200509016e-22
-3.058868929315677875e-22
-1.924805807733386622e-22
-3.400152834349549319e-22
-1.887954110617163754e-22
-2.725834474849574154e-22
-1.011445491789880828e-22
-1.631268414712339025e-22
-8.454656658925562682e-23
-1.628730321415561100e-23
-4.380947539283914185e-22
-5.751552385560544103e-24
-3.040675286341157902e-22
-2.881803268178853224e-22
-1.023320039143528041e-22
-9.669314081156000741e-23
-1.909433687477174629e-22
-2.873118618350857929e-22
4.876746757841095810e-23
4.904852932567312280e-23
4.208567502819303633e-23
-4.018981202373756937e-23
1.846612181292025621e-23
-9.877988508792771356e-23
-2.957710887510069446e-23
-5.826088858596185612e-23
8.763647996825411398e-23
-1.060038940211140084e-22
1.349529435358444273e-22
-1.168625264718062188e-22
-7.021613259826086532e-23
1.009905993552969848e-22
1.289548162745254852e-22
5.336673758406475488e-23
-1.610151883501663670e-22
-1.206081409180793460e-22
-2.172630692571462455e-22
-8.013519340636763445e-23
-9.421493176925637546e-23
7.405142888659829897e-23
4.705982259170110299e-23
-1.175874417692308924e-22
6.954858192542296131e-24
-1.486260830647098634e-22
-2.233298379108180476e-23
-6.232976782377687885e-23
5.671380276105581571e-23
-2.031061233964778263e-22
1.655819027209768047e-22
7.101555049838300478e-25
-1.155377117856388398e-22
1.580292199219981591e-22
2.218038138208961922e-23
-2.292228294475550921e-23
1.186645586695406358e-22
4.138602312270344170e-23
1.604936973568932013e-22
1.452217976220610763e-22
7.021357743774880148e-23
-9.608330119977524850e-23
9.455237473351904840e-23
-9.320952300458806938e-23
1.417150219316234138e-22
-2.238709213915029662e-22
2.287540445897575358e-22
6.520929121591242123e-24
2.146824014026403917e-22
5.334986908494812082e-23
1.763056991364146455e-22
1.852660553809361594e-22
-4.061218794437243932e-23
3.204194471603389717e-22
5.226262221949169413e-23
2.667392070423860298e-22
1.016601179569501617e-24
3.650066658904945605e-22
3.005523601950988527e-22
-9.305526673867648385e-23
4.565935477334902971e-22
2.966134989330928657e-22
8.057304784101094773e-23
1.283153582880448971e-22
3.416753890622146908e-22
1.663865973880152657e-22
2.492534582358104068e-22
-1.021824907967426262e-22
7.568759532963260945e-23
3.114755608163426477e-22
-1.688583964418411498e-22
4.097786775046593110e-22
2.635474926081723586e-22
3.130805608104937339e-22
2.855770431634243799e-22
3.425066549582542384e-22
7.775028739634046682e-23
1.361362395182746224e-22
7.440142608380545051e-23
1.144548116475486409e-22
1.506723042277063739e-22
2.403394753002983085e-22
1.177041953522296809e-22
2.945835367639146669e-22
9.705107051494579135e-23
2.221029344258294502e-22
3.870286521706680144e-23
3.075487437023362079e-22
3.345133862759909341e-22
2.178473796052848209e-22
2.297179657204935786e-22
1.373084503616765340e-22
3.109633738937543306e-22
2.346365132615535711e-22
1.209897983110724728e-22
2.858441187626727753e-22
1.675315012869413651e-22
1.092934383754032461e-22
2.122736750315095196e-22
5.712504625052598723e-23
2.959451311526177223e-22
6.286446185876263447e-23
1.942657654754195768e-22
1.309100583644677374e-22
2.917512168732440359e-23
9.998351240501797179e-23
1.369551434613667069e-22
9.146200251444356050e-23
1.969336270578512202e-22
2.439915944776411361e-22
1.122645940434223302e-22
7.297303536983340751e-23
2.524875648022566119e-22
2.206289777599758673e-22
-1.976330208253363017e-22
4.595896643024718852e-22
-1.550750402900974971e-22
3.467393784491247178e-22
1.385096933343521652e-22
2.589603592745792670e-22
-1.701226704020693253e-22
1.275793325261900804e-22
-9.530063684318813611e-23
2.216439550547803250e-22
3.086420709864881020e-23
1.124163371664360391e-22
-1.775696662216506172e-22
3.019121031964691922e-22
3.066843335937642124e-22
-1.965945121257209317e-22
3.384842116058382592e-22
4.895532609874675435e-23
3.151947754775083696e-22
-2.964299841489121592e-23
9.346168780940452505e-23
1.127325937287387097e-22
-3.746568299402695311e-23
7.973235211174900012e-23
2.321084202259214693e-22
8.084732215107701280e-23
-2.796003002728112014e-22
4.826643099780047727e-23
2.562819769939473557e-22
-1.499836865384593164e-22
1.984527332663431544e-22
-4.755398844071780950e-23
-1.002737997092947948e-22
-1.270627798760059131e-22
1.152405809715511512e-22
-2.057147655663084930e-22
3.690907193924282283e-24
-2.527988328479741419e-22
9.785398917048969140e-23
-2.764911860070242723e-23
2.065124931894336888e-22
1.519949463543577443e-22
-7.513354438681285376e-23
-3.644335997276359147e-22
8.032020454565290709e-23
-2.022555715367706381e-22
-2.229811054312762695e-22
6.114733878331533576e-24
-2.178995101923812293e-22
-9.671465876473633889e-23
-3.147392115272137321e-22
-1.259897643087796681e-22
-1.374304877546814805e-22
-2.333776427247141931e-22
-2.940384434121991491e-22
7.438997973190034293e-23
-1.806063601175476023e-22
-3.278538271566513328e-22
-6.336779542674090801e-23
-3.078910854553667258e-23
-1.793915137120201609e-22
-3.196464222594206455e-22
-3.444478583606304377e-22
-2.547897512078444112e-22
-1.681484311235018573e-22
-9.860068830633165873e-23
-1.964335396251398518e-22
-2.840861142172619150e-22
-1.412756851509400743e-22
-6.408089164236830925e-23
-7.968631505186729381e-23
-1.480480094773738514e-22
-1.259492119720780073e-22
-2.161346332811139527e-22
-4.877177559817621557e-23
-1.155307024700731873e-22
-2.215356915205785910e-23
-2.219741840645867262e-22
6.183762126652001734e-23
-7.577012141717664208e-24
-9.405537190438363861e-24
-5.585500998259170718e-23
-9.499411758776868065e-23
-1.014027686252106701e-22
-1.341646247454098771e-22
-4.307968862179027448e-23
-2.101619319854731740e-22
-3.343250501697294123e-22
-4.243516792805598646e-22
-2.099097772669119747e-22
-1.893280690775997807e-22
-2.462644421663107956e-22
-2.692021201285262167e-22
-3.276714145041960094e-22
-2.589784162305239387e-22
-2.654954176721420410e-22
-2.776667931536067495e-22
-3.192076324553654639e-22
-9.987485296904307515e-23
-3.800497178556021113e-22
-6.526337686118732933e-23
-2.650781083314006528e-22
-1.987703570706528024e-22
-9.639629121033357247e-23
-2.246680391012263306e-22
-1.058839390210937228e-22
-8.167222598350441026e-23
-4.385333166389113246e-22
-1.751263323868936086e-22
-2.814685984247335269e-22
-4.647473079643274148e-22
-5.063238036797632182e-23
-2.583873224012385300e-22
-4.212539935912937505e-23
-6.943429713386200296e-23
-8.562392343033898947e-23
-2.422570265103686573e-22
-2.739444290093516702e-22
-1.203064252436786031e-22
-1.710876656022747536e-23
-3.568733453976847735e-22
8.777169510751570939e-23
-1.077139832723083915e-22
-1.721774148014597153e-22
4.676609404248101769e-24
-1.706539990890473834e-22
-1.348896981200761743e-22
-3.025915190792553481e-23
9.537466552335802814e-23
1.016939001662136787e-22
4.010042412681362695e-23
-1.157198934137138895e-22
-7.946076334593833963e-23
-3.202661491344954640e-22
1.094550566922130672e-22
-1.020585617479680536e-22
2.020899840784981511e-23
-5.910201816954080482e-23
4.266780070559381610e-23
2.103772101159018019e-22
-8.830875056614646597e-23
7.437728675344557767e-23
-1.772701416573630975e-22
8.662791949638634206e-23
7.895488884445080526e-23
1.192689979070278133e-22
1.916184275834942200e-22
-2.109568392497730917e-22
-9.503572381360045715e-23
-5.766359272675583641e-23
5.835717593040284687e-24
1.111232173223626492e-22
-1.816682611528565859e-22
4.998715956084625931e-23
-7.170476531276011996e-23
-3.277784602350013297e-23
-8.705406670878382680e-23
2.753843092091928308e-22
-8.738600703039367299e-23
2.105208035398397302e-22
1.611926336342580375e-23
1.497301399553918788e-22
-2.074572028295260484e-22
7.500580863841070695e-23
-3.295977418627657069e-24
-8.764239824385979621e-23
-5.179080310184177269e-23
-1.510620536989561909e-23
1.076429041680753249e-22
3.846498725972694611e-23
1.858934041796929259e-22
4.042676957050613945e-25
2.549986501788205355e-23
2.923363384818538073e-22
2.567442991365631555e-22
2.153820862163805234e-22
-1.679552004838604999e-24
2.627604849699958731e-22
1.866063299498266837e-22
3.324288709998756102e-22
4.414694941841477685e-23
1.614505260362724545e-22
4.722647563608868669e-22
2.764082784674569259e-22
3.385090812738311301e-22
3.542222120248221512e-22
3.226032643276688791e-22
2.708316732624050668e-22
1.944286666997202742e-22
2.465373950429134792e-22
2.052020018428751601e-22
3.466832556237374441e-22
3.068447158295775188e-22
-9.010002411946076051e-23
3.049348529453270496e-22
-2.677130227138076859e-23
1.929177756834946190e-22
6.348587901956726175e-23
2.482924104707869141e-22
5.041641852378556987e-24
1.084995111964838368e-22
7.640105222194973324e-23
1.697806910608028841e-22
-2.966184554049095081e-23
2.576738525355851974e-22
1.172757996408184763e-22
9.422550835453467229e-23
2.483746457493676043e-22
3.741752153205180551e-23
2.404077728737372275e-22
3.380614363304339675e-22
1.639629441189356788e-22
2.466459523457243142e-22
2.397355773797741542e-22
2.041582575406492618e-22
1.758387046766496196e-22
2.485655088645263687e-22
1.322550147111021027e-22
1.051751380698155777e-22
-2.086932739774278428e-23
2.192743300801487767e-22
1.996861396609485470e-22
2.342024785346739046e-22
6.786350276780913777e-23
2.452449337221546284e-22
1.466900507437000308e-22
1.150116185057946399e-22
1.091024011297499746e-22
2.600496112524825415e-22
3.107311232907320174e-22
1.689695087676959676e-22
8.506625119975720789e-23
3.526641312282187343e-22
1.794512157641360972e-22
6.204647727091888317e-23
3.146296200731718467e-22
2.167871153696179692e-22
1.869889838172475989e-22
2.074121090518420193e-22
1.049590470427019439e-22
1.795218473350660133e-22
3.409269987533282333e-22
6.565771312806808966e-23
1.731418650808121065e-22
3.784331143349448239e-22
2.942774954936945733e-22
-2.449434654795209143e-23
-2.300064537109127363e-22
3.297255628270246799e-23
2.164216017177680687e-23
-1.786236942222820018e-22
1.884473768016141582e-22
3.650683312610423426e-23
-2.170191691012096344e-22
-2.197622215140562805e-22
1.381423798356165684e-22
-8.498824366446602604e-23
1.276543302801817512e-22
2.738508798779468092e-23
1.363855217211589248e-22
-7.122409584895111082e-23
-1.666317140785278226e-22
1.178907529183567483e-22
-3.533312245119997344e-23
-2.153046194761821027e-22
2.591361633411730184e-23
1.301293034469164800e-22
-1.450688332175959410e-22
1.264071621115804230e-22
-2.091497135242041904e-22
3.147729706353866133e-22
-2.373725176166886484e-22
-1.745546497470760535e-22
-2.129348695217332080e-22
1.706703609736809577e-22
-2.568930068828107918e-22
-2.859824181792135277e-24
-3.236782208556199960e-23
1.838425002074556938e-22
-1.472966352455237339e-22
-4.935640673830266778e-23
-2.603729170935180514e-22
-9.628057079990240536e-23
-1.361866985154614304e-22
4.037914638861020194e-23
-3.809481079446238328e-23
-8.562645145528025206e-24
-1.575180777385458273e-22
5.478717760320605282e-23
-1.695822554972503811e-22
-1.594983799379918942e-22
-1.650741978127276272e-23
-1.091112146183318758e-22
-1.319184790209078969e-22
-3.370091830269306192e-22
-6.935533009472998924e-23
1.564137921869544147e-22
-4.357315162200231997e-22
-1.374701047286372194e-22
-6.084927907476623818e-23
-5.124191646338799756e-23
-4.325647903254840265e-22
-1.522876134643699969e-23
-1.264620297028197244e-22
-3.043538748930692756e-22
-1.289039324658921482e-22
-3.033370559913909313e-22
-3.889294973385763585e-23
-1.337577789812554335e-22
-2.273136281681524941e-22
-3.099859869280260897e-22
-1.991123088247613755e-22
-2.061601952556919113e-22
-2.868532706811732397e-22
-2.173885749990297992e-22
-2.295124134185534805e-22
-7.295919243120956032e-23
-1.122209040313005143e-22
7.341737487358896403e-23
-4.913572124496009051e-22
-2.784963009523683297e-22
-3.640285278157516012e-22
-3.320899982561484696e-22
-3.214526495611561454e-22
-2.008024419853263499e-22
-3.000897451401349290e-22
-4.840942885681200116e-23
-4.568601331489574366e-22
-1.103450261211088123e-22
-5.384713524799501953e-23
-8.770026157580046878e-23
-3.776619995912132643e-22
-1.296640402872119150e-22
-5.270459977896717358e-23
-1.165406472083660645e-22
-3.191444882963098632e-22
-2.997458386732917447e-22
-2.243650737365720260e-22
-7.097430555380076350e-23
3.867096223990291479e-24
-2.672059538934645335e-22
-3.780606224715366392e-22
-1.356968477944667209e-22
1.962837634297072817e-22
-3.205806454123449964e-22
-2.361704088807628972e-22
-3.529358734274321903e-22
-1.175873793045541113e-22
-1.817608936785109630e-22
-2.038281831257117867e-22
-1.923896217565978642e-22
1.047275837622089766e-22
-1.490363312322286783e-23
-1.387373246364831653e-22
-2.266795980559710792e-22
5.264140820344158067e-23
-2.403375416913301515e-22
7.208162164487277051e-23
-3.300454076742749854e-23
-2.013758315992918042e-22
5.403307452753278249e-23
-1.684741123340339706e-22
2.086301185370991902e-22
-8.890245726416649992e-23
3.255582233679899534e-23
-3.540984244747843944e-23
-9.284207950327769250e-23
-1.406822072997055162e-23
-1.169589188390154340e-22
-4.999035463204770246e-23
-3.682468014152455862e-22
4.668118009216828983e-23
6.333629509047938652e-23
8.987386699341547139e-23
1.371097946359324315e-23
1.726841953111333501e-23
-1.720755091247948976e-22
7.809376619879458270e-23
2.552636876811841954e-23
-3.805415515384738104e-23
2.365392686699721882e-23
-2.177669197901179854e-22
-1.271453182094094468e-22
-1.444387220901310684e-22
-1.158354755573241522e-22
-2.482705760627444948e-22
4.105215897873771040e-23
2.441604088443980557e-22
-3.157486479126869047e-22
-2.217746009667256391e-22
2.714078526883393927e-23
-6.186514500306231096e-23
1.646327299527746984e-22
3.094574175227329688e-22
8.260097438133101958e-24
1.947830193175395562e-22
7.054394175263372500e-23
9.409150819298504296e-23
1.803005811077262460e-22
1.533615938618495717e-23
1.427487814312762730e-22
9.086805501870835421e-23
9.932405623845936308e-23
2.463216044197392236e-23
3.546199444121230228e-22
3.128191500527002114e-22
2.222280005662096478e-22
7.464306233740264067e-23
3.955946039585441030e-22
2.481353060383247380e-22
9.792443582214641278e-23
1.405001213164424811e-22
1.644217733517550089e-22
6.338774965888706448e-23
3.257717943481603754e-22
1.320812715862253429e-22
1.729148937459494902e-22
2.149518828988647130e-22
2.313875157829204019e-22
1.999557141924978029e-23
1.796161741426864434e-22
2.893018433822337913e-22
1.153214927696978857e-22
3.596666802215142473e-22
2.117302386062575555e-22
1.820548856670606708e-22
2.740889458997372650e-22
8.223081183842372395e-23
4.561630503170871609e-22
2.095630785771090484e-22
7.491769111712195118e-23
2.565023078891969109e-22
2.349895842823871670e-22
1.543841991948071409e-22
9.684087025530279094e-23
1.053993949640973378e-22
3.819367909979228208e-23
4.421813110289233114e-22
-1.548627797932801182e-23
4.137301437434914189e-22
1.283982089175608905e-22
2.973795692144002680e-22
2.507778849056414284e-22
-4.018833407078137388e-23
2.323108441041997227e-22
1.146727409270548629e-22
-2.489402061187754557e-24
2.571496656131801966e-22
2.626440157631594688e-22
-9.367866629978932555e-23
-6.860638227550957996e-24
4.027326299255446890e-23
1.406118955280136761e-22
2.303309423346648762e-22
1.448856202911292661e-22
9.156033902471900076e-23
3.313588601082616915e-22
6.814159131665161748e-23
7.863738976886347115e-23
2.053678645185648274e-22
2.127105080100650517e-22
3.060717393365590818e-22
1.276798506942261548e-22
2.037516789872371636e-22
3.032807535673662761e-22
1.555137276891765193e-22
-3.577689656810198577e-23
6.664643747580063633e-23
4.921332640843481027e-22
1.325896112947010340e-22
3.761875041831302005e-22
4.292062560100955983e-23
6.795934166450455534e-23
2.134907049374025989e-22
2.613164635656766110e-22
6.136770517206786993e-23
-1.566019268944986179e-23
2.000105189134176058e-22
-6.683111893164587912e-24
2.850185359793810632e-22
9.460704027818826702e-23
-2.239589856574819862e-22
9.553227938668035889e-23
2.163163173385358649e-22
2.469375402412376347e-22
6.342121410686692043e-23
1.817459344920350129e-22
1.628386139695539118e-23
1.657369504426260499e-22
2.089066563256353546e-23
3.984235932513082627e-23
6.507481897606775251e-23
-2.108463218109125360e-23
3.963311661788720042e-23
1.924567125523342190e-22
-1.458517307588568112e-22
3.475482654209304589e-22
-2.378147961832586265e-22
-1.444317546453089661e-22
-1.941859608775117532e-22
-6.575612827479783147e-23
-2.373614724952587236e-22
1.384582051701301068e-22
-2.001367831607386509e-22
-5.401730954471740668e-23
-1.667743440627642628e-22
8.292051205832756857e-23
-2.415369709079496442e-22
-1.297034976773424108e-23
-5.331047352290909611e-23
-4.122854971863845913e-22
-1.595739531140200454e-22
-8.760663545934821598e-23
-1.562541767548759507e-22
-2.821153982828060817e-22
2.339240557878668667e-22
-2.882188488558367676e-22
-8.961323177893848316e-23
-8.561491574801978143e-23
-9.532991843184171171e-23
-5.365296712229764765e-23
-1.546749984236697491e-22
1.437169005537288948e-24
-3.019162572201607708e-22
-4.810717970342423163e-23
-1.507391987024150231e-22
-1.982427433424623848e-22
-1.271417613077083803e-22
-2.159516862261905217e-22
-1.367389535661503841e-22
-2.485744710429322000e-22
-1.142133696485202964e-22
-2.935485452318953660e-22
-1.231714823214986237e-23
-2.127707409392185805e-22
6.380675129250155886e-23
-1.795804377589181203e-22
-5.759625118952895998e-23
-2.826742880627481457e-23
-2.289939193151913250e-22
-1.948356775128735837e-22
1.064399800179783878e-22
-3.517339384536551599e-22
-1.889613187425040928e-22
-2.957846563281254871e-22
-2.837108225108147715e-22
-1.234365687252528039e-22
-9.242412608008412443e-23
-2.031423809925919223e-22
-1.430856717291317921e-22
-2.092857897626510166e-24
-6.850829468928308896e-23
-2.546869951032427172e-22
-2.518372916378890571e-22
-1.672433943442935312e-22
-1.169363045669749086e-22
-3.445898142070002240e-22
-3.430161511677946215e-22
-2.668825417805629400e-22
-2.785597476306043494e-22
-5.623292839242716835e-23
-2.845766391254727647e-22
-1.896272404834835917e-22
-4.305835695472633133e-22
-6.626308310416039032e-23
-3.853521609749094227e-22
-1.287189998668383364e-22
-3.420637956525376858e-22
-2.249389404952643058e-22
-1.152096850947076395e-22
-6.041648663245823803e-23
-3.565266235417842344e-22
-1.080954127835585363e-22
-2.669260912332725689e-22
2.902201913101984925e-23
-1.093020652451889558e-22
-2.253669067695232470e-22
-1.843292936385829630e-22
-5.051873253215531035e-23
-3.371144424388155082e-22
-2.551227548615346648e-22
-9.371002902683309148e-23
-2.923863193320024357e-22
-2.552480820623013521e-22
7.569075664671918637e-23
-4.048328860642828137e-23
-2.060923673011933975e-22
1.231328263770201365e-22
-4.529255472390261753e-22
-2.460094414482126970e-23
-2.883103042439431475e-22
-1.813609556060303642e-22
-1.131872891521591449e-22
-1.087813914895956744e-22
2.805174886512844307e-23
-1.377637438748734379e-22
4.858188789336349804e-23
-9.025698547370271453e-24
-7.924602387418177449e-23
-2.524838776623974857e-22
1.364167072383037540e-23
2.711016773281999510e-23
9.478551644692127280e-23
1.015115805895645528e-23
-1.024398836573734383e-22
-1.562975931515965970e-22
4.130175093309056443e-23
-5.080420202616765116e-23
1.319064785862701398e-22
-5.212379744880902253e-23
9.984104310268266788e-23
1.773011276224982988e-22
-1.708369978410267363e-22
2.051147569301608621e-22
1.856602234652807400e-23
1.143429994020017300e-22
7.344185787644307214e-23
-1.378747427263628885e-22
2.257080928506253532e-22
7.107758266751549574e-23
3.314803965354942693e-23
7.374216296745663789e-24
6.608571189987249009e-23
-4.563898041672855743e-23
-3.092075362211459606e-23
1.320327441008727896e-22
9.466653969190482940e-23
1.898135714755178972e-22
1.649609412212711494e-22
3.599323923580607043e-23
2.078953389085588820e-22
-3.299454944932189148e-24
1.057608399464680534e-22
1.908788631109030701e-22
-1.064632817043782661e-22
6.631986179700363427e-24
2.198084426017885588e-22
1.226459686440219065e-22
1.422681215307474345e-22
2.951158504927662049e-22
-8.163213359595263986e-23
2.177283841415482472e-23
1.089370504243568360e-22
4.393947409964528176e-23
-5.301398186757023136e-23
2.387363316877171164e-22
1.286721937582693885e-22
2.255836372957819380e-22
1.587471004258503870e-22
3.468915160776243227e-22
9.009041517172447155e-23
1.705326119483864127e-22
1.154594175906199893e-22
2.380578389947153111e-22
2.021505581382310231e-22
3.904719391023385925e-23
4.193867267600303222e-23
2.852203854580860428e-22
2.664425662014543077e-22
3.378702583466129403e-22
1.400791066092692056e-22
2.585217452931398188e-22
1.391527745284274697e-22
6.929608491986731405e-24
2.227984285021078923e-22
1.748749974569129467e-22
1.676034985200956655e-22
9.395548204365161471e-23
4.693408572403735082e-22
3.466757126573477565e-23
5.483701952875652303e-22
1.790639915716080884e-22
3.153468744987072235e-22
1.261657900924957808e-22
3.329689102717365595e-22
4.861189177874294397e-22
1.351350446122181590e-22
4.725112329372916820e-22
1.617804306031976832e-22
1.602268802814522545e-22
1.461474548527295343e-22
2.223175167788749644e-22
3.972420721143876391e-22
2.097564231187515664e-22
4.226797427798053078e-22
2.120796548661739836e-22
6.792196928893630053e-23
1.157167435540300904e-22
1.931147445941538206e-22
-6.775067166162330181e-23
2.686714247616183288e-22
2.056474529355143566e-22
-2.099954283316112034e-23
1.376685857703534134e-22
1.464351292084758371e-22
1.432524613198478183e-22
3.051156942990143113e-23
2.613748181401593893e-22
5.366593577626812306e-23
-1.631100764775367078e-22
6.814305921163401031e-24
2.035652910443385763e-22
-9.806920551872253221e-23
2.750653636454901300e-23
1.742285948519475428e-22
2.645658088780214561e-22
-1.987311890874888888e-22
1.315788156180410704e-22
-1.793826445282749179e-22
1.333243759034357899e-22
1.635120669911507794e-22
1.917983283116424735e-22
-5.241612107841771029e-23
2.325091258797583736e-22
-7.782931230022262370e-23
7.596867644420825452e-23
4.605719169137716837e-23
4.167836953240227089e-23
2.349511114987428893e-22
2.409130482431719883e-22
4.204459522339822064e-23
-1.326693742025637331e-22
3.187966092483218379e-22
-8.402922096524919060e-23
6.280197359178590799e-23
1.769318835214671778e-22
1.680363726237983816e-23
-2.210265078627619142e-23
-1.012491766707375568e-23
-1.610993529387565662e-22
-1.159499577277720471e-22
-8.720847089581862380e-23
1.986324321189833304e-22
-2.165439878033294050e-22
1.200159121233084006e-22
7.546764352269251688e-23
1.253319700742388751e-22
3.746488655855870280e-23
-1.001557383072050235e-22
2.065265302433469461e-23
-6.173299322299214317e-23
-1.572791649307978290e-22
-7.733302147936274201e-23
-1.355699685833816773e-22
-1.750623593424075927e-22
-1.451554938158160642e-22
5.812075785395202808e-24
-1.293072524982270564e-22
-8.414062648789309502e-23
-1.857028461623432646e-22
-1.219149513614558799e-22
-2.094571088331945947e-22
-2.693121598161197026e-22
1.221738930282822904e-23
-3.785595158598637378e-22
-6.105974554039444925e-23
-3.028145551323573343e-22
-3.491223863670343174e-22
-7.716770605986566860e-23
-1.374983767981814730e-22
-1.911045672064726784e-22
-1.044397656713731521e-22
-1.311509922014045205e-22
-2.447104217310549916e-22
-2.025894536228496421e-22
-4.398196862111833735e-23
-1.482313416339770013e-22
-2.048317888950327067e-22
-2.928524979389914978e-22
-1.857274902493595878e-22
-9.339333713731350863e-23
-2.193747521349894718e-22
-5.921885557545429239e-25
-3.078626889344659144e-22
-6.259298434197484443e-23
-5.828378491235252748e-23
-3.478806274082508687e-22
-2.623195438508088026e-22
-2.692690709266675181e-22
-2.122947421678370437e-22
-2.077342586115464680e-22
-1.189617001765210091e-22
-1.297157476720689859e-22
-2.254770936578300852e-22
-4.762931885740187981e-22
-2.441704122308015565e-22
-2.194830190720845219e-23
-2.938188088837302066e-22
-1.759109719610521686e-22
-1.264584784957026281e-22
-1.430584430393318039e-22
-4.709564939748612483e-22
-2.879486705381185512e-23
-1.986822256687921124e-22
-2.334997386443418977e-22
-2.469332172638991652e-22
-1.594603009636234028e-22
-1.035576219973220555e-22
-1.349975379036199098e-22
-3.989776244797591644e-22
-1.681888797175535083e-22
-2.358066591299817683e-22
-1.143145846418818602e-22
-2.062122342584178395e-22
1.619272703719102166e-22
-1.903258859283969921e-22
-3.446282852866013412e-22
-1.916064739536633065e-22
6.471249565754839521e-24
-5.926499220378739562e-23
-2.347561202575584634e-22
1.917523447229567056e-22
-4.123158531813025648e-22
2.380906912890539988e-23
-3.265017969298928432e-22
-3.616422127136126011e-24
-2.592295831743122239e-22
-1.396636091247839108e-22
1.529717087460495370e-23
-4.408074746713567684e-22
-9.061506160049440941e-23
1.540998772257888199e-22
-6.132721187891273721e-24
-1.167609614777828938e-22
-4.269696743805664150e-23
-1.154337221350438280e-22
-1.280911862869853318e-22
-1.483349531557869213e-22
-3.348533693165820193e-23
2.411915658108229152e-23
-2.111862305033530106e-22
-5.886385408737932856e-23
-1.023523420102150795e-22
5.194550432629490728e-24
-1.983360357541584156e-22
7.064428393444463620e-23
4.582550019201216047e-23
-2.181612713576131123e-22
7.685958753849493791e-23
9.523665529578515099e-24
3.203285904700372281e-23
-1.265964755157237750e-23
6.597050947711661429e-23
9.090782763781462863e-23
-5.777553435185576489e-23
-8.224331130684302123e-23
-1.005058468917153344e-23
-3.988989017886362595e-23
2.994777974576212550e-22
2.629387434606688894e-23
-6.750571467144993007e-23
1.836405813231049334e-22
-3.221831050990781763e-23
1.649980092684931163e-23
2.144336264226082922e-23
-1.043547636985956430e-22
4.679424727986899507e-23
6.093190374852857990e-23
1.909079200572153581e-22
1.438989381597326645e-22
1.662505437361431762e-22
2.275860301784423089e-22
1.568629298106320750e-22
1.237686874449222537e-22
2.049366235492764289e-22
9.868312003619072951e-23
1.005940549306473366e-22
-4.437342146999775302e-23
1.726575565930935108e-22
-8.032052822731354862e-23
1.808585398671164470e-22
1.043201778622207055e-22
1.186083791337575382e-22
2.382364406920088312e-22
5.589362539193316445e-23
8.428051483430052373e-23
4.788804646761467524e-22
1.999101411351828140e-22
2.809599482423857161e-22
2.694410991637047691e-22
3.482215860076174139e-23
3.012597672850542858e-22
2.965151579984162506e-22
2.180730908856074157e-22
2.841647527745827570e-22
8.014514104057405360e-23
2.227284928028444591e-22
9.552464858305353652e-23
3.914335828125288564e-22
2.107462196670930056e-22
3.169533093798253485e-22
3.262997693078556525e-22
7.678859213054325581e-23
2.888781419752675394e-22
-3.786224586609345919e-24
2.802149207293244384e-22
2.364406428912136976e-22
2.592212974849463007e-22
1.302067067643207922e-22
1.986823833126678542e-22
1.930038854511675115e-22
-8.459978974775653118e-23
3.267945609739852319e-22
-1.042131660568020118e-22
2.987380655469885646e-22
-8.105914299522950126e-23
2.520942194995798073e-22
3.381191657243080973e-22
1.521932285318148104e-22
2.194956970277407382e-22
2.022364035594759596e-22
1.111912016165898930e-22
1.706787667917584385e-22
1.446673910914444363e-22
2.664655694128371728e-22
-2.747750022372415609e-23
4.435361634490901804e-22
5.622186256340158478e-23
2.660887344238892055e-22
2.320761106391409752e-23
1.936266237663147394e-22
1.743548835341139760e-22
-2.365709499040835777e-23
3.749653157146115832e-22
-6.107873162434472654e-23
1.801056710155119589e-22
1.628480249178202498e-22
2.993715189420949699e-22
2.157766540852432293e-22
3.749567288895300741e-22
-8.230010662291737522e-23
4.234625183213504488e-24
1.686498471565265562e-22
1.089168533622695935e-22
2.368619365670644834e-22
-2.391547545448146667e-24
2.607068778134695365e-22
-1.258723129963702952e-22
2.656588479893608966e-22
-1.752069231643334389e-22
2.166018905051458934e-22
-1.877310364898063149e-23
1.854983601568549374e-22
-8.734208851099082581e-23
1.889185890174530317e-22
1.572028642218160308e-22
1.201199691179397648e-22
-9.618638453006615930e-23
-4.109295377224005282e-23
1.473344224856619674e-22
2.613682217313248947e-24
8.961023011756829140e-23
-2.418834836453386957e-23
1.527924718933359001e-22
5.685147365941533157e-23
3.038885821506666499e-23
1.655681617376137309e-22
6.897654113262745503e-23
-2.951729172125702781e-22
1.768678429307623437e-22
1.880369159377722781e-22
-1.785949828441031673e-22
-4.505570109814634315e-23
1.929923293733953311e-22
-7.165423322168574717e-23
-8.460294776978919700e-23
-1.551670777911226284e-22
1.416655370072819995e-22
-3.205315563212386064e-22
-3.029462052914764181e-22
-1.457254119019793317e-22
-2.145295074257971895e-22
-1.190431184107284991e-22
-1.917443490848508964e-22
-2.699906018292875923e-22
-6.355045479256444870e-23
-1.493763051620666557e-22
-1.183955839626544057e-22
-3.495667005924400675e-22
-1.963904653892321960e-22
-2.585068159550712249e-22
-7.874982153696475813e-23
-3.385223261437076322e-22
1.518857219920660495e-22
-6.540289709718403816e-23
-2.409669858311430053e-22
-4.357911387571691513e-23
5.369250450843449054e-23
-2.498664528708146246e-23
-5.686870614175385493e-23
-3.224560294472538601e-22
1.347012418848655980e-23
-4.218932318096372216e-22
-1.020216458677210391e-22
-2.685125497912757341e-22
-3.359030419350423368e-22
-2.588926514682315079e-22
-3.298108472589487787e-22
-1.201345348108119305e-22
-3.652924557893571924e-22
6.753867984466512132e-23
-4.314037886011049359e-22
1.079191603338126734e-22
-6.903657425877501798e-23
-2.479155927493821262e-22
-1.615441692516835533e-22
-2.628617299654849887e-22
-7.170385124063005197e-23
-1.437586710652829020e-22
-3.642376851881556797e-22
1.396414118721755118e-22
-1.750571550256943160e-22
-1.469686912072541524e-23
-1.993179208176620597e-22
-9.528108283487038519e-23
-1.540930936505969372e-22
-2.134638395313484908e-22
-2.951023772656405419e-22
-2.790730956869109464e-22
-2.904350274509729137e-22
-3.298564290278824236e-22
-5.893298074833616051e-23
-8.461879897048259414e-23
-3.101179826511727662e-22
-8.206373798831915736e-23
-3.073866230218770599e-22
-1.297676466147685799e-23
-1.491533011888046293e-22
-1.907116109683421151e-22
-2.519655587915747166e-22
-1.275659103155382861e-22
-1.060709621175510550e-22
-2.606922447309532716e-22
-1.093302763048926471e-22
-3.221252522281749539e-22
-1.214972991708654570e-22
-2.616474076932450810e-22
-2.271178650542813445e-22
-1.204664406428869760e-22
-2.964724555894266478e-22
-2.344114279573129679e-22
-1.921291903882609968e-22
-2.213911145589112988e-22
-2.213141405343989394e-22
-4.743596800013085755e-23
-2.245993832168416894e-22
-3.574337937642178002e-22
-1.232481065993876335e-22
2.139169397061196590e-23
-9.487248687414394466e-23
-1.177086137690588942e-22
-6.965199945702240310e-23
-2.274033349472823230e-22
-2.301952605207172989e-22
-1.157792855398574802e-22
8.556354885142579734e-23
-1.427153843559353211e-22
1.542810096998117968e-22
7.206658153555250975e-23
2.191945787920689884e-22
-2.062947064532342590e-22
-9.821754510847118338e-23
2.447284829333352142e-24
7.493823220161915643e-23
-1.014211391281591711e-22
8.156675379806726478e-23
3.263200131766669580e-23
-1.630428138551372407e-22
2.515675628980548794e-22
2.343050502157721187e-23
1.687770673767190478e-22
-5.590463118815002848e-23
8.563451743643905160e-23
-8.958815652719185802e-23
-1.080733569932966573e-22
1.343024421960320425e-22
1.299563615904683937e-22
4.810743083503348676e-23
1.828984835926895123e-22
1.724742244265773701e-22
1.512471822488781343e-22
-1.193417285447964820e-22
4.025498255671761791e-23
3.436475998057165838e-22
5.846000169201014627e-23
2.940593975372520546e-22
-2.828436158568038727e-22
1.358520120057088847e-22
1.572802859012874478e-22
2.241798678421699024e-22
1.517400158761358528e-22
9.333737826618303893e-23
3.132778503347632004e-22
-7.208185172072960793e-23
3.281837510532388874e-22
-2.520801949249305637e-22
1.397066290041639353e-22
-1.059147353240274296e-22
5.440567864985550824e-25
7.188898122579289956e-23
2.560101674473827238e-22
-1.355997712826262028e-22
2.915721323048175834e-22
1.060428896960044768e-22
9.454186231840693909e-23
8.369728403385929157e-23
2.318947444670340935e-22
4.307713410985875860e-23
3.461735975313827076e-22
2.171396404443599795e-22
2.843090530111219738e-22
2.011751367864316032e-22
9.644271065883027930e-23
1.697043693760420569e-22
3.311355189994882895e-22
2.496946525218885259e-22
2.789123867506770278e-22
2.857254893365796066e-22
1.237900438267091961e-22
1.044951238624905564e-22
1.374830356535206893e-22
3.994435482988581794e-22
7.549058579488402850e-23
2.869960964708335897e-22
6.222851592173033781e-23
3.010072841470494720e-22
1.345053877473905153e-22
2.116682505900427133e-22
1.790720084346011503e-22
2.732456001578290685e-22
1.945613163235966224e-23
3.010195490727664184e-22
1.902714844549171128e-22
-1.038417182502959544e-23
2.957783582870025219e-22
2.337903709867877872e-22
1.597975470979677757e-22
1.918220800488557210e-22
2.757853122837804950e-22
4.127860661875023946e-22
3.424393603773676995e-22
1.095170072874932332e-22
3.894707654341722536e-22
1.300742460143797864e-22
1.378766415975678550e-22
3.004614020072776916e-22
2.951327166436258334e-22
2.182274911689742442e-22
1.899017527713656358e-22
2.746470974410550210e-22
1.796082959175706094e-22
-8.249595695523698151e-23
2.034512952485897455e-24
3.614290849808882951e-22
1.130895161544531719e-22
1.984671284097701722e-22
-5.341677093276529367e-23
6.242150986513349510e-23
5.706996268543008854e-23
3.494062020674578863e-22
1.546678481289669580e-22
1.430204613538432376e-22
1.835039314098720337e-22
-4.245454001992924061e-23
-1.106043617040223973e-22
1.157460504408028777e-22
-9.829990802124700681e-23
-1.429391198154475587e-22
-3.431574557551381666e-22
1.628596772342744645e-22
-4.925025363367233403e-23
2.465888584310925933e-24
-7.835211266260978612e-23
-9.032000698367989938e-23
1.674849024920169952e-22
1.295063949661365044e-23
1.338380896126751023e-22
1.565605486443679215e-22
-3.637721712738012276e-23
1.713974271273439213e-22
-8.744299012562668920e-24
-6.867803075793897554e-23
1.182386034581678976e-22
-1.052780790653071444e-22
4.289011824931336701e-24
1.898723655785473038e-23
1.790503363638369270e-22
-7.265632688580320367e-23
-4.418577179127150897e-23
2.459908369349402508e-22
7.371399153632443563e-23
-3.057492236699169176e-22
1.166869225494304364e-22
-2.060624406733294564e-22
-2.557510938425053169e-23
-1.512399272272711240e-22
-3.050025233298740635e-23
-3.943594209944870337e-22
-1.280935454639414816e-22
2.769679839766394783e-22
-1.980978482786732005e-22
2.128079080571714731e-22
-8.637159290083871683e-23
-5.078561141889479237e-23
-1.959875875537034330e-22
-1.452689760365236335e-22
3.772729474994705762e-23
1.461262251126314632e-22
-2.639906768850207879e-22
-2.025246093532212523e-23
-1.579710059299416078e-22
7.580332761955682398e-23
-4.235363553485633155e-22
-8.014137316532449095e-23
-6.987504199712372456e-23
-2.926665360475823716e-22
-2.890038076203047838e-22
-2.923103287280486789e-23
-2.843964886852223623e-22
-3.553978162166343031e-22
-3.945084643928973651e-22
-1.298130566934239873e-22
-2.763578908275871006e-22
-3.379067577110765409e-22
-2.914365589872574448e-22
-3.730210804237313765e-22
-3.673261721565524539e-22
-1.235526324347725634e-22
-3.189287355656399906e-22
-3.979706185346143681e-23
-2.028174593424025758e-22
-2.445146812562666181e-22
-2.731400920980858564e-22
1.691045487439522409e-23
-8.149795604437474020e-23
-3.005170709021580462e-22
-1.540824386439105096e-22
-2.083191896355510282e-22
-4.608062200440620298e-22
-1.589605151778980031e-22
-1.672125337198542287e-22
-5.426171003639406967e-23
-2.546010627743257917e-22
-2.430552376596083586e-22
-2.792968759564435737e-22
6.992035457873450924e-23
-2.501948828312077419e-22
-1.532660533122831418e-22
-1.144440258240950832e-22
-9.905382158333129067e-23
-2.074260708381352475e-22
-2.627661027456333987e-22
-1.559559747981994465e-22
6.278431292332963068e-23
-2.035534155845943020e-22
-3.657897501098209408e-23
-1.638002872008350359e-22
2.011155660896007159e-23
-2.903450331086096990e-22
-3.723381203441772694e-22
-1.026506185805706107e-22
-3.200839997416583059e-22
3.085338654315267575e-23
-3.751679270486165179e-23
-1.941072029037247578e-22
-9.166138910699309396e-23
-1.026597943317037085e-22
-1.387849938025839195e-22
-1.484764263104025910e-22
2.410528996070887582e-23
-3.450696400830440678e-22
-1.765772306139858113e-22
-2.039600149006298412e-22
-1.913677794921196804e-22
-1.493317098979213179e-23
-1.209748672083891402e-22
-4.504888377779907700e-23
-2.635911008279869331e-22
-1.308702511070158717e-22
-2.650963824661445808e-22
-1.377835547082454953e-22
-2.334478582684517602e-23
-5.202600038029365045e-23
4.449816970026546709e-24
1.528970254504233943e-23
-1.627806633658355896e-22
3.037973701321672271e-23
1.415179543691227789e-22
-2.140638137562730367e-22
-2.502635497592116749e-22
-8.122908084857190365e-23
3.581560320251076254e-23
1.199765499055535675e-22
-1.574634590342378070e-22
1.658031260066115207e-22
-4.681892181691170585e-23
-4.332743753599029063e-23
2.259535594266708848e-22
-5.057949243768091689e-23
1.923004367265615500e-22
7.105335106334593914e-23
-9.553563921489137411e-23
1.148770049361139671e-22
2.803283277998312746e-23
2.711354581923836387e-23
2.845892448876821613e-22
1.506511407061230847e-22
-5.529151565128799103e-23
1.373178674394051855e-22
7.752255853616097773e-23
-1.542952734449638215e-22
1.636572331046066819e-22
1.082728261765952745e-22
1.661478992685740317e-22
-2.809402273687208895e-23
1.545953499309994923e-22
5.959836272648767055e-23
-1.406666779797489410e-22
1.418347010429437309e-22
-8.797725805262950108e-24
3.181728756482674062e-22
5.849582736218663364e-23
4.867139066341303466e-22
-7.116137412276982186e-23
1.423932040184304275e-22
3.091404731698575989e-22
2.997200961266137523e-22
1.405465617230467987e-22
1.999182219997126851e-22
2.653558806269002462e-22
4.439202090512462135e-22
5.961398531819752294e-23
2.698564928683313319e-22
2.806372305196590885e-22
2.829994191254020074e-22
9.003275449739622832e-23
-7.363920311023470854e-25
1.589896242100185814e-22
2.894594752470195403e-22
-7.548904242442888522e-23
2.401874251319564933e-22
2.780005997951080744e-22
1.616379367346862720e-22
1.597968722554273823e-22
1.751387748655318971e-22
2.056213421071221221e-22
9.565292543873074463e-23
8.936001230148042281e-23
3.057435739394384921e-22
1.138789011132296987e-22
2.204690587070794137e-23
1.618439985226472672e-23
-6.918101820018372447e-23
3.352176616746150923e-22
1.653411954938731015e-22
8.057428921337263153e-23
1.344045357843887959e-22
4.044743196370014001e-22
3.306803036679494031e-22
1.872673308606138235e-22
2.553319009989282825e-22
4.982428117573733530e-22
5.546997565254610300e-23
3.163703810012801763e-23
2.281242667134204784e-22
3.711105518438821793e-22
1.919190204045950011e-22
1.779091050692001540e-22
3.770779196543755314e-22
1.790125840157517946e-22
3.088371626923708704e-22
-1.499962190776919439e-23
2.768578406597315055e-22
1.789729609288444302e-22
3.348397440675694391e-22
-1.632491411610891726e-22
3.130168618205140734e-22
3.379933379385527568e-23
1.299289984433815175e-22
2.921823015607070751e-22
3.388919130187758314e-23
2.661440525389509523e-22
3.371547796750965204e-23
2.613599285048757802e-22
-5.470202833238675106e-24
2.912030319161025442e-22
-1.868252464455656824e-22
2.748773355276192037e-22
2.398098267418516381e-22
1.658813825033553648e-22
-1.661996906836453824e-22
3.530463907441720309e-23
-4.311232447281156539e-23
-2.046588298083313895e-23
1.980826343637476738e-22
-6.511946892680530012e-23
3.181947743704919267e-23
-1.935976223327205594e-22
1.367179326259298350e-22
1.271929302991061318e-22
-5.624973835032562455e-23
2.122955036407042764e-23
-6.445307423310825590e-23
2.109479473186989229e-22
1.428112793854405720e-22
-1.510051746368012690e-22
8.053580686151564426e-24
-9.818742498266392007e-23
6.954195860285732085e-23
-2.615872501388926213e-23
-1.948933733719994065e-22
-8.724968458300530784e-23
6.951123653668844136e-23
1.189775016142870550e-22
7.780168519627924410e-24
-8.554928633482670593e-23
1.259636644817986495e-22
-1.894680577155333934e-22
7.594362892230399935e-23
-1.489961205767026013e-22
-2.826221353583291499e-22
-6.578997573924925875e-23
-6.040150531519763356e-23
1.778013236676711075e-22
-2.201543898952146655e-22
-1.754008795022993802e-22
-1.639046036800631689e-22
-1.740557549919172492e-22
-1.262229513474411810e-22
7.100910581440579028e-23
1.090979817357443445e-23
-2.729691286454984332e-22
-2.559778508504821885e-23
-6.333683076001399496e-23
-1.837373237859701003e-22
-1.135074215932708355e-22
-8.960655487222742844e-23
-3.578581779839979584e-22
-1.612474234007944498e-22
-1.776180535313618417e-22
-1.580073568409726750e-22
-2.111002635011872455e-22
-6.431839958205603847e-23
-9.851418345691132069e-23
-2.997046546147171666e-22
-1.003732612017251668e-23
-2.039104816628170333e-23
-3.231658271650889829e-22
-8.012986938280658720e-23
-9.854318126677763272e-23
-3.923253229994090022e-22
-3.389536507479646762e-22
-3.989536244403888684e-22
-1.754500942595215051e-22
-1.985125690067364458e-22
6.224199473938062662e-24
-3.508947907552829069e-22
-8.416611270239217007e-23
-4.828618151638110506e-23
-1.863769865109208992e-22
-1.162467983700356548e-22
-8.060040078126434195e-23
-3.608756348556428320e-22
-1.262529419074070317e-22
-2.646394931479776998e-22
-1.810178857244875347e-22
-4.155866442223044448e-22
-3.376005818828276011e-22
-3.814156194957770966e-22
-2.950877371839104255e-22
-2.440142408649464602e-22
-1.622313929764824964e-22
-1.132136502517794851e-22
-3.151619502875370208e-22
-1.567336397711375341e-22
-3.261985819191786717e-23
-1.782852395459356170e-22
-2.450495392992396139e-22
-1.416468828455030589e-22
-2.736518003613624676e-22
-2.449225261458989183e-22
-1.135452994491926108e-22
-4.443810150379851033e-22
-8.015592744702385001e-23
-1.465028213581331358e-22
-6.172231305782211427e-23
-1.239509676231966553e-22
-2.126377166991522914e-22
-2.455421353011624564e-23
6.672025018340641053e-23
-1.633313135265163611e-22
2.022304857875862047e-23
1.783918672657149559e-22
-2.487238380588514268e-22
2.325843519495659211e-23
3.776667260045521890e-23
-2.759825636967040068e-22
-1.519993843058396055e-22
5.527064983934299041e-23
-1.744573871236769817e-22
-6.044772916755578566e-23
3.084029422224563593e-23
7.386421683007288614e-23
-4.263702655648649356e-22
-5.676979300558013064e-23
-3.329075387460997341e-22
7.368226774389101773e-23
3.414112336490444617e-24
-1.536196317282512735e-23
-1.446099143904828487e-22
-2.522445436953665343e-23
-1.399058483622002645e-22
-1.462746204172238647e-22
-6.516859211964215303e-24
-1.435291617115783906e-23
7.828436002848105788e-23
-1.681227937033194153e-23
-4.817005314712500638e-23
9.395310535540284658e-24
-1.368483320290629088e-22
-2.108008226782728737e-22
1.265047984179483733e-22
-2.891995530821334067e-23
-1.202604284767909301e-22
-2.006138167618392539e-23
2.149151256723454497e-22
-2.106856316096403249e-23
-1.128444331696755074e-23
6.429273685677144289e-23
-1.848661449834465078e-22
2.174819839295626265e-22
-2.203423473394736453e-23
2.181148257606194836e-22
9.812944728367733754e-23
-4.164228743341729261e-23
2.899210317490861530e-22
-1.571295308540672698e-23
3.274611209936738079e-22
8.229441531550620407e-23
1.705990123350413748e-22
1.775226120667182807e-22
2.303187876176480847e-22
1.438457477427565027e-22
7.163400570947023699e-23
1.493322108935745884e-22
1.481364041148230632e-23
5.810567417870029064e-23
1.117545172451653595e-22
1.776787969757036006e-22
4.201561684914704977e-22
3.470479796990383182e-23
4.785240590338645181e-22
1.632471122536895470e-22
2.962384836885601119e-22
1.331861626213569352e-22
-4.541405268919030643e-23
8.813146311135688348e-23
1.973154695247105302e-22
3.405168973374793444e-22
1.755914127621590422e-23
3.833357733143923360e-22
1.043422854515897070e-22
2.413813635228827402e-22
3.236721699691733574e-22
2.738203919320752254e-22
3.073753069300159772e-22
2.330162091271398131e-22
2.916797444455815037e-22
2.447251109645363179e-22
3.604472441565819276e-22
1.874371608315174496e-22
6.602595101934130233e-23
9.711756936201923228e-23
-1.603310828115193808e-22
6.379853428500641101e-23
2.961427136932905430e-23
8.272631222224680645e-23
1.438837218953261252e-22
1.007941257546777158e-22
1.604930840474125121e-22
8.549946948017715955e-23
3.615698909897820452e-22
3.962342904671242393e-22
1.395429060526428176e-22
2.071231397079218321e-22
1.175740386027160089e-22
1.980282197049971952e-22
3.306997838597998028e-23
5.266939327957655579e-23
2.606876827326439773e-22
3.022622285537009804e-22
1.914611492917917685e-22
4.364676015339681448e-22
1.536457325064232544e-22
2.762159631756137939e-22
1.332396293140512738e-22
3.316753209157862726e-23
2.105773199238941184e-22
7.477664525039084517e-23
8.953110676683358932e-23
1.567488735528336759e-22
5.898845426442022437e-23
2.290049516536822590e-22
2.485068853134845397e-22
4.445679096225787745e-22
1.302737938854151626e-22
3.211483300246696604e-23
4.499734460227662400e-23
2.199287054552756340e-22
-6.910532713153383392e-23
2.158789332692809680e-22
9.112444000699330460e-23
-5.910121471732736844e-23
-8.084162970618804782e-24
1.995422624737960103e-22
-2.345200818304230205e-23
1.151567112044963368e-22
-5.896435347557868723e-23
2.540157923442544728e-22
-2.974930420819559452e-23
4.619678563157960769e-23
7.393658117690256843e-23
1.974607258776530034e-22
1.107111244358995293e-22
1.560873527864969446e-22
1.635297165681851233e-22
-1.784175987207919754e-22
2.026400018863045170e-22
-4.825365002745415167e-23
-8.882187783288415335e-23
-2.043855799760324049e-22
-1.132887738789413103e-22
-8.197940359417371048e-23
-1.159696736641663145e-22
1.499882488028085141e-22
-3.174295611844450255e-22
-7.900206831991999430e-23
2.539164686314097085e-22
-1.864328605126139740e-22
-5.164721205445803174e-23
-8.738083859006685281e-23
-1.405098626270069575e-22
8.682677825813947774e-23
1.811319580752683166e-22
-2.511932970478333602e-23
-1.744600309647633023e-22
-1.530831570274420644e-23
-1.631996034074139710e-22
2.483129360386764979e-23
-1.478396754397541378e-22
-1.984149339362952226e-22
-8.242627599843866148e-23
-1.602325919819329661e-22
-3.280286555624843456e-22
-2.048736586003668719e-22
-1.564079149362720228e-22
-5.884739194860834276e-23
-1.517364622616703670e-22
-3.964413692115828494e-22
-1.048831706879674098e-22
-1.939609268895761763e-22
-2.482491699873455765e-22
-4.172099943673961314e-23
-1.856536045167033037e-22
-4.037478741989779074e-22
-3.106000574864693997e-23
-1.769691761196390849e-22
-2.122807052825459826e-22
1.190679561839311867e-22
-3.670674078784818647e-22
-1.323782088679958447e-22
-1.439398534126145948e-22
-1.537634196575385295e-22
-2.154274286637816162e-22
-9.821942144355316059e-23
-3.083302775741510741e-22
-7.886445163101149089e-23
-1.252506894872709756e-22
-2.113457990440707955e-22
-3.082379894242755431e-22
-1.472002157486739336e-22
-3.084846627804732281e-22
-1.941974634828779531e-22
-3.329426526560625156e-22
-1.099561543138831361e-22
-2.788917984750742671e-22
1.845960642958006945e-24
-1.096263715382430891e-22
1.101563928320202783e-23
-1.308104838192450855e-23
-1.330566913790945696e-22
-1.578869116377131520e-22
-1.205697443097233811e-22
-3.548175703534267889e-22
-2.549688327397702499e-22
-3.763700977664577202e-22
-8.902728722267855308e-24
-2.595480244351707875e-22
-2.213780803199844063e-22
-2.647365995954388854e-22
-3.188252984277396953e-22
-3.294295897421139355e-23
-6.577908779441343122e-23
-1.701748992062034910e-22
-3.709689811372055069e-22
-1.256761380083743351e-22
-9.577420559948705146e-23
-2.182456213762263919e-22
-2.497538121033862920e-22
-1.905705018921864873e-22
-1.102720482262805159e-22
-1.576535907403695447e-22
-8.426093688408395002e-23
-2.586138494598483156e-22
1.471341158180826022e-23
-1.964821526846074304e-22
-9.512773218477250299e-23
-1.639952278114069269e-22
-3.417067495382849640e-22
-1.800434855560669431e-22
1.004438016290835349e-22
-2.356134668893627236e-22
-4.151857007757890066e-24
-1.935411167084810894e-22
4.977797161948068535e-23
-1.142178658442277968e-22
6.224973313382319205e-23
-2.768371375965628259e-22
-2.197653142581076010e-22
-1.346887741916749434e-22
-1.252333782667125485e-22
-2.444633364425878906e-22
1.929544670791514644e-23
1.716741560434191483e-24
-1.146207008929222616e-22
1.471824895403635939e-22
-8.752558186710857982e-23
6.982245193005715261e-23
1.450674035178109003e-22
2.353567356480492131e-23
1.536453582744615565e-22
7.181129281850763413e-23
-1.439826147046153195e-23
6.528371353658070300e-23
-8.159124983350186223e-24
6.231180230284938283e-23
1.358280347122902584e-22
2.774486851009376673e-22
2.071005397220139440e-23
5.221801021414876934e-23
2.539764939212441174e-22
1.671390903072179032e-22
-1.081711775579169505e-23
2.194827539854863293e-22
3.205098832288483401e-22
3.301101134228032826e-22
-1.088663228559931663e-22
-8.121192105874600098e-23
7.435880709389529298e-23
-4.785518524939502515e-23
3.653632539774820017e-23
6.320556176688057666e-23
1.318710714156323520e-22
-1.658620812629772703e-22
1.738103788026269713e-22
1.840904668898814706e-23
3.348483502228451616e-22
-4.587595930858313276e-23
3.413299812798647683e-24
1.435903175414152892e-22
1.540918113566145711e-22
-4.768333452288256151e-23
8.685540709739184911e-23
1.130325247928627142e-22
1.770946869587350028e-22
2.534811302304358534e-22
1.235278124869466500e-22
1.653211176680120060e-22
2.306506244911987249e-22
2.243394571282232505e-22
2.075682184664662518e-22
2.730324771534726252e-22
-2.118369969971906257e-23
1.503523337705647925e-22
2.888277233994013084e-22
2.774977228918415404e-22
2.706005524578329252e-22
1.674840543535923232e-22
3.087506289374333262e-22
9.703252004385697755e-23
1.474261029588404098e-22
1.002234284261875322e-22
2.217262883548710858e-22
3.146569618296719997e-22
3.033338412677058391e-22
2.132142095699410808e-22
2.037809605360070034e-22
9.932233112946669996e-23
3.468518685698839331e-22
2.351292938246690028e-22
1.475349234631665347e-22
2.853013769608891349e-22
3.983661291057080671e-22
1.947548005982371863e-22
2.753269857910205454e-22
2.682724612567945403e-22
3.109030710551475461e-22
1.703172658459990339e-22
-9.340302561419432798e-23
3.873371526383846932e-22
5.247655628190769336e-23
1.123674776627441099e-22
1.999617847656819842e-22
7.131573711557344303e-23
1.815063745621906670e-22
2.648417258692023903e-22
1.610148403469116361e-22
2.657856373576775457e-23
2.460506169420941046e-22
2.583065515144920832e-22
2.030701822724393610e-22
5.837009070253751073e-23
9.099326933570315646e-24
1.831511489333106092e-22
-3.223632162858048157e-23
-1.549199332329848521e-23
1.862630130294883720e-22
-3.146292288186612687e-23
5.462085068026011580e-23
8.766177458851528030e-23
-1.163215775880480420e-22
-1.219956635898381788e-22
4.273741118478714413e-22
3.517719234685231538e-23
3.389439238205514993e-23
1.580294015772930347e-23
2.785636075228734577e-22
2.285554152327050855e-22
2.486580052866402683e-23
7.464280118426506229e-23
2.024878692687711852e-22
3.080811200573273746e-22
-3.825413163558227049e-23
1.761673557056064496e-22
-4.033582227129928271e-23
1.427688090381129664e-22
1.904245477948501438e-23
-1.441823333339717741e-22
4.115138787318283805e-24
-1.397452535688386418e-22
2.107696439067603050e-22
1.760118883894596935e-22
3.466835125001968474e-23
-1.221785350628149319e-22
1.194868088356725305e-22
-2.055249189304919931e-22
-4.009124485700210091e-23
-8.874707454480877076e-23
-1.127468362336158374e-22
-2.547745463065593966e-22
-5.588143969051661289e-23
2.516265633684868036e-23
-1.499185653834446971e-22
-3.145544305321554220e-23
-5.007442452334655631e-23
1.670959981760376387e-22
-1.262645419046069251e-22
-3.861526751483380384e-22
-2.694789314805332431e-22
-1.484768172424895978e-22
-2.696647355252568945e-22
2.518014849665747750e-22
-3.358798560201145701e-22
1.324527985750366953e-22
-1.825714972260818883e-22
-2.327966780684175477e-22
-3.343661953520961642e-22
-2.745479040245999087e-22
-7.302348546179937958e-23
-1.236478517674896424e-23
-7.620866699424401944e-23
-2.274734507931469295e-22
1.071005270152411166e-23
-2.424491572267123994e-22
-2.439205442338057705e-22
-2.154675182541488113e-22
6.701198947869297869e-23
-1.228660650911100424e-22
-8.518529912846057239e-23
-2.554013772532441133e-22
-3.007113941117451815e-22
-1.056729434374059273e-22
-7.557747269477781409e-23
-6.661989297065976711e-23
-1.731918060805377973e-22
-2.707113422465458949e-23
-2.742982211220972459e-22
-1.747638140181485445e-22
-2.463054522544698048e-22
-1.836364258815210193e-22
-4.270214349769830853e-22
-1.411713524425308586e-22
-1.074088040567834686e-22
-2.538409894799968482e-22
-2.442891452021178258e-22
-2.325106424598952688e-22
-8.190332268127873502e-23
-1.542445122979552101e-22
-3.366910967761187680e-22
-2.726878048231565900e-22
-1.985204683310781521e-22
-1.868278994520645403e-22
1.524215175246017945e-23
-3.242102774677978266e-22
-2.773605723470851283e-22
-1.683994567929151375e-22
-1.485920109639648084e-22
-1.793692575927406345e-22
-4.098361851786587300e-22
-9.770680618885830845e-23
2.106590049087431692e-23
-4.311738966558498601e-22
-1.528212204737443140e-22
-2.792121327759061587e-22
-1.138860450120002536e-22
-2.942400580873473444e-22
-7.864364386827733370e-23
-1.335206422132671574e-22
-2.261706461878473733e-22
-3.023935154358213335e-22
1.728683680571523672e-23
-3.576636407117788651e-22
-3.499536126265639569e-23
-2.291972196061334096e-22
-2.652612762963260688e-22
1.859211527893191245e-22
-3.686896057018383404e-23
-2.275429333157227684e-22
9.066792882610865866e-23
-4.115957662789218864e-22
-4.676170146962678195e-23
-1.038459110213972189e-22
-8.910445477300028040e-23
-3.457396977617119953e-22
1.795228157329872272e-22
-2.305701569192349684e-22
-8.489288954115933456e-23
2.854441840846888660e-23
-1.540913292975676558e-22
4.271627017790913026e-23
1.521680512239313768e-22
1.733828423697353496e-22
1.466801241248916903e-22
4.437733970302351478e-23
2.191451083288254222e-23
-9.758139011262995781e-23
5.123530478535912477e-23
5.690255608394910312e-23
6.464513173033095613e-23
1.614670607311716329e-22
-9.068445504682060812e-23
-1.158035145809633909e-22
-1.770279615046524660e-23
-1.006013096039371153e-22
2.518880630451229502e-22
-9.564362292431013855e-23
-4.419746911455960285e-23
-2.494604722433625021e-22
6.854459315773256290e-23
-1.663217586471980483e-22
6.699107072843470901e-24
-6.439001664856696396e-23
-7.730276817106229789e-23
2.958774632316397366e-22
-6.643688067472694484e-23
6.185579006387402321e-23
2.040543385293809289e-22
1.935844476310747770e-22
1.525408866199681657e-22
1.856263055195917717e-22
1.895993581557014166e-22
-8.806814770965973408e-24
-1.048140000410423497e-22
2.407529429781066311e-22
-6.726804354319322953e-23
2.034775622647291175e-22
1.858541339365283814e-22
3.297648506998891653e-22
1.065805201544514344e-23
1.480027836712378326e-22
1.724190128614274277e-22
6.529427412735490241e-23
2.632145190652899400e-22
2.457540577791910253e-22
4.177712163881771584e-22
-4.341701259348620826e-24
2.433810140131211117e-22
1.950689891043072179e-22
2.052735104259958999e-22
1.731382141710588173e-22
3.291393397079008503e-22
1.331419829956112941e-22
1.099261929711816003e-22
4.705375018990756518e-22
-2.466816357736427441e-24
2.487698469255630585e-22
-6.103128430684579996e-23
2.314951933418916581e-22
3.066653485434745717e-22
1.138754400894931334e-22
8.318947580363546660e-23
1.876945399679788719e-22
5.461047641013352942e-23
4.101729905951870932e-22
9.587458239796760259e-24
3.486482776728164364e-22
1.244730494261165597e-22
4.186358276977973642e-22
1.217855881585353958e-22
6.628488941586249518e-23
9.229696850461987103e-24
4.481654902665492634e-22
3.667688936262909688e-22
3.586188212182787686e-22
1.687135218017619534e-22
1.651087640570579685e-22
3.224831619574688520e-22
1.090157004282601243e-23
2.574615365231909318e-22
2.602263100116406206e-22
1.884699412974413545e-22
2.231219007697560782e-23
1.980167222527742741e-22
1.209050530119579992e-22
8.637192226128017056e-23
3.467529198396573827e-22
1.066137081085704437e-24
-8.622071036899631606e-23
3.153315829759708926e-22
4.134697492618721372e-22
1.127406444501622283e-22
1.130275943034679293e-22
3.652356097768231420e-22
2.198499648617865293e-22
9.033333258310197447e-23
1.344981586741975822e-22
4.200597798971828935e-23
-1.616410815302431239e-23
2.234028348957142742e-22
-1.597097068017854913e-22
2.338352243013090717e-23
-6.745105107961240830e-23
-2.777560544447450033e-23
5.001710816217241555e-23
-1.649815225772042331e-22
2.266681774734155837e-22
-2.123328960464735601e-23
1.888964906608502779e-22
1.847285061274719755e-22
-2.759795085949762069e-22
2.882994433522726406e-22
-2.874576627026514498e-22
8.219224467652566069e-23
1.314522661672186680e-22
5.630205170735668098e-23
-1.995566602876263529e-23
1.038857752685882693e-22
4.095893780049318441e-23
1.341342069147743541e-22
1.627735405241994635e-22
-6.716903896527809044e-23
-5.371216953361979716e-23
3.729652941503157853e-23
-7.801021917290595252e-23
2.100453230533231420e-22
2.807343969381654524e-22
-2.650770031317463334e-23
1.843835175819691774e-22
-9.857015574303111618e-23
-2.451701194890350177e-23
-1.706397174866881488e-22
-2.015581765206340743e-22
-6.264497515384157414e-23
-1.302093630185007156e-22
-1.354216952812426373e-22
7.161752648428036733e-24
-3.731063540558535072e-23
-3.240399003047135041e-23
-2.343878075927798522e-22
-6.908045306251327082e-23
-1.470639967116039767e-22
-1.760560868103082660e-22
-1.716369450956150678e-22
-3.472264387171052439e-23
-2.220438813592417101e-22
-9.366180959598534408e-23
-1.918777962850238003e-22
-1.937068572116646696e-22
-3.632739363467996201e-22
-1.421419999250995598e-22
-3.902887239329936194e-22
-2.225854181551225696e-22
-3.430868407132565079e-22
-3.059744081408447204e-22
2.005322970071771939e-23
-3.820943244459601528e-22
-7.261809407602164146e-23
-1.718983782748437444e-22
-1.248590458477394687e-22
-1.921774038911669638e-22
-3.327967513130375707e-23
-2.460902575808406843e-22
-2.568415788441275591e-22
-5.272290091480919303e-23
-7.210943375938095150e-23
-1.357411661339366467e-22
-1.039739026382032205e-22
-2.469154759355709223e-22
-3.590333699700267628e-22
-9.754546348638351345e-24
-1.021129945520034844e-22
-2.632091478401592512e-22
-1.042405040983312145e-22
-1.250583518217183245e-22
-1.771561689553021797e-22
-4.377712492241997941e-22
-9.354283618473687284e-23
-2.236464636729367322e-22
-2.124683219515582834e-22
-2.371150203505306340e-22
-1.848386900992513163e-22
-2.660886960387629993e-22
-1.744672598014684952e-23
-3.241654541395236354e-22
1.692394233129671654e-23
-2.090659371996155717e-22
7.751741578248360427e-23
-3.755687283828480973e-22
-1.680663450973523276e-22
-3.033970006991574296e-22
-4.556542652185043204e-22
-1.486739935459247889e-22
-1.856814325624451160e-22
-1.911290821130042948e-22
-2.288027150234768357e-22
-3.336658552911293908e-22
-1.884475611907816362e-22
-4.381237204096133918e-23
-2.077113983851868948e-22
2.812191974197093258e-23
-3.905745903563028737e-22
4.683923438875380175e-23
-1.499152673797228270e-22
-9.041628153855575522e-23
-1.102332266892727953e-22
-5.446508291832980327e-23
1.092811409980843319e-22
-2.449996048527627798e-23
-1.283665442889898560e-22
-1.618629431452414136e-23
-5.942522198218126700e-23
-8.661359291435448297e-23
4.597573772436193400e-23
-2.099747949235759781e-22
-8.182629500739275336e-23
-1.255709056324988968e-22
9.229937752596501308e-23
-2.125974135803415467e-22
7.578514102891812110e-23
-2.140252251192998524e-22
-1.155249943504946983e-23
8.869111717393723196e-23
-2.217950712349509522e-22
-4.009665498006537363e-24
-1.230432368300402335e-22
-8.048284438164474547e-23
-6.567491347447715259e-23
3.176678826501237160e-23
-1.337288577914897864e-22
3.493995842704142175e-24
-4.159434759713550785e-24
-2.016893920082675845e-22
3.134817499772006959e-23
-9.946731224899326782e-23
9.050758409861785365e-23
1.937114374518309022e-22
-1.092837959389772460e-23
1.537272871558593676e-22
2.386050479308982170e-22
-1.210194047937616118e-22
1.766411126690338021e-22
9.516015565487885572e-23
9.786253659267171641e-23
1.050020690873077914e-22
1.748654328729975298e-23
1.226978600334425008e-22
2.016120648087597428e-22
-9.662047696276414866e-23
4.933131417498199282e-22
2.818516690418949920e-22
7.489703383800959213e-23
8.975177380470221410e-23
-4.399099440500105494e-24
2.361532113151906803e-22
9.227781824468797732e-23
1.140019858345923524e-22
1.820986282815167245e-22
3.723876625955551931e-22
8.967652060585867357e-23
1.551656205544859642e-22
2.403992318719054304e-22
1.578392245522069371e-23
1.097849590412188462e-22
2.627039228692868702e-22
5.100980743584213329e-23
9.494208418292560854e-23
2.700651283901080540e-22
2.554676233021425022e-22
4.966417959653322369e-23
2.604470712503280126e-22
2.538471700108146341e-22
2.215570188935537948e-22
1.256628972590374327e-22
-5.149212394754230224e-23
2.621508334056799825e-22
2.659888583534403822e-22
2.409102780048997154e-22
1.357460072357042465e-22
5.302510083794316015e-23
2.457018077005776866e-22
1.157075960504321646e-22
1.623867027118727378e-22
3.467570869337125426e-22
1.572827807580527683e-22
6.019215208992347238e-23
4.701339953276787100e-22
9.512013336695747123e-23
3.931388802051611095e-22
1.628718090820429949e-22
3.842668086077934809e-22
3.797647083765434762e-22
2.349831406065425428e-22
3.348793045458819451e-22
3.806520086778551552e-23
2.411573416075454006e-22
1.805306688815610363e-22
1.412020009251821360e-23
3.659639179416008872e-22
-1.015607547061420709e-22
-3.039872867614209995e-23
2.807001380677675850e-22
2.966124614820154374e-22
1.431873954910660167e-22
-2.925773952454198675e-24
1.764368990553777720e-23
1.166831892308674350e-22
1.211437189658786421e-22
9.177065189392742395e-23
1.222713856464951521e-22
4.811995214559111538e-23
1.523347359481970992e-22
-2.583656871887671694e-23
2.103879492941065928e-22
1.316844346823144490e-22
1.467600526664917529e-22
-6.833578547397031654e-23
2.060685469788876129e-22
1.093550890447903972e-22
2.368543754425041685e-23
9.831117523842105099e-23
2.650156531455070804e-22
-4.646341314511294920e-23
2.589100210596919942e-22
2.118038991717689730e-22
1.586602222884795701e-22
1.335753560361016088e-22
9.992277084888908099e-23
2.339557628736697429e-22
2.052097156476728617e-22
-7.971363131896913770e-23
6.381460473731341096e-23
4.006302634272584692e-23
3.822794775157410460e-23
-3.113828340622121196e-23
1.163453421098394837e-22
-1.573725753945100000e-22
-3.356341232984551606e-23
2.673459191497592326e-22
-2.609644752877377169e-22
2.535197566240006715e-22
1.424288561313746481e-22
-1.578781648225345579e-22
-8.267911390885863265e-23
-6.826925396344517645e-23
-6.485537279309677961e-23
-2.274426308094084812e-23
-1.065251471955796576e-22
-3.322965402318309225e-23
-1.329738905367161505e-22
-1.084561745562851331e-22
-2.392136906810857641e-22
-3.973426920410346263e-22
-5.784829868676866051e-23
-1.714510375015196202e-22
4.934995382963707660e-23
-1.349553834818733936e-23
-4.640559184447177128e-22
-1.287870762323144418e-22
2.472289442773913119e-23
-4.265861186391014202e-22
-3.316757320692628455e-22
-3.266345088418006042e-22
-7.638769647804593018e-23
-1.302643992747755383e-22
-1.230371905927457867e-22
-2.497294267904858444e-22
-2.925302780541547757e-22
-2.509120919496368013e-23
-3.322422242129048689e-23
-1.635470927411699251e-22
-1.591886315639468260e-23
-1.391994150197830957e-22
-6.835607555643340275e-23
-1.002162913323527280e-22
-1.022321258657135559e-22
-5.676790544527814993e-24
-2.485874261181110682e-22
5.235623891836512556e-23
-2.485578636355010150e-22
-1.078253763621459702e-22
1.254924214968104053e-22
-1.077978427075096697e-22
-2.595771704114343425e-22
-8.814712159085461773e-23
-3.530050285540678632e-22
-1.656644060632040052e-22
2.929168613272096380e-24
-4.617002769325258788e-22
-4.608892554151682291e-22
-1.861989929783260808e-22
-2.029831490317624588e-22
-3.367144356672623024e-22
-1.579921718698721990e-22
-6.446148060085191456e-23
-1.116566300540169004e-22
-2.367440860213933307e-22
-8.539543436767631940e-23
-1.740703620584554776e-22
-3.481668231659533390e-22
-1.402872691040069057e-22
-3.213739606432370183e-22
-4.452614708619655983e-22
-2.196948369738031456e-22
-2.492274092537290888e-22
-2.106509674010154665e-22
-3.898374481083930031e-22
-1.003264199310783592e-22
-4.920473984549159768e-22
-3.697693318708335526e-22
-1.813013534697293427e-23
-6.400205465410325179e-24
-4.142299593770734323e-22
-2.153635393256715072e-22
-1.344047342134197298e-22
-5.034857331996335728e-23
1.789497733277584614e-22
-1.005359365073118279e-22
5.440449687258097366e-23
3.002334466180491968e-22
-2.653692973626418685e-22
-2.105939543831359608e-22
-1.718334763973160051e-22
-1.569393639023851602e-22
1.181120541768720225e-22
-3.416874369186186770e-22
-2.035250836952645443e-23
-8.596825106495656304e-23
-3.077530733361495362e-23
-3.056662874752522641e-22
-1.722703800753016419e-22
-5.957135202936820592e-23
1.370145395330035071e-22
-4.937479488968590944e-23
2.643393978630091020e-23
-5.266362785391160553e-23
-1.807650101226364852e-22
3.304674805095279791e-23
-1.387698832789665654e-22
-1.583929440421329076e-22
-7.935528763081773489e-24
3.608976218384963583e-22
-1.875429357331092759e-22
-1.485070724868104533e-22
-2.862013168218001606e-23
-7.825940656896193781e-23
-1.666221374720293579e-22
1.679712072150545895e-22
-9.525393960323748079e-23
6.407729988558663631e-23
1.879623474309579374e-22
-2.206342379248851348e-23
-5.836489369674788402e-23
4.814163257372119856e-25
3.204018846445089096e-23
-4.201717110878235459e-23
1.519404207084152883e-22
2.209249602193721511e-22
5.075255161903672403e-23
1.718802350783871545e-22
2.659201556950919414e-23
1.340352096446605170e-22
1.085596340826846884e-22
2.529227030497792015e-22
7.079249479176536765e-23
-3.716479544180867248e-23
8.317046291683560727e-23
2.469938283541383723e-22
-9.712308348834659486e-23
3.472668640464028154e-22
1.933872341722494598e-22
1.897403177306883406e-22
7.548573095815855153e-23
2.382727879053237828e-22
1.662303614223905166e-22
5.936721967336537190e-23
1.899549917729310186e-22
2.612801325545138716e-22
1.050543075360415222e-22
3.468963969634639404e-22
1.162203749205350080e-22
1.343017615559570609e-22
7.744490936795190898e-23
1.158091532701658491e-22
2.075313236424498520e-22
7.925956858915057235e-23
1.841450184486306577e-22
2.759872725186547260e-22
1.721886041001008777e-22
1.842878932121373306e-22
2.772841031033876500e-22
1.581057360451147045e-22
3.867761005943610143e-22
2.062363180167353432e-22
1.946944448216426388e-22
2.822444462257719031e-22
2.316894896880649448e-22
2.785968296509587328e-22
1.775041993072969389e-22
1.475294435109429237e-22
1.944553739782796464e-22
1.074119803282657318e-22
-1.831170761249881555e-23
2.253329268072257398e-23
2.490919301492421285e-22
-6.089371545770656612e-23
3.308532497356872044e-22
2.168312376169041601e-22
4.979058754752231389e-22
7.467492108282811493e-23
1.451614543443126562e-22
1.243084328989700242e-22
1.096079053151338442e-22
3.806354799859318303e-22
1.725579549452831479e-22
1.188757326886341368e-22
-5.691047015498513097e-23
4.145424241399813497e-22
8.230649155734212255e-23
4.387196263706404269e-22
4.077465794004608857e-23
3.344685177657680832e-22
6.731410010942310209e-23
9.988484722586033234e-23
1.527011307878307371e-22
2.492806184653042240e-23
3.129870237970462543e-22
1.379374137483836883e-23
1.618400309539205995e-22
1.904088040736134782e-22
1.263127852329661821e-22
1.733566945736992086e-22
1.405543492154166273e-22
4.231493389167944659e-23
1.609075411133683029e-22
1.358926050108131937e-22
1.941195757748433434e-22
1.516684877107775134e-23
2.183204080885972999e-22
1.812525248140924302e-22
-1.232022543320077926e-22
4.492709259828657820e-23
1.423516442388854892e-22
9.046709827989294490e-23
8.339269841722240892e-23
-4.084553578808498420e-23
3.550198254804282377e-23
1.616630946628853697e-22
5.481914423876796935e-23
-2.343384921895375709e-22
1.454931678134730308e-22
-8.328505100243912463e-23
1.573146053528219592e-22
-2.721599862241630014e-22
4.002227593437700118e-23
-2.239787544769617066e-22
1.082946358704443722e-22
-5.562534686467804367e-23
-9.392735638862937943e-23
1.193808970669342886e-23
-3.861170488477212196e-22
-4.301022636194088947e-23
-4.767108183270239500e-23
-1.325836869248443132e-22
-8.831954069336342248e-23
-1.030907883494635387e-23
-1.126236544214460315e-22
-1.285203656389731695e-23
-9.272271675499639527e-23
7.519813339260808648e-23
2.612400956215972348e-23
-9.100652436428555715e-23
-1.108709647543630870e-22
-6.563523316192315773e-23
-1.586540293715198923e-23
-3.834732814157778644e-22
-1.113720489505061346e-22
-3.817738623612384481e-22
-1.030884131427389781e-22
-3.500054814142812024e-22
8.300511630071547032e-23
-2.453244038116454630e-22
-6.842582489848008744e-23
-3.284360758770397198e-22
-5.852492983651154301e-24
-4.007552533297489085e-22
4.694929392768022951e-23
2.700755479991230571e-23
-3.620140598738971738e-22
-1.041227834778715268e-22
-9.515194789472300575e-23
-2.244425303276900837e-22
-9.252627565435927958e-23
-3.449727867418448943e-23
-2.564655388332272168e-22
-6.004759922259007755e-23
-2.499046976987619502e-22
-1.637561625943703801e-22
1.673447885273024920e-23
1.205859341789417294e-22
-4.928734626200440097e-22
-1.669060046307837902e-22
-4.820893004846605197e-22
-1.244657784557890056e-22
-3.158024982107456621e-22
-7.053328827338944115e-23
-3.010721332510702603e-22
-9.780592367987718449e-23
-2.763069637961873150e-22
-3.468246568945414979e-22
-1.884358015281287379e-23
-3.108201181982990853e-22
-3.709989266222741221e-22
-2.704033389545233282e-22
-2.689741840516720053e-22
-8.661046347685835958e-23
-3.542110439090186457e-22
-2.337498439249853632e-22
-3.003407973281752002e-22
-4.024607302957572637e-22
6.781416575113066656e-23
-1.856916694074593548e-22
1.263890437323665143e-23
-5.547908551984121630e-22
7.332743404409748803e-23
2.112191447673155222e-23
-1.780741607923929622e-22
-2.810241152027273819e-23
-1.396615554808801279e-22
-1.899377945811409437e-22
-3.713389948370453868e-22
-4.724153755448437370e-22
8.122271335313247224e-23
-7.810621259229084057e-23
-2.247080683259627765e-22
-2.126300111176903133e-22
-4.966844576284692307e-23
-2.365277655924574210e-22
-4.669131579670790044e-23
1.291815264182156402e-23
-1.231181333374579377e-22
6.824444081374950102e-23
-2.625446935876971224e-22
2.234031361766438965e-23
-1.384671573189845192e-22
6.144972275643747800e-25
-1.657798260616658511e-22
-1.578371331381808516e-22
-1.340943835946437860e-22
2.612736130606393405e-22
2.172616285530934907e-24
5.220709942664685149e-24
-4.337333811165105936e-23
-2.597334579395867029e-23
-6.635708268743414765e-24
3.292311358390997071e-23
-2.842544366077365170e-23
1.097530910601939242e-22
-3.549360690469224078e-23
-2.880116332477862488e-23
-1.262100423106782253e-22
3.545427337056934640e-23
1.735601809139457367e-22
1.028821898173782011e-22
-1.043959135080018687e-22
1.420782858826893008e-22
1.798881863974085158e-22
2.143386181668842232e-22
-1.215926089657017653e-22
-3.224131079871302168e-24
-3.735129528541114796e-22
-2.384581847442154136e-23
1.025721155290142350e-22
9.839222832043565970e-23
7.964664565547360903e-24
-1.363301076365313627e-23
1.386996295298723540e-22
2.421754919715467905e-22
-2.183057924637983237e-22
1.070330423309076746e-22
-4.882142726399084045e-23
1.304330729485621074e-22
2.109714532638108258e-22
1.113346827718444873e-22
4.628511395273696397e-23
5.198060024186053145e-22
7.809184099888081753e-23
1.452166049789932016e-22
6.422094776606566513e-23
1.312697712229128752e-22
2.025361285060847409e-22
2.679208150032232240e-22
3.326041227122080322e-22
1.435655682914816048e-22
3.093581346604793820e-22
8.445071159737993424e-23
-1.346944531986052349e-22
4.111073953944062884e-22
4.308350490161897368e-22
2.688790807460204874e-22
8.087382236057233216e-23
2.352400338019194469e-22
3.369925619624548508e-22
2.819427648075171059e-22
3.378228867051314842e-22
1.196161479176540360e-22
5.359811398312361348e-22
1.222447470281751083e-22
9.742286325254687459e-23
1.960110296392911278e-22
3.038807333141808482e-22
9.400092589986786367e-23
1.392839721609614549e-22
6.010526677329573984e-23
3.574078437495137716e-22
3.441868830922124855e-23
1.837611741063552693e-22
2.985128745053090057e-22
3.015951949329578383e-23
7.983969053388328115e-23
1.826841190590795413e-22
2.129107647935854761e-22
1.289499043745199338e-22
1.292795697385724880e-22
2.026945125592789932e-22
3.080173893111209259e-22
-2.297690829897798870e-23
9.177190441466299009e-23
-8.453979245335654401e-23
2.117975910389841240e-22
1.447012731768871967e-23
5.034068501909649614e-22
-6.999458028113206073e-23
2.469804781307366893e-22
-4.952975548999486821e-23
3.111122182196241335e-22
2.332381426933749933e-22
1.363042359123665504e-22
3.556430576013533096e-22
2.357086935710981095e-22
1.865431938724871264e-22
-9.754802756742392398e-23
3.610277183430617848e-22
2.295081077249649661e-22
8.235509114502890491e-23
1.038039351380670001e-22
1.704472147254491700e-23
3.034854680231458817e-22
3.554210361420456830e-23
1.563039759542358905e-22
2.532059666346215723e-22
3.270197927377672887e-22
2.170647810925184117e-22
5.187317484214282813e-24
8.506658881332337511e-23
-5.635169630601050714e-23
1.301237612338429058e-22
1.086359558184222152e-22
1.793641763827466246e-22
-5.612293272270251163e-23
2.252102392495888909e-22
-1.357125220080949787e-22
1.287975509484947373e-22
-1.533269190702926955e-22
1.586414872111834397e-23
3.266022538932003962e-23
-1.362371830915402591e-22
9.081704533219321102e-23
-1.185310730560135100e-22
-4.242541726734519476e-23
1.028166775423245263e-22
-8.421714424914913333e-23
-1.734380891933503032e-22
-1.202463792361347466e-22
-2.880849723930952924e-22
-1.542741486541512838e-22
-9.791913375401130077e-23
-2.909324034241739092e-23
-2.803247979123311472e-22
-4.128999909850657284e-22
-1.899108494481688484e-22
8.399288947042573881e-24
-1.851700149694179185e-22
-1.635017561914522714e-22
-1.551677932138993383e-22
-4.491199230830944326e-23
-2.391206376352334619e-22
-7.414453846734083972e-23
2.219116658801914273e-24
-1.587269549940034975e-22
-3.174454021731549824e-22
1.699747547385764637e-23
-8.783899513560065815e-23
-1.374385713658261717e-22
-1.207620598605240395e-22
5.978195162777455628e-23
-1.734224423450474845e-22
8.893021945049051511e-23
3.076635273453765273e-23
-1.393244822504808533e-22
-3.073255613151690081e-22
1.796237647367066388e-22
4.602931362068964408e-23
-2.806983431946710842e-22
4.242632566386156147e-23
-1.628550862177974369e-22
-2.144664490595821411e-22
-8.290272217775109281e-23
-1.421082165424018634e-22
-2.296371015458689286e-22
-1.698135646214361067e-22
-2.311243083630855399e-22
-1.551788456656908760e-22
-1.316823631641018236e-22
-2.174652187758012108e-22
-3.995899760474643856e-22
-1.783319110894524926e-22
-4.219271449005331751e-22
-2.000661581466294957e-22
-3.505507789589686827e-22
-1.379706789382736540e-22
-4.919336034456366955e-22
9.348627938599700905e-24
-5.259983846121237793e-22
-3.528983280230518323e-22
-1.110570156591750354e-22
-3.203275201350107510e-22
-1.728865584158350849e-22
-4.980308546713477299e-22
-2.296720305906584447e-22
-2.359697606445382809e-22
-7.471377094897464826e-23
-2.650127596142970875e-22
-1.587397158602027881e-22
-2.077833574870973891e-22
-1.006769492251735697e-22
-2.222422761803672062e-22
-1.133017632302720273e-22
-1.541920759962535656e-22
-2.017033998758795654e-22
-5.393184916433567556e-22
-6.770053966754177624e-26
-3.469514180465688844e-22
2.844219897664415845e-23
-1.642149083590860850e-22
3.188568734409976475e-23
-1.324903369981737127e-22
-9.298778815472744555e-23
2.275852063941524073e-23
-1.185872903875342250e-23
-1.006540097193934138e-22
-1.082664619018569388e-22
-2.367860242611993671e-23
-3.942099862676870566e-23
-1.299494195437951470e-22
1.068477362284136991e-22
-2.655201085956123368e-22
-1.726280579899127348e-22
-2.658534310642626415e-23
8.740013057211207367e-23
-1.335521385031436474e-22
-2.454079824867260670e-22
-4.199938327786313940e-23
-1.139658326126663914e-22
1.291403965868429444e-22
-2.975148109102571809e-23
1.606126706250930261e-23
1.286391555646298925e-22
-1.470596383295472050e-22
-2.010000226878613038e-22
-1.488018003442092519e-22
1.154415234996516885e-22
1.052857305220888382e-22
-9.756930769278169323e-23
1.209352066366857359e-22
9.727583524052602174e-23
1.970499814502679603e-22
-6.736701711536608620e-23
3.503160246281314458e-23
1.122286704757407166e-22
-5.008794667915175877e-24
1.890479092801637241e-23
-2.646004992078475875e-23
2.242502181138735491e-22
8.336285665516808732e-23
2.422167778777473434e-22
1.943081588683411433e-22
-2.915438289903184525e-23
8.942353322243545443e-23
-3.969227729094094503e-25
-9.678349866654340075e-24
3.170740249525602001e-22
5.165575136621564371e-23
-1.365392717096578696e-22
7.026281546018281386e-23
5.677130975328798915e-23
1.644408432509202857e-22
1.863090521804834628e-22
2.123800250665056973e-22
6.064483510941147840e-23
1.894379651160825756e-22
-2.493793077852932393e-23
6.173777784451211243e-23
-1.194230879304920693e-23
2.173335074403249612e-22
-1.158990713654796420e-22
1.295294849066977605e-22
2.304584508629699030e-22
9.935920994249208278e-23
2.697959298019147044e-22
1.999573280182927304e-22
-1.260223570875566679e-22
2.657117525485847447e-22
1.311049590327223729e-23
3.411679588668839342e-22
8.312992132230610501e-23
2.886076625368393927e-22
4.430585927895795468e-22
4.462634861641634370e-22
3.657982323783441013e-22
2.619403209260933707e-22
3.857855750340725246e-22
3.617956023765453713e-22
3.953510472666708036e-23
5.091619592494278578e-22
2.224579177516556325e-22
1.369279694835331143e-22
2.184140639904518576e-22
1.718365142375976327e-22
4.952660749690210568e-22
4.846525780387129889e-22
2.423778445401829617e-22
2.664426485280535421e-22
3.119497155762562326e-22
2.961517127785878880e-22
1.069637609142680005e-22
1.639079993982906622e-22
2.213849446040392269e-22
-7.245979217507737187e-23
3.931702898006415926e-22
1.251809951498737101e-22
2.849527688485232729e-23
2.636300152252319148e-23
1.850262395097729492e-22
7.418057584457135949e-23
1.457202186940212520e-22
2.744629796936278420e-22
-3.575443156000381382e-24
8.103183832381892902e-23
2.663120370015361943e-23
1.242059611620157624e-22
-1.066257788935522419e-22
5.867827606982031681e-24
3.251351812059955226e-22
1.726116813510586188e-23
1.426264171867542925e-22
3.624510682324077356e-22
-3.013397007986139340e-23
7.831141384587453721e-23
1.500498072494530412e-22
1.679408262165319773e-22
-5.129766598038280453e-23
8.093356126120355719e-24
1.332322013352481428e-22
-1.764047037417089641e-22
-2.379998829490160342e-23
2.527875322605682672e-23
-2.016590998041225636e-22
1.041585683270990896e-22
-2.210942036502299970e-22
2.072504712090333752e-22
-1.232276343101062481e-22
3.346856077065203864e-22
-1.899932299732355532e-22
-9.288794922775233896e-23
2.648012575703182243e-22
1.203335634654619539e-22
1.255462165955881834e-22
-3.675828663080617581e-23
7.716278154096418423e-23
5.012903809081228936e-23
3.058625984217099295e-22
-4.467365053533933909e-23
2.492057025098132627e-22
1.879517978183726632e-22
4.577216504577951786e-24
-5.873999045359867825e-23
5.698550002049457118e-24
-5.602664189363558881e-23
1.464827784164491178e-22
-1.676192130379520034e-22
1.201625225496939419e-22
3.190142220155375684e-23
-1.066761840709245067e-22
-9.735445873311091990e-23
2.318806527983136332e-22
-1.437071154228757829e-22
-6.961726153416237306e-23
-2.852892268770639080e-22
-2.236107314582574771e-22
-2.774916628176330666e-22
-1.537496782989841546e-22
-1.581620305674519455e-22
-2.790070085631154047e-22
-2.968252577621519277e-22
-2.228807555633680866e-22
-4.492783272798772641e-22
-2.082518705211404177e-22
-2.643849531470261832e-22
-3.267390315256870947e-22
-1.193603714402503800e-22
-2.863710439097932534e-22
-3.696575123453524435e-22
-1.159434557624121257e-22
-1.207698572835450697e-22
-2.966394717191442260e-22
-9.993595423019839902e-23
-3.118321760267247082e-22
2.292074996686028610e-23
-4.928913494658082575e-22
-1.623203545541111880e-22
-1.006365571550221550e-22
-2.673290315189111518e-22
-4.144015740208213880e-22
-8.058136310825936621e-23
-2.484912996750374431e-22
-3.204595109273410847e-22
-1.153649203608276531e-22
-2.985102222069775741e-22
-2.089648947670560363e-22
-1.371273158238110654e-22
-8.984106109051636030e-23
-3.988373783638079606e-22
-1.249282420610654174e-23
-9.642630559630716300e-23
-2.295680330683173408e-22
-2.261233607688559083e-22
-2.526799723783933914e-22
-6.424893928818687176e-23
-3.104418694957645314e-23
-2.919160122462071403e-22
-7.111670552226270370e-23
-2.825180883146881195e-23
-1.066332453040730501e-22
-1.253953146346703126e-22
-2.789338662136972265e-22
-2.101053532739522176e-22
-5.099424089629115293e-23
-1.574412827042468931e-22
-4.145754274877812000e-23
-5.892309532892449421e-23
-9.476261147794683605e-24
-5.862239775629041878e-23
-3.025313241037004052e-22
-2.113778691033497223e-22
-1.817000310965151234e-22
-2.358087442128719225e-22
-6.136446845514346961e-23
-5.413524944083777342e-23
-4.485678292058897246e-22
-1.662118810885165105e-22
-1.670200330898807356e-22
-1.950005554724482904e-22
-2.123034710543941603e-22
-2.076739207808537998e-23
3.846422455150410040e-23
-1.328356509780322725e-22
-2.998633085696694884e-22
2.261554842076230182e-23
-2.213301154051255645e-22
1.540390234921649346e-22
-1.032141723172662751e-22
-8.273990203280449083e-23
-1.329717001148002092e-23
-2.283304713058935020e-22
5.355495156918524891e-23
9.022210194712869741e-23
1.334598130240062245e-22
-2.303171492965357788e-22
-1.000139808171540637e-22
-3.943726385543819224e-22
1.944124776287903663e-22
-2.828541281658487170e-22
-5.950599713419594136e-23
6.392520829637581894e-23
-1.097770926563733043e-23
2.308158189547278343e-24
4.861981510803097619e-23
2.228644452252233143e-22
1.383900117109998561e-22
-2.304572001998831175e-22
-3.581277905401683461e-23
2.105454196610785313e-22
-1.510367530205358827e-22
1.020215434370189507e-22
-2.029864881627374587e-23
2.701317596118377770e-22
-1.031573669799148304e-23
-4.880261707759135781e-24
1.132452798970599198e-22
2.184351532281763717e-22
9.082669992066437711e-23
7.389708846835841294e-23
-1.187737130826856869e-23
3.257719584475233640e-22
2.069146756032088850e-22
2.828123729033386345e-22
-3.284205880820341076e-23
3.208130156818226257e-22
2.668672390119688275e-22
3.568147070953707778e-22
2.556538295094926520e-22
-3.764713040855465772e-23
3.169417174567980455e-22
2.130544362570379649e-22
2.208336924718537974e-22
1.285022859667654427e-22
4.037431704874343355e-22
3.601887393286015175e-22
1.090760268151503198e-22
6.158858451628746348e-23
3.379633080419835990e-22
2.532425665243334176e-22
2.939816069705297588e-22
-5.500570266941147547e-24
2.953665968463193422e-22
4.341712294427419582e-22
1.051916041901283526e-22
-2.496283980706115304e-23
3.778873299392343798e-22
-5.118702808602079899e-23
4.558514649788375466e-22
-1.773245812693238315e-22
3.380884702954466575e-22
1.546282592517142440e-22
8.815443223496171597e-23
2.316003249658285043e-23
2.160651679348334972e-22
1.451281313117909664e-22
1.072728716790254314e-22
1.967558112942494042e-22
-4.956384674149842704e-23
2.829535299258682917e-22
1.074936513510237962e-22
3.126158031122208508e-22
1.337938009834378973e-22
2.901565155622459037e-22
2.943376684975972685e-22
9.805999649437110562e-23
2.574092609574887661e-22
7.337983027959459954e-24
5.671061740244414295e-23
3.442242806301048815e-22
1.589606674697499169e-22
3.491301536526842791e-22
2.195902744638416851e-23
1.652780935854569862e-23
1.073160357404795021e-22
2.226758689275382181e-22
6.275267946690434083e-23
1.781370976182183447e-22
2.004521560640914886e-22
7.488814449103676234e-23
2.072067152075938901e-22
3.203197574653126008e-22
-2.154108804860122629e-22
2.428596049581720863e-22
-1.676365938974915109e-23
2.144677320869496962e-22
-7.114657604902436106e-23
5.749606414001596967e-22
1.462780030317927220e-22
4.229519191149821895e-22
1.902067976721502754e-22
-1.500838769689207138e-22
1.426013522568440639e-22
2.699533473966993489e-22
2.364533266586935529e-22
3.573081085786080713e-22
1.855877798740965706e-22
2.130102632133045398e-22
-1.393279246212629284e-22
-1.313804538896502873e-22
-6.049315328498813942e-23
1.117381963083018330e-22
-1.180039821740474497e-22
1.574095003077816870e-22
-2.194583587782004439e-22
1.907687750995710468e-22
1.061742298062361185e-22
-1.896816841110514475e-22
5.251083226989170757e-23
-1.144807022750157025e-22
-1.579084405264150403e-22
-1.619408437607139718e-22
-1.788941040501417070e-22
-4.255948310248959250e-23
-4.101579313261875961e-22
-2.805604169987564288e-22
-6.918157680874792364e-23
-1.413487297018951316e-22
-1.250222554123325809e-22
-1.857058136715175576e-22
-5.736392986564001548e-23
-2.162899221417489364e-22
-1.113074498411005411e-22
-2.198965052787108525e-22
-1.120221537503874352e-22
-9.599599244663174294e-23
-1.546696681356918550e-22
-8.044360102413510807e-23
-1.425320626075870804e-23
-1.997779420523534535e-22
-3.537716773137371893e-23
-1.877454423608109766e-22
-9.043396051177146030e-23
7.878241433021907576e-23
-1.587599384718206238e-23
-2.365698546995717360e-22
8.537392297600925507e-24
-3.448480914785740984e-22
-2.172818135453590813e-22
-1.248688672517323018e-22
-1.479642734154691560e-22
-1.761172089801131105e-22
-2.157701157109285445e-22
-1.019408704886902173e-22
-3.458569851430462180e-22
-1.096804314988762243e-22
-2.036726277272685566e-22
-1.820077245301661910e-22
-2.581963089849334830e-22
-1.653299372918462357e-22
-1.510106896868423898e-22
-2.150860681824874547e-22
-1.102113785153933907e-22
-9.757744692675167293e-23
-9.275172554312845114e-23
-2.861737294174719043e-22
6.485767206006384459e-23
-4.026839014195388854e-22
-3.076553468513054526e-22
-3.650907906717811649e-22
-4.504217615181532946e-23
-3.842003636097029944e-22
-4.140726856348911396e-22
-3.019339766778280231e-22
-1.445464417765177700e-22
-1.762696382415212377e-22
-2.375108028670990437e-22
-2.552302548687308976e-22
-1.439629131656171450e-22
1.872037787048423652e-22
-2.286256070799871560e-22
-2.533624553501756293e-22
-2.742032584313932991e-22
-1.080387912744509175e-22
-1.289985168678421852e-22
-2.973506905103959221e-22
-2.052513147852620536e-22
-6.648772450164412328e-23
-3.334574710967990770e-22
-1.036418364430924828e-22
-2.582676740584987854e-22
-1.989696992250757740e-22
4.902811839034642184e-23
-1.561384461121422065e-22
-1.025346355957485209e-22
-1.796712503873321098e-22
-1.722370631411357699e-22
-3.026906064858952872e-22
1.410757047832963675e-22
-1.398556017823128601e-22
-8.796909297507674754e-23
-2.126593472088995747e-22
-8.489500690472647879e-23
1.506501934479120271e-22
-1.241477702015273024e-22
-2.793036597357993119e-22
7.385155116399482760e-23
-1.695150874919061888e-22
-2.110349479578025013e-22
-2.368257044273107342e-22
-1.394312453763426434e-22
2.461361079899522707e-22
-4.332184538156391060e-23
1.214058557280020492e-22
-1.196447234110715577e-22
-2.766945087664062388e-22
3.335558858183636088e-23
1.039212374951664266e-23
-1.125101520270893187e-22
-1.062566547476897455e-23
1.750553650003153003e-23
-1.203802467531749104e-22
3.665592867307160246e-25
1.044066261261648279e-22
6.880887428867367473e-23
-2.189804575518196846e-22
4.111180287452755113e-22
-1.491145212613705581e-22
3.312552028397081219e-22
4.928198079585736256e-23
1.816467007987741759e-22
1.277854272468775681e-23
1.220502998577638677e-22
5.277922420281644674e-23
1.252164612007585272e-22
3.405544412034256873e-22
1.480054070398480298e-22
2.726923563573170651e-22
4.694661790908774226e-23
2.432242241851624621e-22
1.055312043053937707e-22
4.569881520241736225e-22
-8.579980347392199813e-23
1.027334850383471888e-22
3.889229820837513586e-22
7.323766878434338217e-23
1.536378644280069135e-22
1.190137240687758819e-22
-1.323562312215968775e-22
3.881319093695603955e-22
2.174071593782714697e-23
2.340961853627853838e-22
1.169685878883136965e-22
1.605759083931619238e-22
5.122028139383041893e-23
7.453286368643754828e-23
2.279696306770318348e-22
2.490386570554988613e-22
-8.505518489439129124e-24
2.643115663780724981e-22
2.196663090542115217e-22
1.209156416388399944e-22
5.800033225226701032e-23
3.102904902597427945e-23
2.665457348053202279e-22
3.173646409496801700e-22
1.405073725968848711e-22
2.491563612085124962e-22
-4.873112930562859862e-23
3.099085232061845274e-22
2.714922848871836289e-22
9.147912014453958409e-23
-5.130084083520390965e-23
3.661306143259214397e-22
5.395534178115523989e-22
5.948443508654976189e-23
1.545537338131330668e-22
6.476487826492323297e-23
3.570473842282418907e-22
2.880301395659298720e-22
4.135571261916991128e-22
2.813183308225918021e-22
4.725914484523595372e-22
1.824914946096460942e-22
2.719665122253698980e-22
1.779784968336793938e-22
3.405599724169064179e-22
9.630040930083424020e-23
1.958101992928510669e-22
2.741497837557308373e-22
2.164764200905841189e-22
3.315642922443417422e-22
6.023950456219452532e-23
3.777912421730548151e-23
-1.365170039423837324e-22
2.916331170412193657e-22
1.237646966260936673e-23
8.359038002188523593e-23
4.771701055648720162e-23
-1.487562164733459229e-22
-5.299178235535815389e-23
1.358349139713916384e-22
8.097854145706077069e-23
1.276672145538834052e-22
2.093584805804902467e-22
3.878870157945492353e-22
2.625684177944585843e-22
6.201432591554165337e-23
2.547032490336916407e-22
8.284078220291524988e-23
-7.311645359541176334e-23
-5.164095948210325457e-23
2.177725823183103313e-22
2.708008686060271491e-22
2.479190901696814170e-23
-1.528209149055853615e-22
6.935364693247258942e-23
5.937994712328661408e-23
1.743933823755650811e-23
-2.217610131722628062e-25
-4.013078586877393971e-23
-1.631146083445607499e-22
-3.362398713187472946e-24
-4.698221133409309398e-23
-3.449116753550045895e-23
-7.269199668056658649e-25
-7.506644438742953859e-24
1.737952482870507345e-24
1.917504624320607897e-22
-1.722628799564346512e-22
-1.064051854451237594e-22
-9.526328417785888277e-23
9.459085423967142640e-23
-1.677734377144004578e-22
-4.400924435348956674e-23
6.575430295845942621e-24
8.056628770186173796e-23
7.003059778218960921e-23
-1.763670954886827785e-22
-1.515900525970113946e-22
-6.459644808174849225e-23
1.730782878166063638e-23
-1.118089914011497124e-22
-3.179880897775783574e-22
-9.161161378642364666e-23
-2.023944452587400270e-22
-1.654240785227466395e-22
-3.881573321437102473e-22
-1.450236929619977517e-22
-1.496348141860658396e-22
-2.643599396871471716e-22
-1.698186843785747797e-22
-2.807553269262468588e-22
-1.990207614244900536e-22
-1.396599475225251447e-22
-6.129430592320438986e-23
-2.344218054963764730e-22
-1.638200685701686398e-22
-2.874800785810299502e-22
6.098063731530986701e-23
-2.899519435111280455e-22
-4.054621569812720068e-22
-3.586096235028771733e-22
-2.722441684266911023e-22
-4.687665433576607371e-23
-7.646886110799955043e-23
-1.819236135013258104e-22
-2.284566597815753132e-22
-1.448505908023321064e-22
-1.922900051958181638e-23
-2.523499647260171549e-22
-3.152093213253523339e-22
-4.538909715308721525e-22
-1.421902856954922453e-22
-4.252817123133301398e-24
-7.153202191033328378e-23
-9.540686781033725901e-23
-1.291137800826571476e-22
-2.366309985552827965e-23
-1.514484419244639218e-22
-7.872028800664575995e-23
-3.052149284736883273e-22
-2.203094352228493181e-22
-7.531271112208510840e-23
-3.412439237129746806e-22
-2.310817721636817460e-22
-6.340318429975139197e-23
-2.905654028829774633e-22
-1.583344971735066620e-22
-2.811976116136222223e-22
-2.471436004104911401e-22
5.767765871958370479e-23
-1.931806057569657246e-22
-1.634385650382995252e-22
-3.296393385064568820e-22
-2.279597896932319953e-22
-2.545870039646628640e-22
-2.828719633327427632e-22
8.739185610072963441e-23
-3.322510834615086863e-22
-1.487523613852871496e-22
-3.838993556534362092e-22
-1.992014304634880924e-22
-5.366590801816014506e-23
-3.382793112882589597e-22
-1.583098893222056819e-22
-4.784711715660142508e-23
-2.849931280818368429e-22
-2.684397316127272197e-22
7.235461135883678260e-25
-7.999316926043733225e-23
-1.105210996124124173e-22
-2.040013759337849858e-22
2.868183170295962848e-22
-3.128311990374893427e-22
3.584774068616435086e-23
-1.238604244726142259e-23
-1.580378816681580734e-23
-2.862520782041158458e-23
-1.005796420092356094e-22
-5.026096347645326859e-23
-5.669884986295238210e-23
2.375678637063565046e-22
-8.200512483935111211e-23
-1.709267410772299077e-22
2.117676097605112539e-22
-6.568901753359660467e-24
1.308035504420039070e-22
1.878044561462458526e-22
-5.095381309693219207e-24
3.234786758458294172e-22
1.324565873266402350e-22
-5.674278877742266342e-23
-1.273113323591664494e-22
8.590215263729644910e-23
1.007456388227971419e-22
3.412416552563107379e-23
-9.338715282404879885e-23
2.806684014320233616e-22
-3.200956731825948059e-22
2.828246378678111124e-22
1.336250650814217328e-22
5.337151068143926965e-23
1.513193740571726252e-22
1.942845210545440480e-22
1.035217619978080309e-22
1.543358508091385808e-22
1.690991067904083881e-22
4.226351757561182898e-23
1.731428715463493337e-23
2.256156617006359571e-22
3.712534211807214152e-22
-1.885771723643476390e-22
1.464994976278126906e-22
3.583561654139260324e-22
1.533351302848207324e-22
2.555962470629314037e-22
1.338915666483186329e-22
3.938382706963926192e-22
1.339476617858643141e-22
-1.676379634070869002e-23
1.058866933626340641e-22
1.879918351126072993e-23
4.671498038686791117e-22
9.628100965479418028e-23
3.472598114631986155e-22
6.270545862546088939e-23
1.279941098238963025e-22
1.098167234336585383e-22
2.133110088294949004e-22
1.374169679074479831e-23
1.799259541976486322e-22
3.272230488517592010e-22
1.646349471207953714e-22
2.066323324312583429e-22
1.430853739696042185e-23
1.054657564909070612e-22
1.883772440189183542e-22
3.767900058283254531e-22
1.488347734363768602e-22
2.867693802808699395e-22
2.933665745964760500e-22
1.598743806074310814e-22
6.473958104723190300e-23
5.235510380553461635e-23
2.814936227415047878e-22
2.674781069838168080e-22
1.810192734862079701e-22
4.202882745602610575e-22
3.016172321297877472e-22
4.337648485612576082e-22
8.521585316336754025e-23
1.447064935650035540e-22
3.736685470821028158e-23
3.249234398398330243e-22
3.641608936866878201e-22
2.038177065701725210e-22
2.171134764244665462e-22
7.223805346132736729e-23
3.220305744545889327e-22
3.362848726306041204e-22
-2.972934652823648607e-23
1.551572599362814570e-22
2.054910227869246366e-22
-3.596951294360017474e-23
3.104528989498328816e-22
1.998335764355459230e-22
3.451522180007346214e-23
1.124976612407628338e-22
-1.042611196913746763e-23
2.706285708114591275e-22
2.777477112137007111e-22
-1.780372023927397648e-22
1.061838338072006918e-22
7.605217833268656579e-23
2.057462215838476650e-23
6.619159390219043915e-24
2.707130877759568443e-22
-3.600809150553454050e-23
1.474969631651970275e-22
-1.903434741985871973e-22
2.355864067957363283e-23
-3.273240476700396943e-23
1.186924335690140482e-22
-1.157003751517794909e-23
-6.979071666135344972e-23
3.486838282109490770e-22
-1.084534981117952674e-22
-7.075797209855998797e-23
-1.275928680484004280e-22
4.691239637078260990e-25
-1.840529500422681291e-22
8.251788979894547154e-23
-1.865397450237874914e-23
-1.916293517227928739e-22
-1.835144938172776313e-23
-4.822867033843100304e-24
-1.338739371734994167e-22
1.824461311017836180e-22
-1.772030480709002276e-22
-7.251941965379321799e-23
-1.260512406586783992e-22
-1.022605294429184060e-22
1.102420885821973047e-22
-1.862163267541932107e-22
-1.316556489688102408e-22
-2.323766387350111448e-22
-1.461862552021751217e-22
-2.178269582759825284e-22
-1.398748941856177110e-22
-1.306352591737102155e-22
-7.319879097163258209e-23
-4.312329093704843555e-23
-2.012080826680773035e-22
-1.026072474147508520e-22
-2.670336293158877464e-22
1.659624888321126830e-22
-2.210308429921443860e-22
-1.467389666526185889e-22
-3.237897389966041299e-22
-6.788238381729154237e-23
-1.401135505849183675e-22
-1.096550183591701131e-22
-1.725860587153753018e-22
-2.020547744274017494e-22
-1.720958356349020259e-22
-4.008365881850707256e-22
9.264562035389928124e-24
-8.688979683284638974e-23
-1.094782835829795474e-23
-1.381482691812730879e-22
-2.198884675283146132e-22
8.656331320221429090e-25
-3.198697178270063679e-22
-1.492898610140026850e-22
-2.751048691823525892e-22
1.161592182402746666e-22
-4.545327547296408515e-22
-2.871340148234701106e-22
-2.564196630330330944e-22
-3.712630660229967557e-22
-3.302028181304840817e-22
-2.218907320671034542e-22
-3.117353538494792123e-22
-1.969377124885236682e-22
-2.046506925699975932e-22
-2.387533869963081855e-22
-3.428485663709715715e-22
-2.921413378868205388e-22
-6.776686415705862422e-23
-7.204644902094773239e-23
-3.806614140998634240e-22
-1.047876974123348929e-22
-2.273707766178988962e-22
-2.005283064628533163e-22
-1.081185108818202608e-22
-2.062192801740672421e-22
-1.973334467719054438e-22
-2.922494011205624143e-22
-2.993054309598656203e-22
-2.128816490459364363e-22
-3.088033398561771805e-22
-1.851097914263462042e-22
-1.051780294319009736e-22
-1.049713017738718398e-22
-2.241777362327001219e-22
-5.567525362979982768e-23
-4.383141046002449918e-22
-1.788017954813602689e-22
-6.218173678204395367e-23
-3.311587856192061413e-22
2.640435195530015059e-22
-1.260109962988153747e-22
1.384722621029313982e-22
1.321337963341168041e-22
-1.190662338247205369e-22
3.026903056467235890e-22
-2.249013607600915952e-23
-7.975718876738675646e-23
7.235040683306654656e-23
4.578503355187961033e-23
-3.887313364316889707e-23
-4.551867409369269468e-22
7.037419640936769463e-23
-5.684608372578148525e-23
5.836678403479352672e-23
-2.621545502732102647e-22
-9.925318151001464333e-23
-9.690285530346472709e-23
-1.573740225217051227e-22
5.786504643175937319e-23
-2.276021364127255369e-23
-4.836078833753915387e-23
1.646798779056729795e-22
7.372941639257038831e-23
7.974441452458930363e-23
2.006689847333528577e-22
-1.799829513893802222e-22
-1.856949458642378133e-22
4.637199258601963641e-23
2.490877571767911818e-22
-1.369414462783829441e-22
2.008786201479653525e-22
1.181218891893132331e-22
9.206565458996268271e-23
-3.508980189833238598e-23
1.497485768824178203e-22
2.103395086825961944e-22
2.255369592896675088e-23
-5.619441817018634129e-24
2.789735005009485949e-22
1.051027998205763064e-22
5.154297002607442897e-23
1.352177940152262505e-22
6.171154131226971652e-23
2.552079778003776695e-22
-1.165491212375861974e-22
3.192595412034050588e-22
1.784029347478444046e-22
2.055525252672287967e-22
2.069114486268994392e-22
3.078315762649636601e-22
2.751509920271920649e-22
6.138682635361464032e-23
1.099824409562784215e-22
3.522730780791634579e-22
1.312482166252317320e-23
3.230404906457314656e-22
6.366324856046334676e-23
1.912734253502862313e-22
2.021433873329218461e-22
-4.705921292366154748e-23
3.513765794499689614e-22
3.998249718735684492e-23
2.849100418312596071e-22
2.708633070569796443e-22
3.276698189637082411e-22
4.533680422056595546e-22
1.001051705308052139e-22
4.651341063085920086e-22
1.106728334182459600e-22
2.811914323764484767e-22
8.260925636145621010e-23
1.723167250024916661e-22
1.413584220278806690e-22
2.333174016244332057e-22
2.444663998367635700e-22
6.444114569240814054e-23
1.750033470970490620e-22
1.209090827500296830e-22
3.926407981022630209e-22
1.269725003237380236e-24
1.146275201378666438e-22
2.768488012640184192e-22
1.195085108833665733e-22
1.365861762591318549e-22
2.709884811123368191e-25
9.851046896835233617e-23
2.364300654913791530e-22
8.799666976094513860e-23
3.604623756880019272e-22
4.358940821203639268e-22
2.341462165962179746e-22
1.477987807972284344e-22
1.350404091583149421e-22
3.067382946490867947e-22
1.152732384003703352e-22
4.058902649464852818e-22
5.284882954507356436e-23
2.699520998405435795e-22
1.819157095726770218e-22
9.459507257488743102e-23
1.927919907547052387e-22
9.469424456470208013e-23
1.301988315430545470e-22
-5.828461869749278989e-23
1.819855726277576146e-22
4.161952627622580190e-23
-5.438982443755036855e-23
1.085379137582609981e-22
2.181403997215037686e-22
-6.647290490227100718e-23
-7.299143095893687223e-23
-6.569694464872198738e-24
1.275278097192202986e-22
3.008626124008788161e-22
5.438815520750721450e-23
1.139818731329836730e-22
2.290723725006243822e-23
-3.316043927320617022e-22
-6.323429095807808403e-23
9.706970335803337085e-23
-4.746006293925932842e-23
2.166133520037289985e-22
-1.899159911188914766e-22
-1.586234881204068758e-22
1.946017717907842668e-22
-3.907824300021169753e-23
-3.425729495669066854e-22
1.051561361997470463e-22
-1.894508823747284380e-22
-1.734880065026928309e-22
-2.810059077376736563e-22
1.603095167853065884e-23
1.503342344927951661e-22
-2.422917666865858828e-22
-5.176597447018487291e-23
-1.726865987380388119e-22
9.322927037730854084e-23
-1.969817184782978935e-22
8.434037122537965460e-24
-2.009149112754507012e-22
1.446879625554549309e-22
-1.202826277193834653e-22
-3.117175960782457121e-22
-8.876814282209892400e-23
-2.533286229031719595e-22
2.196115350323859285e-23
2.653217747704873911e-22
-3.697142677064018486e-22
-8.200106738511975375e-23
-3.405313469100392955e-22
-3.871075569370059021e-23
-1.590050922855104829e-22
-2.212192256025955171e-22
-1.899285427794539422e-22
-3.601853095374816292e-23
-3.494812050050982073e-22
-1.460104278267267630e-22
-1.246403328203361658e-22
-1.764722572499375609e-22
-1.323089113013080276e-22
-2.317605767564547454e-22
-3.917439663252948511e-22
-6.484933252502337235e-23
-2.184845217823879837e-22
-3.571649974360370824e-22
-8.093906435336304920e-23
4.954161016617626802e-23
-3.968441293680814282e-22
-1.426746903152720583e-22
-3.739218347843887039e-22
-1.854203523021882176e-22
-8.013136412899080596e-23
-1.982619897216574656e-22
-2.624670852019997940e-22
-3.787342197173031812e-22
-1.465652131059003917e-22
-2.329737655138416969e-22
-3.327583520263511115e-22
-4.120040082463913681e-22
-1.509465846626716245e-22
-4.733847873324160363e-22
-7.663743493450457091e-23
-1.788748754324337308e-22
-1.077776150626020767e-22
-2.067638930647348621e-22
-1.259593892889712468e-22
-1.356762737661472264e-22
-3.360498119669007900e-22
-1.365045808574627139e-22
-2.223114355621467617e-22
-1.925422886283169212e-22
-1.968114590694511078e-22
-2.177919017749884242e-22
-3.364841900390688098e-23
1.458155376792231625e-22
-3.957747768076098341e-22
-2.654960472760680351e-22
-3.514319815333837514e-23
-3.893993245746995434e-22
-3.772626625688516084e-23
-4.700493062422164837e-23
-1.868171580815321282e-23
-4.088378256841785360e-23
6.931930675954531286e-23
-3.243097837748565967e-22
-1.050369327637867798e-22
-1.564248000656985939e-22
-1.632992234155894640e-22
-1.133315414456981422e-23
7.786605927954475023e-23
-1.442634164544543425e-22
-2.859357009678306836e-23
-1.139122499975515849e-22
3.180677886782736294e-22
2.910663581664209286e-23
-1.116352053469500254e-23
7.705873768374303745e-23
-1.533852551252527345e-22
-6.444066700854195642e-23
-1.734562646946878644e-22
8.796180508580523500e-23
-2.756668311754034650e-22
-1.128782785443871388e-22
1.656697695112783159e-22
-1.379744788643413025e-22
-8.715989781900210964e-24
-1.215443755572178123e-22
-4.304847890557819850e-24
1.164562188652468601e-22
1.630662821464707362e-22
-6.818725741166780277e-23
2.587118265992545025e-22
7.105010263860637329e-23
2.147589868963178321e-22
1.426457513575240655e-23
1.187465285195568274e-22
1.002801669230068336e-22
6.768202553461458946e-23
-5.749681077759291067e-23
-4.484498413912523816e-23
1.075205190933181015e-22
-1.461479656107678442e-22
2.122058873954821277e-22
2.285483934745883179e-23
3.316087243923504249e-22
2.598106157449925182e-22
3.639371046050687037e-22
9.177197349779485117e-23
2.016039950865952735e-22
2.597533483015523130e-22
2.167423570653384569e-22
3.040919852931537519e-22
2.222917076318998685e-22
4.759867867282284149e-22
8.883044425536075871e-24
7.553419968749831192e-23
2.212624864681352124e-22
1.530007458078251644e-22
2.850600995967046670e-23
2.929586614540773131e-22
2.669313430023784986e-22
1.671347147234860728e-22
2.990584988208079099e-22
7.231017501412542350e-23
2.297459811164069112e-22
1.439800968844521047e-22
1.508068551852584877e-22
-4.670528727522481286e-23
8.425946102280875005e-23
-7.968967762325054110e-23
4.523000848692343664e-22
3.685748172785142857e-22
2.527458002688518718e-23
3.089773144230988297e-22
6.329144545797731249e-24
1.545434881932457865e-22
2.200113355841130441e-22
3.314774226318966518e-22
2.287601522970595803e-22
2.397193336522091456e-22
2.070718767239270695e-22
3.393758950149022671e-22
2.703743561390333577e-22
1.394714212757000626e-22
-1.524009817497511876e-22
4.105974513774619459e-22
2.941847925130813896e-22
2.083105696444775045e-22
3.675335256217988788e-22
2.304088285334232321e-22
2.844819263332208636e-22
1.490493054323684868e-22
4.109493549689454448e-23
3.330917494086051233e-22
9.530039229774586424e-23
2.676656286160481065e-22
8.426766153766515560e-23
1.355853152080424295e-22
1.852310513597289851e-22
1.519775555139751895e-22
2.699553855377296337e-22
1.587357817135101062e-22
2.399464480032276926e-22
5.867540174352735538e-23
2.617388088020827961e-22
2.725406099748774094e-22
2.859812283061326282e-22
-6.561546354144179139e-23
-1.464172111559232973e-22
-3.274286436795237517e-23
9.034162992366220397e-23
-2.394216203604654989e-22
2.582221365618629275e-23
-2.924032062364585314e-22
1.794370069557978051e-22
-9.585089769093822969e-23
2.305364408487008004e-22
-1.731438203606279031e-23
2.648605771851566208e-22
-1.692407822675284150e-22
-1.305320332293889301e-22
3.397627442847443947e-23
-1.695703888379861643e-22
1.622255389329172921e-24
-2.820045787585608610e-22
4.882226068736338297e-23
1.086436840596615475e-22
7.702799229231104833e-23
-2.038734122264984281e-23
2.300155158487167926e-22
-2.118636675410643864e-22
2.274627992439437757e-23
-2.754682501206174081e-22
1.596007761091570713e-22
-9.661593685522476815e-23
-1.974754964795131456e-22
1.526482992755650871e-22
6.979723254244873773e-23
-2.126641221992537517e-23
5.903164761949907550e-23
-9.187708261106799966e-23
-3.420887307172238539e-23
-5.883037371660328124e-23
-1.476282985867299557e-22
-2.160223541451880498e-22
-2.544888856170831395e-22
-6.417109882169523546e-23
-3.079570215273263904e-22
-1.916626543044289331e-22
-1.883149112217810635e-22
-1.420014811276388685e-22
-2.603763187331300297e-22
-2.892436342843356269e-22
-6.681127852498072913e-22
-1.490466511707675328e-22
-1.622484775325890628e-22
-1.522942707291244246e-22
-1.015817192132481752e-22
-1.025177849413960777e-22
1.057118078865450291e-22
-2.606543434955600532e-22
-5.041217265446518958e-23
-1.893168845344111638e-22
-8.649115051318519615e-23
-1.014970351042990351e-22
-5.101675800542755034e-22
-1.580587132938204721e-22
-5.497478233743138492e-22
-2.140115600054012401e-22
-1.290965371444531729e-22
-2.763010013157766406e-22
-1.220764279809229315e-22
-1.518661932212211472e-22
-5.331792654260653241e-23
-4.524536033361846137e-23
-7.686462395087567754e-23
-4.672624703168683227e-22
-3.328722396367772731e-23
-3.147445057111272070e-22
-2.568850733243580165e-22
-3.089354580206873429e-22
-3.442251562297645642e-22
-8.647191142539723248e-23
-4.360296787176291635e-22
-2.880921322695977563e-22
-3.251214255034927492e-22
-8.998790901806317327e-23
-1.762749404711535689e-22
-2.304264118638627731e-22
-3.347029175123015614e-24
-2.038839499209910996e-22
-3.369504077761249879e-24
-1.840480456560186126e-22
-1.180650795799365725e-22
2.707726685597776603e-23
-2.397504981040258097e-22
-1.300146658469513916e-22
-2.840860474308393400e-24
-1.389303761744115557e-23
-3.677886061517856913e-22
-3.771325295988288611e-22
-9.398418653596827190e-23
-1.739232731168473893e-22
-1.180633527231515410e-22
-8.520007635078248104e-23
-3.154418972574989555e-22
-6.516194118664840248e-23
-5.886359373381614619e-23
2.514154480565312737e-23
-2.567191662720027210e-23
-2.178719804376597085e-22
-9.336030134550037639e-23
-2.390965951496857203e-22
1.157965795419572813e-22
-6.680718012409706293e-23
-1.691649278059849840e-22
6.826714878055932201e-23
-8.494934109473435464e-23
9.689006409746294419e-23
-2.011985174408104430e-22
-1.402626328574152985e-22
1.510334874740578597e-22
-1.398458598410988147e-23
6.997412035200748875e-23
-1.307602872301329126e-22
-2.708004327285364696e-23
-1.315115262964525439e-22
1.240899878296207605e-24
-5.816022248586626458e-23
3.024836200053845393e-22
6.343480109036642749e-23
9.774519738903494078e-23
2.341523622143056667e-22
-1.140312671333978090e-22
2.796547488413567728e-22
-9.290209205242305766e-23
6.374331863709403172e-22
-1.547053891380280829e-23
1.813167044591857598e-22
3.133972530814232533e-23
-7.299940731256311412e-23
1.302372849946045658e-22
2.489022469740427605e-22
3.689188373668693863e-22
4.362623568561989351e-23
1.453798970418501586e-22
4.276055641980210892e-22
2.870471692999215274e-23
2.763605177972086669e-22
1.437367220467028610e-22
-7.199257836211739959e-23
-8.356922861560955235e-23
2.755569004072116612e-22
1.088333500969538627e-22
2.793234982338391485e-22
1.338891746192185500e-22
1.343524228691985000e-22
1.740085097057824925e-22
1.436940669961093862e-22
2.985141677917392786e-22
6.493417094163481979e-24
2.298205751475184249e-22
1.929429426518285783e-22
-1.088286378859472296e-23
2.956195188979271835e-23
1.743775895499243902e-22
1.403277263531087571e-22
2.816447962511787934e-22
2.428093376745011278e-23
2.189232555598133387e-22
3.049066321086529965e-22
3.172823261288341403e-22
4.837871638683033274e-22
6.166195203234951247e-23
4.088711285911568250e-23
2.428101984840805441e-22
1.348603489030546047e-22
2.822255416864432972e-22
4.082509505753486529e-22
4.800435814847324580e-22
2.054443779192027902e-22
3.414524018938876358e-22
-3.640197336424879150e-23
1.428679361638570904e-22
3.172196316408951731e-22
2.994446630575217880e-22
3.271101113233278174e-22
1.068953041017331674e-22
1.180695422827247215e-22
2.267796377341807623e-22
1.766300326869018687e-22
-3.734690645276744478e-23
2.892812254185599284e-22
8.790853707699135646e-23
3.471632798539910895e-23
1.403701392959223623e-22
1.456318282427033550e-22
3.068372419081358977e-22
-3.916186074247977969e-24
2.170861109441903744e-22
1.113578623273325817e-22
2.861521843502230939e-22
2.103257770075871581e-22
2.095190965424359756e-22
1.497272905319242171e-22
5.761856572118305601e-23
7.893612005718322437e-23
1.248286709187678671e-22
5.084433074138538043e-22
1.378126770931643896e-22
-6.194392577662677993e-23
8.827656748420460195e-23
1.220061655461981517e-23
1.565869902922959510e-22
8.131976156002890770e-23
-4.691795973718299070e-24
8.753594515193200806e-23
7.318028621614599816e-23
1.495555793350297046e-23
8.726729410331088464e-23
-6.971825420773879918e-23
5.936883650469230290e-23
-2.575130715467157989e-22
-1.829468854729263061e-22
-2.290882325094352234e-24
-2.710059553048663119e-22
-3.204985896664119741e-22
-1.795542827768172821e-22
3.400376296913359530e-23
-2.308326331307112797e-22
-1.258042092941117519e-22
3.042239464460523535e-23
7.807050400173845624e-24
-5.721371587250842265e-23
-6.078644565632504194e-23
1.926360045091235965e-22
-9.865190292603689050e-23
-1.374145428943671034e-22
-5.356420510775564330e-23
5.367210426102016339e-23
-7.197589167960549831e-23
-3.690830296678957786e-22
-4.655522981915780550e-23
-1.039775080174947224e-22
-3.235917577231022305e-22
-2.001736713711423726e-22
-3.305477395390206986e-23
-4.022004307889073313e-23
-1.278279699088049300e-23
-2.516197199146293281e-22
-2.871966450668322289e-22
6.400095655471181663e-23
-1.959963938849273846e-22
4.865405265848505210e-23
-2.479842971430241273e-22
-1.912973350951639209e-22
-2.096527684135125286e-22
-1.769196516715459297e-22
-2.901894373706292422e-22
-7.869678862659384590e-23
-2.498524735585758767e-22
-2.149248147243335888e-23
-2.436863133034814183e-22
5.882226167065751717e-23
-4.646802406585667068e-22
-8.834401626591987845e-23
-1.536590813277730464e-22
-4.026204467887752737e-22
-1.690374704812475991e-23
-3.451783036306205754e-22
-5.629388788953430923e-23
-1.789363776472846533e-22
-2.766878014518276192e-22
-1.481635148669067861e-22
-7.544011532050459563e-23
-3.792339968308797103e-22
-1.438013623294107763e-22
-3.229855792506213294e-22
-2.436434443050889236e-22
-1.613680019245238710e-22
-3.128051806469110467e-22
-1.985438833304762820e-22
-1.559041433465171739e-22
-2.658221274859599935e-22
-1.994632363606893975e-22
-3.708960691518127976e-22
-2.763206632872820478e-22
-3.259916027139771865e-22
-1.833951215410457401e-22
-1.702698103109555272e-22
-4.716469992941982341e-22
-2.544489436542035705e-22
-3.452959196385650919e-22
-2.215232285097163875e-22
-1.855170162305475569e-22
-7.007032366307806791e-23
4.102872138522384780e-23
-4.104830190830635494e-22
2.356333928300862504e-23
-3.095654368426799120e-22
1.047133168036580976e-22
-1.930248163163883675e-22
2.281084867537931034e-22
-2.317698068050847814e-22
-7.860509281982155548e-23
-6.955545297049646121e-23
-1.028629398346457196e-22
9.692077983467021603e-23
-1.057612991095992077e-22
-2.300324084317467901e-23
4.608866881601246465e-23
-2.425553347456610746e-22
1.109446982001120802e-22
-9.117811766564579610e-23
-7.929831461906592004e-23
1.357594648004816538e-22
-1.548706069009749075e-22
2.092554186945090074e-23
-7.535167883350287001e-23
-7.360646665855207347e-23
9.425931414131287681e-23
-8.119958327266138894e-23
-4.139066854273732571e-23
-9.664936156129077070e-23
-1.650763684130556531e-23
1.064252241606983936e-22
1.723924266613151017e-24
-1.474753200750012457e-22
1.060430581530530353e-22
-8.188900761338799188e-23
1.035579282865134676e-22
9.785924879789262361e-23
4.329444236054064223e-23
3.204500670255129226e-22
1.495546227439026668e-22
6.352952080050447495e-23
2.422885526323931127e-22
1.222782316975334102e-22
1.018869457410621882e-22
4.917781472228175019e-23
2.347178854282937696e-22
4.694710814542537406e-23
2.224881522970649348e-22
4.779981653273255543e-23
2.004509301865176650e-22
5.904537300205103462e-23
1.857974978552723294e-22
3.143545603561909940e-23
3.035512989105270215e-22
1.520219461934088658e-23
1.654114782519154324e-23
1.956753547617394180e-22
2.608320096706333874e-22
1.383029411278629170e-22
8.850999491817189633e-23
3.456158261336654869e-22
2.543516411971374572e-22
2.882284656453879474e-22
7.568789955128184951e-23
4.350253140983476284e-22
9.791639839614205137e-23
2.542678517421126762e-22
4.560210859664040357e-23
7.379633230144536823e-23
6.891355206060697031e-23
2.265267538277845858e-22
8.352282064663301974e-23
8.492867040428545972e-23
5.458511753209747499e-23
1.378224767451454597e-22
2.941115752700015780e-22
2.266553820733490160e-22
1.778556446463037697e-22
1.632226725696040644e-22
2.186531815546372537e-22
2.781906041525838117e-22
2.324297032245509256e-22
2.325020979086591728e-22
2.476603464962648021e-22
1.493667917244453870e-23
2.683870849777178120e-22
2.745354523767484511e-22
2.558275489951973183e-22
3.032515081333438420e-22
3.731845157982771797e-22
2.912980296971465401e-22
2.758498205452675914e-22
2.164664701041504973e-22
3.583464472702594452e-22
2.026047863240677344e-22
2.124725962558416373e-22
2.285070058444276044e-22
1.402466118475145573e-22
3.265389834166745930e-22
1.509111215314689319e-22
3.905500960756638521e-22
1.565524628635432240e-22
1.262764285043499785e-22
2.355553768862862354e-24
2.445693294968328787e-22
3.423610607194025764e-23
3.942780232602826885e-22
1.175657868721795618e-22
2.691143802543379993e-23
3.238639539193264335e-22
-1.252904731223599409e-22
-4.755146676565562983e-24
1.439557514202108595e-24
1.380635912868181961e-22
-1.954402007600589265e-22
-1.419617959233749591e-22
1.451485143018715177e-22
1.086281461465005859e-22
-1.708466270200922073e-22
1.347632149872297169e-22
-3.981871055203299570e-23
2.868854902528313719e-23
3.903638752083027205e-23
-7.668555454353672629e-23
-1.043856326879573766e-22
-8.568506385275525254e-23
-7.555404145266462957e-24
-2.273575521318144981e-22
2.694665743657385027e-23
-1.828466471844692642e-23
-2.156511388884370797e-22
-1.975512999925689048e-23
-1.081574467889239701e-22
-6.049582755414943108e-23
-8.479109230169755473e-23
1.980503761983228213e-22
-2.914926916825350168e-22
-1.162543969921867014e-23
-4.660902824869859151e-24
-7.278643946928994926e-24
3.582756115576476531e-23
-1.789498247847318874e-22
-4.190620153227792930e-23
-3.511609945370179225e-24
2.048662904968339888e-22
-9.200635749454643941e-23
-2.326147959537638081e-22
2.029288218288228154e-22
-2.945473896546245936e-22
-7.564970570156615248e-23
-2.415647839341169829e-22
6.568228320750654186e-23
-2.889349502761850752e-22
-2.005394975547895399e-22
-2.786755062048129744e-22
-2.065194356284392482e-22
-3.016460981535809171e-23
-6.864184183708599125e-23
-2.301548703156229241e-22
-1.466335741758968888e-22
-4.241584778465450753e-22
-9.706474551966575431e-23
-2.625211652264133648e-22
-2.957805419072563584e-22
-1.804231940908961379e-22
-2.997705925257153147e-22
-1.455019154875715703e-22
-1.608608216714476061e-22
-1.433215728870941108e-22
-2.073046714349872201e-22
-1.106558992353246956e-22
-1.512551121368378091e-22
-4.077826921353404310e-22
-2.538889463902787129e-22
-3.902570883365844374e-22
-1.389433770861087401e-22
-2.308262630015900619e-22
-1.270219277449471509e-22
-3.041905661170885107e-22
-1.695118322507148010e-22
-3.522329722849717923e-22
-8.958678931283467067e-23
-1.127608739515150956e-22
-2.271112496832578938e-22
-1.945251207479016476e-22
5.825201741745655015e-23
-4.789949683908645381e-22
-2.812954733758074404e-22
-3.777770053738995371e-22
-2.809383836061798062e-22
-2.709245576945916560e-22
-4.032167157648313558e-22
-3.072751940521176902e-22
-6.967324021910420479e-23
-1.667935355649155961e-22
-3.151500622492684852e-22
-1.313031496498755363e-23
2.124914260245391400e-23
-2.901007356734264221e-22
-2.457148003171790728e-22
1.261809337013900415e-22
-1.345500102774767009e-22
3.457766229605841172e-23
-1.095736480478035142e-22
-1.853819693378268976e-22
2.633420466263064017e-23
2.073489379028595673e-22
-2.317547524088929557e-22
-1.849341064960580535e-22
-1.398318108557431711e-22
-1.306876414580336269e-22
-3.250090914044234980e-22
1.387995748164855914e-22
-2.807989184949832383e-23
1.897395543048951599e-22
-1.583980479329375332e-22
-2.782879059247884844e-23
4.737229429536078893e-24
-1.544944398460367351e-22
-9.721730013063473585e-23
-9.669543214961959355e-23
-1.205236391569399425e-22
-8.290889096147908338e-23
-1.916763841333331193e-22
-1.832442838359988387e-23
-3.380013777729220635e-23
4.443867356959764481e-23
1.307534914578562689e-22
-2.532677951580843478e-23
5.162100098294377873e-24
1.385499537761376987e-22
-2.158807527104504478e-23
1.778585475020244762e-22
9.250344758036080283e-23
9.302976499294868301e-23
-1.235180007092885037e-22
3.739203097199856325e-22
5.356337074377546690e-23
3.965332101258385947e-23
4.806371815122454291e-23
-6.772455361374596078e-23
2.626958984541210664e-22
4.429109146420900072e-22
2.250375949202903541e-22
1.414400616656926822e-22
7.331372971887275053e-23
1.806654676943174592e-22
2.073958730569654595e-22
6.630139149379576840e-23
1.818955332093702650e-22
2.512634596143677912e-22
1.228783965939960528e-22
5.447237754315357124e-23
2.290223483445391537e-22
1.561570727434733346e-22
-1.057141735603378032e-23
9.544441770805281344e-23
1.381540947547391047e-22
3.456175860660269634e-22
4.209325948084380926e-22
2.008259961255330866e-22
1.433334339827852483e-22
2.286637346044057176e-22
3.009038504471189151e-22
1.971480801036398755e-22
1.906755510013566293e-22
2.996590821842252539e-22
-1.160590218703527844e-22
2.088575235558037503e-22
1.805188512216220764e-22
-2.456237994918779761e-22
3.802427072718302935e-22
4.713670518734416920e-23
1.937743221032097489e-22
2.585533302597137969e-22
6.677358698865998657e-25
3.097941386155952789e-22
1.101220798789897592e-22
3.862743518317109737e-22
2.402690014028837540e-22
4.662948072865024591e-22
2.269423834967709554e-22
1.173418121582694174e-22
9.533986370379038805e-23
1.546985125194869651e-22
2.186378548854030886e-22
1.782724010998290780e-22
2.281218704147772711e-22
1.377200888388259091e-22
2.340415876721784986e-22
4.294238250687522561e-22
1.109736216301931656e-22
3.238672150404337103e-22
2.027997203627058392e-22
4.049699310981976595e-22
2.093989554016227798e-22
4.817879892003683479e-23
3.239179060891391747e-22
1.744618179073454588e-22
8.819784784954990445e-23
1.315701207673729386e-22
2.965875985075421062e-22
2.159044307036138844e-22
1.703754788536023647e-22
2.389622793820696004e-22
1.909708881040691828e-22
-8.299451373492544731e-23
1.003755785033000416e-22
1.509348374414042446e-23
2.000187562575944060e-22
5.506395236789901806e-23
4.303202457436494199e-23
-2.186450969034835276e-22
7.526879602689723463e-23
-9.082874880295327334e-23
1.153418083461267465e-22
8.125201400013662499e-24
3.800802624458226763e-23
7.969690982193592226e-23
5.049907368150380345e-23
-1.689004832182471674e-22
1.224316842353261434e-22
-3.692088514861099432e-23
-1.345371378522832975e-22
2.242554654342958114e-22
-2.098869199227517257e-22
3.260388360958012595e-23
-2.177992759276904683e-22
-1.104147458365030341e-22
-9.864591276010989261e-23
-1.064136849645912726e-22
-1.958077206138504710e-22
-2.648668198458231418e-22
3.706299087598482882e-23
-1.463946337498403280e-22
-2.733662263859264676e-22
-5.584991772053447692e-23
-2.959282364324640221e-22
-1.598577475775764753e-22
-7.052112980277322710e-23
1.494397726191572014e-22
-3.819316060530928293e-22
3.389278613950729851e-23
-1.260794905381211194e-23
-1.273775278707535471e-22
2.866646249414245603e-23
-2.349899662209760396e-22
6.304541200052062393e-23
-1.294066246081965880e-22
8.171686393129838792e-24
-1.007169998429015770e-22
-1.949611785942036378e-22
-1.875606168616095425e-22
-5.988328446574625033e-25
-2.688246914302681724e-22
-1.360439729607234733e-22
-4.030450321804798294e-22
-1.586603741020746249e-22
-1.885892358973311443e-22
5.720335633393995184e-23
-2.280575312866267056e-22
-2.203864584315569077e-23
-1.930946502424936281e-22
4.820559038242855542e-23
-1.007394342132613838e-22
-2.639822721530892256e-22
-1.942271162273075356e-22
-4.889810088311406800e-22
-3.965231123600484845e-22
-2.402411703234964157e-22
-2.569350133536360083e-22
-1.467171779606491497e-23
-1.384779522740835045e-22
-5.219227978263541888e-22
-1.424960358095339908e-22
-3.806076515917131191e-22
-2.629366571756938558e-22
-2.715114485625394286e-22
-2.447131805493638642e-22
-4.829170490279558797e-22
-3.329096670216286282e-22
-3.799476340605727941e-22
-2.879136891189875221e-22
-1.983388249732344088e-22
-4.107385297149229812e-22
-6.078934105335493540e-23
-6.081548773497969087e-23
-1.275348093804870530e-22
-6.044227332705043221e-22
-1.132296466133349244e-22
7.598317697845453956e-23
-7.499553855862163587e-23
-1.359390751709564315e-22
8.028125610675369336e-23
-1.131995862613114750e-22
-7.833235156019215088e-23
-1.258455013599440805e-22
-1.305236080430557397e-22
-4.585425469548405908e-23
-2.192335963579701824e-22
3.619638188097594128e-23
-2.919991385060132151e-22
-1.322202836908953874e-22
-4.933238281860387431e-23
-1.266904329222408292e-22
9.935577333950368373e-23
3.454875933745924013e-23
-9.024835405314351049e-23
7.519862575224827591e-23
-7.525845317927719994e-23
-2.522465974003800308e-23
-2.110268948475369650e-22
-1.654445014252506610e-22
1.137245229353886195e-22
-1.882920746305051673e-22
-1.474614413388432793e-22
3.378283425732938664e-23
-7.893168444977166934e-23
1.089696012187033309e-24
-2.739189752295562675e-23
-2.228766022345015798e-22
4.854362448273093604e-25
-6.207093541608820280e-23
-7.355827983703983883e-23
-5.031423198332528494e-23
1.451953941559138472e-22
-1.773452998881642078e-22
2.040347818391435821e-22
-8.400134252062994263e-23
-9.023954371785208895e-23
4.045012161326161919e-22
4.390296475654964000e-22
1.102982188663555719e-22
1.699950768363641246e-22
-1.152809899071214707e-22
2.782769579273714053e-22
8.092718753851136751e-23
1.709243459165485040e-22
3.772036488901156259e-22
2.077975411443932529e-22
-1.142715713574348976e-22
1.539931983857062652e-22
5.990750937487916246e-23
2.372957937942378838e-22
4.627454687556426213e-22
2.360999679796532573e-22
1.581827721049391108e-22
1.283506850393025107e-22
7.473834360354753346e-23
1.339395731240483244e-22
2.679151318903054591e-22
-8.031884245963323482e-23
2.802614852305912626e-22
1.308675157234254306e-22
2.351104551306355814e-22
3.138599228380773305e-22
1.067615869273441580e-22
2.750216460335577304e-22
4.027929979067996589e-23
6.543615362276518680e-23
2.455566764337318723e-22
2.724644509965332002e-22
1.198310811395246625e-22
3.378366570676123609e-22
2.976309457340553879e-22
1.069473543983447316e-22
3.132525348097682732e-22
4.742809731732322836e-24
8.160753077314137989e-23
3.293554487280983203e-22
3.418730149182066253e-22
2.679626457879241992e-22
-4.392555675989966888e-23
1.056957444034131453e-22
1.394176706020706364e-22
1.252850958082124314e-22
4.627228065210010487e-22
4.526714256051682468e-23
3.132760254326715317e-22
1.212400413678538916e-22
1.286725263943810984e-22
9.023489486832158258e-23
2.846607840033856323e-22
2.353152945958203375e-22
8.703169813888850662e-23
3.375545341375621386e-22
2.038085423984641100e-22
1.828008803226878884e-22
3.515690901825389279e-22
7.231392301763120705e-24
2.551057290292924609e-22
5.143347794547586004e-22
1.879859160500088780e-22
1.810414393182761843e-22
2.647572368419590368e-22
1.668081333723792609e-22
9.879381221743719267e-23
1.500706610526996630e-22
2.992802733132161334e-22
4.492001499803277614e-23
1.369431078518635452e-22
-8.621713740850080357e-23
-3.042073564355635889e-23
-2.807484702040397099e-24
-9.034134911576206908e-23
3.162765395424466093e-22
9.898866606718840662e-23
3.113214680717436458e-23
1.034723942214976496e-22
9.552035370083618213e-23
1.617591677908228973e-22
1.219525457187169374e-23
5.111794868192889809e-23
3.313193936860455081e-24
-1.297328238242578946e-22
1.671925287341022470e-22
3.191541767649357500e-23
-1.087209535193534305e-22
1.612353816939470773e-22
-2.561184543992386139e-22
-2.420571478881862663e-22
1.603005931484567204e-22
-3.150695630240760720e-23
-3.136890506125948581e-22
-1.194623179906950466e-22
-6.599941891811568206e-23
-5.178563444767679023e-23
-2.844123834350346577e-22
-1.990007370558407572e-24
-2.232621061463279323e-22
-1.282779824255906107e-22
-1.072026630636842821e-22
6.450940648698249121e-23
-3.074237832817857314e-22
-3.478581077174316602e-22
-1.669578648189929199e-22
-5.205471343539536866e-23
3.566270438481501513e-23
-2.425310615259769789e-22
-1.473299937916050046e-22
-1.230715108483220782e-22
-1.643221144173177767e-22
6.779792804478986231e-23
-1.532317725280262770e-22
-1.134788892132144577e-22
-2.343742908447648584e-22
-2.428968909524045289e-22
-3.555107909329365556e-22
7.617930572996364799e-23
4.122693059879337350e-23
-2.808487795944205832e-22
-1.002564005604480971e-22
-2.314009622088207575e-23
-2.486633546445738309e-22
-1.912212119250339728e-22
-1.691240864045308881e-22
-1.871683175909940193e-22
-3.308283483757657697e-22
-2.296015641810011403e-22
-8.953451295854339748e-23
-2.993446005273067707e-22
3.059839294803378384e-23
-1.115071128822193825e-22
-4.568261062265079574e-22
1.064220940567242918e-22
-2.752620519898398872e-22
-3.567835042782703932e-22
-1.856866168126717105e-22
-3.107344439915730767e-22
-4.621612913706938151e-22
-1.431482107697862037e-22
-4.596015893483814395e-22
-2.291265560078516134e-22
-2.993409715704466731e-22
-3.794957098731999649e-22
-3.086514807960361823e-22
-2.874222232285615041e-22
-1.323769703210856021e-22
-3.602413980008373177e-22
-2.315252110847300029e-22
-5.785216112281814694e-23
-2.535817392275273609e-23
4.689427118680449620e-23
9.543521416515193886e-23
-2.700771538106671121e-22
1.252857049228847298e-22
-3.607670766263910919e-22
-9.335863478847959558e-23
-3.051994038447979581e-22
-2.201639879767277368e-22
-2.854787685097343821e-22
-1.054344805462838221e-22
-1.859735243177061613e-22
8.983151443464779226e-24
-5.864247996620984058e-23
9.118509719106373177e-23
-1.698196991968727382e-22
-3.649297932861941512e-22
-9.894560362983977791e-24
-3.507594082220611618e-22
2.241034050304499720e-22
-2.763634629545520001e-22
-1.213427210394385612e-22
-7.690841293523256026e-23
-8.037437103411920628e-23
-2.546602360177644984e-22
1.518370377816087000e-22
-1.585995191062680297e-22
-5.972936558853850755e-23
1.525240134191536256e-22
-2.908321683862414126e-23
2.255810951190434737e-22
2.435986903285989155e-23
3.082946633684437542e-22
-2.516755313449546277e-25
-3.987167404968910368e-23
-6.268741989419154281e-23
-6.406545402819947245e-23
-1.141343111273674254e-22
3.627343528298474992e-23
1.238904001108318063e-22
1.723393795581098922e-22
-2.801949274139720601e-23
2.089915363417232841e-22
2.267176883440495428e-23
7.174713619354382482e-23
-6.046161039461539839e-23
2.578716622784572609e-23
-1.612778364888355016e-23
1.382116535457847503e-22
5.614447884381858895e-23
1.582267621291792970e-22
-5.730356968167866385e-23
2.509612905283965691e-23
2.371948435362734760e-22
2.379630050459721435e-22
1.937816789702690333e-22
3.094780858118484317e-22
1.826869277861524374e-22
3.776062919202961511e-22
2.339581926082872645e-22
3.298075876000536420e-22
2.481243252030345093e-22
6.668874887811858602e-23
3.507199259094237352e-22
4.020549891866899739e-22
8.894241666747069537e-23
1.002143814445082398e-23
4.153847626061884000e-22
1.987547166070159060e-22
-1.531688158064893263e-23
4.136347354963825021e-23
3.236111612938004856e-22
6.540637180987741353e-23
2.632263374146930355e-22
2.710449398402234971e-22
2.680370725535779490e-22
1.180985923349248131e-22
5.127665348188334370e-22
-7.729745044813620684e-23
2.468709127568014410e-22
4.114847813955772415e-22
8.496341046816459279e-23
3.033520820322307730e-22
1.065852825177555092e-22
1.087780183234410065e-22
2.875014061011049653e-22
-1.212214438020490718e-22
2.907666525719297419e-22
2.885169537856574322e-22
-6.064672548385424656e-24
2.521794759616836474e-22
1.550398158327268661e-22
2.834919081685121400e-22
2.571176757223813437e-22
3.104911445115476670e-22
9.960184851203240627e-23
2.493698680669033342e-22
2.698513120543026532e-22
9.290932107831341635e-23
1.288621274259176815e-22
1.813062549430330226e-22
1.050756906603196091e-22
2.706754093963151895e-22
3.108464849447450585e-22
2.685420464359814060e-23
7.779746467041673980e-23
1.253364786028942093e-22
-6.706051136315534995e-23
3.386643813251255959e-22
2.338002301882026271e-23
9.859960576856583443e-23
5.323624046571399032e-23
1.832397163996826598e-22
8.069897040635133644e-24
8.932590749631810190e-23
8.924194815752638027e-24
1.448913451077375290e-22
1.162700207974618635e-22
1.326310581908664555e-23
-3.748392274384254688e-23
1.935104589208412148e-22
2.833557851076432878e-22
-3.298254383306673835e-23
1.699171862373330494e-22
-1.902149898162287362e-23
1.958253553611363397e-22
1.112191693752569390e-22
1.824435267448173874e-23
-5.316216842178537779e-25
1.141956797398872857e-22
-3.721542483895992375e-23
-8.799656794917439807e-23
1.342378513794197123e-22
-7.072742580458310659e-23
6.241783248960605045e-23
-2.841990007370427210e-22
2.273556019655757338e-23
-3.238070333678754315e-22
-1.086360820849344320e-22
-9.770090746799602421e-24
-6.445486100158970726e-23
-9.478636349197790651e-23
-1.873507292675756323e-22
-1.360098452716558991e-22
-1.641589180434147394e-22
-2.120743693692753862e-22
-1.795948355826215693e-22
-1.738324993098837134e-22
-2.561524435670458992e-22
-2.586641327736659590e-22
-1.459252826234443734e-22
-6.501405447675115956e-23
-2.587526762530158378e-22
-3.191435653207378467e-22
-6.546973260876378486e-23
-8.994511849143684625e-25
-2.258918083308262678e-22
-1.302124408598030107e-22
2.299605521819255319e-23
-1.321771302449905405e-22
-4.596262208851755967e-22
-4.635520551906045539e-22
-2.805391478454994058e-22
-1.145259360296251979e-22
-3.419032227963474644e-22
-6.786490283254769853e-23
-3.222721807993216581e-22
-2.427615065558250620e-22
-2.760138713452373769e-22
7.710307325281408849e-24
-2.334662896464498015e-22
-1.153511336483114503e-22
-9.586323158422329414e-23
-2.053863296241842082e-22
-2.808440293497316377e-22
-1.946790996395257494e-22
-2.386752529404036743e-22
-1.301649857451614934e-22
-1.164529723177759338e-22
-1.973875680554572974e-22
-3.765461329788832809e-22
-1.536229666642175784e-22
-2.607215876071764404e-22
-1.069758605892537826e-22
-2.532435583827256522e-22
-1.817003992390954561e-22
-3.139621453222256492e-22
-1.028844336508451800e-22
-2.857487842484128775e-22
-5.376864919130576056e-23
-1.711194292650372595e-22
-3.114487842290381724e-23
-8.004262320550785630e-23
-1.928951796420213725e-22
-2.222740286007489722e-22
-2.324030376826474974e-22
-1.815885481093481098e-23
-9.930829035016497939e-23
-1.142201781658513701e-22
-1.920636167282781733e-22
-2.519931259499346428e-22
-2.306449977968062621e-22
-2.554650292065915062e-22
-1.689907090740610051e-22
-2.366153875823264627e-22
-2.089413402518238608e-22
-4.254997150074257632e-23
-1.867309409682595840e-22
3.634335477613400248e-23
-1.864804264548554438e-23
-7.307713854814419714e-23
-5.695471224776312627e-23
-2.118332539547071111e-22
-8.254730719579753289e-23
-1.256492355024674600e-23
5.621328856513243006e-23
-6.477139311019560959e-23
-2.828260727216058300e-23
8.586182535447091163e-23
-2.404092800107848993e-22
-1.192691673766973286e-22
8.638467148083105012e-23
-1.247984753458059001e-22
-1.874075182785797019e-23
1.451296439004544148e-22
1.072983679185360722e-22
-4.187578113332699252e-23
-3.328003516880290514e-22
-1.002702615677864406e-23
1.574173553245395110e-23
6.155908183124982082e-23
2.301026518739196534e-22
1.683379631693429064e-22
7.133264279190466647e-23
1.075677189056653915e-24
4.751900815898123161e-24
1.265387940856634499e-22
-1.363434155983706553e-22
2.101667217751896264e-22
-8.702583223405779358e-23
2.845928332313767251e-22
4.534497285685288309e-23
2.542718055087746808e-22
2.012774501890318180e-23
2.207872413284714766e-22
1.410445650816253316e-22
3.926453299631479027e-22
4.245814271820313628e-22
1.925941578808166867e-22
7.418749196737232378e-23
3.244675624368238629e-22
3.299295415351132564e-22
3.948313262025709235e-22
1.219644492027781644e-23
3.685878875163285224e-22
2.769416453267658621e-22
7.141476874125543316e-23
3.572131018611989633e-22
8.897711662196612014e-23
2.997745705786684802e-22
1.880341746091766394e-22
3.402959814318207184e-22
7.024725492025685807e-23
2.838447223660294331e-22
1.572694615858697529e-22
3.668638748868763266e-22
-7.286546103744686633e-23
1.318547661416093312e-22
1.239665720813908282e-22
7.938160272536401948e-23
2.587850732580381091e-22
1.592546550021204646e-22
2.830824542477214572e-22
1.564273176623729084e-22
2.103046131297002464e-22
-2.768622268386373164e-23
2.325191750450957785e-22
2.121808603089532901e-22
3.240524222397385711e-22
1.513965609936811000e-22
2.316821088981553238e-22
7.941827189085168966e-23
3.343555899312112481e-22
1.811678216863854787e-22
4.174472348093584403e-22
1.800082164755027879e-22
2.862962842509859470e-22
-2.272321451901428749e-23
3.174970517435569994e-22
-2.331117679168129642e-24
9.268325876766637411e-23
4.232932197368929327e-22
1.151714584501701684e-22
2.367988697167467937e-22
1.352207586619434117e-22
3.207807810102295117e-22
-2.173928512065723724e-23
-7.757503105444732360e-23
2.731195336803723185e-22
1.729259675622205623e-23
3.300992658829779304e-23
4.945356820650128806e-23
1.558288512323059173e-22
2.330643262679004221e-22
-4.557341650668285240e-23
1.242469024868389699e-22
-6.772835717782326342e-23
-7.219114460671098722e-23
-1.741156664996488523e-22
3.812576337077243334e-22
1.224194131058451551e-22
5.978634808714022065e-23
2.139373306873344692e-22
-1.602911280145134258e-22
1.427166286557584571e-23
1.926056006913638012e-22
9.024270876176679239e-23
1.592867824270825581e-22
4.472629638690675299e-23
-3.122064122874034160e-23
7.900058880815001483e-23
-8.526452550380383477e-23
-6.941924227895232655e-24
-1.716615539403310963e-22
3.455337977208092977e-23
-5.664341047127984468e-23
5.260241800394314288e-23
-1.079649441529910669e-22
-2.620719076721694713e-23
1.450708711962084535e-22
-2.039551703133435919e-22
-2.327947779854869319e-22
-1.941794342029345424e-22
-2.179133368470744746e-22
-1.104420585420797395e-22
3.829644327480517276e-24
-1.927754440144302006e-22
-1.645567895919116392e-22
-1.492804734934854606e-22
-2.733345563948196059e-22
-1.304499470332422052e-22
-1.356245658351417738e-22
2.562375587629854917e-23
-1.613877892679120297e-22
-2.696142361378061643e-22
-7.177671937251225751e-23
-3.036373913795131639e-22
-2.851227427010600586e-22
-1.483551336524792918e-22
-1.218127894238096513e-22
-2.002340272357345682e-22
-1.431154634153854950e-22
-2.876612554160477109e-22
-2.804264538089810170e-22
-1.337486166025629037e-22
-2.593396335936705351e-22
-2.698383870472521472e-22
-3.307080945602765779e-22
-3.820027048452867756e-22
-1.983480711424314951e-22
-9.274631101977402743e-23
-3.919629286593688923e-22
-2.052208531528541882e-22
-6.679109115323246324e-23
-4.347070905683133987e-22
-3.147897914483541976e-22
-1.293189551223941360e-22
-3.713367277896622962e-22
-9.430624714298281816e-23
-1.967464612789591344e-22
-2.995663297591460281e-22
-1.126747136747141646e-22
-2.940917651644911793e-22
-2.726170633767641681e-22
1.457988293731107127e-23
-2.786971037326075649e-22
-3.700525254867115264e-22
3.832242914326618085e-23
-3.420314614153790839e-22
-1.982213018870245977e-22
-1.885892063517451447e-22
-7.015247131470915792e-23
-8.289852928173777838e-23
-4.053156800500698070e-22
-1.014566949515795104e-22
-3.122589547804610656e-22
-8.540797092237743078e-24
-2.707569688440552724e-22
1.534478506179049790e-22
1.131768580742900977e-22
-1.740902748062809985e-22
-3.054705442562281771e-22
4.944414904754949702e-23
-2.411918170420762462e-22
3.738812756379744712e-23
-1.848201250465760486e-22
-3.871157503973686831e-23
-1.734152909500049392e-23
8.790357915784955156e-24
-5.652935932444529519e-23
-1.274402451947086333e-22
2.246135128555372058e-23
6.193967199854804595e-23
4.786022407536647603e-23
-2.191138421802300354e-23
-9.223121904020556520e-23
-2.496645032326315611e-22
4.529753132005228007e-23
9.832192496362493700e-23
-2.609380781386519079e-23
-7.774531435772797187e-24
-1.283447663178358649e-22
1.930409344667316920e-23
-1.700014047903530784e-22
-1.794983411655990704e-22
-3.541721598084862127e-23
-3.787426864679422509e-23
-1.936306554860169324e-22
-1.874421419100237767e-22
1.137318354013548685e-22
1.586695329653982249e-23
3.879007920539209387e-22
-1.863361064187656450e-22
9.681606692162731727e-24
-2.560076557788278187e-23
1.118556836860761881e-22
2.360600156745349181e-22
8.368286300982220372e-23
-9.618230482479635745e-23
2.042929499430714684e-22
1.659466616968467898e-22
-7.649341189110585527e-24
2.657900767963379656e-22
3.065410389880397815e-22
2.148277760300121753e-22
1.323605964142385084e-22
-2.263407459949284741e-22
-2.963468438001668092e-24
2.734555838025398790e-22
2.735892583451201488e-22
7.235743086612751129e-23
4.766966807148023043e-22
1.475163258010712597e-22
3.082340325849731503e-22
2.779130519405791982e-22
4.804695813247000934e-22
-4.319524044432631468e-23
3.888029673829251106e-22
1.114533285093610490e-22
2.751106643156845322e-22
1.533256868486025442e-22
3.696279624937140356e-22
3.712167610544220986e-22
3.646488832110858480e-22
2.822068975866179952e-22
4.533603398957682373e-22
3.633300740151996707e-22
3.143921501811758306e-22
4.028886320761554192e-22
2.435518107364479582e-22
2.694487187844810240e-22
2.596709229799400748e-22
3.129922805082329130e-22
4.517549395217172674e-23
2.720793128022833594e-22
1.184783183328886798e-22
2.646119100711721104e-22
-6.077763457984942598e-24
2.486612500010649230e-22
4.330374272089822520e-23
1.075812055117582963e-22
-4.638212484793118316e-23
2.760326742350934198e-22
1.803277440740078916e-22
2.164063617108651283e-22
6.403550287713857724e-23
1.125828445798368996e-22
3.154543961099722492e-23
7.245235325149589774e-23
1.041181191457427193e-22
2.366854018776708214e-23
2.586839874172276271e-22
7.444693534727874130e-23
1.587733001939201777e-22
1.464643389093088085e-22
-2.072085816325084304e-22
1.888712981984794970e-22
3.285702029428140222e-22
9.274063210097946942e-23
2.402408630792047705e-22
-1.514545242156601885e-23
5.052495795628417270e-23
2.554525719354137937e-22
-4.224356119429652626e-23
-2.658294940573888986e-23
5.880590649478015805e-23
2.015195250292216854e-22
-1.889978332306603095e-22
-5.378732620526987417e-23
1.157121781393577840e-23
2.927007672238805028e-22
4.303651750960758187e-23
1.572399655886082904e-22
-2.678149961988762853e-23
-2.826993302201647828e-23
7.965650384137991373e-23
2.253892236929418630e-22
-1.546582773546527524e-22
3.286241177392382477e-22
6.568862496755875576e-23
7.222061105420123188e-23
-1.029244758974121724e-22
1.478369933700686990e-22
-3.529592707053409155e-22
1.603131227218752061e-22
-9.965667763758906162e-23
-1.504318670926849599e-22
-6.267696024634146495e-23
-6.152677334151187810e-23
1.513973818068153665e-23
-5.101002811964759609e-23
-5.471242113309625615e-23
1.166050051948313704e-22
-1.831877896517119623e-22
-2.695708490892128229e-22
-1.261597156984329222e-22
8.390070303777250526e-24
-2.320161945067566691e-22
-3.107056778529644244e-22
-1.769158080749650235e-22
-1.354320202221329194e-22
-6.734062375029141955e-23
-1.609587043309002094e-22
-1.977710753973431162e-22
-2.835317396715968859e-22
-4.190331752527874437e-22
-1.277645674415103590e-22
-3.538962906719469966e-22
-2.616564184502081781e-22
-4.766786282053786254e-22
-3.649704635189627138e-22
-2.729971789128925873e-22
-5.473038094567253323e-23
-1.552155698419943266e-22
-2.932675664639842840e-22
-1.641393721515778893e-22
-2.811863820784487355e-22
-1.779219301248604433e-22
-2.402809292180345139e-22
-3.446023224974963134e-22
-1.352019575157910269e-22
-1.802646297949772949e-22
-2.841623154718445616e-22
-2.534324130063051195e-22
-1.636543291376135829e-22
-2.154843920014895134e-22
-1.322199687035888342e-22
-4.752494104695347574e-22
-1.018706466442343804e-22
-3.404388408638179770e-22
-1.532762296644840672e-22
-2.288612905578098006e-22
-5.797035220343211354e-23
-3.573661568194880150e-22
-2.532179855519446149e-22
-9.426593940852683093e-23
-2.335572037882820046e-22
-2.360615365772053296e-22
-3.501281245170415648e-22
-1.185595439265682659e-22
-3.530351782568478009e-23
-3.144125690954782057e-22
-4.251885929953265650e-23
-3.169108733718379142e-22
-6.197725862133569001e-23
-2.547012928479430366e-22
5.363348687900608697e-23
7.306018705133493634e-23
-1.050295354677508648e-22
2.428561579713539168e-22
-1.874420358836574314e-22
-1.488040623738396348e-22
-1.733267389020665602e-22
-3.712415535400261503e-24
-1.161716526398243297e-22
-2.504845568786778010e-23
-2.635410905739471466e-22
-5.003614207285111037e-23
-1.198135957981076315e-22
2.050434787075401191e-22
9.379326511761358371e-23
-2.087135091278476111e-23
-1.332446313941792150e-22
7.864007245192591763e-23
-1.343102521312976259e-22
-4.845163525470071369e-23
1.389594522381907723e-22
1.130303424255995978e-22
-1.689860336050860475e-22
-2.309912728720078668e-22
-1.761235831664401732e-22
2.398588413055984724e-23
-1.815684762256055975e-22
4.763737073776909436e-23
9.096816072331649957e-23
2.920784131682138209e-23
-1.074695673157168003e-22
-1.094403092093128616e-23
-1.156176986000986672e-22
-7.118852877220168881e-24
2.659431480703095083e-22
-9.601410874323951957e-23
2.106280667261359758e-22
-5.420939276678363380e-23
2.295705303092655837e-22
1.189739705163339507e-22
1.822751858621587532e-22
2.847519355428153042e-22
-1.431015525734551054e-22
2.484487112570753243e-22
2.297246842795567674e-22
1.447051510007277326e-22
5.742105441113648064e-23
1.898007709157867371e-22
8.313348820811898642e-23
2.184579528761108136e-22
4.321947969721072991e-23
1.675381776551117553e-22
2.263375960540380928e-22
1.324174924964341817e-22
6.172819234682735863e-22
2.154180966612735644e-22
1.179049367227983149e-22
2.692101525505442376e-22
3.017757016328535491e-23
1.973620255258800906e-22
2.274810433093814491e-22
2.200204696625743772e-22
4.188129591578566517e-22
2.945965771118849483e-22
2.023353016921441006e-22
2.880267454893111081e-22
3.973564011251077950e-22
2.237780638350789818e-22
3.252662672153755733e-22
5.002618241095115824e-23
3.354186021930219560e-22
3.369239548211982831e-22
3.765414034962374819e-22
4.406592449436152329e-22
3.006384843657136443e-22
2.574026159466412502e-22
9.006500646176955093e-23
1.487598070154452726e-22
2.171170045840234913e-22
2.316233052309442717e-22
2.325457828706595864e-22
2.306769402673089827e-22
-8.430692505847940994e-23
2.731169025300005215e-22
1.718621343896626780e-22
4.457279969971134600e-23
-9.104405396063911475e-24
1.848009938552440201e-22
3.047610246246181862e-22
2.663071226524940985e-23
3.085439168872986832e-22
5.590374166858754604e-23
9.930543435152027206e-23
-1.338403247376320435e-22
9.581138208920930389e-23
-9.502079647195342970e-23
3.303868182157876476e-22
3.105007047824676229e-23
6.391908393909456081e-23
2.258438198922893216e-22
1.738872065962785951e-22
2.462816131778295134e-22
3.854991089294574934e-23
2.266763585710842937e-23
1.216987033891874817e-22
-8.998229811792399678e-23
3.806428938372679066e-22
-5.503558674503069403e-23
2.633416268915281927e-22
-1.881724661432289975e-23
-2.203295603621088999e-24
-5.018929050840598633e-23
6.804928069013656735e-23
-1.187864193386290299e-22
-2.089972491863069521e-23
7.890644617393854227e-23
8.089733425389980183e-23
7.761408179585037553e-23
2.082337488125509605e-23
-1.579889413405072278e-22
-1.277796459111043598e-22
-8.152730663469235281e-23
-4.500760706791504883e-23
2.098064928173114527e-22
-8.132692200193148244e-23
-4.768677774399902984e-24
-1.200879300592007939e-23
8.973730337225804324e-23
-2.090208102932922011e-22
2.113697061096851185e-24
-1.378248706489876452e-22
-9.702356144689581241e-23
-1.493207267138007362e-23
-1.759527718693552185e-22
-3.150402298070399300e-22
-2.208589751996715655e-22
-2.069400167489965170e-22
-3.554685875232397591e-23
-4.005354079278122830e-22
-1.536492523743566941e-22
-5.502178559020980041e-23
-2.171072093353742939e-22
-2.124146640956078859e-22
-1.927818826783854829e-23
-2.700621836375042119e-22
-2.846017741601469863e-23
-2.607216466578254347e-22
2.139763241712234151e-23
-2.606926107532468362e-22
-1.853423911478004684e-22
-3.602465905576499090e-22
-2.251267732160353892e-22
-2.407798087124224737e-22
-4.615222655232889322e-22
-9.127381547093199836e-23
-4.481538100828612634e-22
-3.574294525641918840e-22
-1.592295623504950812e-22
-1.703744987851390773e-22
-1.789901409409845429e-22
-2.911438565928701461e-22
-3.076657446353270445e-22
-2.895906483173544212e-22
-1.705863915312328782e-22
-1.020750030494841085e-22
-2.421032034922415926e-22
-4.918357134058365335e-23
-3.799701687789082100e-23
-1.862253291676767861e-22
-2.406852299338476392e-22
-2.258775453872137013e-22
-2.350905301386980729e-22
-2.990680172818331224e-22
-2.088884157830056211e-22
-9.745267212653507256e-23
-1.466971883452211002e-22
-3.515385970755975541e-22
-3.855295907690006218e-23
-2.893819387071019073e-22
-2.664882159874067874e-22
-6.514077951005709949e-23
-1.977954703222004501e-22
-3.987323110125327334e-22
-3.067437455149178266e-23
-1.462118516861888340e-22
-2.199254632978435261e-22
-3.910591545607664638e-22
-3.552120266216190057e-23
-3.043404273135641548e-23
-2.579300204247034632e-22
-2.341234207263120319e-22
-2.273760141167811291e-23
-2.081323680891365165e-22
2.903105520562576736e-23
-2.885036361449652334e-22
3.394548809174622453e-23
-5.885058475976782440e-23
-6.177758605897490679e-23
7.498991749297566777e-23
-6.100860597323131389e-23
4.236910220923202383e-23
5.113977740949397293e-23
-8.457238315692546761e-23
2.463705229117292936e-22
-1.204668330413893851e-22
-4.497126702497759889e-23
-2.809984943788526448e-23
-3.655454492594364870e-23
-1.063152567829864648e-22
1.080664889066647837e-22
-1.866690897324890451e-22
-1.128550615517371153e-22
7.135322567583757186e-23
-5.084958897964243512e-23
-2.269659494705729395e-23
1.992220404881925387e-22
1.454870626802451939e-22
6.601216091786056864e-23
9.841025639995144997e-23
6.290251884492660118e-23
3.978261746788204651e-22
1.343003358672474701e-22
8.677045261397292828e-23
3.874340971504003175e-23
1.936020564099113959e-22
1.394136406077864641e-22
1.347214918192669329e-24
2.068756869877397252e-22
9.230545108790835111e-23
1.627827589875049360e-22
1.067333303507220199e-22
1.121414555997529540e-22
2.211048749529160621e-22
-2.618074474632181546e-23
2.865031104327975247e-22
2.057101166170767288e-22
2.662652075122856555e-22
3.936986564023203374e-22
1.584991330871234036e-22
7.943533781001538602e-23
2.578111905051876780e-22
1.709696833129478903e-22
2.550742640437593149e-22
3.179354749224448505e-22
-9.632955282308601803e-23
2.524643856193405115e-22
9.520324666639139419e-23
2.007665813743212689e-22
3.887195594688832221e-22
2.916943161415828074e-22
4.037369640399324974e-22
1.585484118351843751e-22
1.602034548755748937e-22
2.611537810088687528e-22
5.639333196527548392e-23
3.062709664068593399e-22
1.567084959507440081e-22
7.900139105254526270e-23
-7.813988746863542174e-24
6.659990337640627348e-23
2.876406995384208894e-22
1.753941024306063536e-22
2.901620404806713736e-22
2.761277977879923234e-22
1.486911922578843767e-22
4.298163189894442065e-22
2.721894432616379785e-22
2.891166804684434354e-22
1.719186490138577664e-22
5.206589645799258759e-23
2.586580718051022156e-22
3.422135515190147752e-22
4.073690431867814723e-23
4.112538174240507934e-22
1.611645206173639513e-22
1.666204966580268101e-22
3.592147384102583169e-22
-6.903058703789585512e-23
1.846251277338002832e-22
2.545801433827097168e-22
3.214843587258844928e-22
2.260048075024263345e-22
1.565574219810560749e-23
1.398575892901184266e-22
5.180495513679342472e-23
-1.235042447778710184e-22
2.741492637214978525e-22
1.783501335610405096e-22
1.954048495900440697e-22
-8.756773849094793665e-23
-1.444552223009884372e-23
8.952818000403782155e-23
-2.172803918842469132e-22
-7.237943972526935467e-23
8.573920106970860755e-23
-8.729574845958966780e-23
-1.629332020204127982e-23
-1.546379154402816741e-22
-9.300371691460578315e-23
1.800845473902808811e-23
-1.213470920331759170e-22
2.531927755804173828e-22
1.411492785387973948e-22
1.381980147726850842e-23
1.447140323197080434e-22
-1.239401538846021810e-22
1.699493148673114936e-22
-6.357213556155402762e-23
-2.019911876709162237e-22
-4.755362207535773498e-23
8.006900603290143049e-24
-3.341738898955830915e-22
1.513575357861968303e-22
-9.103151721461440176e-23
-1.683764539914419167e-22
-6.247512822379140096e-23
-2.660108190000236835e-22
4.587236623137316944e-23
-7.761277293079982920e-23
-4.384921789038125311e-22
1.220283917074051861e-22
-2.222907995553138143e-22
-2.252040514841676129e-22
-4.347455893440463998e-22
-3.487105706637513590e-22
-1.506649856643716519e-22
-3.937908500856208917e-23
-3.569580769660470771e-22
-2.904638271334993167e-22
-2.890057748378692118e-22
-7.947006993970579098e-23
-1.869891441379267973e-22
-3.552580851777872407e-22
-1.651472399534003316e-22
-3.769722968764622735e-23
-2.598488174528249675e-22
-7.342607182215805517e-23
-1.949613899735301743e-22
-2.472636116445715480e-22
-5.487727634508642344e-22
3.269867501647782851e-23
-3.038498456640989443e-22
-1.928464009778012999e-22
-1.596861825728326468e-22
-1.742214853037246750e-22
-3.293653608333610878e-22
-7.113550431720353665e-23
-1.277064413847599088e-22
-7.391734051557736613e-23
-2.778196145341031015e-22
-3.228746052833871889e-22
-3.003513829618061457e-22
-4.896887006792138515e-22
-8.444121025691570974e-23
-1.738231856143850796e-22
5.180689943963032640e-23
-1.654472514329694254e-22
-2.929289325342928142e-22
-1.425992701482629495e-22
-1.845642849996202124e-22
-2.168604382095753068e-22
-4.312877938788141663e-23
-1.793581395591749428e-22
-3.784299028690126444e-22
-7.106132041352316437e-23
-1.628951838754419841e-22
-7.170062514230426049e-23
7.361704072375169635e-23
-1.341407073782043442e-22
-4.852102146445814076e-23
-1.153010716807078749e-22
-2.706610639843794892e-22
-5.385641211605163983e-23
-1.777387687509518122e-22
-2.874249137069125398e-22
5.946952559780667116e-23
-1.898287331360054144e-22
-1.023266592286093123e-22
-3.026075490187661290e-22
-1.900078862664439719e-22
-3.137489346547903402e-22
-1.810606223616412866e-22
9.913733067559478241e-23
-3.180892670159525081e-22
-4.679262068811897412e-22
1.204117148016420351e-22
2.404288349883168443e-24
-1.601786632351321432e-22
8.029621778362026721e-23
-4.222807312036098640e-23
-2.097725779262795311e-22
1.830801821450796494e-22
1.366232586354289841e-22
-2.425041464862718274e-22
2.175727076475263397e-22
1.254716284422670768e-22
-2.030935433111281008e-22
1.311715169613611559e-22
-2.813231901892054362e-23
3.998496152731428160e-22
-1.214641669178377840e-22
1.296346281453335514e-22
1.526891949932152270e-22
2.055824600249162872e-22
4.402919194431862750e-22
-6.110188632619436616e-23
2.726632767617210610e-22
3.460706770274269295e-22
3.775567197307181491e-22
1.085714419981525079e-23
3.241051614112004460e-22
2.129663853675193274e-22
5.867448918230372857e-23
1.176335828773244304e-22
2.243666630947501935e-22
3.310826543131116734e-22
1.754611475245667018e-22
4.982513565076310340e-22
-6.240713680190406142e-24
1.700885302135317654e-22
1.708945558675486296e-22
1.482070046976442288e-22
-2.642416557562248041e-23
4.533040104998921663e-22
3.556687197885426355e-22
9.676905713646656968e-23
8.602374854682877452e-23
2.806009332143674107e-22
2.491348870233463110e-23
1.060692627535426039e-22
1.292357106913573981e-22
3.159800067286184619e-22
1.418198658796766643e-22
2.030680190025469924e-23
2.003502440599607036e-22
2.437285415178373230e-22
3.249512380675040743e-22
2.634354230002207823e-22
-1.530343883925173645e-23
1.963137698155366255e-22
1.576792198007789496e-22
8.325000362323681968e-23
3.132032288899318034e-22
1.766008223563728660e-22
3.179195370580285375e-23
4.457415491056093299e-22
-4.349418996467859144e-24
2.080611033003631320e-22
8.014765882994720398e-23
4.961209524588598057e-22
2.921141510282986883e-22
1.693549412807135607e-22
8.993258246779818642e-23
1.059688560209035944e-22
2.409291437057525473e-22
1.096844061299787822e-22
3.951420442760795806e-22
3.949856800243989803e-22
2.976464840683403979e-22
2.385530772076559489e-22
7.733050629129061115e-23
1.191631215652118333e-22
5.062946856818062388e-23
2.053182954756958650e-22
8.123128389262999960e-23
8.872760047103740884e-23
2.260509367952062894e-22
2.242419215301093015e-22
-4.093880148299129631e-23
2.734141991209987401e-22
1.985132928670337301e-22
3.355058954539437878e-23
-5.326551014344661907e-23
6.720505493756356440e-23
9.374871767607608556e-23
-1.058986969254539413e-22
1.724426607912031061e-22
-4.478981595390558592e-23
-1.490990919156107648e-22
-6.466472676997972292e-23
-2.091226250290404617e-22
2.269779952593331204e-22
-8.534568878922704006e-23
1.768163999857292878e-22
-6.820249718968188035e-23
-1.587041528776648312e-22
1.240035772331363892e-22
-9.268138492824986345e-23
4.392838655062754321e-23
-7.729988528415691814e-23
-3.022949017046359602e-23
-1.941674784440301815e-22
-1.376679960283194906e-22
1.019986991186840953e-22
1.277138119847987604e-23
9.100668651623477296e-23
-1.364729940559474849e-22
-3.155421499577483285e-22
-2.833536550289702885e-22
1.146299226623392620e-22
-3.557068384226682225e-22
-1.998112710165899196e-22
-3.120233150203452850e-22
-1.881322251424545392e-22
-3.698900539358686547e-22
-1.754988988348041572e-22
-1.460505388088013271e-22
-4.120314400157484703e-22
-3.721642579669676451e-23
-3.469543709675374442e-22
-4.945480199983464155e-22
-6.573990412038644903e-23
-3.584132404179746801e-22
1.236504755465017339e-22
-9.086619505806159213e-24
-2.013872215794318346e-22
-2.023393593530154933e-22
3.142060954717156317e-23
-8.524932335948886383e-23
-2.451327267969707347e-22
-2.313398392711736696e-22
-3.314896286878974466e-22
-2.137443754173590039e-22
-1.872760816121842680e-22
-2.490341480173866029e-22
-2.974451520233286456e-22
-2.033100645630862621e-22
-2.360031207719406553e-22
-3.383086008372725755e-22
-1.449643951344265447e-22
-4.556599682061123820e-22
2.210099795067480196e-23
-1.279866087026545279e-22
-5.148957867441738233e-22
-3.003219792938754923e-22
-3.162517086691793055e-22
-4.035948599758802952e-23
-4.049718594091080172e-22
-1.434206289435042495e-23
-1.499119239669018379e-22
1.311190250203562020e-23
-1.901475366756972759e-22
-1.730324336724808608e-22
-2.310127304577173034e-22
-3.138759238004797140e-22
-1.733595123879317714e-22
2.908410719782146750e-23
-1.086082791873385124e-22
-4.623386286525654101e-22
4.960654238757021889e-23
-3.723355894851730352e-22
-2.745816857541577933e-22
1.513636254351052190e-22
-2.320708680451519470e-22
1.057349686100497622e-22
-2.158739157860167920e-22
-8.416980600804067580e-23
-1.015557162292945699e-23
-2.619891472502258236e-22
-1.099255398167581281e-22
-1.503752068634433324e-22
-7.542520066646742309e-23
2.560564966041257732e-23
5.919162722775043174e-23
8.177327782869060915e-23
1.249142921650592488e-26
3.404060707423487124e-23
2.295710022069049384e-23
1.054078173927657556e-22
-2.015900176485161000e-22
-1.846086033666066506e-22
1.798482662958973959e-22
-1.851258707247603453e-22
-1.474425807889403949e-22
-1.532529662671736117e-22
-6.935373964111961529e-24
1.756128913705284794e-23
1.511733257085600777e-23
2.420904083956155849e-22
1.100378892180900946e-22
8.403237991813215839e-23
-6.885657879171766464e-23
9.725676171808590076e-23
1.103791848779933635e-22
-1.309346472458378497e-22
2.037040392514988775e-22
-5.049407930740814289e-23
-2.942364386606987042e-23
2.962301634837301690e-22
3.324604812675056198e-22
-5.417749228310568260e-24
2.170573883913224650e-22
2.390438794082918331e-22
2.303100994780076816e-22
9.759560673408479796e-23
1.965775015279127858e-22
2.451068293999824286e-22
2.950480911969186915e-22
8.827527895137571790e-23
1.165225961443064944e-22
2.325905088322211271e-22
1.129388020217271711e-22
3.045811515250960913e-22
1.880309315535455599e-22
3.001276277541888599e-22
2.492309864136269886e-22
3.792027710295157837e-22
1.160182112868160284e-22
3.856833998471351241e-22
3.109632148126293878e-22
3.131115923136870257e-22
4.019349459281470979e-22
-3.073759170807122436e-23
4.449844886644326105e-22
2.026024754592978337e-22
1.916193864144273897e-22
3.482930857644784472e-22
3.452649503985030687e-23
3.713906166238675329e-22
1.272419993616876304e-22
1.805768373642650553e-22
2.320890082734391747e-22
3.080871593741097616e-22
6.973606968594436990e-23
1.098971919455228688e-22
1.276228487561419911e-22
3.574529110004740751e-23
3.236869791596291968e-22
2.927662331846941815e-22
2.306775816394838115e-22
6.343789923307856204e-23
2.387645567802470727e-22
2.234275725153233790e-22
2.921161798407029948e-22
2.271039596090436858e-22
1.093005734653480628e-22
5.033346664738509125e-23
3.203418223915653810e-22
1.337493773161130247e-22
2.746880760259076879e-23
9.382497293978492434e-23
1.332708887731183357e-22
-8.449460226828969097e-23
2.586994489286439222e-22
1.321720061839605162e-22
2.461699031676184702e-22
-1.560940854482480259e-22
2.755593091052985604e-22
-9.090878221522683838e-23
-1.636890950748724261e-23
-1.008055102741104964e-22
1.080682510653638012e-22
-1.284090775476143875e-23
1.858677199687825010e-22
1.272874258422767450e-22
9.392814241535534888e-23
-2.691171951428529911e-23
-6.109980902045709816e-23
1.243588689210829054e-22
1.547689001815130640e-22
-5.237609619753625566e-23
5.413957515777873380e-23
5.076899536186013065e-23
2.311711556711264876e-22
2.254811905721315774e-22
-3.462341037489518234e-23
-2.140679578002819102e-23
-3.144576261983111311e-23
-2.180409418110860028e-23
8.663603404276346171e-23
-1.781737526180811204e-24
1.328402621136679563e-23
-1.430198765126776116e-22
-1.872082476856516627e-22
-2.069519228988725384e-22
-1.315163162469111250e-22
-3.727303912421755943e-22
-6.738358635853495716e-23
-2.329072425647040961e-22
-2.278028893439113008e-22
-3.307437561646826254e-22
-6.194265645120255554e-23
-1.419150587975870246e-22
-2.830907172526828082e-22
-1.299189197013086177e-22
-2.330369169977106240e-22
-3.401367664717305537e-22
-1.634024506261836389e-22
-2.967882348347262492e-22
-1.898119993561425894e-22
-1.936478993238422033e-22
-1.922427585134143371e-22
-2.225681718408167228e-22
-1.962607562948441021e-22
-2.372438353635514183e-22
-4.437998097984157224e-22
9.073735048896794100e-23
-1.112908459754634106e-22
-1.353402507540093377e-22
-3.758278736951271565e-22
-4.697288563342315211e-23
-1.868802063229225987e-22
-1.490459836585722483e-22
-3.951507221924645636e-22
-2.897251076543432184e-22
-3.176415808695287213e-23
-1.659657519259314291e-22
-2.059400190033424516e-22
-1.969361829153031994e-22
-3.141209342411396231e-22
-2.213749884040493898e-22
-1.605646645299503547e-22
-6.295953248780072045e-22
-1.801671454659847578e-22
-2.906437879259835537e-22
-3.054579485626746882e-22
-2.121134833654586455e-22
-2.413924065125340055e-22
-1.105871618987131794e-22
-2.163876752327650939e-23
-3.322903749563413952e-22
-1.430152393348592305e-22
-2.589000576802707275e-22
-3.760815988406098899e-22
-1.503317872365721909e-22
-2.290950159935093080e-22
2.136536578276836380e-23
-1.322362089080612216e-22
-6.771323694264448489e-23
1.152057682355378028e-22
-2.989340685004551023e-22
8.057900348850006627e-23
-1.250866761271833307e-22
1.431740588189822750e-22
-7.168504701616423740e-23
-8.018079357270861097e-23
8.217944952365267152e-24
-2.174033394371970913e-22
-3.115182384596311410e-22
5.580848836919207407e-23
-1.774931041112931648e-22
-1.573541977636026984e-22
-1.008186742298254182e-22
-3.635563518315093999e-23
-2.844259643524875145e-23
-8.168660586273929549e-23
-7.136437665654590111e-23
-1.439145020098512176e-22
5.283548067099008479e-27
-1.014093918320368106e-23
-1.499242209802788144e-22
8.124871637957033595e-23
-1.863031830423017362e-22
-3.812133984574972615e-25
2.738200554711469793e-23
2.782076726557353648e-23
-5.614963706953931169e-23
-1.045113465505787423e-22
2.322210522924141562e-22
-4.155470184915611151e-23
3.576826979692991958e-23
2.508684725868545722e-22
1.690289893736577059e-22
2.118081606600638423e-22
1.140572551598178046e-22
1.735840202511671707e-22
2.129103707566319035e-22
2.626814708993769304e-22
2.421099407227218680e-22
3.885228255594324450e-23
2.011113263072290151e-22
5.728631046820320175e-23
1.616280983131793655e-22
6.014886559238134174e-22
1.172563426612447028e-22
4.217259595455633537e-22
2.701110250916866835e-22
2.752116716732110942e-22
2.912687377446751390e-22
1.207862010950441715e-23
4.343493290793022060e-23
3.527676488066186290e-22
-1.394925160888608391e-22
3.930400129945629870e-22
8.201570062699089933e-23
4.613520559321647437e-22
1.542092164424825034e-22
1.609283321824387134e-22
1.369979501215286787e-22
3.890068782699135554e-22
2.739973290039769173e-22
4.503737638384132957e-23
-8.776626897583674114e-23
3.855623844720425215e-23
2.870801085912646731e-22
1.287407762995096234e-22
3.023174169181273607e-22
1.465940059003753296e-22
3.232748645307314661e-22
1.238659521754703925e-22
3.313294864706955159e-22
3.143813415019124277e-22
2.764624413353765857e-22
2.003197731930939491e-22
1.756849071763452460e-22
1.305918688926133214e-22
3.381990496499637917e-22
2.918379013204808020e-22
1.145959532060818307e-22
2.884744736637308837e-22
2.117778184699518319e-22
2.205784304550292188e-23
2.843840789363545077e-22
1.666604953690554846e-22
1.109192208689228850e-22
1.418496173009293329e-22
3.798999937949646778e-22
1.926363534528416105e-22
2.360889355341368541e-22
-8.584487238141226258e-23
3.228184707308976616e-22
2.499313416015457419e-23
2.993614685712922459e-22
-2.332854893822627408e-22
3.266996470718037061e-22
-4.682753084483991655e-23
9.131041891180254433e-23
-1.337376319153185821e-22
1.893396750858501394e-22
2.579772266969006829e-23
3.371314217296146180e-22
-1.611818479620531044e-22
1.108121851307756938e-22
1.058005393241591893e-22
-3.392023976004050270e-23
1.555855001624562130e-22
9.987435313706401901e-23
3.143665870358279405e-23
1.592879285994622824e-22
-2.685862925172804766e-22
1.344718508674696481e-22
-4.888420397236627391e-23
1.263688460469873807e-22
-2.327754655786850865e-24
-7.482246832400136476e-23
2.024508278582580611e-23
-1.350737118570803853e-22
-1.243062343511301656e-22
-1.007344380519798707e-22
-3.072337562067948494e-22
-1.999634187114093959e-22
-1.959814624986065986e-22
-1.976752676681603734e-22
-3.316720591731600557e-22
2.273467549373711268e-23
-1.424214956162550917e-22
-3.173595514918017888e-22
-2.205708923462170747e-22
4.351452905804416698e-23
-1.268549812398161370e-22
-1.840748990971805141e-22
-6.889834187807706408e-24
4.368177661074030432e-24
-2.272255431355005726e-22
-2.424689290032926510e-22
-2.954413581043268096e-22
-2.771761067372207649e-22
-1.357308916928992822e-22
-1.856743003191725167e-22
-4.345527783117702668e-23
-1.110466893381341087e-22
-4.075119848321556188e-22
-7.010839099023097226e-23
-3.374804978032025465e-22
-1.580913381370189896e-22
-2.558382139919627463e-22
-1.736686392019011125e-22
-2.785737993677188939e-22
-1.448720617350032945e-22
-3.545839986586958817e-22
-4.022741209851632016e-22
-2.530402389446579290e-22
-2.532700126496362721e-22
-2.695768436759514356e-22
-1.891344742088995700e-22
-5.801647995918217664e-22
-3.001362853159819589e-22
-1.279215084289099441e-22
-3.660633835492995427e-22
-2.212954403439073925e-22
-3.881892634470133436e-23
-3.290630497654019385e-22
1.239692258364079308e-22
-1.803932421339147876e-22
1.000310795567369580e-22
-2.359579868000906465e-22
-1.761967834162360239e-22
-1.885806898147726564e-22
4.814677588338651142e-24
-4.211884428488815745e-23
-3.494605988386008256e-22
-2.562087056072464605e-22
-1.998463847686821405e-22
-2.669654378481635333e-22
-3.154053084987351000e-22
-3.308681642429005011e-23
-1.161269918545010309e-22
2.799036715701861048e-23
-3.330231728888153048e-22
-1.398929321052998734e-22
-1.974792014180621504e-22
9.420346095341782541e-23
-1.669184952500339952e-22
-4.060382091740891314e-23
-6.754715700693412075e-23
-6.324615294872489832e-24
-1.723157898195322684e-22
-4.689031972361698285e-23
-1.550733215540727653e-22
-1.342317491643296825e-22
-1.022286417902733629e-22
8.125057954255095346e-24
1.296232877689963650e-22
-2.310785437838364652e-22
-3.236454135293811556e-23
9.056778461243899897e-23
2.442225013078019591e-23
1.676276814716046867e-22
-2.691243907214859236e-23
1.913789081114681165e-23
-1.913720807840179469e-22
-4.242975131403844189e-24
7.231945088205464055e-23
7.389353957617952263e-23
4.987924238356864828e-23
5.475238640203193308e-23
7.251431500923329702e-24
-5.513645521219955799e-23
3.273659237436035025e-22
1.333178067427549505e-22
1.855348608809546666e-22
5.428137579886939301e-23
7.920098534750052328e-23
4.072027297995946804e-23
4.233105956012932581e-22
-3.257407540593023691e-22
2.523238804009798888e-22
1.368429968913035379e-22
-5.337926139112798174e-23
9.284260332620886840e-23
1.195778197456077005e-22
3.443766410152283982e-22
2.112389367943137968e-22
1.945033357238013940e-22
2.237967544339586755e-22
1.107440365137355756e-22
2.432360807121622799e-22
5.358437770983177637e-22
1.558206429126536182e-22
3.753307282320311357e-22
2.953934333748560610e-23
5.136311162135622069e-22
3.909683021828177030e-22
3.247245800648590182e-22
3.278842640036668891e-22
4.023232296456046831e-22
3.891169640366342258e-22
3.178351072953328667e-22
4.648128765591865188e-22
1.431967604055842597e-22
3.081181083388282505e-22
1.538447635902069630e-22
1.235509992682123897e-22
3.173495381367432833e-22
1.642285236067649648e-22
1.728766336779843673e-22
1.874702097430567445e-22
1.999012025875721272e-22
1.788866585331149941e-22
4.054962918724594622e-22
2.013616162400250342e-22
-3.645858932980597285e-23
1.008552439941373823e-22
2.649727479026789319e-22
1.931218033154774032e-22
-7.188311462140402207e-23
4.150354861500021929e-23
9.333046060954152709e-23
2.405965814272747651e-22
-4.012524084258481485e-23
3.269201776735041330e-22
-2.400767969818654296e-22
-1.364736758442216270e-23
1.317711741005029023e-22
3.489041471596480871e-23
3.359338866416237702e-22
-9.759531905642618233e-23
-4.861048957102143349e-23
-7.220190676605926422e-23
3.923602999199056594e-23
1.892092640186441607e-22
7.737697641084660331e-23
2.371408138845976616e-22
8.231105219450948001e-23
5.138932753594668394e-22
1.492438140249247921e-22
4.143118653600742253e-22
-1.502320501954558131e-23
2.355406998662586876e-22
-7.790528483745559324e-23
-1.449481968403880803e-23
8.926064492543858360e-23
1.450423521846508586e-22
-3.916213308383345769e-23
1.943233090439163761e-22
1.325550828766382259e-22
6.985448729926988870e-23
6.699522266555982093e-25
3.321994549960239325e-23
1.573183591215334152e-24
-3.081707680780369511e-24
-1.424465675456397554e-22
-8.726608785416524093e-23
-1.308718465374462653e-22
-8.878427175941534739e-23
-2.440822635077187846e-22
-1.475718707748317351e-22
-3.288622582384616933e-22
-4.942344263134950309e-23
-1.587046843544189764e-22
-2.353461602726005166e-22
-2.561777267752072405e-22
-4.275055274063714147e-22
-1.798269332598752073e-22
-7.743808075362835845e-23
-1.780278883787782939e-22
-2.497637399960321337e-23
-2.782475646246535719e-22
-1.716856240753512134e-22
1.903171904503856043e-23
2.532408787465142235e-23
-3.290685205863578787e-22
-5.967748596773855678e-23
-3.144158429983163473e-22
-5.456383357246061628e-23
-3.024728228501497820e-22
-2.108125325579578878e-22
-2.618653076280733453e-22
-1.944897912502783012e-22
-4.326219566600189678e-22
-1.850796411402882266e-22
-2.041398430604139111e-23
-3.154394674839153948e-22
-5.013780321723832067e-22
-2.251354608519677173e-22
-4.268572145270777056e-22
-3.526423140274959566e-22
-3.909712476102324620e-22
-1.787427106432156955e-22
-2.868899015310597167e-22
-2.253478155149248287e-22
-2.128648802122723700e-22
-2.160013414708893157e-22
-3.320815480236887780e-22
-1.977995093948919814e-22
-9.834963746063269113e-23
-2.500663302893048593e-22
-7.584566973956716126e-23
-6.189591681768691320e-23
-5.441684413782970339e-22
-2.298248785026928299e-22
-1.970140958529192232e-24
-1.809687390050880496e-22
-3.388304627170094447e-22
-2.136839079545030733e-22
3.145950293797538043e-23
-2.784227353644644692e-22
-1.023666309755091340e-22
-1.385762114317937850e-24
-1.253404516777317724e-22
4.358796569763217717e-23
-2.285002777351037265e-22
-3.706672672503460154e-23
-7.126019447974397236e-23
-6.382733282002378632e-23
-1.214280171650488772e-22
-1.304227483946273093e-22
-6.472342129580442567e-23
-5.472062891672858559e-23
1.718325576333408367e-22
-1.414901941696465517e-22
-1.375125503543524179e-22
-1.370879586051362357e-22
-1.239504519028860793e-22
-2.611394624616241463e-22
6.597334056249629201e-23
-1.047463684219639416e-22
1.282184679267443708e-22
3.061496321843693427e-23
-4.970817087611990300e-23
-5.454346134286878833e-23
-2.635095366659009659e-23
-6.640008234606021927e-23
5.236138809969744861e-23
2.485343684026491712e-23
1.259151888965548671e-22
3.020999756148271305e-22
5.892996142239296607e-23
-1.026069898039385222e-24
1.317289981354122913e-22
-9.648644713482591581e-23
-1.778172732260964755e-22
1.426467706500686028e-22
2.650835242584807538e-22
1.797225881064737509e-22
2.055064039597297972e-22
-1.592317522602419273e-22
1.880831051945898193e-22
-1.240612196054002135e-23
1.777163947499024751e-22
3.236262799361223174e-23
1.029137825018677790e-22
2.113214323904885649e-22
1.051987468339750516e-22
9.657060119743021570e-23
3.478456862342701126e-22
2.022323915257543145e-22
6.545147940939869661e-23
8.392992488142991207e-23
1.329550531811772862e-22
3.522292990733473698e-22
3.004608195746051516e-22
2.016360104940882018e-22
4.653891392745520324e-22
3.589752626204806429e-23
4.420271546916635208e-22
2.664344226826395705e-22
1.265147083236536415e-22
2.720126852785572544e-22
2.577535011644065702e-22
1.220061070440858144e-22
2.582712912556018194e-22
2.310285375410957311e-22
3.121149062411682004e-22
1.171370611834902278e-22
1.780392136730789515e-22
2.169234902256967093e-22
3.703394155689437156e-22
2.745919718428726670e-22
1.897918499436598878e-22
3.403283004161236199e-22
3.741360009306294472e-22
3.465258492902810274e-22
3.166214282229682992e-22
2.128869029705819510e-22
2.006309338929623171e-22
1.040591368145351100e-22
4.488819651794088346e-22
2.638465799702932595e-22
7.640863645634121325e-23
2.020727897405006391e-22
2.115159202755248192e-22
3.392981104433519529e-22
2.807653988523317867e-22
1.140546812554601818e-22
9.330041325937621103e-23
5.345431641049929687e-23
1.488073069488203905e-22
2.605239891531066107e-22
2.974733751838864519e-23
-6.240918505673323374e-23
3.361301865231978271e-22
-4.023178615945657517e-23
-6.867916600916113997e-23
1.467360382663611384e-22
-5.860845069265688447e-25
-1.013791513033289541e-22
3.766218729227111082e-23
6.683560179811778896e-23
1.636977447957875620e-22
2.661431300134728074e-22
-1.079557085757531486e-22
-1.525739852994480132e-22
1.678891421895282795e-22
-1.683737561281658296e-22
-1.496573342803132282e-22
4.828815042616007008e-23
-1.138931315972235904e-22
-1.162007275036672825e-22
-1.095180779023216666e-22
-1.439581576911678916e-22
-5.977753334462471174e-24
-2.501961034527625241e-22
-1.263117069029449111e-22
-7.834513741509587814e-24
-3.740394399543060450e-23
-1.161867315674135461e-22
9.091887118703716333e-24
-6.848405751450999756e-23
5.556804969546534097e-24
-2.731932784204170778e-22
-1.155985981522553203e-22
-2.055073066425152833e-22
-3.080650844232304841e-23
5.592926460372580398e-23
2.467231489216969954e-23
-1.198301115555939246e-22
-4.662250255790787622e-23
-1.626533866686043908e-22
-9.521543093153522783e-23
-1.197928789278611815e-22
-2.749431154361741264e-22
-1.757427968064926960e-23
-2.813741498283684403e-22
1.795801938366267861e-22
-1.930272732066914323e-22
-1.599084796674704279e-22
-3.488009153483284202e-22
9.910958681892534331e-24
-2.092237969241247075e-22
7.734131506748519593e-23
-1.707245778161237824e-22
-3.950922803772602027e-22
-2.081479174238376395e-23
-4.643329757609431420e-22
-3.071372464446412371e-22
-3.133625827016040219e-22
-4.224152312362706388e-22
-7.469143618623883532e-23
-5.204024621522502407e-22
-1.708977818157619470e-22
-2.775033103914673020e-22
-4.258180409365903482e-22
-1.154759385720594836e-22
-3.622344626130635479e-22
-3.783694674684893310e-22
-3.138537078128090851e-22
-2.056066993732147560e-22
-4.411081266074555966e-22
-2.033101385779827609e-22
-1.253645421377669015e-22
-4.152031352215010948e-22
-3.422142066097035143e-22
-2.269305555523507876e-23
-4.087231245374729577e-22
-9.382399040152454578e-23
-1.572492207191950002e-22
-3.273233060591531489e-22
-3.047545144474559981e-22
-4.682411638987286870e-23
-4.519620442327251523e-22
-6.061160427875290572e-23
-2.864212057482240466e-22
2.249188556688903904e-22
-1.468970428774448543e-22
7.382557950117410507e-24
-2.506548184665082546e-22
-1.703015156102128662e-22
-1.849238481198304218e-22
-1.479939120867943477e-22
-2.174299007788982673e-22
1.826090536670663055e-22
-3.320902841202638752e-22
2.588697305719385179e-22
-4.191027150159007346e-23
9.379737830432913631e-23
2.297761153956273401e-23
1.636975195003256617e-22
1.400952227442017751e-22
6.322838613360038535e-23
3.754206290315817386e-23
6.735165688511751031e-23
-3.428936645381338022e-22
2.459758264473357763e-22
2.927361209912989924e-23
6.295172188090168028e-23
2.343978450801523130e-22
1.456172420618319694e-23
2.806406745799962857e-22
1.493145350812927329e-22
8.813982871342752323e-23
-1.239833151608305093e-22
6.593855806118023070e-23
5.915915832115998522e-23
-1.886236251128417760e-22
3.301712325933882462e-22
7.526667416994893218e-23
3.192869721062941784e-23
1.905039023701071035e-22
2.462925887318800698e-22
8.710409034011199064e-23
9.069189091745679625e-23
1.317690869532783122e-22
7.643181418090024238e-23
2.757283590314734226e-22
1.901573633454608165e-22
-6.363223255473982899e-23
1.433382460262608376e-22
1.015854307541040828e-22
3.008820641517106360e-22
-3.143482905275372639e-23
1.690626033655843154e-22
1.542462674386773233e-22
1.507399758280676298e-22
4.786101466388297622e-22
1.986972830241790827e-22
5.119988838317626328e-23
-4.374729489059126109e-23
2.163117205799706483e-22
2.283897342854910473e-22
3.026018544011148470e-22
3.817334224460255236e-22
2.874485002520303972e-22
2.908851962436673851e-22
-6.039076912617463661e-23
4.170867921467467712e-22
2.243587471798324339e-22
1.961817164589754365e-22
2.941876199824959054e-22
1.749636164710140633e-22
3.025737687607670693e-22
3.219952812627118516e-22
2.699723834075728040e-22
3.348641484803586608e-22
8.156582929999129750e-23
2.346635987847336465e-22
2.018132742637136868e-22
3.314775747473471359e-22
5.021037924787152587e-22
3.369182944807742390e-22
3.444665896827222489e-22
1.639423459103496767e-22
2.815539206327174678e-22
-1.130035243411162244e-22
1.860401163841325033e-22
1.203170396457330921e-22
1.673432698532430746e-22
2.055101045099377736e-22
3.045976334448964172e-23
2.330076253160471194e-22
2.400741976205553635e-22
4.312484724532552663e-22
2.890480412443572496e-22
8.110023929553162398e-23
-1.062523770317899199e-22
3.335018097193654631e-23
1.473040859747794319e-22
-3.367894325075987555e-23
-6.592959907797338028e-23
-1.324970866837613812e-22
4.074631942290000887e-22
-1.588125194573417841e-22
1.495211308960008097e-22
-4.431248101713424615e-23
6.852497723630815696e-23
-2.166468473195505679e-22
4.026879718951991121e-23
1.392098362874141626e-22
-1.355476285917267638e-22
6.159336010645806308e-23
-1.387251683857047608e-22
-2.728549331567045855e-22
-1.424966610195942506e-23
-7.771497865274414770e-23
-1.408267613099838939e-22
-1.923422111761146611e-23
-1.906506740652380123e-22
5.503213458437739479e-23
-2.030167347952603345e-22
-1.882617386811994943e-22
-1.007121673374913920e-22
-2.473500735464831326e-22
-2.029363679910558900e-22
-1.748546543822091071e-22
-1.468009924982170823e-22
-1.102071725210507555e-23
-4.319328163976057218e-22
-5.893456194894154190e-23
-2.359006216799166723e-22
-2.013410248210957660e-22
3.636385583204190629e-23
-1.967304459861513875e-22
-1.245632512308611337e-22
-5.505886200757675531e-23
-1.760427404449112744e-22
-2.395407046342694101e-22
-1.184725858244290885e-22
-3.569126716420871265e-22
-2.069667524224322486e-23
-1.967757890847741642e-22
-3.550585851692348822e-22
-9.075455049463133131e-23
-2.158492808884097124e-22
1.474381214003447567e-22
-2.637297724626651167e-22
-2.392766005206983872e-22
-2.869567878505566777e-22
3.049770665675990067e-23
-3.158169542244066901e-22
-1.113975294187939978e-22
-2.209424392027832836e-22
-2.414161754127472311e-22
-3.708243965575100945e-22
-2.090485420497765932e-22
-2.872610290076244660e-22
-3.108821763702230464e-22
-3.125412293303524300e-23
-3.835699681423573001e-22
-2.756312863450251744e-22
-4.203872081798105355e-22
-3.488821261975244840e-22
-9.043973346580737841e-23
-3.926189759530329925e-22
-1.945369720272053707e-22
-4.277169524700099887e-22
-7.679685336556800555e-23
-2.997415031125840258e-22
-5.677119603501350392e-23
-2.148233896277924835e-22
-4.663030179547219886e-22
-1.008277880137088615e-22
-3.066531059495696106e-22
-5.862006468532024872e-23
-7.786770014476083629e-23
8.155640626659134175e-24
-2.250173995005685303e-22
5.811965607052579751e-23
-2.057187888436060971e-22
-2.694960670152042911e-22
-3.681703467069385741e-23
-1.462678961920578994e-22
2.168580767701807269e-22
-1.163609762639262398e-22
-7.148367765207513498e-24
-5.294655979892841280e-23
-3.711983804742978478e-23
-4.608184928442597736e-23
3.013886777738999681e-23
8.786435502206752581e-23
-1.657122237648442331e-22
-2.468869809674271135e-22
1.662625186304732922e-22
-1.846371690031351001e-22
3.946864810544450563e-24
-8.325283038768975264e-23
1.703068283865393928e-22
1.362659118959027588e-22
2.664908803248951494e-22
5.759600436647235560e-24
6.139409540673154985e-23
9.377147773861727344e-23
-5.715690972767141092e-23
1.717790123663608131e-22
3.100354358666005810e-22
-2.072794494306789390e-22
2.133922760475324930e-22
3.497887889461583507e-23
2.119746176872172015e-22
2.956486478659473659e-22
4.654821032866511426e-24
3.986774417423444428e-22
3.715324645388403788e-23
1.146994417403280438e-22
3.849613969732334663e-22
1.468443943035379187e-22
2.488723545325240751e-22
2.951116844327004673e-22
1.675313287102882656e-22
-4.074987167786612778e-23
2.215559687257139460e-22
1.296996918298557178e-22
2.477109915009655367e-22
7.164009434451966163e-23
2.786968182279211390e-22
3.927545256099652800e-22
2.015404497900118158e-22
2.603482170269259296e-22
2.430899679389527533e-22
2.475148327891133277e-22
1.894920875430033423e-22
2.365156736239020595e-22
1.826090089361165071e-22
2.084465844144763083e-22
3.084808023578986513e-22
1.551094999574747739e-22
1.173307746687965390e-22
2.765888759971573770e-22
3.770965289374465148e-22
3.402278532635653638e-22
1.057520554410328996e-22
3.486699727202553043e-22
2.813140056789190888e-22
5.011913788939764855e-24
-3.635711686035803766e-23
3.276599607077830511e-22
2.244756179488896387e-22
1.233023538803314177e-22
1.314923440400203951e-22
3.102276365306558762e-22
2.874311568478491420e-22
1.737446617587716260e-22
2.731942938061724034e-22
2.945529684335713413e-22
3.314758227007819417e-22
5.572500523651744946e-23
1.594279534568480152e-22
1.667668661938364990e-22
9.419573663538490572e-23
2.691342778033410163e-22
1.558379893897107836e-23
7.763317897616188386e-23
4.501615611824180849e-23
-7.914612791260208462e-23
4.240243030889862504e-23
8.237951105149237052e-23
2.742469180115361744e-22
-7.498122128671118174e-23
6.816404590645552376e-23
2.655103217190207155e-22
-1.413020991247939482e-22
1.144525203636017500e-22
1.569364848197315367e-22
8.847976011367074388e-23
2.087722898903784398e-22
-6.381544570908585220e-23
2.002996960863071278e-22
7.857425769930949595e-23
-5.607247689571177863e-23
1.428903281262116321e-23
-1.065878973158314575e-22
-9.887896796961466751e-24
-1.496938763132477325e-22
-1.270980354673648957e-22
-2.004748260893955983e-23
-2.027459853962531333e-23
-1.983860158219785489e-22
-1.520230361544573564e-22
-8.620473591759036659e-23
-1.695968206182386913e-22
-1.338627776826676561e-22
-1.519588871378875976e-22
-9.551113965013735036e-23
-3.239725368163242104e-22
8.992413699881246107e-24
-2.508977715878384593e-22
-1.997820106362700149e-22
-1.062784266323816647e-22
3.736795437187864598e-23
-2.331315483767284669e-22
-4.470931872149337034e-22
-2.168176839634728039e-22
-4.076298137882452411e-22
-3.576023534329245557e-22
-2.763631816117499670e-22
-1.480904535713999979e-22
-3.660757618055939296e-22
-7.181675073495509881e-23
-2.183236703655627646e-22
-2.524150479824792377e-22
-1.625140727991352320e-22
-6.787879849917362926e-23
-1.144989080917641190e-22
8.445580246219168186e-23
-1.204781092350958298e-22
-3.092942778105652499e-22
-1.172220470325438731e-22
-4.298081995856064345e-22
-1.645010223235513805e-22
-1.917169246716533233e-22
-1.185481007899891886e-22
-3.391808181410157778e-22
-1.384608674154672050e-22
-4.310001251031794667e-22
-2.993788711573041384e-22
-3.216525056381251437e-22
-9.793353225739528119e-23
-2.596756226365834869e-22
-2.020114600903550446e-22
-1.526828408337144428e-22
-4.693105125554322074e-22
-4.061978779452051136e-22
5.447431462049851974e-23
-5.263963937846207227e-22
-1.750450553502759049e-22
-3.650175635511615959e-22
2.154014954586968804e-22
-4.846413343435865561e-22
-9.574291818373876018e-23
-2.088986218710819948e-22
-1.088015143270374362e-22
-1.537820425266085814e-22
-7.007543969537638703e-23
-2.063511127495398080e-22
1.311716738214654128e-22
-2.857305768512468659e-22
-3.123054407585476447e-22
-1.977463596611289913e-23
7.852009843465747266e-23
-2.445333595365944047e-22
-2.521108318042949012e-23
-2.294717866307923268e-22
-9.935339680807380834e-23
1.056382579490446973e-22
-2.879541117215116072e-23
8.888679323951205045e-23
2.727303072083003265e-23
8.804587323536134337e-23
7.487465514355165304e-23
6.931151243415738516e-23
-1.434766047165070320e-22
1.651365617366953319e-22
9.162497022653797084e-23
-1.166069481831003382e-22
7.120621245098470991e-23
1.813909676451550268e-22
-4.344942806182632009e-23
1.183839533351238069e-22
-3.563212287935272998e-23
-1.207081120959981826e-22
2.896620956691041072e-22
2.604372233471182098e-22
-1.399437291590312884e-23
7.021350637397653843e-23
1.968054707113705216e-22
2.214911071663243346e-22
-1.525953543740419297e-22
2.337650826089219093e-22
2.483947754425772424e-22
2.976302862500713349e-23
1.969756167143130132e-23
5.242381208128948020e-22
7.866167917593506461e-23
-1.662197377691462569e-23
7.971603697237016213e-23
2.392161965885200513e-22
1.809892043605733488e-22
3.127712254340902409e-22
5.899704465046417466e-23
1.890162505620637675e-22
6.182031276660517915e-24
2.260802688911056665e-22
1.058827471778209556e-22
5.226919859150710549e-22
1.778155455743159159e-22
2.771188531783448959e-22
2.953421564828192837e-22
2.489813946163150900e-22
2.699320983354228474e-22
1.968535571238589883e-22
2.125889311680390643e-22
1.255959964545466691e-22
1.973037443650994740e-22
3.869310020010736306e-22
1.949097162457007055e-22
4.017226296424619156e-22
2.389642734047767883e-22
3.235519704639172324e-22
3.495829549622672443e-22
1.878781259001563408e-22
2.443366499639640246e-22
1.451875681694023253e-22
1.430119119327514655e-22
2.323981838802183644e-22
4.191346205019380129e-22
1.884516060505466554e-22
4.048294735165926485e-22
3.242589246801708559e-22
3.879585704161278292e-22
1.869200403849394688e-22
8.091078398286261746e-23
2.426273626644371264e-22
3.880605768084277887e-22
5.133099710072714847e-23
2.522804559884331605e-23
2.776085912104386466e-22
-2.239505110529722850e-23
4.835010481803866604e-23
3.986094292941281731e-23
6.288271465943120127e-23
1.273302689503748477e-22
6.273047652633250862e-23
-2.341501220199241779e-22
-9.597767460886863535e-23
1.822038613993208212e-22
-2.914146240842043512e-22
1.486718186546383064e-22
1.968997313048621626e-23
-1.358524129347763603e-22
2.217335200717480868e-22
1.194733016680792243e-22
-2.496153110724627645e-22
1.923784536230775665e-22
4.194329092999281690e-23
-8.692527631976663049e-23
-1.128501343058297259e-22
5.928680000662231642e-23
-9.250351669454425232e-23
1.808268478491872735e-22
-1.774505948244932853e-22
-1.200697548546280663e-22
8.418301661348249245e-23
8.833948701825032145e-23
-1.218085151643322158e-22
1.280545631549434665e-23
-2.367294791513122053e-22
4.925305267830362196e-23
6.060763016396167353e-23
-2.574122746480409253e-22
-1.917069272853822962e-22
-3.438238303837184497e-22
-3.976190175756863549e-22
-4.390550631666902914e-23
-4.050141166184148425e-22
-1.762283236212283725e-23
-4.358897119369269651e-22
1.365780499624487874e-22
-1.567939777253884589e-22
-5.111625337136936494e-23
2.560212777553798890e-23
-1.044910815862131154e-22
-2.031259195167502503e-22
-2.385505559160398267e-22
-3.249295404746118412e-22
-3.992176737934957491e-22
-1.622015711034761006e-22
-3.658987132164443257e-22
-2.680958669696505761e-22
-3.012650796823590689e-22
-2.530389090958897114e-22
-3.121279073277315952e-22
-5.025573062050073985e-22
-2.522634113309220660e-22
-1.315140813026859700e-22
-2.519919576698569026e-22
-1.440613313309268188e-22
-3.568881087447134463e-22
-2.156031636467515150e-22
-2.780812189132776558e-22
-8.891091660808949787e-23
-5.653867914815966602e-23
-2.044181357806855855e-22
-7.182251257167844434e-23
-1.769119923441721385e-22
-1.069116180195239937e-22
-1.375560067259302603e-22
-1.924468188578497492e-22
-2.262708710625540310e-22
-2.908275717603027332e-22
-4.425013591186096027e-22
-1.488477991859123741e-22
3.575290381828966034e-23
-3.711707522562613948e-22
-3.300542959486485286e-22
-2.149267770510189534e-22
-1.106611356346898322e-22
-3.465011681042624544e-22
4.720956331229609854e-23
-3.592503146503259215e-22
-3.317379227495473896e-22
-2.043218809668495866e-22
-1.638120130154286057e-22
-1.870776473311198233e-22
2.063274608300321071e-22
-1.614954988343975704e-22
-1.806449204536062986e-22
2.462169810265558569e-22
3.694637000842230765e-23
1.176933362450185143e-22
-1.904671600339173212e-22
-4.264296489178848438e-23
-1.525997440333215098e-22
5.579096838349346408e-23
-1.131678225701126322e-22
-1.152866797420239352e-22
-3.663993634553475310e-23
-4.545733164306296390e-23
1.184218600909787318e-22
-1.916961383386960843e-23
4.151932729378328149e-22
-3.073487439743104172e-22
-1.639721331408591289e-23
-3.152863806441672768e-24
2.330919192866529381e-22
2.655410621565937455e-22
-4.628333899032585458e-23
2.256297052849773999e-22
2.038670304488934529e-22
5.138861621258210819e-23
-3.231778590557921507e-23
1.866377458045924165e-22
2.310990705123698861e-22
2.983351354570623938e-22
3.469772045981796257e-22
1.688744523844969307e-22
1.704578462793248974e-22
3.872492894303803284e-22
1.345302977522248987e-22
2.574686404916066260e-23
2.824982021798239752e-22
3.705261955519675410e-22
1.398693474975770270e-22
2.332422905567631657e-22
1.183556740272365316e-22
-9.209279016236641346e-23
1.876026844758232815e-22
3.526645316695313329e-22
1.572443724924555662e-22
5.702219853132936104e-22
-3.212726441279787762e-23
2.799838597918019130e-22
2.027127462378062898e-22
2.087733749199773722e-22
3.995776095012996185e-22
1.701749188999727940e-22
3.713987797708458699e-22
2.809836560172148784e-22
7.731109291044534728e-23
1.153455213643784315e-22
1.906738580598940297e-22
-5.941504815012975680e-24
2.683532513293118488e-22
1.821611813940303257e-22
1.575051134022993918e-22
2.910516537626497907e-22
2.638240756409119042e-22
3.372204816484008571e-22
2.342665612639611217e-22
2.638523475990512668e-22
2.542478586576394726e-22
2.021541621453624210e-22
2.946892152291406806e-22
2.000983695553713030e-22
-4.861554809097893671e-23
3.745004160987078661e-23
3.020656244772814702e-22
2.075669372821097397e-22
3.634353679063901381e-22
6.707513875515755870e-23
3.840541813649648020e-24
1.647166086497758380e-22
2.783978586353146958e-22
-4.577766567764352182e-23
5.903758332305010107e-23
1.511896103804421077e-22
2.161060808671027459e-22
1.349722565447739524e-22
1.000561764079008627e-22
1.420701454989298226e-22
8.068787722632962511e-23
3.275225720372978298e-23
-4.567059687636754791e-23
1.312338642347610770e-22
-1.818530434297276327e-22
7.437224603256376210e-23
2.391446303738223319e-22
-4.790803585195281343e-23
-7.889858136649511161e-23
3.313683659058758462e-23
8.060956544444430793e-24
1.651037233799271240e-22
-2.183210466129785603e-22
2.417680325911267455e-23
-3.811468202742868932e-23
1.065777071240886639e-22
-1.034583260953979970e-22
-1.365227496570178800e-22
5.221245301003717528e-23
-2.480648036226431931e-22
-1.298003421161795036e-22
-9.618366552889212854e-23
-2.949514955814619405e-22
-1.236058312567351189e-22
-2.278290711611801279e-22
-3.053795162370063030e-22
-2.830431095909691234e-22
-1.253030051405888102e-22
-2.878142564960784975e-22
6.374377716335361264e-23
-1.752638466668554149e-22
-1.365070351428670059e-22
-1.341975347142768385e-22
-2.712697025520589714e-22
-2.070301445793093867e-22
-2.662760041553934472e-22
-3.101400341183188362e-22
-2.946867860543000105e-22
-2.050123566360384931e-22
-4.269753017629178870e-22
-3.612786046914976867e-22
-2.238781696625747760e-22
-2.924760037570443791e-22
-2.132011048693765520e-22
-1.320490357660839701e-22
-1.901695290705422158e-22
-3.455407492007022232e-22
1.692541716614892798e-24
-2.326603302817432300e-22
-2.029560883505588293e-22
-2.230357115442862605e-22
-1.679776812220973812e-22
-3.771323186521109529e-22
-1.796265896714391263e-22
-3.294039686718330601e-22
-2.410146036622667107e-22
-3.233165125186315760e-22
-1.372227745370312750e-22
-4.334634008154894799e-22
-3.360709301052846976e-22
-1.631149914381873624e-22
-1.797950324237199147e-22
-1.038681739196935392e-22
-1.491876998387488729e-22
-3.220958765172792245e-22
-5.567073610765331821e-23
-1.283351398834331411e-22
-1.532920085569340528e-22
-2.281650812393513000e-22
-2.857038524410795390e-22
1.096787123705676572e-22
-3.063178965028922923e-22
-1.844378527507662365e-22
1.648870390151964079e-23
2.156979215766766108e-23
-3.233847222196559278e-23
-3.166818415528407118e-22
1.287594512160174319e-22
-1.202020747640046383e-22
-9.803994133145856601e-23
1.211239741430547399e-22
-4.277012975545246568e-23
2.541477594638599430e-23
-8.243808522760017620e-23
-2.300234611702933884e-22
-1.283602623380870733e-22
9.997543080053734073e-24
2.728972273648917991e-22
2.356600575081089825e-23
2.824085560113987287e-22
-1.022724694815017394e-22
-1.974615777931775576e-23
-2.456986539087342516e-23
1.447866694654514630e-22
-1.807825497732540522e-22
1.179898882835946121e-23
6.192736718771699623e-25
8.355318715700666135e-23
-1.064527968865760761e-22
1.711366796934228709e-23
-2.332381233951393679e-22
1.453660600564073074e-22
6.857583067897895086e-23
1.798283726109679596e-22
1.476552585970953341e-22
-1.008007309794226883e-23
2.581013268040092582e-22
-1.993144012667416964e-23
1.789448021367675834e-22
1.804396887858981157e-22
5.449273702610157146e-23
2.042530212216791054e-22
1.089423982428434013e-22
2.880018614446452751e-22
2.195304292418927398e-22
4.622665290613043316e-22
3.866507837921116761e-22
2.867434658465892093e-22
3.946334862017078475e-22
5.615478150804788339e-23
9.657568640312576102e-23
4.233224653782369292e-22
4.800571318197247360e-22
2.251021213641882760e-22
2.614272112985150977e-22
2.265785564064876768e-22
4.308041194156635322e-22
2.623232749036620201e-22
1.529342442846653654e-22
3.185843099059516447e-22
2.501319812721683894e-22
4.289228769650235027e-22
4.338354584035551215e-23
2.174654054978400838e-22
1.714987718429417308e-22
2.213177831851816994e-22
3.859801931572935930e-22
3.528451793359606965e-22
2.419417140802584216e-22
3.329074378962791615e-24
1.283170695530905387e-22
4.874276022022585472e-22
2.622417316779100994e-22
2.107283379551373645e-22
1.820827505264412776e-22
2.154519196294912096e-22
2.211299594188937635e-22
9.849843527982482160e-23
3.658644272937599608e-22
1.699934029695923081e-23
9.443275715518205173e-23
3.089456974949770511e-23
1.349008605675888616e-22
-3.761910617827667908e-23
3.543569751585073432e-22
6.739384931312909693e-23
-1.189080690463346126e-23
-4.898605757241337451e-23
9.347503215185108804e-23
1.995492758426927963e-22
-6.360851909077189197e-24
3.492894534096246629e-23
-1.052216359155461976e-22
1.001949817624214222e-22
1.430829679722668889e-22
7.305783917425678722e-24
1.407049478443126892e-23
-2.182892586740817052e-23
-1.621675675314514580e-22
-8.926407663490901677e-24
-1.895579127739668622e-22
-1.102611567661454773e-22
2.176814783893771850e-22
3.813352861973451997e-23
-2.587004019419629442e-22
-4.908327340858834162e-23
5.756349191911831893e-23
-1.575830621832531188e-22
1.005675061386341349e-22
-9.182931296353383654e-23
-8.262129267217264405e-23
-5.773118388715794993e-23
-2.178757207332395136e-22
1.083130089094204312e-22
-5.846222342670600153e-23
-1.608406581634906447e-22
5.984183841069704236e-24
-3.225734197865723387e-22
-1.311228157662357958e-22
-1.543025255812749262e-22
-1.343683844659046554e-22
-3.086137508999271929e-22
-2.210989596307712749e-22
-1.698433497717863124e-22
-1.347377738522019374e-22
-1.530729221815826514e-22
-1.930597172516843751e-22
-2.066705754222216435e-22
-2.911005747607054900e-22
-3.139983955903265115e-22
-1.344188560481689646e-22
-3.064365729017652987e-22
-5.443629256955413424e-23
-8.768167524960887548e-23
-1.147862595253064584e-22
-1.428217985292474906e-22
-4.139240867054014418e-22
-5.558478681172440138e-23
-3.963345091381927036e-22
-3.467778210566111037e-22
-1.702658206017600124e-22
-3.002210007706089738e-22
-4.793905577382478067e-22
-4.518039011569676740e-22
-2.895077049530773365e-22
1.520774388423387098e-23
-6.359355167659744623e-22
-3.603777209486549044e-23
-5.430272559983502208e-22
-1.601641654115931814e-22
-1.623840798216118641e-22
-3.350723404044033762e-22
-2.145373149641596144e-22
-2.737635950068892593e-22
-4.739156612093045784e-22
-2.309605048289131608e-22
-3.449586805927495013e-24
-2.399459108010773076e-22
-1.304961460608973659e-22
-9.537687749208458540e-23
-5.531664178508539261e-23
-1.546043266327735860e-22
-4.513214375955303212e-23
-3.211544726672500843e-22
2.568046109516321988e-23
-2.635051936867244064e-22
1.873131759350729669e-23
-6.233464197232100649e-23
1.159080801085232339e-22
-2.510693021736356407e-22
-2.453160795931764345e-22
-2.310576489649085248e-24
2.302043908118945019e-23
-1.708717302939170561e-22
1.260380621507497709e-22
-2.639585389797523528e-22
5.622918779398238988e-24
-5.580600434448830683e-23
1.100766178105376425e-22
1.283522361579762874e-22
1.638517520222452998e-22
1.537938647441220228e-22
3.553141605984619106e-22
-1.010875920703986650e-22
7.921560392754704026e-23
-2.828855199764400483e-23
7.216808071836559004e-23
2.003504331064134777e-22
1.602607388402181070e-22
-1.120860177736185689e-22
1.780662443819885351e-22
-1.102996437029237054e-22
2.849183218544312533e-22
2.073803477033464062e-22
-6.014481956346854096e-24
2.896657112930841939e-22
3.641741008165236019e-23
1.628852901583784778e-22
-2.725906080336458701e-23
2.269550773440492294e-22
2.393263567865439396e-22
1.227171723158522881e-22
1.331671991296564226e-22
3.488873452335704530e-22
3.147143324349636215e-22
2.678062391522685651e-22
2.579586534861224340e-22
2.334537430617449879e-23
2.599741920810307961e-22
3.560672834815191542e-22
3.350195801819411077e-22
-4.429500932590585717e-23
2.080892450351011678e-22
-4.610583325982710712e-23
2.794038122727241953e-22
1.990358521516009564e-22
2.890887215639300832e-22
1.046746449552639507e-22
2.205287207771610555e-22
2.876303618314160909e-22
3.807277794851855702e-22
6.354689967061277533e-24
1.774714176870755192e-22
4.314100483066726208e-23
2.780887436889316200e-22
1.855847350833650875e-22
2.912935669577025747e-22
4.026162118993917083e-22
3.354280006387509733e-22
2.988806612787570163e-22
4.464524838012642699e-22
1.959221031541574957e-22
3.035177758227694170e-22
2.960860085456790971e-22
4.567940364677370379e-22
1.509213108556752655e-22
2.308318608535055406e-22
2.978909598716598707e-22
4.854819314183963798e-23
1.068066854907689668e-22
1.944786826683354283e-22
2.678536899179149189e-22
9.640116595899200473e-26
2.903664949783057000e-22
3.688922057199172610e-23
1.930514644733543699e-22
4.252167196526944554e-25
1.916980252792952637e-22
1.306007071804340793e-22
-5.930571049462888154e-23
-7.914031319907161326e-23
2.148229470562802576e-22
2.030281712838181215e-23
-3.605881665838073076e-24
-2.826716805781910451e-23
2.655463995002088438e-22
-1.510166781141828916e-22
8.090621354697751223e-23
-1.349114711577150755e-22
-1.175099685781742745e-22
7.471917817996486734e-23
-1.476550282688592954e-22
-1.532867404802291070e-22
-8.587303292342291110e-23
-6.929060211563511744e-23
-4.800650586401133185e-23
-2.068699668007517340e-22
-3.383279759681295788e-23
-7.357444690161494269e-23
3.052698684416464778e-23
-1.310824743146337813e-22
-5.860187452996919539e-23
-1.356155666742603771e-22
-1.681261733648698453e-22
-2.570632810660395400e-23
-3.599756728465896142e-22
-2.303023848290667509e-22
-2.060103619518473367e-22
-4.763149055267312288e-22
-3.344863196230806822e-23
-2.711304196587237786e-22
-7.340636708566063364e-23
-3.719007319368867659e-22
-1.623087348488619217e-22
-1.009420040533433986e-22
-1.253696834425505210e-22
-1.165574481761150878e-22
-5.531044019700958642e-23
-2.472944375884494486e-22
-6.272714420233612752e-23
-4.893263592274675750e-22
-1.554028896244713357e-22
-3.530353247255872627e-22
-1.793620581757748497e-22
-2.238645255829088357e-22
-3.766529215316096550e-22
-3.367941652677680598e-22
-1.740851737926771425e-22
-2.601581012658139974e-22
-1.989975051227423269e-22
-2.543860192908658519e-22
-1.463011851137677683e-22
-8.861588644785134031e-23
-2.766399765173534179e-22
-4.068682143519252357e-22
-2.037645813542600781e-22
-2.294843506131657576e-22
-3.382680598847517732e-22
-2.648675385088175391e-22
-4.124731948720192973e-22
-1.957651856974559260e-22
-4.969282798563652678e-23
-9.398284557057219535e-23
-1.781843419725178057e-22
-1.953967808103630880e-23
-2.202235094949638488e-22
-2.828480668248839434e-22
4.893311459475460633e-23
-1.723532337777698352e-22
-8.587626725865948159e-23
-1.961205675560772428e-22
-3.252373539484787848e-22
-1.978135651740278050e-22
-5.509387239023119351e-23
-2.001569688645458773e-22
-1.198108532802591389e-22
8.179817892483528455e-23
-1.255400983480632985e-22
-7.530506721954649599e-23
-7.772198317486113940e-23
-2.218359297771255995e-22
-1.104255847084378380e-22
-1.484411379341528574e-22
-1.604746094546627425e-22
8.217461903082615987e-23
1.430247855270906803e-22
-1.911724002608676332e-22
-6.597415632365443188e-24
-1.636726995762104568e-22
4.223969042655178435e-23
-3.878646648279178579e-23
3.135167994190892645e-22
-8.133053033164628450e-23
-4.209437827194126173e-23
5.232790095171243549e-23
-7.271944739731017343e-23
3.891116966713517443e-22
5.389493257700750677e-23
1.067225564067760975e-22
1.013081506328750266e-22
3.017266586376857466e-22
1.370089341285930130e-22
2.495400959749293369e-22
1.820084485894872702e-22
4.568142348074795522e-22
1.899952647690461303e-22
1.153436935548156030e-22
2.547843055972146764e-23
1.509509849228951696e-22
3.516586449613349516e-22
-1.573839194931467445e-24
2.642405738300911307e-22
9.363260377290254809e-23
3.304510486429577694e-22
4.309292884436812786e-22
2.111573523481330689e-22
3.915992042674951382e-22
1.197862825496969920e-23
3.615600508775750146e-22
1.167743531440316559e-22
3.201873155742040467e-22
2.378978203198336845e-22
4.156757751189765689e-22
1.883235181693897960e-22
2.378150354510822305e-22
3.826548505163326093e-22
9.276264637886875095e-23
2.203900969239332337e-22
2.396091567242050955e-22
2.018301862213509190e-22
1.666233565966324273e-22
4.139507484770037415e-22
3.230927518481058685e-22
2.942483584169040394e-22
4.005559846222672467e-22
2.228532742551491723e-23
2.060082217791044299e-23
1.528769011587076997e-22
2.352714766199562390e-22
1.793570279257028273e-22
9.890073380921988232e-23
3.469454746020811426e-22
1.819267595082201869e-22
1.823419905480414327e-22
-7.327769820055017842e-23
5.124740262549616741e-23
1.292570474071773128e-22
5.773667337620042508e-23
2.891147949822525242e-22
9.167401799361639189e-23
2.062527703693416619e-22
-2.928381299178441195e-23
1.845792111739757707e-22
1.369265373482851976e-22
1.337434957597061451e-22
-5.440958580353922793e-23
3.536684177959243611e-22
1.021676785997901844e-22
2.265863595009016078e-22
-1.724465525641024162e-24
-4.630792168724967004e-23
2.990942703353501493e-23
2.290592361679941858e-22
-1.131220151884500566e-22
1.310218533408668015e-22
1.009894202775897428e-22
-1.398186804482578426e-23
2.482394438032183074e-22
-7.757488581272349522e-23
-1.881605520873219222e-22
-1.049160587814537472e-22
-1.761849051018473529e-22
8.938443667547632554e-23
-2.361601094027019658e-22
-1.353279072679428032e-22
-1.571928353041125375e-22
3.125946756250228369e-23
-2.572481305347108053e-22
-9.478151803529096896e-23
-3.170802907266563565e-23
-2.226799301383773713e-22
8.170574453101021748e-24
-2.150630137462994088e-22
2.289171241611204014e-23
-2.921005052059208074e-22
-3.080891671955640856e-22
-1.451500988595796791e-22
-2.064733654163851444e-22
3.480965083499236527e-23
-8.566893844899078743e-23
-2.660436248444009024e-22
-2.534406427135164210e-22
-3.027903799137486095e-22
-3.369430012545542197e-22
-4.249112575314857173e-22
-4.412251280224940970e-22
-3.323372401854375630e-22
-1.273357868056530680e-22
-7.774492830084615430e-23
-3.494162506631197428e-22
-5.135558839238494109e-22
2.855932480321534880e-23
-2.931435309438187198e-22
-3.918494381999287629e-22
-3.248710653437677704e-22
-9.625609158684330682e-23
-3.502209365158088176e-22
-2.156961817084692594e-22
-2.267159542833595950e-22
-3.794335640827800184e-22
-2.951919334378066314e-22
-4.218266382484732809e-22
-1.104301559438487678e-22
-5.445336374449671854e-23
-2.156936325640464762e-22
-2.214706535581380688e-22
-2.459820243852948302e-22
-3.713083305582597383e-22
-3.006471227494174551e-22
-2.263513679186842818e-22
-1.738907558020290553e-22
-1.974963490142072887e-22
-6.298267003599500255e-23
4.894453512807750674e-23
-1.602213293917810807e-22
7.245484241035539514e-23
-4.580476534577605994e-23
1.181758597528301696e-23
-1.995458451007625474e-22
-1.336670698851897781e-22
-1.198369154928769220e-22
-2.464342263020070640e-22
1.256865115266931499e-22
-1.810264469522914452e-22
-8.228256596243606738e-23
-1.990123144125655720e-22
-9.726249761881888670e-23
-2.645911350675107761e-23
-8.627217371508348129e-23
1.279206470726547606e-23
2.905449194113006971e-23
1.156760932199051080e-22
-4.651834663063740814e-24
-6.914408497313708177e-23
8.489093383191692582e-23
-3.105746879970321002e-23
2.195707901129475923e-24
-6.973486721451310979e-23
8.968923988925316579e-23
2.368960296721168279e-22
-2.897415461227222856e-23
4.199166372005287437e-23
1.663262589814337620e-22
1.024371659186059433e-23
4.478209245376089981e-23
2.044759778932264245e-22
-9.636823240733800505e-23
1.923835286138250513e-22
1.072670826070801734e-22
2.013907684680360284e-22
1.128475592141897774e-22
9.641138439998522812e-23
2.627734654180330712e-22
3.997606619848376809e-22
1.903076830165445800e-22
1.152415735683708109e-22
4.692465632401566852e-22
1.820535970140907745e-22
1.889055129176131072e-22
1.683142739547413608e-22
4.942668270569725489e-22
1.274296475895547057e-22
2.056699970503228867e-22
2.186766358721522789e-22
3.216975557141302213e-22
2.505155157669223501e-22
3.970604753936037928e-22
4.376540806291227076e-23
2.074679546429516616e-22
1.080735471507120811e-22
3.651427685372901510e-22
2.561748838849003420e-22
1.845611082201325724e-22
2.431512099026276383e-22
2.388327284100143881e-22
1.521477818844929729e-22
1.652268780005465839e-22
2.263432938170721276e-22
2.873445242731718379e-22
1.893627313724749908e-22
1.384521279121370811e-22
-2.850846100155212195e-23
3.391671800595152860e-22
1.800852488518503120e-22
1.479135166784055840e-22
3.404755436438403981e-22
1.415035518084455791e-22
4.865286598922910379e-22
4.071538406996652408e-22
3.051026579752141813e-22
1.642085055157650081e-22
1.946482724651501425e-22
3.278702975945311486e-22
-5.146799632893895696e-24
3.059988976465762712e-23
-4.629147480910617719e-23
1.901841103580778842e-22
2.317289172718433696e-22
1.175844733218449052e-22
2.368919487929640311e-22
8.247136732361532274e-23
1.656827980079146934e-22
7.064203579966142617e-23
3.713378263508816698e-22
-8.516991285505024178e-23
8.042593996785428024e-23
9.549453773512350372e-24
-1.051318938930776306e-22
1.088612035473693940e-22
6.628524346165642253e-23
-4.982535674678652762e-24
-1.047858344614998434e-22
2.791501064116163161e-22
7.426972210002486067e-23
1.556339555469133658e-22
-1.573123108942922130e-22
-3.342105388757019394e-22
-3.684202324319299145e-22
-1.508922952903735054e-22
-1.923047142828093064e-22
-1.261255512773841728e-22
-2.413113395880940645e-22
-5.289304655096967258e-22
-2.065267989824018770e-22
-4.771791707816126906e-22
-1.640872678751873838e-22
-2.595128514350056487e-22
-2.143308086273348247e-22
-3.771589569984217215e-22
-4.863153620571938474e-22
-1.281009697924904452e-22
-1.781960737667017562e-22
-1.561156618250332087e-22
-9.206517353154477758e-23
-8.883076272382005792e-24
-2.672434352103334129e-23
-2.434940876701786217e-22
6.384468674359438388e-23
-1.745201815133810260e-22
-4.117274253738634270e-22
-1.488269561330586131e-22
-2.778019061995285743e-22
-1.827926251289417703e-22
-2.197606886507552997e-22
-3.398366312269269193e-23
-1.493217098223963036e-22
-3.210807503561529225e-22
-1.925549226093522973e-22
-1.367907860286692132e-22
-1.370092233782134227e-22
-3.776006333937647914e-23
-3.261709014736720126e-22
-8.577911325210664382e-23
-5.059755857411406547e-22
-1.125967474463361537e-24
-4.432322889888123113e-22
-1.467369548408604349e-22
-3.078315170545326339e-22
-1.065143351248403741e-22
-1.805220906549431222e-22
-2.577009285320907838e-22
-3.906790710149334998e-22
-2.619182850904735069e-22
-1.748110287513575117e-22
-2.151644356315919446e-22
-2.731447380165050124e-22
-2.414201571976103968e-22
-1.700630673764204286e-22
-4.320079776484540984e-23
-1.766434126532888130e-22
-1.804402926724115528e-22
-1.463999778663547594e-22
-1.989103608043722782e-22
-1.029276851137092888e-22
-7.231552129337120847e-23
-3.903047738643986073e-22
-5.453706555435149010e-23
-2.410735380044185373e-22
-1.322662550166753406e-22
-2.193366593946335553e-24
-2.262472796268505137e-22
-2.461840740006771822e-23
-1.728195158983486102e-23
2.652632168313667499e-24
1.299580666099500255e-22
-3.668856401591152163e-23
-2.044622703529190546e-23
3.869619366842210349e-23
9.519600372319262234e-23
-1.672391403388594138e-23
8.574631207544276658e-23
1.619433322756568714e-22
3.674359980003275179e-23
1.389031915481466595e-22
2.764846747618022747e-22
7.208660601864697219e-23
-9.100716476986569887e-23
2.501843114902745345e-23
2.664510851827648190e-22
1.333556055504375256e-23
1.337278919772972092e-22
3.578240353770238058e-23
-1.171319822123313092e-23
1.943345701124449676e-23
3.402836135582534059e-22
2.289967811058983652e-22
1.489874949797404585e-22
3.572602795505610746e-22
4.387818893262668835e-23
4.657744340648877949e-22
2.492080932453577965e-22
5.888771283274155272e-22
2.786183822043020331e-22
1.585414106158105087e-22
4.084363011022203262e-22
4.328890998615950188e-22
2.967281230727309398e-22
1.813089227800909297e-22
1.889671239374212980e-22
1.729898407312040433e-22
2.905030326183518058e-22
1.030471577314423072e-22
3.686089557815268589e-22
3.927237795486014397e-22
5.568631191923858395e-22
4.738013627488695344e-22
1.598020900086353013e-22
2.156270580447815873e-22
7.564346311993867265e-23
2.808019712966982486e-22
4.126455114336717782e-22
6.626980279798686258e-23
-2.848497776516638051e-24
2.230671532002699625e-22
9.188268332289293769e-23
2.617937565406342217e-22
-1.319284759644997415e-22
3.440534305577052744e-22
-3.468772122620595424e-24
4.943131563549309555e-22
1.653212536933128608e-23
3.343536459650658096e-22
1.400084986063172149e-22
1.935678944872971075e-22
-5.438196585036304799e-23
1.047648948102363869e-22
1.643638454727828144e-22
9.885193134119495995e-24
3.318949118150130938e-23
1.477680464419439306e-23
2.782225750711708676e-22
1.063144036934900600e-22
7.703252557181276994e-23
1.933900283089834531e-22
-1.882285726261738628e-22
2.718599289239977683e-23
1.704808069355593572e-23
-4.699382135484614083e-23
-1.630826571694040363e-22
3.926894294370509350e-23
2.140180233334555175e-23
1.557421067258828673e-22
1.253251097460544576e-22
1.031974311030423139e-22
-1.585364106319839142e-23
1.071640618872291181e-22
-1.535952407158186593e-22
-6.350409397737314801e-23
-2.062067628724072191e-22
4.804083779895847043e-23
-1.671286433142323103e-22
-2.949076335966544239e-23
-2.081953392437392191e-22
3.561838934189815539e-23
2.345745579482122298e-22
-1.144100182093935647e-22
9.515836216924102426e-23
-8.737445371637589016e-23
-2.114519559911578626e-22
-2.300944217388403512e-22
-3.244510782040125658e-22
3.743523752215016007e-23
-8.070065540046613645e-23
1.014480561125653602e-23
-4.252880477213990184e-22
-2.867235927941652522e-22
-2.378677483126779757e-22
-3.325218770332656424e-22
-2.259278637324827003e-22
-5.049019996876870669e-22
-2.531823919412603267e-22
-5.512889190850990555e-22
-8.456664068820003404e-23
-2.888049518030286984e-22
-4.288346364344830283e-23
-5.154111364840328750e-22
-7.798227372388477121e-23
-3.207079520128221027e-22
-4.058339536904703850e-22
-2.616530536912164963e-22
-3.111762254275335710e-22
-3.511435410626317052e-22
-2.183251971059537550e-22
-3.692335467351278050e-22
-3.591523018892334813e-22
-4.152403911920400370e-22
-2.321128763823655919e-23
-2.679270020882588737e-22
-2.692234760210263780e-22
-4.007584173780856775e-22
-2.166848050157944083e-22
-3.771010713566125339e-22
-1.800442097663228135e-22
-3.912262330810115328e-23
-8.791117442907607531e-23
-2.520294767321684161e-22
-2.140904167344029710e-22
7.852186151796658633e-23
-1.852253250892225950e-22
-1.199969030471299253e-22
-9.308102598808565634e-23
-1.464559204428946214e-22
-3.517276208322229701e-22
-2.189767418905152193e-22
1.717394200699901868e-22
9.459529614050468111e-23
-2.854707593151593096e-22
2.696614507355458023e-22
-4.012298080530015977e-22
2.680650355040431278e-24
-3.734249484793637344e-22
4.243182150235916575e-23
-3.042202194605655779e-23
1.468678168257537108e-22
1.151569444387476856e-22
1.251785490715503352e-22
-5.954693001433220542e-24
9.328265820788121616e-23
-1.415648686586825348e-22
-7.661209851560950916e-24
-5.889393904517259137e-23
9.498777554302907352e-23
2.197874422011811999e-22
-4.570537686219442961e-23
1.901030627737429376e-22
2.718755220248903950e-23
-1.318115648273233295e-22
1.009235377737952022e-22
2.500440291565265183e-22
3.229843974168511962e-22
5.691580378697686354e-23
2.350758746604205320e-22
2.649861042109325182e-22
4.796605640233381273e-23
2.467773107443419699e-22
2.415047864449534745e-22
2.753341015824214986e-22
2.451136034167580423e-22
2.641604300811629463e-22
2.304894738532945140e-22
3.413001650968795203e-22
1.450169619692936244e-22
1.437932698768823742e-22
8.560659370709280636e-23
1.533111270488880938e-22
2.445635513886331529e-22
3.390312604691353531e-22
7.087517024869458447e-23
2.271448635856538694e-22
1.526384957059271249e-22
3.180039699605764012e-22
3.258283945535934911e-22
-2.683876819126937086e-23
3.727158146835821352e-24
3.951249548232826594e-22
8.999862176609320848e-23
7.212587352279170664e-22
1.758746064319475379e-22
3.813700284609075275e-22
3.081724742925349092e-22
3.327839233548421400e-22
2.094054574677072151e-22
1.639169982742398925e-22
-1.260519592298228182e-22
3.678808471280787377e-22
7.834876370498299033e-23
6.212602319115794223e-22
1.843010800088687715e-23
3.486839047757371139e-22
1.196949433933529977e-22
8.694786757985386886e-23
1.196346807621570520e-22
3.350446608185938053e-22
2.995236425340752123e-22
9.893099942245109875e-23
2.273945915073116375e-22
3.984601582666456307e-22
-8.850106980672758328e-23
1.663809094816878194e-22
1.997569801480808607e-22
7.376410372166423593e-23
-1.742555120659386636e-23
7.176559590570958466e-23
-4.162279553993734318e-24
5.058406619927750179e-23
1.312400162697709851e-22
-2.079110981605601529e-22
1.621523374567691689e-23
-6.323950873990221401e-24
1.616456238868054406e-22
-8.146992341242389832e-23
1.195360080274194768e-23
2.773637664993472482e-23
4.139186580486326672e-23
-4.088177020105474807e-25
4.771822039422581019e-23
-3.763287721016010300e-22
1.389498003540942829e-22
3.818965418885796319e-24
-3.863272836693466066e-23
3.746757139200951827e-23
-4.904628697928459752e-23
-1.936734267209495422e-22
-2.281676871807084142e-22
-6.641418602915045432e-23
1.243374959543730501e-22
-4.239049724918152649e-22
-2.420668087181634476e-22
-2.688463454260734150e-23
-2.965939652059295997e-22
-1.083004687087673440e-22
-2.474305517693225627e-23
-3.783957392792832564e-22
-1.672713835646976460e-22
-4.879282598209140291e-22
-2.511857411725724673e-22
-1.282220947152189400e-22
-4.469262504908889742e-22
-1.338563555480800836e-22
-3.686510515752221936e-22
-3.097299695488852859e-22
-2.656322412023570212e-22
-6.188697832945887201e-22
-8.934640056952694147e-23
-3.902497122009458629e-22
-1.989096866316675688e-22
-2.469234941104258830e-22
-1.571519571884123023e-22
-3.955213249920227447e-22
-1.515346304532137944e-22
-5.258664988167822090e-22
-3.901627818262710657e-22
-2.151974253471653766e-22
-3.040003608399720801e-22
-3.355701767065104428e-22
-2.292684491562152436e-22
-1.328289571052186711e-22
-1.051107200517088181e-22
-1.076184163756390861e-22
-3.437956701687180339e-22
5.802801248914789590e-23
-3.416556737733594481e-22
-1.508505529016665283e-22
-3.159640514543432319e-22
-4.447067636624951537e-23
-3.195663040014430222e-22
6.240968348215590457e-23
-4.507306382200874747e-22
-1.473226027795894324e-22
-2.160448802066953772e-22
8.420284656456138508e-23
5.264768470831350144e-23
1.210469197059046303e-22
-2.288344640412303831e-22
1.919246171511314988e-22
-1.334256556102019748e-22
-2.862448697507510850e-23
6.776300300068724730e-23
-1.218201959822023804e-22
1.082219914908741802e-22
1.668169600117469183e-22
-1.461546012242028378e-22
-1.257590996509550542e-22
-1.644086198883668577e-22
7.494426889957727681e-23
-2.399294987726507581e-22
-6.612865022499283572e-23
2.528905981234012025e-22
1.037343124509669058e-22
1.389166393224134913e-22
-5.391730546500678660e-23
2.844690195608935969e-22
-1.160539482203196367e-24
-3.758328434310305655e-23
-1.268156697474898948e-22
3.005957933864532137e-23
-9.444017495981346969e-23
1.732468852154134362e-22
-2.001890556312419866e-22
2.036720463228971748e-22
3.752314174469573160e-22
1.733385979400608081e-23
2.059340373951949777e-22
3.088615857913000104e-22
2.997334755973136778e-22
3.675510275550212245e-22
1.524611136522394588e-22
2.890544993875950700e-22
1.355932057673640409e-22
1.635645095287960703e-22
2.796824494014666713e-22
1.330150320894602829e-22
1.151098683764757610e-22
3.179463195187701882e-22
3.057286602638336110e-22
2.667498033295937939e-22
2.156409233162869316e-22
4.022150924388960749e-22
2.664023567527758841e-22
2.289972828088729882e-22
2.204760937257366931e-22
1.811431767211188404e-22
3.214404996334062405e-22
8.771351326867180612e-23
2.760230476028469564e-22
3.046087348757346884e-22
5.740017585634057524e-22
2.748330401735630176e-22
2.341521993362846000e-22
2.974322661198769314e-22
3.325589708280587787e-22
-7.289342212083914991e-24
3.604821428358269769e-22
3.935814974389124252e-23
2.419932022242519384e-22
1.435049573437973247e-22
2.746299458891064123e-22
3.188939974466326709e-22
2.751750972278628531e-22
4.361750877748091856e-22
2.279642416052764886e-22
7.015170126366496473e-23
1.808601802513952178e-22
1.897528305133673598e-23
2.080765652535322965e-22
2.261925989019315315e-22
1.344347937261855868e-23
4.663778661338532146e-22
-2.537328905618043741e-23
9.385310092627905803e-23
1.211355691685328268e-22
1.066847382757754807e-23
3.023666846890564115e-23
-1.433009664707128201e-23
-2.550990129909584646e-22
-3.190926628464244115e-24
1.187216452536587995e-22
-1.020880417552487210e-22
-5.251833451078862462e-23
7.615155804879616107e-23
-6.408849769910443553e-23
4.018822192316214427e-23
-5.060116978509393710e-23
-2.198673534303278042e-22
-1.117116053283720669e-22
-2.498965954532718318e-22
-1.743738855180785178e-22
-2.976183714076132712e-22
-1.842861758565318673e-22
-7.243729731952074974e-23
-1.206533463847376110e-22
4.542086152265464611e-23
-3.547294493597619042e-22
-2.106185528330721950e-22
-3.301337320895804399e-22
-1.488490788476103814e-22
-1.741386874097030135e-22
-1.229046716783215987e-22
-2.586513900211819801e-22
-1.912408352761319140e-22
-4.514237077457645755e-22
-2.105778736586226763e-22
-3.994305311054202451e-22
-2.519632115215741833e-22
-5.538470173946279038e-23
-4.206775684143990186e-23
-6.711005333406749205e-23
-2.931267377956598565e-22
-1.320058341276096039e-22
-2.539396750030714019e-22
-5.179322451540978940e-22
-2.451967315895835600e-22
-3.431554946774439026e-22
-8.613063693935719126e-23
-2.189020281530677218e-22
-4.103982042219882190e-22
-9.587146508080482859e-23
-2.279476451122472975e-22
-9.415493700315865615e-23
-3.379058449273370527e-22
-1.875329466211724656e-22
-2.005975483760753034e-22
-2.007011358349080609e-22
-1.934262034847181748e-22
-2.606343829000128084e-22
-2.363797578113617003e-22
-2.441709308713669814e-22
-1.267900213554381380e-22
-1.403355671569582375e-22
-2.430676016362549461e-22
-2.839445112310635871e-22
-7.322709029023778442e-23
-4.760012167454042295e-23
-1.508323420272139717e-22
-1.198557115840017908e-22
-3.504757694842879968e-22
3.708244016421534619e-23
-2.856761273333205701e-22
-2.117855942050447019e-23
-9.618365782707049225e-23
-2.106612607963609321e-23
-2.983706145409105822e-22
3.571226143644226579e-23
-2.701295191064451684e-22
-1.166440812071116347e-22
3.768966508028758020e-23
1.555052669415415973e-23
-3.680354059222568082e-23
1.543983980769332975e-22
-1.351653251978348508e-22
-2.442701040948769166e-23
7.608973955124361682e-23
-7.635154907390677339e-23
-1.173117696445321387e-22
8.936444832930339466e-23
2.468212766142854219e-23
1.548061475919169561e-23
1.513994616986475179e-22
2.445689300065970077e-23
4.934628150116268833e-24
-8.228342241189969684e-23
-1.004245552266581937e-22
2.265518841956452362e-22
-7.932141291329783416e-24
1.007005184135080902e-23
1.553834475718466779e-22
8.561349008430361034e-23
2.942777864538382442e-23
3.957469486230586901e-22
2.741426261891645807e-22
1.442015775998091558e-22
4.059831411478828550e-22
4.060841109585137033e-22
2.142493808943086059e-22
4.012139279333256478e-22
2.014140340870240362e-22
2.523472785742990544e-22
5.926160497026618116e-22
1.390288598926152506e-22
5.019147110415341512e-22
3.372769008705555114e-23
5.262023951125263975e-22
4.527176073381950281e-22
2.579673223458577766e-22
3.948189432550836356e-22
2.385046427964823447e-22
3.031252758582500811e-22
3.976366236824891090e-22
2.458280018904949593e-22
5.232931105245426172e-22
2.410230913013941505e-22
4.769685030415571040e-22
2.266813100346693565e-22
4.370853686645034559e-22
2.003430295862040355e-22
1.560813893483530237e-22
2.624148298968551364e-22
6.156842878458199564e-25
9.058480460100341855e-24
7.286962401762588081e-23
4.045198041278543865e-22
6.081534981825863167e-23
2.261828764289304880e-22
-1.948905208036185079e-22
1.012197941309651242e-22
1.732918027782821559e-22
8.802008047237864314e-24
1.972954251727093207e-22
9.485569076923994907e-23
-1.991301942305990223e-22
1.926719239636845078e-22
-1.077381345355262515e-22
4.186124625268865151e-24
9.662240316510519529e-23
2.698132272609560410e-22
6.407586812099522215e-23
-8.211850165653141504e-23
2.013086000596328732e-22
-2.504776280022618572e-25
3.715296055707591263e-23
3.222949548492418778e-23
3.679417938908158693e-23
-9.289929286160408317e-23
-1.361526257280283812e-23
7.425698750351630042e-23
-3.004424443822642191e-23
-1.810801713163440308e-22
-5.215716246415341118e-23
-1.801225961256169621e-22
-7.709771892557035176e-23
-1.411820287164242634e-22
-9.041576198624649002e-23
-2.945054613267656455e-23
5.386745317396082300e-23
-1.249543513470846493e-22
-1.738460578338735032e-22
-9.473462629637703536e-23
-1.747215461960663566e-22
-5.410386585875323586e-23
-4.076063803988509188e-22
-6.009263172970762778e-23
-3.319063565180782304e-22
-2.576092633116440741e-22
-8.049894075838620796e-23
-3.178853420695120755e-22
-8.814827305840895926e-23
-2.065672959061116905e-22
-2.474828414989595441e-22
-3.739646185754312957e-22
6.920396870270745501e-23
-2.734871609192517788e-22
-1.430192395228765316e-22
-9.493007288012818315e-23
-3.187619184237521630e-22
-9.677842483332081374e-23
-9.893746101763063053e-23
-3.815074381313386017e-22
-7.779434846705425886e-23
-4.457218145724013831e-22
-4.947240330794159611e-22
-2.042464600648091970e-22
-3.009160969484876100e-22
-3.808670847405565888e-22
-2.438522644944242518e-22
-5.507010385191637223e-22
-2.303448215231087996e-22
-2.291343236758777092e-22
-2.433256049023044917e-22
-3.309693715599150839e-22
-1.211342750558456704e-22
-2.901172201998520400e-22
-2.648953177783883196e-22
1.943581438614979820e-23
-4.164047053626024760e-22
-1.548794201495981393e-22
-1.652118486376553934e-22
-3.027606807868712064e-22
-3.444325233518341094e-23
-1.749438054032404860e-22
-3.741153442060409024e-22
1.746993930413427577e-23
-2.112740613013795449e-22
-2.137818372196559234e-22
-1.479546323080866561e-22
6.661428035502161462e-23
-3.019783926415216799e-22
-1.532351504265827046e-22
-9.653558225174777706e-23
-1.267734602418648174e-22
5.207224280981062274e-23
5.910976369566945190e-23
-7.299775901429506334e-23
-2.255844526780589058e-22
2.290673092726571678e-22
1.767442667485044540e-22
6.672007671508600909e-23
-3.293149128196650372e-23
4.595510199831976888e-24
8.160001676999360566e-23
2.366898989550108398e-22
1.158753947833645073e-22
1.207735839097481096e-22
7.226203463962402581e-23
2.909128624543704608e-22
3.300499435584916796e-22
2.062160414980478054e-22
2.745269592725989097e-22
2.230366282545319268e-22
1.594513677205724566e-22
3.609633753759071950e-22
4.056110923527177069e-22
2.339578068176210367e-23
1.968357550296377045e-22
7.587944733875328221e-23
3.228350421697359666e-22
2.104623681282205675e-22
4.218042825987585266e-22
2.243891621100552881e-22
2.677001054505547320e-22
9.099030182830353085e-23
5.799471271213468871e-22
6.311616675480665480e-23
2.954673700268879823e-22
9.958737650218929800e-23
2.733042768738280937e-22
1.407111656615798754e-22
1.877949162906840678e-22
9.071766362511065370e-23
3.438000195774393147e-22
2.866163802368119633e-22
4.166843472661431697e-22
3.172023602342554353e-22
4.245714881526223609e-23
5.446009669388094190e-22
1.480020845332556894e-22
2.866008483618457005e-22
8.372275280810177708e-23
2.153808358843213637e-22
2.754847232945183478e-22
-1.875973865068445866e-24
2.025011010347821643e-22
3.555268507367749064e-22
6.861416856797942044e-23
1.386580223146132879e-22
2.122868369116124654e-22
-5.574217640296037472e-24
2.834074520633258573e-22
1.485579266329170972e-22
1.564328292849357659e-23
8.517686045852687238e-23
-1.797871798614524469e-23
-4.508397025495137678e-23
1.511446407664756356e-22
1.505580549244447661e-22
2.012181157187516255e-22
1.474767412436101274e-23
4.233777530948758085e-23
2.556791969410391875e-22
1.037856140851556205e-22
2.088489789090182072e-22
1.001185802294135822e-22
-1.439850746889903738e-22
-3.455529820380554415e-23
1.367096884138684213e-22
-8.905713697727371836e-23
2.096754931034339098e-22
-1.896636134944899943e-23
5.057686563204948175e-23
2.292807187286100132e-23
-1.187264639898153073e-22
3.008120724355034966e-22
-2.019507625283072560e-22
7.528140496059492718e-23
-1.903248512712202192e-23
-9.599018619074976522e-23
-1.970090171183404152e-22
-2.197032977712970955e-22
-2.497288046523835513e-22
4.434981010119047436e-23
-2.527206552416655175e-22
-2.823939917477409310e-22
-1.673122726715406366e-22
-1.983729925368424206e-22
-2.368858066458385834e-22
-2.410033686954129852e-22
-2.324318434549471753e-22
-4.154795607409106463e-22
-5.570703342817975537e-22
-3.209994336662600341e-22
-2.542322299904132698e-22
-4.487424513412916624e-22
-3.689817276462619832e-22
-2.359457117645414007e-22
-2.029862830019170503e-22
-4.348656564032027995e-22
-1.808752642105202598e-22
-3.944243976561567733e-22
-2.110189319884872230e-22
-2.621338345016237639e-22
-2.050016464792150960e-22
-2.976444813030099266e-22
-2.090449451223581461e-22
-3.746764363336838748e-22
-3.670981033662022344e-22
-2.499900657571311379e-22
-3.762616464400789357e-22
-2.356171697268931231e-23
-1.930559763642599269e-22
-1.997058564279630154e-22
-3.017611005366656812e-22
-2.636518246389505759e-22
-7.974867353365054225e-23
-2.319020872101474930e-22
-1.523977050400492504e-22
-4.603646489137316731e-22
-6.368851845865971694e-23
-1.843888979749578079e-22
-2.120810214223502078e-22
-4.907507605098148068e-23
-2.739847076274222460e-22
1.062067299055581192e-22
1.100252981898766242e-22
-1.351507971699836850e-23
1.274920038729093762e-22
7.891797925722455287e-23
-2.205917220211372530e-22
-7.131352744796113710e-23
-1.148577547890825344e-22
-5.001000132707036080e-23
-2.181066427667231735e-22
-1.023280642327634155e-22
1.278097935635284642e-22
1.503043640495414973e-22
5.408744643188864565e-23
1.510754429717443709e-22
-2.537495624756076012e-22
-2.023561000106797899e-23
-8.745648392072068782e-23
4.677530275537735785e-23
1.602646402219606069e-22
-4.808944989286696069e-24
1.219918794339684884e-22
-1.015231030769125587e-22
3.561858808800352180e-22
-1.066822646707541204e-22
1.146293118947385291e-22
3.452470739014475121e-22
1.154885334220910862e-22
6.209449034354480618e-23
-7.678448343144065188e-23
3.325874809286235783e-22
1.976632442417901243e-22
3.059176411178165772e-22
1.656314646956786629e-22
3.257569268574310440e-22
1.733944038707849120e-22
2.277787689391355252e-22
3.134795034984039453e-22
5.239248004506017197e-23
4.862872034752421876e-22
3.829897356628141151e-22
3.507167615150116493e-22
4.048335479919894008e-22
4.712909819823926086e-22
3.465928465699062773e-22
3.136278560933056052e-22
1.493299335749660575e-22
3.154333263860171146e-22
2.030212031375036729e-22
2.918678357251565714e-22
3.502882071918623156e-22
3.176025442798815877e-22
2.324202042528781001e-22
3.436189099695810656e-22
2.407362768160399094e-22
2.563607610280137603e-22
1.791336014663464057e-22
1.182564470195724964e-22
9.506202364356175310e-23
2.618008456470796123e-22
2.187176047091912403e-22
-1.533566223361303062e-23
8.637568731655670703e-23
1.098186822242570381e-22
-1.621767772201700513e-22
3.559937180016427544e-22
1.417720844568699936e-22
3.565195556537135992e-22
-5.363435193484680996e-23
-1.315456878895319434e-23
1.661544494831767350e-23
9.828395400744321383e-23
7.209553175346106464e-23
2.473869545955453659e-22
-4.847978016590182562e-23
1.666480978099127384e-22
8.578528946563174929e-23
2.925507699483884964e-22
3.328375953958187781e-22
9.681091807963739695e-23
1.709794967200757415e-22
2.044692692359419217e-22
1.205770507185629836e-22
8.835878121171615398e-24
1.021951627667673377e-22
-1.463343099481135777e-23
-1.257271122071242988e-22
7.686064897850780792e-23
-2.342089108558619271e-22
-1.885807277356545780e-22
-2.334069572716119983e-22
-1.892500622984168225e-22
-1.051464695075488335e-22
-3.030263582959810359e-22
-2.021349796899454801e-22
-1.540488634367026953e-22
-4.214399792168399379e-22
7.084596265910633761e-23
-4.695707948170028233e-22
-2.306165449672953121e-22
-2.643188326619327091e-22
-1.245978270563816774e-22
-3.138331074804927277e-22
-2.643869292775991677e-22
-3.659300541509992739e-22
-2.273974222586666491e-22
-1.328343927645391605e-22
-1.737906913185722817e-22
-4.873749515331281933e-22
-1.916075733962601629e-22
-1.926889766666603168e-22
-4.225671963094906644e-22
-1.764297195064479045e-23
-3.680331679054975533e-22
-3.323220281106846367e-22
-2.312766410769456491e-22
-4.610995837423793446e-23
-2.718715704380969940e-22
-3.210770390713839018e-22
-3.017861442011118380e-22
-1.982707747344170793e-22
2.051702579910941899e-23
-2.459931504188763694e-22
-3.233908659232172873e-22
-2.242227158116038861e-22
-2.501590916939376590e-22
-2.269488219411903485e-22
-2.777177077193401934e-22
-1.140412563760502258e-22
-4.453547480337850086e-22
-3.483127290523534755e-22
2.718615875646950429e-23
-3.636696704672821408e-22
-4.028385309570154519e-23
-3.639148473380204123e-22
-2.691181168303196029e-23
-2.914213597668516879e-22
-3.428178852270201493e-23
-2.755066026055352769e-22
-2.484776305308010017e-22
-2.991376393876856552e-22
-1.101484918078056892e-22
-2.531360411069992480e-23
-2.006197641495896225e-22
4.606564007762340588e-23
-4.766550935042482648e-23
-3.506509099544602020e-23
1.084358659608620924e-22
-2.016375347980588525e-23
2.039787614598444189e-22
1.742488346414524988e-22
-7.967285100019573456e-23
4.860032074118551677e-23
-1.000138764295811976e-22
2.271182580504269692e-22
2.233630379666363170e-22
-9.451691385630032495e-24
8.721947755390882746e-24
5.119115882033015150e-23
-2.607881558220911056e-23
8.037377155759084595e-23
-1.613662014266027597e-22
2.230101066711088961e-22
4.780425129819595724e-22
1.820132561568513590e-22
2.573628452849869297e-22
1.556137410414196322e-22
1.926503294246146321e-22
2.690144355763265707e-22
2.062712300045162681e-22
1.811879994021314000e-22
3.495574597584039665e-22
1.664959933593038074e-22
5.527167823048742284e-23
3.486998423853342284e-22
3.497885852525174865e-23
4.906044977059911700e-22
2.279590794874707425e-22
1.810855270134108948e-22
5.114404887116995248e-22
4.461032911661507857e-22
1.907909492451074246e-22
3.174437321612399541e-22
3.558177361501147221e-22
2.805984051363763467e-22
1.221941886407556943e-22
3.533756571030585973e-22
2.434334032866919458e-22
1.278887769347321932e-22
1.714110331869264906e-22
1.807194511367815820e-22
3.394989831726304386e-22
5.023568198024606255e-22
2.231241081923077808e-22
2.792798759706228801e-22
8.783349738387290360e-23
4.458740961543432168e-22
2.236038546882421102e-22
9.547720933451411802e-23
6.518262117201284833e-23
4.568462082152738851e-22
1.003531259498030479e-22
9.840022549812871445e-23
3.298601054133204815e-23
-8.307225443808147743e-24
8.849862749256076931e-23
1.746795620506744229e-22
6.714186939176819397e-23
1.667373519152144820e-22
2.596350909629548605e-23
3.603712867873036385e-25
2.119710783718884592e-22
-1.314042316828154791e-22
5.899829981236639346e-23
-1.956115937853288565e-23
9.572895144725723032e-23
8.125225464753032031e-23
1.328367059083263109e-22
-1.959334293334678666e-23
-1.292693596954535179e-22
-1.148640858362243704e-22
-7.066174600611925981e-23
-8.116590437623663619e-24
1.743632976395448379e-23
-5.780754282479770443e-23
-2.865120214737577650e-22
1.517896475497375941e-22
-3.449814046606539795e-22
2.982301462141056918e-23
-4.474137642065198743e-23
-7.461909599228770024e-23
-6.151308732105522000e-23
-3.943436793384926502e-22
-2.870685673389841032e-23
-3.568526704409279028e-23
-9.854433640143680631e-23
-1.819792571736199769e-22
-3.560733607453026651e-22
-2.334482105251827352e-23
-1.554207535898145307e-22
-2.477793985551687313e-22
-3.344854316772936876e-22
-2.655107201052038453e-22
-3.774378451652527032e-23
-3.641304438354209767e-22
-3.474213051882432163e-22
-1.963299826377840322e-22
-3.873146873793708573e-22
-4.551700770429408400e-22
-3.957895924305132312e-22
-3.690767184814705267e-22
-2.296436039604948210e-22
-3.919437679863377597e-22
-3.317006879206364932e-22
-1.568997225854097493e-22
-1.969608412511575681e-22
-3.935006538627209629e-22
-3.411406083816325066e-22
-6.976620831120784941e-23
-3.248756845617153557e-22
-8.829903001256219952e-23
-3.653765817025588104e-22
-6.423613318234437987e-22
-3.287260268072256379e-22
-2.304852447609601752e-22
-2.235471329376006010e-22
-3.296053367844074518e-22
-7.741814459009935554e-23
-1.365188583493384913e-22
-3.213758538687522084e-23
-1.126084364893202357e-22
-8.120662474555223877e-23
-1.632842670238692240e-22
-4.860101100438887275e-22
-2.691795215811105798e-22
-1.313419206193834841e-22
-3.007991323140382693e-22
-1.907451042196606121e-24
1.414511479954680376e-22
-1.212059995320945107e-22
1.659305930947188446e-22
4.721834994209897247e-23
1.165020669898269058e-22
-5.723527955395898943e-23
4.918654405068792104e-23
1.696524251659233974e-22
1.220358441684845261e-22
-2.003548037502463436e-22
1.600012974608742992e-22
2.493508754932918148e-22
3.109462122948585618e-22
1.882652886633342332e-22
2.052744370045318757e-22
2.139450734639338695e-23
2.258051650807258177e-22
7.188448740928506010e-23
2.821115626220795790e-22
3.654654307883207669e-22
3.099327757245711221e-23
1.413872756351144321e-22
2.848554304839822747e-22
3.091210077811966726e-23
1.872378009890109535e-22
3.301196904893050834e-22
6.100919815972894343e-23
2.368495632895306221e-22
-3.094466871490726716e-23
8.119448031906748895e-24
1.398812293975186817e-22
1.077715906765264142e-22
1.897208951579405979e-22
3.667817038165858211e-22
2.054374925534619072e-22
3.201285997288730597e-22
3.123279698191158086e-23
3.377397035435818863e-22
3.368393888108080300e-22
1.520203340810030077e-22
1.742649119261571015e-22
4.661083633469649969e-22
3.671529923335736986e-22
1.471037544759768550e-22
3.401657575590462831e-22
1.800313924612777791e-23
5.219874901989120260e-22
1.569188856317802921e-22
1.954479872783803758e-22
2.783576264912263457e-22
5.174053108899811870e-22
1.734788897217586934e-22
4.554305631405587587e-22
3.148029003709809536e-22
2.815916294639731917e-22
2.635702951726546575e-22
1.640508319463486477e-22
2.890204757062180036e-22
2.621611811268938123e-22
9.115725328481117716e-24
2.536949421608546644e-22
7.935360477579512641e-23
4.060690856051399391e-23
1.136067029936428075e-22
1.572395854579274489e-22
-2.475292166887151111e-22
2.922838155154482029e-22
-4.486489603134638950e-23
2.129522539702527825e-22
-4.502890780928125682e-23
6.821617334525056798e-23
2.119953287060888948e-23
1.733215207727073373e-22
-8.377971318989357111e-23
-3.503018757251029835e-23
-2.361336168233245732e-23
1.218079065505498152e-22
-1.489611513192102179e-22
1.655141347749209991e-22
-2.409911647249672146e-22
-1.625857887246327820e-22
-1.642719459123467319e-22
-2.086038941443535933e-22
-2.827869829541061979e-22
-1.525826813536498682e-22
-1.020106831757537685e-22
-2.016500420652689129e-22
-1.703563640141204845e-22
-3.515636068416266275e-22
1.873385965548798398e-23
-2.320965105470281942e-22
-3.904936644593969840e-22
-5.338097512279744403e-22
-2.305350849040101394e-22
-2.140789132517093130e-22
-2.264878937761988734e-22
-1.461112027659573445e-22
-2.237100430439520357e-22
-1.969857069934399060e-22
-2.040185135867898355e-22
-3.962389765975860581e-22
-2.684956761579782026e-22
-1.797584714929261937e-22
-1.389479285907647772e-22
-1.822714767287841013e-22
-1.259564992810029042e-22
-2.234462391677494914e-22
-3.983274578062096437e-22
-3.909028847634541778e-22
-2.401056925880296730e-22
-4.542917515017658376e-22
-1.717722720824127445e-22
-2.485990643591631065e-22
-1.656015814233934357e-22
-4.216192445514946160e-22
-2.772044074404066385e-22
-2.985722444839957882e-22
-1.134494489640198129e-22
-3.576285992058111038e-22
-1.315693310776582951e-22
-2.657339645609182669e-22
-1.440674265987857787e-22
-3.374615073814694644e-22
-9.073040803511239673e-23
-1.127173871226059087e-22
-2.823547838212942343e-22
-1.730301968659855985e-22
-1.249685401440694363e-22
9.460694049185266800e-23
-3.187249724737728478e-22
2.633216270087599703e-23
-1.580983673471852506e-22
-7.173166056580545445e-23
-2.078360919965239362e-23
-4.413304317945030107e-23
-1.076912537694276824e-22
-6.879610824178102072e-23
1.368142491816399548e-22
-6.873953606965795363e-23
1.090160143862227854e-22
8.047215302247105877e-23
5.284853742850003912e-24
3.208067751570716580e-22
-1.299995909265850834e-22
5.571573267715490951e-23
1.970137481415837502e-22
1.840724213763845849e-22
3.675618489996414200e-23
-4.392978453707369523e-23
9.187953155136453174e-23
-4.833275273716336203e-23
1.156132036377575965e-22
2.763531602008906723e-22
3.576279850307125024e-23
3.853903946736074890e-22
1.672380810034195267e-22
5.195470247576027531e-23
2.016018872832938152e-22
1.232275118402102229e-22
3.492053252271660306e-22
4.582379025444324145e-22
3.108858758076026050e-22
3.815690373371709689e-22
6.078805986767801405e-23
4.675162909421968971e-22
1.481321747926489454e-22
4.308559519544134521e-22
1.335716240487932713e-22
5.636224942026732652e-22
9.291509449379936322e-23
2.356395550211606271e-22
5.191366403004799495e-22
9.711872507015634939e-23
2.970430802582453952e-22
3.266324526970311559e-22
3.942919204535375913e-22
4.640651962630661126e-22
4.311134380516400570e-22
2.455028198234349009e-22
3.692017760403123436e-22
3.603936856569204203e-22
1.818037865924404091e-23
1.837597475027001913e-22
1.147458176686782852e-22
1.456704321039316627e-22
2.273174265079390641e-22
2.984166757424500486e-22
1.846878866524297690e-23
1.280858631733002408e-22
1.868543609627310982e-22
9.991026229248963362e-24
9.859022070985875779e-23
-1.716876889064373191e-23
-7.123832870676784650e-24
9.872979230104557572e-23
-2.249889053115612322e-23
1.838832785871382355e-23
1.799896748635087643e-22
1.275628010697236482e-22
1.288060480256328535e-23
6.100642887409477202e-23
5.228406119825645334e-23
5.047279535339239824e-23
2.775040791571575582e-23
2.282114196920278725e-23
-5.494337235226974732e-24
2.306462553928649713e-23
-2.248103761677424025e-22
-1.785611547242189933e-22
7.666010849066558294e-23
1.571982399297052920e-22
-2.666034496468771489e-22
-9.895685648552256933e-23
-4.807307230257500519e-23
-7.476932679453686139e-23
-1.845862405924881550e-23
-2.170550068687571765e-22
-4.627632769830120987e-23
-2.739831832187227129e-22
2.136458097502079207e-22
-4.261297141898792716e-22
-7.430490515783335895e-23
-2.498102473527903666e-22
-4.530107191036598247e-22
-1.438639079279591987e-22
-4.042363547005406464e-22
-1.843080863903732999e-22
-2.543599933474325571e-22
-2.717988548468515946e-22
-4.081063534749192672e-22
-4.101475358629347209e-22
-3.200117035188756665e-22
-3.940255450963309687e-22
-2.893599887537760231e-22
-1.246510065902719788e-22
-3.591701387085118961e-22
-3.044412842310195747e-22
-4.367698179335645591e-22
-1.961868020655813941e-22
-2.561795166814505502e-22
-2.652884362035059648e-22
-1.798004033060203092e-22
-3.681287351034407006e-22
-1.656738031669097724e-22
-2.368788875306841651e-22
-5.906450309616010156e-22
9.877729596066023836e-24
-2.662716698731598730e-22
-1.171377199793593540e-22
-1.328821014469675624e-22
-4.025138329017697062e-22
-2.030400358410769407e-22
-2.583778878451016559e-22
-3.342819587337894276e-22
-2.200127864653620120e-22
-8.732629873889193723e-23
-2.328038887985123518e-22
1.072156550905156553e-22
-5.985418932950849074e-23
4.407254148565936962e-23
-9.368885951214290569e-23
2.411822035454880787e-23
-2.260600588049146596e-22
5.996628914367224606e-23
1.258817037013794515e-23
1.303889082887884209e-22
-1.156191907451198107e-22
-1.104863320860129881e-22
-1.900946553048081258e-23
-4.111125716870664403e-23
-5.659411454598772570e-23
3.227106739826675819e-23
-8.421504113488873948e-23
3.535490937228018712e-22
-3.008708820054422456e-23
2.081727690785760256e-22
2.547191882218603775e-23
2.015563742160541297e-22
8.915097085629499203e-23
1.627624315656625250e-22
2.791190945133561284e-22
9.633404861262664810e-23
2.050890275314209203e-22
1.502839682604779620e-22
5.070939322149949705e-22
-9.375547393588465261e-23
3.018080312632787543e-22
4.286656694940880040e-22
3.846873467388484832e-22
4.182888548857160606e-22
3.463982859627720314e-23
3.836781060135617212e-22
2.008792672117411935e-22
2.947034354759490269e-22
4.527680725198182823e-23
3.684910683881378728e-22
2.873587271507955818e-22
2.873553138589809817e-22
3.996375603210105788e-22
1.719056900555105166e-22
2.432877360552057469e-22
3.264731300678186575e-22
5.745306981290576005e-22
4.861348983107081656e-22
1.885412427280074972e-22
3.118755281845037315e-22
7.728459575288709242e-23
1.155801208394898639e-22
1.891022533369060370e-22
1.319854862578441373e-22
1.039810651436797334e-22
1.276425733699927213e-22
2.642122642604799901e-22
3.220483749030082636e-22
2.740080496318283851e-22
2.121914843107453781e-22
9.945692517631469668e-23
2.712744123499321370e-22
2.513825702900507809e-22
1.063524127577402010e-22
2.872475871591519628e-22
1.165130987087074794e-23
1.114907666631729975e-22
6.623857652809503244e-23
2.851534554271761908e-23
-2.223240116174098612e-22
3.036869976190266499e-22
-1.718702540937125854e-22
1.877930030965265367e-22
-1.179750998711711109e-22
2.094137354107197794e-22
-1.685662671071127823e-22
-6.880809027934560401e-23
7.932272171838896448e-23
3.463545912892354078e-23
-3.246314213238499630e-23
-5.322466849310419917e-23
-4.981596505508076104e-23
-6.944184180926984886e-23
-3.262130962407784022e-22
-1.117848915995611530e-22
-1.529216792011269597e-22
-1.000941706834018083e-22
-6.058565180270060459e-23
-7.868396623666837039e-23
-1.347291979313574523e-23
-2.323140281104978208e-22
-1.639378921968865394e-22
-2.829415017455819151e-22
-2.496896513883699871e-22
-1.811584462208643127e-22
-1.758210505869894411e-22
-4.721885770446410067e-22
-3.666985875825287467e-22
-4.537213668862762684e-22
-2.889746653395118915e-22
-1.909833837696549694e-22
-5.074443712383109516e-22
-1.713366846328497696e-22
-3.852829381185279139e-22
-2.675459043909071618e-22
-2.764620043200720502e-22
-2.513680641443255312e-22
-2.672009187851684222e-22
-3.463265225626856740e-22
-2.065289703521237400e-22
-1.589827449296815903e-22
-4.595652442081702057e-22
-2.552206011764116972e-22
-1.278775532612576303e-22
-1.196013927963249588e-22
-3.914246982515848730e-22
-3.343135151176746698e-23
-3.880784179976428459e-22
-3.303577755334144168e-22
-2.133525552889664390e-22
-2.787055645478916343e-22
1.784412895713483577e-22
-4.072571101444038236e-22
-1.718450994155570853e-22
-1.094369127138007315e-22
-2.283739810097981534e-22
-1.375006661545079882e-22
-1.308276809703490439e-22
-3.959875474434347988e-22
-1.346159013421175009e-22
-1.624669066572188834e-22
-2.557870748768991582e-23
-2.707007186638426515e-23
-1.275773388888095410e-22
1.338777716172976260e-22
2.196768132690012892e-23
-6.131250824655474761e-23
-1.111317681098065018e-22
-2.693457099034027752e-22
-4.242178076947951632e-24
-3.563241993430230803e-24
2.169819204552855483e-22
2.768374027278029085e-22
4.029907770802489159e-23
1.314167466974951480e-22
5.599151396950695576e-22
5.177134181822686637e-24
2.956863797670400345e-22
3.273829843106515178e-22
5.172227612115382583e-24
9.070285469737751960e-23
2.880835924367618480e-22
1.687042242733629956e-22
2.246205693226112047e-22
2.357139285121228552e-22
4.181539866449044910e-22
1.445975393374963083e-22
2.007620535113504851e-22
9.842748039812257400e-23
1.297974050563984653e-22
3.440677747293729356e-22
2.659391346574870528e-22
2.546067262554685562e-22
2.432592128303846645e-22
-1.009474234185007723e-22
2.283368868331342045e-22
2.521528061157268378e-22
3.481053717860521217e-22
1.546505270164555905e-22
4.352725356000036155e-22
4.040648424795603567e-22
4.037640316863373316e-22
3.087756446083314476e-22
8.627327818551426126e-23
4.468914063553988657e-22
3.261372667035815271e-22
3.712694577162257420e-22
3.614568830382333169e-22
5.269375215148833442e-23
4.803243849177544716e-22
8.468444597069687839e-23
3.341314826036684423e-22
1.149141126421538684e-22
1.239211079567538838e-22
3.603274888141377391e-22
1.073367542037315166e-22
3.000813109786672947e-22
1.513740624997283446e-22
1.020475196680407648e-22
2.150027550311415818e-22
6.836731030839539388e-23
1.542783178934133395e-22
1.396628899668429857e-23
9.883141952289185730e-23
-5.452996026412160947e-23
3.232855005101262400e-22
-1.043670990224469175e-23
2.933887392728702999e-22
-1.655049372298955551e-22
-3.364449631243207373e-23
-1.267088585073723466e-22
2.034886316228605048e-23
-2.487525408364700781e-22
-1.686694315766783896e-22
5.101661781463251722e-23
-1.533309764407189474e-22
9.161604944944086874e-23
-2.055607357049328966e-22
-1.241851112990449655e-22
-4.696793449841358682e-23
-4.496838291090901413e-25
-2.682251085253616366e-22
-8.989414882946313093e-23
-1.258420908125861869e-22
-3.465922366264813562e-22
-3.273468150035497966e-22
-4.311894391612491505e-22
-2.639827539467372347e-22
-4.969443903005210819e-22
-3.114534334260244846e-22
-2.362262384684635316e-22
-3.888130787292508502e-22
-3.223468354139610299e-22
-1.010261513626638278e-22
-2.910135917828362753e-22
-4.208345680126193420e-22
-1.177860252292691268e-22
-1.705240190532818145e-22
-3.966447706464746468e-22
-3.041824634999141315e-22
-1.952785126404374731e-22
-3.167841263281990036e-22
-1.401952912008740527e-22
-3.232570745301571298e-22
-2.762688325753039986e-22
-3.269812234712639046e-22
-3.734113039377038289e-22
-2.015571719752971029e-22
9.144898902619052720e-23
-3.767988703359860479e-22
-1.465996576132513213e-22
-1.836676367651651300e-22
-4.210881233380099124e-23
-4.005669187143590196e-22
-1.760106670287715313e-22
-2.193630236417290047e-22
-1.420411573536128604e-22
-9.137267969887650527e-23
-1.907436191489623781e-22
-5.903862559730855656e-23
-3.833227970971711306e-22
-1.821472228140385520e-22
1.625544230368757323e-23
-1.834161912719625990e-22
-2.034585019497583481e-22
-1.443005006588988589e-22
-1.094811714182605461e-22
-1.195141692267102099e-22
-1.515124993331820541e-23
2.017437580352814094e-22
-1.562273223989511868e-22
7.866394562067196509e-23
6.910122195356704094e-23
3.241256396082875816e-23
1.037374108090247976e-22
1.003813215761610284e-22
-1.515607755901986770e-24
-8.418200857237471534e-23
-1.633547446160461118e-24
1.351034710218486285e-22
1.774082314232643838e-22
3.040290372471982095e-22
2.991362964411704331e-22
1.822261840397044908e-22
1.026094536065128437e-22
3.442689319244127120e-22
1.384055936625885493e-22
2.917314695801910483e-22
2.817333814228893795e-22
2.606939659090267040e-22
2.121722897805738939e-22
2.671904456824097946e-22
3.430721642704172340e-22
3.855538403596698592e-22
4.045883228372191923e-22
2.720902971793425340e-22
2.632303003986380053e-22
-3.423289922387726195e-23
3.725222826901683803e-22
4.028219539601940838e-22
2.755350963986065493e-22
1.560201032170273492e-22
3.649702850240182781e-22
1.481634799685792957e-22
2.977366798704061894e-22
5.365420541603686659e-22
1.420482982591855214e-22
9.532338177250287268e-23
3.407951740473727635e-22
-2.906123373732905118e-24
5.059452111065338328e-22
2.524473117293864138e-22
1.866911524561377739e-22
1.046700812159625346e-22
2.358895101398208715e-22
3.587377651203786499e-22
2.183214848864700887e-22
4.119763388006100544e-22
9.137540857894421607e-23
1.059981448893502266e-22
-1.019561186108720567e-22
1.321109779485376182e-22
3.777190725636625487e-22
1.275099497296943528e-22
2.137931620273343164e-22
1.228507088250335516e-22
8.996366618043480837e-23
-2.786747041162290678e-23
1.194265141579430818e-22
1.002309042041014993e-22
5.868673119939583335e-24
-8.752759887135282110e-25
1.832373821496261926e-23
-1.756456244932273818e-22
-1.878274822031424077e-22
-6.603694583690214664e-23
-9.332237623062650924e-23
6.067287592210057360e-24
-1.474860886996981210e-22
-1.556643164859261369e-22
-1.713100930577423166e-22
-9.451240092079826058e-23
-1.538808357228573272e-22
-3.460633491122019735e-22
-1.734558095564634262e-22
4.838037272780823993e-23
-3.041606752037405992e-22
-2.237410115301313516e-22
-2.997986660554531737e-22
-2.675688309756262713e-22
-2.459527890390655870e-22
-2.807538197825204042e-22
-2.658764313934760634e-22
-5.009093688465087477e-22
-9.303247494405066959e-23
-3.932174700691357345e-22
-2.920613845190977346e-22
-5.581184379336294592e-22
-3.623762349403548082e-22
-2.013464262589128805e-22
-3.515384375846678680e-22
-3.108326481457370454e-22
-2.543236132159080686e-22
-3.840848268844633744e-22
-4.239790497352133063e-22
-4.728875113702977541e-22
-1.544531790500416075e-22
-1.383476098651354409e-22
-1.894421542985019256e-22
-1.858397452269563877e-22
-4.691641470903317372e-22
-4.088131829038516780e-22
-2.126995018015740482e-22
-1.092806627410042705e-22
-3.070056665736186904e-22
-1.177058401341450542e-22
-2.694579505019022734e-22
-1.118206990599498571e-22
-1.130465466055139838e-23
-1.887811393490256724e-22
2.641632982954670121e-22
-7.984728671698369012e-23
4.983786692126688521e-23
-1.729023899654071250e-22
1.078578706732138871e-22
-5.636530636651517041e-23
-2.872991806947467562e-22
-7.726401814731822408e-23
8.791030771121171261e-24
-5.072956162540631760e-23
-1.410491841478248952e-22
9.557352273094388567e-24
8.235608670414975325e-23
1.702800862132541745e-22
2.939673110932255015e-22
1.327800485025067745e-22
9.180256536700142290e-23
1.263384844275796480e-22
5.707360380473451571e-23
3.578532801612391223e-23
2.091278010984718150e-22
7.550665494942851435e-23
7.064841989457682546e-23
1.591710951057696132e-22
-2.749204847404276929e-23
2.996356636311592366e-22
8.836636456531787485e-23
1.861772402601725251e-22
3.975683992121359627e-22
2.490234688850098486e-22
3.910771340647589392e-22
-1.025434968787492372e-22
1.477682677473524048e-22
5.899149833493262876e-22
3.092095216722809381e-22
3.222389359090359490e-22
4.461854230932743251e-22
2.789885276042957750e-22
3.182848345044380865e-22
2.853930034943900851e-22
2.202014331896945094e-22
2.305560294061687479e-22
3.654474529712413490e-22
2.497886502777236485e-22
3.360897138871159939e-22
2.025604295135215713e-22
3.717097636963222166e-22
2.031048504313858072e-22
3.054476147723459728e-22
2.393259688211332761e-22
1.699020604089975839e-22
3.586379151071133834e-22
3.213200393417893676e-22
2.074842883365069417e-22
1.809635315768537100e-22
9.265271772024433528e-24
1.656847809771642659e-22
-1.872102573134984999e-23
3.244007743310462386e-22
8.645662435749897545e-23
3.030116608120333884e-22
8.026738290638354066e-23
3.179289957791478361e-23
6.059683842648409447e-23
-8.373133559162297719e-23
3.065176675291738927e-22
9.159574354649969925e-23
5.987863952351087662e-23
1.264354439371194231e-22
1.278005527109435326e-22
-4.287155596268843131e-23
-5.032238871055557626e-23
1.182652584139707981e-22
1.657398704281075629e-22
-1.198014268616735139e-22
-2.121964661788919161e-22
-2.113823636459729883e-22
-3.078570625746171690e-22
-1.808040149790942627e-22
-1.180505284181563253e-22
-2.028206915165694363e-22
-1.384624853281726257e-22
-2.045272051729874887e-22
-8.522604730272098481e-23
-2.519751204825799869e-22
-3.462819910275575645e-22
-3.453911477780660990e-22
-3.025340980279807053e-22
-1.944444362752943819e-22
-3.218709347426774267e-22
-4.321066970299586150e-22
-1.772813296931246935e-22
-3.482906497276356195e-22
-2.700816521025187720e-22
-4.071888956688439273e-22
-2.728847763912743258e-22
-3.024527043310168803e-22
-2.785936478660677762e-22
-4.214396295493254303e-22
-1.409497864458188946e-22
-2.942247501738804962e-22
-2.674377426225033131e-22
-4.475964484223845985e-22
-1.117299407164656192e-22
-3.498363055553394216e-22
-7.789461812712474813e-23
-1.650031274370802787e-22
-3.771551525816861909e-22
-1.961898401775914948e-22
-5.051695005878137110e-22
-1.386341148480001320e-22
-3.602603980520392837e-22
-3.931455675735792817e-22
-3.175056730313754470e-22
-1.271018909160337385e-22
-1.438348887497899629e-22
-1.350189789358814468e-22
-1.468234879273263388e-22
-1.932401123471537748e-22
-2.496569746821781336e-22
2.349834385153945744e-23
-2.902313786481404449e-22
7.345266044057799856e-23
-1.447710792828173079e-22
-1.499574793283298301e-22
1.110124565764438079e-22
-2.167291213074052037e-22
5.393913001245000302e-23
3.785479686917879470e-22
-1.159861734686321290e-22
1.266227264518179730e-22
2.266049978005748952e-23
2.381789295773102699e-22
1.019310382958645415e-22
3.125769411186809960e-22
2.758468785618441583e-22
2.573353032581896331e-22
5.065752994846755064e-22
1.034348759865878805e-22
2.989804718862448006e-22
2.518448651131232610e-22
9.149664446121262962e-23
3.093117457890301965e-22
2.147819125649670000e-22
9.105396670740582487e-23
3.815372056816071393e-22
2.678291979785368189e-22
1.881560837143896001e-22
2.696191591490687174e-22
2.738445540562154466e-22
1.687085441632182743e-22
5.574080785657038855e-22
2.084065096936745444e-22
3.615300928990682983e-22
3.631324167183263505e-22
1.034333157778910738e-22
4.911787309269165428e-22
1.754672877582619654e-22
1.882466986125951370e-22
2.090063271535959704e-22
2.186847818928471097e-22
3.546729450594635954e-22
2.075700051288663204e-22
2.596498039920615706e-22
2.396778223133741893e-22
1.946859376082640490e-22
1.848452433225525699e-22
1.309271776171197253e-22
3.785550562581448377e-22
-2.027586847641921486e-22
1.500406568110535239e-22
3.214174075439446150e-22
-2.540469122057749740e-23
9.707997513436565463e-23
2.319553824836542910e-22
-4.774079765364927304e-24
2.367851253474874407e-22
2.371592809742932614e-22
3.339521973886246238e-22
2.050527869402377009e-22
-5.956450992047699515e-23
2.316099919715155909e-22
-4.421359622295049703e-23
1.912189798361881571e-22
6.284016729277743675e-23
-4.138532204023137981e-23
-1.316193555685912238e-22
-2.701304033374051520e-24
-1.294540225385301905e-22
1.234123301875408444e-22
-4.910814330012116457e-22
-6.410043101203009608e-23
-1.926021938634006075e-22
-1.291084555302755869e-22
-1.696203738267930392e-22
-2.989768859047932154e-23
-2.649328234439343373e-22
-1.659884050888913981e-22
-1.134980654901029399e-22
-2.035442014780052277e-22
-2.795516943565505012e-22
-8.728812193895622291e-23
-2.331256658671359758e-22
-2.804065431751717777e-22
-3.323730150547973862e-22
-1.504721449591288607e-22
-3.880445023822259782e-22
-2.975659214561948400e-22
-1.160187007135771356e-22
-2.594740849441371961e-22
-3.685152789797684468e-22
-2.588381485891224147e-22
-3.900124296010269317e-22
-3.039761965198710198e-22
-5.439086579866210882e-22
-2.868643000615866186e-22
-3.706229594415917198e-22
-4.886772293016917583e-22
-3.650134359862248728e-22
-3.996474995304394876e-22
-1.708348806955114784e-22
-1.953104060134836102e-22
-3.863910308195273504e-22
2.612876454670488487e-24
-3.732736551922425905e-22
-2.416107915005149133e-22
-3.829562045363472212e-22
-5.859253177860206783e-23
-1.215036321210994040e-22
-2.043993409745278690e-22
-1.790926752032654048e-22
-1.515415019659500135e-22
-2.231541196745421122e-22
1.754450854246389970e-23
-1.393106303555624923e-22
-2.399855936711007943e-22
-2.440897393462049999e-23
-3.420496215442211516e-22
9.852252876382722031e-23
1.753856692944633376e-22
-1.400264043249353519e-22
-6.240392315543677304e-23
-4.116146041171908948e-23
2.413112874030007472e-22
-1.220343465607347881e-22
1.068278026606910085e-22
3.635359508913284092e-23
1.510183513793370284e-22
4.347192386514039823e-22
1.772294287813886488e-22
4.905593963442173765e-22
8.364026901582842282e-23
3.239200699781621140e-22
1.504851944998840528e-22
3.010201123040427205e-22
2.465903910335377890e-22
2.039514601474984445e-22
3.913544990155911547e-22
2.936450540799265487e-22
3.423016237942614650e-22
2.551566795173834416e-22
3.061888561629448447e-22
1.907412228915187432e-22
4.780645680942292238e-22
2.329377338042245344e-22
2.087210143543149743e-22
2.890424609745048737e-22
3.728649374206092873e-22
2.525848314020298821e-22
2.125496172670208425e-22
3.702153557421365970e-22
3.361909484387693969e-22
2.139207855008089620e-22
3.675641182056359916e-22
3.244889319081625453e-22
2.610261970430195233e-22
2.523708547752258334e-22
2.702780898703787172e-22
1.283938430474568508e-22
3.267599719233554334e-22
7.785291326308152472e-23
2.032822481583150116e-22
4.061032454902051936e-22
2.336839348336411770e-23
1.070697254070798003e-22
3.237197561537364213e-22
2.142582091249842024e-22
1.905715465531863286e-22
2.316848749926128091e-22
-4.046550402370549199e-23
-5.242264160252745213e-23
1.267467572865892560e-22
-2.084623408130743165e-23
-1.844536341005424702e-23
-1.359891509533067261e-22
7.148226446676405558e-23
3.149659681143557268e-23
-6.047468724337947754e-23
-1.631065872229313645e-22
1.339712249686969731e-22
-3.988991624180586140e-22
-1.404751882399343961e-22
-9.504485956023722098e-23
2.080827469643382071e-22
-1.454936339853627216e-23
3.511824688944331506e-23
-3.240197857071700401e-22
-1.287771890794102841e-22
-6.048432402463717314e-23
-2.195680910491302379e-22
-3.067460877191111140e-22
-2.640929807211451919e-22
-2.228097081252213985e-22
-2.355254446279379370e-22
-4.598586198414211250e-22
-4.122229225122177478e-22
-3.823791088477083971e-22
-3.280078060629675623e-22
-2.687358265237668438e-22
-4.089174495855152021e-22
-4.632259747974500640e-22
-2.569015960975569296e-22
-3.364592004408721342e-22
-4.378408455175474961e-22
-3.255514571579437686e-23
-3.443439533536851707e-22
-2.128522412254112281e-22
-3.023020631737896005e-22
-2.477817857601567016e-22
-3.370674230958744341e-22
-2.304587739876256144e-22
-4.448438849566341504e-22
9.149676282234616834e-24
-4.412595018486436655e-22
-2.395710411671384860e-22
-2.941270141329946658e-22
-2.328736521352727653e-22
-2.481164948449036013e-22
-5.377712764286367604e-23
-7.112789972011083678e-23
-9.827692165776754583e-23
-2.815961108215330981e-22
-8.463655291748006420e-23
-1.219619715787072237e-22
-7.648090432066672973e-23
8.469708688741914690e-23
-3.292471580412378236e-22
3.278396760993555112e-22
2.991810262827863533e-23
2.563528663526460703e-23
-4.269035394074949225e-25
1.390127078437399264e-23
1.086865871083126931e-24
-1.920425350168222202e-22
2.095186706222493040e-22
-9.814072814973220392e-23
1.196934452069634149e-22
-8.761240336101017902e-23
1.927755785324738071e-22
8.841508970445067124e-23
2.678573047185402060e-22
2.791195070226607219e-22
6.811582036675104420e-23
5.272557265615504781e-22
1.890888434755070295e-22
-2.602167202303195855e-23
2.235506123843382308e-22
-4.281660246644519897e-23
3.299151617356205813e-22
3.854972442537853290e-22
8.100162571055805836e-24
3.595773280365062938e-22
3.024579590456701595e-22
1.168366830052957275e-22
2.218778191449913398e-22
5.593991221938701341e-22
3.164437394087244969e-22
4.684584091280206289e-22
5.085071960161295582e-22
3.715758514537092007e-22
3.785316298929741848e-22
1.683231775927481575e-22
3.622580374063019876e-22
3.226610137154384950e-22
4.661192335292237544e-22
3.903064150350054691e-22
3.045856099138986838e-22
4.088892634396459498e-22
4.305327789892636048e-22
2.105567880519728464e-22
3.243221062464564673e-22
1.101008351099777944e-22
3.409750629091237172e-22
4.963653866817348492e-23
1.583842516613654280e-22
4.482955613737770194e-23
1.474270401317362187e-22
-8.118737712416657423e-23
1.938841508354792268e-22
1.500293101125298443e-22
2.282868059608998360e-22
2.225733388143925252e-22
-1.424962325960013647e-22
-1.383037938334576780e-22
-1.121917705928700260e-22
-1.039903307115308250e-22
-7.251715823405805202e-23
-1.928219761366862060e-22
-1.307244083402912517e-22
-1.877076089627123699e-22
-2.195596186386799902e-22
-2.421664541203280509e-23
-2.959079236713012494e-22
-2.189383750255471931e-23
-5.063639146829054153e-22
-2.610579418395700827e-23
1.046693585949862642e-23
-4.887724442364839564e-22
-2.654622732173665385e-22
-3.364697683604594207e-22
-2.905923341447720106e-22
-1.666796544682476292e-22
-2.288666054765860774e-22
-3.866376521621466882e-22
-4.970666389269002946e-22
-3.590385583892940891e-22
-8.163864040366004728e-23
-4.184621361413709558e-22
-3.254687610996137109e-22
-1.980647299316558412e-22
-4.459550122375263262e-22
-1.786001809888542733e-22
-9.218680701687936305e-23
-4.015626185775043631e-22
-1.302065264893250024e-22
-2.403987250220972061e-22
-2.902450692853734062e-22
-1.287485592856894490e-22
-1.983085282736399472e-22
-1.264155159254574626e-22
-2.246333998730367764e-22
-6.151672938615012969e-23
-3.848710253584430210e-22
-2.980673599134715301e-22
-2.934367366796778608e-22
-3.326554738550642235e-22
-1.364404284768870140e-22
-9.180703072651859423e-23
-3.255467894775957680e-22
-1.775735547560843612e-22
-8.888327278359437331e-23
-1.757396944180216375e-22
-1.044668355633849477e-22
-7.611179997337333631e-23
-4.511446959063057442e-22
1.453882103813735588e-22
-2.273103727675578657e-22
-1.674349520727127908e-24
-1.850195213278562143e-22
1.352135531443528464e-22
-1.581101820579759454e-22
1.608040875906377431e-23
2.137608425816907894e-22
1.010224450194346677e-24
3.059097842606106522e-22
2.026220615246908151e-22
2.707541279543614241e-22
2.898490917648844807e-22
3.144611034100870058e-22
2.977499557034234718e-22
2.590135170187724204e-22
4.026994032922758457e-22
3.858752588943686608e-22
4.726472077616865716e-22
4.281147083017097229e-22
2.202051642703398459e-22
5.101432909629598070e-22
3.937543037882215398e-22
1.425239936611908837e-22
1.800873787382471360e-22
2.764172997249464896e-22
4.479553727590643451e-22
2.882688740770443392e-22
9.017404206758372032e-23
3.847172781529789792e-22
5.940574163893422433e-22
5.027876921343192593e-22
1.404071611554139151e-22
3.160830263146139974e-22
4.444387787690013240e-22
1.355678297171209254e-22
1.866425583919975009e-22
1.842598130556071509e-22
2.547829201904403855e-22
3.231538533537200186e-22
1.457317626912790844e-23
-4.513557539085652341e-23
1.738363699380345574e-22
-4.055172780550239064e-22
2.696164351637704508e-22
3.556154145341107877e-23
2.514216826794764847e-22
7.736817223582505107e-23
3.004862898367969910e-22
-6.293502332704042712e-23
9.878738135651598474e-23
1.612266240318992275e-22
5.929010805707445618e-24
5.449521513620653592e-23
2.014248842130894924e-22
-4.035925553011862280e-23
7.904085228962993322e-23
-8.513959683674771002e-23
5.558315513811399358e-23
2.229489365928938819e-23
-2.699344875605672137e-22
-1.021279596634127839e-22
4.971793632247649329e-23
-2.946534482158429160e-22
-4.016258450462766542e-22
5.840593512524219327e-23
-2.519274824091336060e-22
-1.234479198490888546e-22
-4.426326169601628486e-22
-2.948654813177480161e-22
1.163740439386243917e-22
-3.486215645031999103e-22
-1.240085668409373790e-22
-6.316181108640157847e-22
-1.893862159105315887e-22
-3.779344901182962369e-22
-1.461588350420314494e-22
-1.506098611181732818e-22
-5.305135976279168770e-22
-4.556714645008603168e-22
-3.373994627469778472e-22
-5.479955632472977927e-22
-2.614260591462948003e-22
-5.220405180442880765e-22
-6.662542451076069667e-22
-2.919648678310668242e-22
-5.789256983893419880e-22
-3.548951894521892725e-22
-2.347191091513627958e-22
-3.158728803758185309e-22
-3.859808710633851702e-22
-3.921518564273091715e-22
1.618456113309104927e-23
-2.198397745971590422e-22
-2.531395914204932196e-22
-1.506410248511072538e-22
-2.892276950649944961e-23
-6.045851158590816674e-23
8.358882908547701875e-23
-2.944517560385368081e-23
3.222088729400741725e-23
-2.013998721108745295e-22
-7.890887944551116060e-23
-9.052132196547815774e-24
-3.881997522121773324e-23
-7.928757067022547532e-23
2.169143161874041012e-22
1.731088768017470320e-22
3.695884540934179380e-22
1.587541262581053609e-24
1.255874785796898463e-22
2.999988798941621221e-22
1.568908777776003241e-22
3.122639469454084391e-22
2.335760755637982600e-22
2.261322913420584688e-22
2.740233965516966760e-22
6.109749991767176764e-23
3.964367311836677365e-22
2.635483356596477195e-22
3.521797608383300832e-22
2.184010138532682293e-22
3.330151376071646536e-22
3.521876979637393569e-22
1.303480865541114330e-22
3.838924664691802625e-22
1.872219061473842974e-22
3.251067070611287590e-22
3.103973988977974145e-22
4.624913771613131365e-22
3.031484794668710665e-23
2.499659417757568009e-22
2.567812434515729569e-22
2.267850417428658531e-22
4.587269979191666235e-22
4.648916260996123795e-22
-1.244654264876781813e-23
3.509765591881125067e-22
1.413115758895283055e-22
-6.619633719191548980e-23
5.441377005203893233e-22
1.892294359826292908e-22
2.349067165561157095e-22
1.090960651094678395e-22
3.746668633454322066e-22
2.475279201792713570e-22
-7.202893321122430694e-24
3.107401341134900724e-22
8.376453472704167719e-23
1.725278453867874633e-22
1.806724465436539097e-22
-5.329119267559746220e-23
1.633888248877378579e-22
1.219831182949894925e-22
-1.309702052721224479e-22
9.564211948997913525e-24
-5.990114062392836305e-23
-7.437772390572332282e-23
1.781579140417904476e-22
-1.299691832421195170e-22
-2.380197468125521500e-22
3.755452800923115328e-23
-3.920209312055133823e-23
-3.443291360805310684e-22
-3.290409445372663775e-22
-1.899862760992436817e-22
-6.706187700553325186e-23
-1.407295049232526906e-22
-2.896693952171992840e-22
-3.276344228894307676e-22
-3.330038688116671457e-22
-3.400330160045604147e-22
-2.278530683280046118e-22
-1.562657873433142225e-22
-3.700749984113780718e-22
-2.894257369497289158e-22
-3.791845240039167798e-22
-1.519438686237224738e-22
-5.394834571733273240e-22
-2.756142473775698107e-22
-4.380641817970995227e-22
-3.619157459433387771e-22
-2.441944425753495121e-22
-4.065835330196195057e-22
-3.868401158710073683e-22
-4.450696961764989428e-22
-2.990850990029720567e-22
-4.053814678560827154e-22
-1.492213897778954393e-22
-4.338591845003351283e-22
-1.403255692366961439e-22
-4.652628201859760352e-22
-2.924611188562375829e-22
-3.118068756897272984e-22
-1.226513909703104876e-22
-2.818924698936629761e-22
-1.218937053691338865e-22
2.224433770581987141e-23
9.532133388165327744e-23
-5.883401247071027758e-23
1.167872545232028781e-22
1.179499178528710003e-22
-2.272585621650218835e-22
-1.158637563950258246e-22
-2.730623029001830272e-23
-2.339194131854212600e-22
1.733697465054988246e-22
2.160994667640499277e-22
-3.640724412543190245e-23
3.877197445199371108e-22
2.458440336519939367e-22
7.180442138364324909e-23
2.463444558475817208e-22
7.742067865088642049e-23
4.490966816795130666e-22
2.510796268109231446e-22
2.787888205572191301e-22
5.600685151479060840e-23
2.190494124412089773e-22
2.264436993760205589e-22
4.391912184989421934e-22
1.813609886474843947e-22
4.465828265196828035e-22
3.982324643646532250e-22
5.284643852915453310e-22
3.424636926913121471e-22
1.850354577835239156e-22
2.544734354761990145e-22
4.165079415447254540e-22
2.416867504024286920e-22
4.032436488484661048e-22
3.095349028361844945e-22
3.461527296199322567e-22
2.499261408077749051e-22
2.921299291577931250e-22
2.657764256733940157e-22
4.737178262922813959e-22
2.180178202762987830e-22
4.082114602271303975e-22
1.790311373368446000e-22
3.023682664576847373e-22
1.239382807532816266e-22
2.787376280100329300e-22
1.062599939303841224e-22
1.188220242771247557e-22
2.237546356549870399e-24
2.478565863412820640e-22
1.159248587835497849e-22
-1.214497362481651797e-22
-6.459962963825593108e-23
-2.361013499166291961e-23
5.480982315375972695e-23
-6.333871317264927802e-23
6.399044979332202448e-23
5.685780650457011058e-23
8.675347288479187893e-23
-5.017003463262332375e-23
-1.112683843793017974e-22
-1.785570383980029204e-22
-3.264729391537907464e-22
-1.673363257346912572e-22
-1.133282462263284341e-22
-2.566641213728931767e-22
5.360945297734002692e-23
-2.999520429921645555e-22
-3.675807029864662226e-22
-2.481767208438833061e-22
-5.189228082100296503e-22
-3.313743562404652186e-22
-5.906826382356766579e-22
-2.612057767564049949e-22
-2.593008226160967825e-22
-3.853828044340394890e-22
-6.344168448915266026e-22
-8.309483388468990297e-23
-4.631604967518312006e-22
-3.790794940304680767e-22
-5.077445376276240353e-22
-1.223028923724973577e-22
-5.417398985576676819e-22
-2.962636904554795653e-22
-3.156393252621885108e-22
-2.605093861132906024e-22
-3.492216401879350024e-22
-2.353725402160402472e-22
-3.561397154463650511e-22
-1.464373441796173983e-23
-3.487283910386217645e-22
-2.229318065894058953e-22
-4.256309873355928544e-23
-2.427695907481990475e-22
6.703700929757491948e-23
-1.687930436929869522e-22
-1.615432868787557378e-22
-1.442535596743743941e-23
-2.050972107310271197e-22
1.678868419120053896e-22
-5.766236417585568021e-23
4.234417138207991616e-23
-1.117467761432018011e-22
4.721985649162830823e-23
1.350282091648711310e-22
1.850642659497637773e-22
2.289406060036616005e-22
9.987255740254667338e-23
1.561705417234137994e-22
1.050525506160281766e-23
1.658822204366678548e-22
2.266054789393386386e-22
1.575899107233141013e-22
1.210827841844950108e-22
4.202033286422238177e-22
4.903759130872902185e-23
3.098095806675985579e-22
2.092670417882152497e-22
2.396324984389808524e-22
4.935562653775465383e-22
3.151383830348793970e-22
5.379224838071818929e-22
3.306358429706254447e-22
5.892566892393873682e-22
3.622838034803416134e-22
2.858069509935841274e-22
8.934275880072060210e-23
5.900227790404999372e-22
4.484756340286574436e-22
2.814519643180926409e-22
2.795849932141924802e-22
2.730421411937005693e-22
4.937968494120605246e-22
4.920194390065745512e-22
1.686828129570537353e-22
2.229916298575562127e-22
3.082711311105251519e-22
-3.474593776527206074e-23
2.687941524561017489e-22
1.980579135032209147e-22
-9.955529455956474688e-24
1.232062404594268109e-22
3.691430058980876116e-23
3.999829254908946389e-23
1.073880738242758789e-22
-1.214630407239970052e-22
1.695223323830831589e-22
-7.831069472430576708e-24
-1.472661015567233205e-22
1.292018561511509448e-22
-4.999445590440258840e-24
4.211184408316892629e-24
-9.102236694716510007e-23
-8.344069673980556769e-23
-2.941199671568705896e-22
-2.880036309821669296e-22
-2.413143806591530784e-22
-6.395697631833600364e-23
-2.976472359471263694e-22
-3.969758912051367620e-22
-2.184391236770928561e-22
-1.262360651949387941e-22
-6.248982729362754481e-22
-3.358302384261702243e-22
-1.987165503402436712e-22
-4.619341415298592625e-22
-2.903436910297474049e-22
-3.218433513367270714e-22
-5.160462733222541246e-22
-4.421014692154229827e-22
-3.370123118488584135e-22
-2.063309850898073150e-22
-3.855112020545872951e-22
-2.782112882669564948e-22
-5.033037365920420283e-22
-3.015277904624266423e-22
-4.595460430646962799e-22
-3.016862255952912675e-22
-1.362080966963123464e-22
-9.215791183906194620e-23
-3.949906542851247301e-22
-1.123158410750644360e-22
-2.079095173579998223e-22
8.797581739292890043e-23
-1.161444896834512081e-22
-8.623504931427997120e-24
-3.444027742372923735e-22
-1.638202121850651100e-23
-1.346950649737192371e-22
-1.147681291617820227e-22
-2.569104425966853415e-23
-1.336503618757019724e-22
4.869517445458350569e-23
1.049956604374686692e-22
-1.924770430526064689e-22
2.696173059827356570e-22
1.512248143606395279e-22
1.272480721060778683e-22
1.137555907465003257e-22
1.291081079044580097e-22
1.961830430190750049e-22
2.731811801681713700e-22
1.040403519773140349e-22
1.641883487865617884e-22
2.256915579528316181e-22
2.187378508742825296e-22
3.951682393603924596e-22
3.796249758937118652e-22
2.792215789118792131e-22
3.231013909548421486e-22
3.420023601746792836e-22
3.464946086454187506e-22
3.796201752516729918e-22
4.183932946866595199e-22
4.474651114004692675e-22
6.069599880775861339e-23
5.332456344890020446e-22
2.511788789504202200e-22
2.638178812302270574e-22
1.458311511532610765e-22
2.124232149436487544e-22
3.255450541214896280e-22
1.481512354159500963e-22
1.440241323414298020e-22
2.322040605803026456e-22
3.892083769770139524e-24
4.236733849969573205e-22
4.056640362587907531e-22
8.606820476060968659e-23
2.739739996314523032e-22
1.915883412005725135e-22
6.718301804962929694e-23
3.592829680560268805e-22
2.573802177880526013e-22
3.607403880429696475e-22
3.364587590660368437e-23
-7.623785075739591768e-23
9.277939329011391705e-25
5.281685801367697066e-23
-3.055515160246752026e-22
-1.896675790623189424e-23
-7.842946517862238224e-23
-7.410291748926416313e-23
-1.461300477590487494e-22
-1.410673921088052052e-22
-2.132277726848083061e-22
-1.103558156519814156e-22
-4.117282009935471038e-22
-3.422341336459585767e-22
-2.453837595105195947e-22
-2.378925762676182413e-22
-3.352298422679012175e-22
-3.229034496587676871e-22
-2.502602557155574751e-22
-3.691453855807179377e-22
-4.595773364083964609e-22
-4.796423307058106471e-22
-6.466007194339004889e-22
-2.898669027589732580e-22
-3.488090042674873948e-22
-9.243609055031230387e-23
-4.047289497963913148e-22
-3.157925975436026986e-22
-3.571532594383501437e-22
-2.610227281911361865e-22
-3.350524496742449940e-22
-2.709597114745201568e-22
-3.630272301468157197e-23
-4.636436713782470576e-22
-5.239504346597042874e-22
-3.721838735393480936e-22
-4.912857836011121932e-22
-1.260298862364762276e-22
-1.505943725063650521e-22
-1.910392579114226312e-22
-4.271941369048968466e-22
1.145852322840889505e-23
-1.204907449132000878e-22
-8.996952952149900628e-24
-4.877709125899803025e-23
-3.380483228562377428e-23
1.572764244058460419e-22
-1.778557291295236207e-23
6.242077442905414590e-23
2.434656337998021717e-22
1.735877462450104620e-22
2.259417193929787008e-22
3.376508526758665553e-22
1.108847107376282580e-22
2.250769571451938151e-22
3.533924692970811256e-22
3.728740309410388280e-22
3.261392497117671872e-22
5.292437950001187679e-22
6.036885682118777603e-22
4.879776836278180746e-22
3.679625488245558034e-22
4.289616277764357194e-22
3.066942570943505610e-22
8.015249421174108663e-22
2.403744202818373924e-22
5.429838616302728211e-22
4.052786272906233987e-22
4.552093268976021106e-22
3.707305050366589326e-22
3.477111551621305908e-22
4.436570545115123653e-22
5.447569113771055156e-22
9.830228186662329597e-23
4.217216262859060921e-22
7.028285171414150369e-23
2.317527743279714357e-22
2.142016666859123644e-22
2.599147479275212969e-22
5.748844070367782664e-23
2.878226489896414905e-22
2.690624230964897473e-22
2.425358706836004188e-23
-2.676876131542444984e-23
1.350551818857517886e-22
-1.680831358664794023e-22
-7.995621657479495944e-25
-4.888666034939935187e-23
-1.018548576497642076e-22
-4.055622337765609975e-22
-1.403115987383629625e-22
-3.836182920918518109e-22
-1.622527356368581467e-22
-1.406485547601270413e-22
-4.648484207437385270e-22
-3.982771811269220362e-22
-3.377655240422049766e-22
-4.812907910289417420e-22
-4.726791277812905602e-22
-7.448239002741547346e-22
-3.030876313999886037e-22
-5.589598717066555797e-22
-4.323449497571417094e-22
-4.907153078854500922e-22
-4.886486434269462354e-22
-3.589940686790954604e-22
-3.178331670943421954e-22
-1.817688080890677984e-22
-4.793018062857274567e-22
-4.432691563609588874e-22
-2.310619568467268871e-22
-2.191142944859124034e-22
-2.484812910265355967e-22
-2.054719566622452953e-22
-2.738158970537489930e-22
-3.824746196443661834e-22
-1.117668444271465952e-22
7.669038158439614770e-23
-3.837038149474019769e-22
-7.323280132266445001e-23
-1.573408394947846373e-22
2.353357074868157439e-22
-1.359995166493279352e-22
-1.583219857224745220e-22
-7.912258952653625306e-23
2.333756955739014037e-22
7.461069039754263795e-23
-5.871074969183028541e-23
1.881852118834760192e-22
1.351505534334082801e-22
3.877174779362461986e-22
1.298472014076224386e-22
3.038538899443971113e-22
1.889734575463546952e-22
3.774369104616956367e-22
4.129658421427737689e-22
2.780804322231228698e-22
3.408296919127669967e-22
4.378396815576152789e-22
3.031066295082918001e-22
3.974153444377514506e-22
5.260249490469813404e-22
5.336339494423951271e-22
5.504272913615420672e-22
3.363438755879556921e-22
2.658083358195737467e-22
3.786736838432537037e-22
2.160127009562390403e-22
3.170741995152858373e-22
4.179361148785856407e-22
3.364704275038640160e-23
4.310989234692634405e-22
9.577492317892104174e-23
2.015340115500817021e-22
3.207340746494176842e-22
-3.053229412914451159e-23
2.589385484639423809e-22
5.701835388029036094e-23
1.543417010496424460e-22
1.151927435163676621e-22
4.182611549012333324e-23
4.514475137420509776e-23
2.696058966618648461e-22
-1.580751556467192692e-22
4.549847706686725118e-23
-1.973880965880059433e-23
-2.720741674763596838e-22
8.322010668751716278e-24
-1.690762852424605090e-22
-1.775576935191263909e-22
-4.233471072116045813e-22
-7.907684634593688769e-23
-1.604754031004381016e-22
-3.617962102456373365e-22
-3.987193097978794337e-22
-2.947105688298112444e-22
-4.565219351444800948e-22
-2.391617608079534262e-22
-5.085605984466889474e-22
-2.481923690893739847e-22
-2.530021219360077641e-22
-2.954339777512288206e-22
-3.689775062446577862e-22
-1.580361254761576844e-22
-4.045889440962237094e-22
-4.780462196420008700e-22
-2.907515458236768641e-22
-2.902849504376837434e-22
-6.160466351089345795e-22
-3.151064303197655803e-23
-5.717966177264007547e-22
-4.823855434276724138e-23
-7.627901382009451003e-23
-1.461532104306332905e-22
-3.539628494504660324e-22
-3.320033762493504022e-22
-1.671385677533226515e-22
-2.439390879126107146e-22
-7.005431679023786127e-23
-9.824287860592725023e-23
-1.779534213995144301e-22
1.607394765852548980e-22
-2.748274071168006102e-23
5.044906981497582264e-23
1.589315529911298777e-22
1.834998385442103240e-22
2.527923985678009447e-22
2.417089600926260683e-22
2.262886370555446129e-22
1.031030360295823276e-22
1.578578538232329284e-22
1.848492249722482028e-22
3.668748787811480447e-22
4.554639428172022300e-22
3.097996362591284410e-22
3.905476183521810720e-22
2.961204395463652131e-22
3.103565366310278683e-22
5.253074290647325975e-22
4.256971233229112594e-22
5.803033819550273348e-22
4.657084216580404573e-22
5.093745463998353294e-22
2.875122775567655154e-22
5.389520635522179328e-22
6.487342596304984777e-22
3.698444613379505010e-22
2.912811835820659198e-22
2.357552187374922364e-22
3.081673479773907181e-22
3.637001922613924454e-22
2.482514173524901174e-22
-8.855656111288651578e-23
6.471364459150491385e-23
1.797494677946625577e-22
-1.343478904784776892e-22
-8.284400990734303525e-23
-6.328825622499198961e-23
-2.040972636623108575e-22
5.863793850365562291e-23
-1.592784383057726117e-22
-2.122496908040432982e-22
-2.643111640062531913e-22
-3.072318319179743002e-22
-2.598526463735311607e-22
-4.341167134136748684e-22
-3.589550487633524710e-22
-5.778829126310047767e-22
-4.120618933391393696e-22
-2.468239074996833009e-22
-4.988462822200322639e-22
-4.488938309821308961e-22
-1.194470080106487092e-22
-4.815617933357212580e-22
-7.017952737819827516e-22
-5.273604932605799903e-22
-3.606057646464990466e-22
-4.962856793270589315e-22
-2.504422325479283025e-22
-1.015763682221763308e-22
-3.122587531962795616e-22
-2.195086183310666363e-22
-2.523371577652310953e-22
-4.898572696883136129e-23
1.307433605170558690e-22
-1.556848598042347467e-22
-3.630092790130833179e-22
-1.165479607459092491e-22
-1.294064510763485810e-22
8.434348756269542972e-23
-1.054630819312425240e-22
1.274139374251175515e-22
-4.933120508346460654e-23
1.818981515919965943e-22
-2.644921242871560070e-23
1.342007937823256794e-22
8.229440706984989990e-23
2.906597587636559233e-22
4.014348419967868609e-22
1.723470599588513365e-22
2.722609250829148225e-22
2.450458482986049444e-22
3.063013204522370947e-22
5.068184436147378418e-22
3.992396866468041909e-22
1.755841599954460922e-22
4.058799245455789676e-22
7.529854032864104738e-22
3.076747909618339575e-22
4.524079337698257941e-22
2.563666092978689138e-22
4.894938067777594026e-22
5.739022691437363230e-22
2.177411531632078195e-22
3.169833290543757533e-22
3.570575380335168692e-22
1.638674174234771848e-22
2.903412429336012723e-22
3.996699894402518820e-22
2.469045057853088509e-22
-7.942223156128534765e-23
2.379952234924829592e-22
3.168569624932491383e-22
-3.842945471617285341e-22
1.559467403114203590e-22
-1.044645877971595244e-22
-4.335912738908483505e-22
-2.612647404302895067e-22
-9.551930029453130802e-23
-4.161885120314099356e-22
-3.358596372178455752e-22
-4.526598670096436957e-22
-2.189765028059895527e-22
-4.001576795636568997e-22
-2.385228055505642686e-22
-3.981262787438150250e-22
-5.709056217077040012e-22
-3.843728276326168683e-22
-3.810569505320217195e-22
-2.759405470980055680e-22
-3.539208689584516253e-22
-5.665325100345703977e-22
-4.732836193389618045e-22
-2.632343627478164838e-22
-5.622865158358837557e-22
-2.260683560873263574e-23
-2.468438713757526430e-22
-3.464800086170879899e-22
-3.484823714067191255e-22
-4.347293978215620152e-22
-1.169219844693218081e-22
-1.416199651620466248e-22
1.158426920453801981e-22
1.480972031844074966e-22
-6.455498935474198300e-23
-3.798966357235513521e-23
1.835101526183621340e-22
6.591647885488125249e-23
4.241405052271999508e-22
1.174254975058488419e-22
3.603182294206205309e-22
2.952172890148828560e-22
3.267489098035475428e-22
3.229831576948685111e-22
6.261345064654785482e-22
3.467684166959170466e-22
3.529481719870480647e-22
4.548327310341677463e-22
5.574838317524254683e-22
4.465320269400332817e-22
2.870992313211073272e-22
2.280537199943315709e-22
3.292777788519988023e-22
3.893293380621316757e-22
4.036471411610830461e-22
4.862737388298603347e-22
3.774695517749652269e-22
7.294038335827721212e-23
3.178166495148904399e-22
3.574119718422570502e-22
1.085593832975715713e-22
9.229072749881443820e-24
9.298643517454113172e-23
2.949553060767602446e-23
-8.723579986460522175e-23
-1.793031048250974549e-22
-3.325507805233612228e-23
-5.196359532776369130e-23
-4.933216399864114465e-22
-3.836324982065022922e-22
-4.061685935502063353e-22
-4.339472048273792946e-22
-6.956591849748927486e-22
-4.671636640232175330e-22
-6.170988832425394346e-22
-4.501536132257117288e-22
-7.006484530516779651e-22
-4.464261541121346722e-22
-6.274672026219108355e-22
-5.945625822917523767e-22
-6.192592277019894189e-22
-3.810244694872572695e-22
-2.015717963596830157e-22
-1.861217966037093048e-22
-2.183243938253078569e-22
2.283332778679486140e-22
-1.253663022611574243e-22
-1.782218139140922411e-22
-3.970380177221718213e-23
-6.579522664176527171e-23
2.609097777318783724e-22
3.277849100857465078e-22
2.456414052292439206e-22
2.574312702665867602e-22
2.890952022134362751e-22
4.423376359671042877e-22
5.430820092426351851e-22
4.149770269564176664e-22
7.671202415463038348e-22
6.521677630467716872e-22
5.601974904239411334e-22
5.621377525912774507e-22
2.887402595991295211e-22
2.162679520214600029e-22
5.672250654693937909e-22
4.371543627948034804e-22
4.038505459353788164e-22
1.712669935586189209e-22
1.914980663202020438e-22
2.890307728440212273e-22
1.723768117239241597e-22
-2.683122639278424317e-23
4.344115075444459962e-24
3.750121698005437889e-23
-1.493335712790349951e-22
-2.134321439278052784e-22
-3.878627681013447823e-22
-2.526454838629873177e-22
-4.828553998213493144e-22
-5.671181469489847298e-22
-6.122753588611077419e-22
-7.603871347227668933e-22
-5.405752180896940903e-22
-5.798151199070097520e-22
-6.344745888607067550e-22
-5.448090306440007075e-22
-4.922412568577893962e-22
-5.508366770796918844e-22
-2.536643216245008047e-22
-2.375489476613258682e-22
-1.623855565973209644e-22
-1.228395095667828606e-22
1.025760254436040707e-24
3.173877778391004004e-22
-2.709913822843764193e-23
3.802024998745678580e-22
3.488218064582216216e-22
2.499376679519509045e-22
6.023930198665556295e-22
5.078839472633096538e-22
4.556026202051864862e-22
4.644626728285288452e-22
6.782404550486253686e-22
7.825582428101214222e-22
5.480859560654640616e-22
5.791225056265016845e-22
2.684710863727707660e-22
4.655428777417040338e-22
1.779679876416575842e-22
1.507821459281832142e-22
-1.123449545987245020e-22
-2.181981215480762151e-22
-4.611377434477681841e-22
-4.499872623715279034e-22
-5.600801517903434984e-22
-5.104445451694385388e-22
-6.710805074167786074e-22
-6.138635247910637976e-22
-5.296767675553650393e-22
-4.342568772490379908e-22
-5.578815051109587497e-22
-4.702955223616079720e-22
-1.358034106178386443e-23
-4.228889360866737155e-23
2.118606135452195254e-22
4.265958152631025299e-22
1.168507372528274403e-22
6.174307169007483399e-22
3.805851724921397191e-22
6.927387812484121355e-22
4.763847001379820377e-22
3.074926864836110073e-22
4.308137736893294824e-22
2.223607240489224072e-22
3.638093286146657976e-22
-1.951066341811347465e-22
-1.291501855484162778e-22
-1.836700705909221738e-22
-5.250298729303679155e-22
-4.422972766331655331e-22
-5.035101439151766028e-22
-4.595101044783026295e-22
-1.536953530029398872e-22
-3.656572853539236455e-22
-1.908059053528945508e-22
8.706244476847818170e-23
1.788830173491844384e-23
2.764639480598024656e-22
2.619007131341900440e-22
2.227025488373899483e-22
2.575037317167671891e-22
8.069097976993658577e-23
1.542896584913810050e-22
1.677075234538194408e-23
3.321752789144337883e-22
8.194009783594403538e-23
1.259696370251248695e-22
6.828594545765172655e-23
3.934493113576435981e-23
-1.629482925714352939e-22
-1.055941385468988666e-22
-9.243067879127575097e-23
-1.168816468256239989e-22
-1.606948264494293114e-22
-3.776077107290776128e-23
-2.437821898866046224e-22
-2.236772789093330756e-22
8.472841442451847830e-23
1.610402721741128930e-23
-1.021187044030904536e-23
1.545018355530765205e-23
2.227274659397949459e-22
-8.937988285871371899e-23
2.917906666149976512e-23
1.162828229625977730e-22
2.241674632230610294e-22
-1.232530260935594751e-22
1.346148666604426735e-23
-5.661356544897151098e-23
9.353552167760560471e-23
-1.249772722932033889e-22
-1.369372417695229349e-22
9.416219805216300280e-23
-2.022666966326788124e-22
1.728685870515487278e-22
-9.238940966841938268e-23
7.335400777828632115e-25
-1.567033979101937874e-22
2.545871884701512679e-22
-1.221916196655758222e-22
9.346065214363798864e-23
-1.563364195560669694e-22
1.362266438085592598e-22
-1.037395961380860028e-22
-7.865479115066311574e-24
-5.610962558064381048e-23
-7.210327156977976305e-23
-3.794857564671352689e-23
1.377017170225055280e-22
4.969703502283519131e-23
-2.880496747513888132e-22
1.216385069030554594e-22
-7.624121123440554681e-23
2.847699151526524413e-22
-1.796810264317021929e-22
1.508827316993048323e-22
3.266871252963326486e-22
2.625752071127450672e-22
-1.177126428175452371e-23
8.519579433113273955e-23
1.582503290267165979e-22
1.529504435487903112e-24
-1.003771476576028153e-23
-3.304253158789120953e-23
1.560742733266618657e-22
-1.949248873782986854e-23
-2.359966811178933295e-22
8.245434569499849302e-23
-2.150282935253634323e-22
3.431371593419389582e-23
-1.501656242837666078e-22
-1.545092890188709831e-22
8.557898822110801969e-24
3.896372961958037730e-23
-2.762266443340606683e-22
5.682881574623838646e-23
-1.500545056194050154e-22
-1.499645644423263486e-22
-1.408736759807294666e-23
1.756661023399503976e-22
-1.247790018894451020e-22
5.985980342420643864e-23
1.004409565241583510e-22
7.290989732802029237e-23
5.912633052991901441e-23
-4.939560244165521579e-23
2.056777300540995631e-22
-9.580571682989299055e-23
-1.704057429055101461e-23
-3.404555829724924345e-23
-1.851308649483250910e-22
-1.347173988794387708e-22
4.609160716393376117e-23
3.834411661074278579e-23
-7.931812779814312582e-23
-1.763659576985506616e-22
-4.873314560945930934e-23
1.783082715978328137e-22
-7.869530484902198802e-23
1.118106367726215586e-22
7.730149044004558312e-23
6.018326602870056292e-23
-1.291564389409308021e-22
-4.943148831941008986e-23
5.967476903964708501e-23
1.624173091938264084e-23
2.808899188671002414e-23
-2.726518041725815037e-23
1.370866340118060597e-22
-6.172471461696795703e-23
1.749225903203334211e-22
-1.050999893807665052e-22
3.354477084261579832e-22
-4.318641548940130761e-23
2.143905828608932913e-22
3.137126378266942618e-22
-5.973413030900133631e-23
4.566573458520729975e-24
1.251996506857655800e-22
1.327741309248726567e-22
-1.055364957274577249e-22
4.120225963816721057e-23
-3.195004980100283606e-22
-4.394363387030230460e-23
4.883957948650337853e-23
-1.531383231068936555e-22
-3.610575954259427385e-24
-4.401436982258006836e-23
-2.659683984279589728e-22
1.305920491844593760e-22
-2.650286765337035239e-22
2.612448302476526316e-22
-1.531457167464405926e-22
2.072055124367107808e-22
-1.162734174535747338e-22
1.041873523157819464e-23
-1.595097223122710315e-22
-2.158094839297978358e-22
2.719587520803648013e-22
1.785602877452350939e-23
-1.548553257531480025e-22
9.620475807604822496e-23
1.814667998560887759e-22
1.299364875563709546e-22
-1.913783346893023616e-22
-3.608492069647872549e-24
2.615127402619125694e-23
4.426189574739165808e-23
-1.034191510791960049e-22
-1.190849799630900108e-22
-4.991515049308964192e-22
-2.636758173314144287e-23
-5.500990146617643380e-23
3.363633141197070034e-23
1.666003202002044299e-22
-8.767449486399662983e-23
-2.609258136886163477e-22
-3.090649237587622275e-23
3.358590373628402895e-23
6.410774359968179225e-23
-1.320648509107581294e-22
2.201588709721481473e-22
7.905942364375583267e-23
5.233881840631518060e-23
2.864125633338287239e-22
9.642308600268461556e-23
2.948411740931597442e-22
7.543023671785375355e-23
1.370182533917014914e-22
-1.283556487898929738e-22
1.087336495871381822e-22
-3.857475191258578102e-24
1.271087312027202503e-22
5.686326978588359673e-23
1.791234308290811133e-22
-5.233824865557501649e-23
8.124984239656460772e-23
2.524355677277549203e-22
-9.338994119829436901e-23
7.391210204319251240e-23
-1.431605263916548317e-22
-2.688414366064458258e-22
-8.063280604292440913e-23
2.224446908022975256e-22
-3.231677135043608768e-22
-9.355413905603464309e-24
-7.691165411403871994e-24
-7.105095437361987559e-23
-1.044085132124031936e-23
2.740597975243160005e-24
-1.631790098927639329e-22
-9.061492465098105767e-23
-6.528096317115234259e-23
-8.572641604701146967e-23
-1.716662296645031504e-22
-1.233186252265644079e-22
3.349828288511022881e-23
-7.641879145337626934e-23
-3.429417499986914741e-23
2.063155375803156072e-22
-1.989037360062064309e-22
2.956996289206352765e-23
-1.103273331429654728e-22
-1.437351302762953223e-22
1.024794653795752631e-22
-3.182148481432417415e-23
3.017136655137184525e-23
1.312057506306261242e-22
-2.011235942566890056e-22
7.929612639751635910e-23
1.857814844379867665e-22
7.448908423126156712e-23
3.649732621862639004e-22
-1.812228530896990652e-22
3.796838073668970841e-22
-8.332157805333518204e-23
1.723755940821909803e-23
2.054283441925327872e-22
-1.146008157119139487e-22
2.908826070853612755e-22
9.826572122514595918e-23
-2.235837345501851808e-23
1.361226008853233408e-23
-1.678660114794789141e-22
6.214675758691351217e-24
-1.229440201603147516e-22
-6.196537854884348456e-23
-1.173798364324139494e-22
-7.583556292698291983e-23
-1.219452575690956430e-22
1.835313088565209236e-22
-3.532285625447301914e-23
1.470106719580721431e-22
-1.048504390247825824e-22
-2.362798989192266077e-23
-1.180157113025069309e-22
2.838340190803792477e-23
1.290340151269200602e-22
-2.012078237252608499e-22
2.831540368940694045e-22
-2.937946121563350635e-22
-9.159323010738875432e-23
1.379928273144625121e-22
-1.889996354060323836e-22
-1.040055600060921152e-22
6.248214987044840550e-23
-3.748018798710377859e-23
-1.129914842469865339e-23
2.332419844999460395e-22
-1.268327586747283229e-22
-1.083187850610318388e-22
5.308157312285889540e-23
-7.070082625803688487e-23
2.233579129919392262e-22
6.442208676560342948e-23
-4.952539432281970042e-23
2.488767394496072652e-23
1.744793725145626993e-23
6.577621322371063819e-23
-3.866332162692435255e-23
4.580892652103526751e-23
2.735914336615412550e-22
2.163210348297269526e-22
-1.041267544114769755e-22
-4.437157024457667100e-23
5.952848502181433778e-23
-9.007758345852101163e-23
-2.281276087909984218e-22
-1.370653247533935579e-22
-1.983462877207799670e-23
3.721309104177267627e-23
-1.013433426184092354e-22
2.893964034986783912e-23
-1.376918757542937253e-22
-8.233961651704922048e-23
1.034386546436308731e-22
-1.456634785363897578e-22
-8.088462095229962478e-23
1.132841630162827567e-22
1.411799634596980714e-22
7.704707941525680196e-24
1.115151584873418251e-22
-2.082382153558280123e-23
1.554597969685086575e-23
8.042503250172655184e-23
-3.362593788114820042e-23
4.825749411432805636e-23
-2.221002684640285769e-23
-2.969137465450656073e-23
1.296514613477393959e-22
4.920807154625548301e-24
1.460307537487875761e-22
-1.904134375364647647e-23
-4.770946420901313275e-23
1.644654414459950271e-23
-2.603896946202855858e-22
-8.704715341757379306e-23
-3.328259426077010638e-23
-1.165327724941598871e-22
-9.053295306231971278e-23
2.378683134168972157e-22
3.457753976992617847e-23
-6.282955700566403230e-23
2.550171253306189849e-23
-2.521828646125468640e-23
-7.360995915697820004e-24
1.771435964428562380e-22
2.671081982661165178e-23
2.271754975142582921e-22
8.550608108772273279e-23
-5.256165782825272704e-23
7.816683583125180902e-23
-1.420545052116254012e-23
-3.853074195869174045e-23
4.451512646059114282e-23
-1.506907866873828262e-22
1.712171318280559907e-22
-1.435040676180311279e-22
-2.761494292968398395e-22
5.318572243460149946e-23
2.623383414944691283e-24
1.145629003373272613e-23
-2.400190374171075220e-22
5.077842518515261861e-23
-7.337094165513330694e-24
-2.118745957299309226e-22
6.352709800021741938e-23
2.266836030346681877e-23
-6.901803600286184672e-23
8.637233876427362990e-23
1.405346278875855287e-23
-2.943907840882873832e-23
-1.120870032560347469e-23
-6.822400117765194211e-23
1.103302209855158460e-22
9.463009861674533667e-23
-2.240457354056812473e-22
1.285793955664759455e-22
-4.930890699674140315e-23
2.500541803149974319e-22
2.108026516945194211e-22
-2.252253524840695681e-23
-1.676477704786880430e-24
1.527012099821556263e-22
-2.183987335105130835e-22
4.213736447593908027e-24
-6.868933353151935802e-23
-3.040378279210174821e-23
1.321380649417404060e-22
-2.064697845542685155e-22
1.341431920346534761e-22
5.059926488021425932e-23
1.884088544329567965e-22
5.110082165911503572e-23
-9.811950058318527707e-23
-2.527761588937767073e-22
1.149218910076282539e-22
-9.071933506570288440e-23
3.825196519949882664e-22
5.516216858782991188e-23
-1.205023318277690584e-22
2.004609708939510003e-22
-2.374311453191517478e-22
7.312776940561847512e-23
-3.171040908155348310e-22
-2.266460204773499023e-22
2.047343743977601467e-22
-5.090100628127660158e-23
-2.010912607727333696e-22
-3.040461110757121092e-23
1.872383162932228133e-22
-1.131997278086334941e-22
3.499673620545863353e-22
-3.466228454151060456e-22
-3.632754875972886313e-23
2.455936181254505991e-22
-4.933881911077602458e-23
-5.332021778953594250e-23
-9.500452222038320165e-23
-1.103240414870699669e-23
4.573975251934576767e-23
-2.153098889594411533e-22
