-8.146162457929826616e-23
1.383287494252503171e-22
-1.596682074476811836e-22
-2.494810117814757064e-22
-1.578735570174833949e-22
-5.407355084357407804e-23
-2.082291468977631636e-22
-2.244853880828516504e-22
-5.171916184974847199e-23
-1.961149967593769823e-22
9.782963602650525040e-24
-1.241496158361038654e-22
-7.927931488451138125e-24
-5.998921093069627317e-22
1.444046889749406280e-22
-2.900520040257197021e-22
-9.510297172095317849e-23
-1.634753958761253826e-22
6.942691107007802807e-23
-4.665173864313385988e-23
-2.758541157247961257e-22
-1.923440265163169453e-23
-1.039813605307056011e-22
-1.006007959123001795e-22
1.539408755957059690e-23
-2.734864549818997684e-22
-5.564121465196602422e-23
-2.435641888297654137e-22
-1.848890942654408416e-22
-1.243943838317552879e-22
-2.303107737649303575e-22
-4.689099138304532667e-22
4.180900350077918689e-23
-1.730784511544569110e-22
-2.388001994387743714e-22
-2.507512699730551854e-22
-3.751451594924607326e-22
-3.093738137716551181e-22
8.904147065160005627e-23
-2.909418490771566240e-22
-3.957485258701300339e-22
-2.805128798124165020e-22
-1.429183113667095577e-22
-1.608805670094713571e-22
-1.547311738955460962e-22
-3.378953619922338865e-22
4.345719945270349246e-23
-3.534220390094202720e-22
-1.415210046197987687e-22
3.019359926467242527e-24
-1.382028546289251657e-22
-1.054157186672579032e-22
-5.901034532813817112e-25
8.922956620103831183e-23
-1.805225567933698978e-22
1.534490452228807886e-22
4.677183153066427585e-23
7.701617207424125183e-23
1.567949654150982525e-22
-7.937449205627490332e-23
-5.890242847314871446e-23
-2.496508680357495610e-23
2.527903041196272561e-22
-1.396829373692742994e-22
2.193775084551607897e-22
2.800382254453141628e-23
-1.037723105021046192e-22
-7.626346350563382735e-24
8.731737434006577773e-25
-5.164767686723969065e-23
-8.534832311378261209e-23
-2.240609483378197227e-22
2.701116643571649518e-23
3.022387775024653633e-23
2.645485648775050281e-23
1.319005071327634698e-22
-3.758901618052023653e-24
7.350287277842569510e-23
2.771012593334722729e-22
-4.598400358035195511e-23
1.850158472299047255e-22
-2.461516648396607893e-23
2.566090156435465463e-22
-1.673575310662986412e-22
8.228146420761634995e-23
9.870654102625780430e-23
1.324543581558592987e-22
-1.206523694994063378e-22
2.571307557037472254e-22
9.075179477840193917e-23
1.395653913877442562e-22
-3.922808488446258124e-23
3.548940454476219526e-22
1.836544966534325027e-22
2.245449692774674930e-22
2.865797610135487398e-22
1.657074983511644182e-22
2.444412671644328082e-22
8.219239178210373970e-23
4.134823322643124923e-22
2.846311525455720845e-22
1.949770719977404968e-22
1.411240578811705188e-22
1.037529049886537791e-22
1.571551023443055921e-22
1.741035636952249579e-22
2.581119271130772332e-22
3.046576860080479244e-22
3.911394668591031849e-22
9.266172234205761871e-23
5.370753627556538168e-23
4.303468226638659330e-22
8.677779140553178745e-23
-2.847280195456312749e-23
2.302509361556874582e-22
5.650291621450642893e-23
5.202793382023667536e-24
1.214171617570845314e-22
2.139142914935590317e-23
3.138417536674605160e-22
1.302530336665279779e-22
4.167989921320267786e-23
3.311639494280267619e-22
1.609648042927370749e-22
3.129490105657440123e-22
-9.666131834066533442e-24
1.517719958443730209e-22
6.377712345520929498e-24
1.575268478699431717e-22
2.561159079626148399e-22
-1.404687113488251249e-22
3.845658345854246564e-22
7.822616494446759505e-23
2.899281261389597985e-22
2.821543406886762714e-22
-8.512177500883135189e-23
9.483750993526596474e-23
1.103202779973741357e-23
9.205846062105505263e-23
3.281683775507592381e-23
2.409129992379677784e-22
-3.089639380722923080e-23
4.874336665489210454e-23
1.227432657847958816e-22
4.441087463719885899e-23
2.679424771197341293e-22
-2.388994804649454669e-22
2.697660590687142809e-22
5.235975024874204636e-23
1.678951478227992941e-22
8.204635506946479804e-24
1.380458746289068072e-22
2.701640608075689381e-22
3.152483902550627965e-23
3.058747967778479319e-22
1.109978629372806896e-22
3.398750939927888040e-22
-1.498829693192157731e-22
-9.283045682968415038e-23
-2.123582008019861389e-22
2.249580571720635752e-23
-4.797874699230658478e-23
-1.603409739923400373e-22
-1.102517887386704696e-22
-5.888681034608316836e-23
-2.352783584012475278e-22
-1.976501269957349825e-22
-4.634068743949756866e-23
-1.822319300642505299e-22
-4.067485680968999101e-23
-1.174660604304717536e-23
-1.899256651421738550e-22
-1.065341355325447599e-22
1.119194285139038838e-22
-1.826446409213204690e-22
-1.466035927594885729e-22
-3.535344653981951937e-23
-4.869985661647794255e-24
-1.598021016265365278e-22
-1.786341120781193560e-22
-1.714248368491066920e-22
-5.767333121156813330e-23
-1.730201930457002678e-22
3.662355530186209900e-23
-9.073381859729320360e-23
1.163067052735060669e-23
-2.533388766535401020e-22
-1.369838714502675461e-22
-2.756363450572669872e-22
-1.611148406068457225e-22
-2.291792096054280369e-22
2.685222168814400514e-23
-2.797380735967456401e-22
-3.054493130451987364e-22
-1.657533626889502962e-22
-2.057643563161145114e-22
-4.527281353608424794e-22
-1.658558723366155147e-22
-5.595092947125516632e-23
-7.898108694906130735e-23
-4.429312953241001900e-22
-1.242774535753138406e-22
-2.227270922156430696e-22
-2.193152569229759742e-22
-2.083517769562103570e-22
-2.581861213083700439e-22
-1.048188191295323654e-22
-1.077574253521634038e-22
-2.359114708793036795e-22
-3.854361495965786973e-23
-4.786238647458930429e-23
-2.047591993224924550e-22
-1.820127315254899653e-22
-1.888890386715241864e-22
-4.204036633523865419e-22
-4.114737490323169959e-23
-6.607164485443466356e-23
-2.035674725752081452e-22
-1.931664814632054056e-22
-2.999571206955833561e-22
2.678893437173691199e-24
-1.604889809551391343e-22
2.354970942583693798e-23
6.279589120558892682e-23
-3.458073246349976942e-22
-1.380433386469779625e-22
-1.426618169142736169e-22
7.151989102549923334e-23
-1.595031146350806045e-22
-1.251916258337426996e-22
-6.026656051353726147e-23
-9.970230529237110148e-23
-8.722628102845524113e-23
-1.173798147932285087e-22
1.984810250645487452e-22
-5.010905537328348522e-23
-7.304470459205114963e-23
-2.957455008238474071e-22
-2.102469713207331504e-22
-1.062641611164502798e-22
-1.835351503103420313e-22
-1.165995700889619272e-22
1.945536868749743281e-22
5.511051472309593395e-23
-4.422277807586415074e-23
-7.141364974252320538e-23
-3.129214686563807525e-23
-1.056157939145897940e-22
1.373009233718233539e-24
1.000265624282938578e-22
-6.114203423713485328e-23
-2.096752456449656208e-22
1.431181832803262576e-23
-1.228431197637950068e-23
3.567535804391485446e-22
-1.151144911163629485e-22
1.279657975592634237e-22
9.140844565180336883e-23
2.785161444268557422e-22
6.887032518297570714e-23
-1.935195430987466724e-22
4.740410713218210789e-23
8.442220052018414722e-23
9.193856808404698930e-23
1.007225387013476213e-22
1.305416241326868324e-22
2.375602388291364551e-22
1.275703474532482128e-22
3.290657951722091771e-22
1.253041308753587256e-22
2.080787135227979850e-22
-5.249259067318050270e-23
-2.101847461059312808e-23
-6.384543608953223920e-23
2.624350783860519947e-22
1.815422106124819277e-22
1.560111007950775814e-22
4.583745299335037559e-22
6.823957708619702242e-24
1.275830934119480702e-23
3.046878416179213686e-22
2.554182211298147606e-22
-7.916723581781083387e-23
2.039405731221360144e-22
-1.843028306758346517e-22
3.745502779142970064e-22
6.122800317834788075e-23
2.402130633730662332e-22
3.727980701988215929e-22
3.415964539172788008e-22
8.448190865403659752e-23
1.583995433876830864e-22
3.194345642657072838e-22
2.072757809983151014e-22
6.558929157845134589e-23
2.809025616734276335e-22
2.319488814132047311e-22
2.842976320059099613e-22
1.008089892022015751e-23
2.127210562445084366e-22
2.408467671745710746e-22
2.378136469692009411e-22
2.367576194422754946e-22
1.519279909358453605e-22
2.885952071524544336e-22
3.114986072401179181e-22
-1.158298342461853766e-22
1.708520767517566836e-22
-9.963027390345508717e-23
1.547305216973426331e-22
2.603007012204962046e-22
1.557595991204931087e-22
1.201202239742023702e-22
2.268153062765916831e-22
-1.093799189554171182e-23
1.332927362994109434e-22
5.460308809364498174e-23
4.536602440493765695e-22
-8.939487789758239340e-23
8.647146119723906408e-23
-5.550916614443477163e-23
-9.656822602930071992e-23
9.368084330590682477e-23
-9.123761355772718578e-23
3.866618806183988793e-22
7.433523246682551053e-23
1.609576160302284615e-22
5.167295297379197159e-23
3.160162185046286333e-22
1.339317896044848574e-22
2.238115981012688114e-22
4.391735583256321252e-23
2.537621210945310699e-23
1.475770364291332535e-22
5.042657033668033740e-24
-3.300583467817555179e-23
-1.128997966943056776e-22
-1.269510646965893071e-22
5.262026804829846868e-23
2.245077501780026577e-22
-1.545569334188803637e-22
-2.053460253638435878e-22
1.444451977385106742e-23
-2.269044939665300904e-23
-8.857151636370482922e-23
-2.008374415551093681e-23
-1.136580296997368731e-22
-9.129136578091992540e-24
-1.317764244265043995e-22
-2.924485554758468932e-22
2.322900743568220513e-23
-8.221128307849530846e-24
-2.150005239732230256e-22
-4.479149062655160170e-23
-2.971708863193540055e-22
-2.742754367938776136e-22
-2.048514670393278173e-23
-3.256352316946010363e-22
9.337824698673730480e-24
-1.165314285274708513e-22
-1.997190655740693381e-22
-3.211177777733962481e-23
-1.094165147693585127e-22
-1.231231981038871674e-22
-1.433999768201385719e-22
-1.112428525381287443e-22
4.303973847272949014e-23
-8.678607211476708757e-23
-7.751875697776767856e-23
7.740078382989341584e-23
-1.200106251188421069e-22
-4.800640134188563421e-23
-9.906028664749224127e-23
-3.029029752105287978e-22
-1.074854454896329920e-22
-3.054730276948491044e-22
-2.018706201210483334e-22
-2.910001716218768183e-22
-2.242580118124417037e-22
-1.624188143949448695e-22
-1.045309218537587735e-22
-3.282590003890702363e-22
-6.778220208644686266e-23
-2.002627920025138536e-22
-2.997620508516729823e-23
-2.050642449447847596e-22
-1.323833248300006949e-22
-6.745924456063751175e-23
-1.281944225994326178e-22
-1.563771022244660652e-22
-2.445888689547354530e-22
-4.838896100697898815e-22
-2.487564316032331164e-22
-1.836517457512261786e-22
-3.667508752004717533e-22
-3.141484306769889655e-23
-3.579842458680303248e-22
-3.159282661274933889e-22
-2.610143900020673558e-22
-1.057293835535658171e-22
-3.238414001352322517e-22
-1.162687855972232521e-22
-1.611379206169632516e-22
-6.379585083179389660e-23
-2.632085786060522926e-23
-2.242029058370325555e-22
-1.201136594588116359e-22
-2.625405856204750277e-22
-1.086583765649404285e-23
-4.948326550279379890e-23
-1.880977944758061373e-22
-6.653422066859528375e-23
1.164581372152528117e-22
-4.830956266431622728e-23
-3.656534428520260147e-23
-1.470464187136282962e-22
6.213088563126376538e-23
-2.839013634001323319e-23
7.105140293423733322e-23
-2.242735026885252615e-22
-1.526027922926445708e-23
-2.351144615402835451e-23
6.590921086482445763e-23
8.988708136951359213e-23
-2.097918632197227048e-22
7.547789611108191933e-23
8.708871021357593661e-23
3.450727322532959236e-23
-1.124470716068390528e-22
-6.390299569303950748e-23
1.897955055749196087e-22
1.825049227213195670e-22
-4.745909152270752454e-23
-2.641935228982655627e-23
5.345766541698463373e-23
-2.759479077027545350e-23
1.482533014529480977e-22
-2.234982946759259336e-22
7.763749942032741296e-24
6.017495371949008543e-23
8.605707083348223051e-23
1.160619657635008673e-22
2.132297915032758278e-22
-1.472673212901434317e-23
1.812164945474404276e-22
2.353011730321186824e-22
-8.404435278302317577e-23
5.402521953653019249e-23
2.964696179927941301e-22
2.235905665076753088e-22
2.448781580501397518e-22
2.479427179617897869e-22
2.838763540456725362e-22
7.522006471590207874e-23
2.453384902099123520e-22
-1.617286893214609580e-23
4.326888098064527750e-23
-1.953400041296152171e-22
1.259847861634668563e-22
1.660053482936050868e-22
9.800280685098292059e-23
1.529334044299225588e-22
2.653017537681582081e-22
2.574531296582995734e-22
2.798442274758281396e-23
1.741548620887634974e-22
2.813549216282726058e-22
9.407263882665823637e-23
2.506872526844575270e-22
9.465784570870300408e-23
1.128288009313068942e-22
1.312926032904379878e-22
3.082712908205771882e-22
-5.049243714786162183e-23
2.848231333318312158e-22
5.020225503784541919e-22
1.370449493189092818e-22
-8.977128660745802281e-24
4.171454771731898832e-22
1.657262606245968802e-22
3.712232528235983523e-22
3.469445757344858814e-22
2.951990980941134875e-22
1.414573736080245301e-23
3.055547388164583537e-22
2.403544997418408932e-22
1.766720118787954732e-22
1.051623765457494748e-22
4.693281647889598871e-23
1.630951370265997713e-22
-8.115910693211818319e-24
1.871430460313819575e-22
2.180062089825983662e-22
-1.824666847413693242e-23
2.175819630319350057e-22
-1.108194519027316515e-22
2.019167682643702133e-22
1.826865695059380402e-22
-3.087497579118014959e-23
3.746418930985463720e-23
7.428058302551831323e-23
3.159351750425845615e-22
1.489744540497808082e-24
2.246006223999682661e-22
-7.633078662673836777e-23
1.399125817401400869e-22
8.585183326076635012e-23
-2.457591596837636926e-22
2.237096404883926645e-22
7.038682929701725883e-23
1.101065146417379606e-23
2.710829316640893623e-22
-4.791938787521827258e-23
-6.840653902987608548e-23
-1.479183663720532346e-22
-9.901068647474179879e-23
-3.067247145290729308e-24
1.307603440620082254e-22
9.784176921512635596e-23
2.486809195760657666e-24
4.701995721353853185e-23
-2.037984788515663901e-22
1.053675878842242666e-22
1.805031079979864518e-22
-1.333035267751013312e-22
2.984001360053858249e-23
-1.511822991901079872e-22
-2.364603516269130182e-22
-2.757416874516999980e-22
6.816380159759384444e-24
-1.386937263332342434e-22
1.651689382048741598e-23
-2.673763615242819384e-22
-1.069079578028931820e-22
-4.133480124336163707e-23
-1.128965207841607038e-22
-7.983489196391042275e-23
-2.080830188694469355e-22
-1.334683488697965144e-22
-3.164978422351353801e-22
-3.219799639341784368e-23
-1.563419495209480859e-22
-1.738306101017472796e-22
-9.134705062152405382e-23
-1.675583898250320087e-22
-1.009046837583746070e-22
-2.897147231613368293e-22
-2.272196350657647726e-22
-2.185907355434443167e-22
-1.762927012529315451e-23
3.606198204609906135e-23
-2.150832349058406868e-23
-1.903733535480912234e-22
-1.309559328780281856e-22
-2.204945366874690773e-23
-3.853852023913661158e-22
-2.117005239698812390e-22
-9.693638532730737579e-23
-1.053197273243607462e-22
-2.581098341142675785e-22
-3.528290589130847310e-22
-2.685563077443925572e-22
-4.833272548878602206e-23
-3.108904848083872163e-22
-1.042204760339918494e-22
-1.829100085124016147e-22
-1.867467934049667887e-22
-3.863442893990499048e-22
-2.936292962275362547e-22
-2.446812972546623414e-22
9.758635565893671835e-23
-1.443062061762816361e-22
-1.802144223083176482e-22
-4.723453726986182359e-23
-2.317006752420842876e-22
-1.840891346382458244e-22
-2.889297759002332085e-22
-7.777270447159112866e-23
-4.957229375836867420e-22
-1.389760380830888105e-22
-4.063607028452030885e-23
-8.707176316903055804e-23
-2.779267953251457178e-23
-1.750101860646595955e-22
-3.165646540116219891e-22
9.745471276233770683e-23
-1.088707015269470162e-22
-6.205783129525487136e-23
-1.807976872126876176e-22
-3.228719513134074108e-23
-1.324944635608601837e-22
4.564698707156153330e-23
-3.888196466867286094e-22
-6.557754243082940959e-23
-1.732722639383114066e-22
-3.190361314401188668e-23
-5.562453254924312024e-23
-9.633951640491166031e-23
2.050394249401297129e-22
8.148131255356279384e-23
8.673301213199656980e-23
1.541792473762235238e-22
-2.755252889335634976e-23
-1.848524079658745391e-22
1.714913370459701563e-22
4.105866014970019519e-23
-6.009981530310342453e-23
4.524547467320608108e-23
8.713620299056995244e-24
3.911379014686046412e-24
1.365393336632436012e-22
2.704927396360721554e-23
7.802920057095355897e-23
2.397571365336615506e-23
1.374545089501672259e-22
2.033218591801013850e-22
-5.497466007065943883e-24
1.992321336795477228e-22
-2.088931286137860083e-23
3.911856955189927375e-24
1.382364796439917220e-22
2.276163871045270039e-22
1.508885902876365139e-22
1.652113275424276022e-22
2.000651285932488429e-23
1.452633039583567373e-23
9.797796266244170176e-23
3.494891546603621150e-22
-2.614894620160969982e-22
9.961719822923052830e-23
2.693095799360089358e-24
1.045915618388213974e-22
1.231569659687617812e-22
-1.260163303303821344e-23
2.020653207178107431e-22
1.847883492000711598e-22
1.405690504178632245e-22
8.968476623414828727e-24
3.688028463020273034e-22
8.793118441707954426e-23
2.658167108303608738e-22
1.294797619129629392e-22
1.675292610474393250e-22
4.489412131742648602e-22
9.074457368082860852e-23
2.378448143895963686e-22
3.414470270987462321e-22
1.285415133726190918e-22
7.257112078038641455e-23
2.432048208883651113e-22
3.144236628872864573e-22
3.673133450960269988e-22
1.553010149903910621e-22
2.058437193971871976e-22
4.563951315826192909e-22
-1.896450343889178713e-22
5.495512786593643993e-22
1.813909075241203429e-22
1.939131732988082378e-22
3.143742521630893423e-22
1.784256100378225795e-22
1.344588442095500142e-22
4.762034565129059919e-23
4.178612121515594297e-22
1.229674860100978620e-22
-2.652432458087730963e-23
-5.191069973295763422e-23
2.372118929926028660e-23
3.232280428531053498e-22
1.541644936453320302e-22
9.232237488366840006e-23
1.716243811872745533e-22
2.552150852788317203e-22
-7.354560996475799444e-23
1.579504639408931770e-22
1.380116846606408608e-22
8.917325777392052400e-23
-1.139524136272754589e-22
1.925407873090937165e-22
-8.040440544757816334e-23
5.621011059312755313e-23
-1.242444139643793952e-23
9.607211502898754972e-23
-5.230916632861045975e-23
-5.093210193786537943e-23
1.124117246525060985e-22
-9.256755671557323235e-23
1.820410655434810654e-22
-5.798050946636045989e-23
-2.670854116201975374e-23
-1.314172960911418409e-23
-2.056267011188905446e-23
-1.112406026387143033e-22
2.496208226023224700e-22
1.879385755689100181e-23
-1.018000392014927048e-22
-2.524124717652157035e-23
3.226259178476891246e-23
1.330480432269161415e-23
4.767733321569884114e-23
-1.628985002085956388e-22
5.693367444212775146e-23
-2.239596798639574187e-22
7.257976089703408998e-23
-1.439171896036344726e-22
-6.251593959352861279e-23
-7.330231503959194471e-23
-2.217788114394567545e-22
-7.706544309159041539e-23
-2.661982896013966830e-22
-6.891324798341649973e-23
-2.476743204289468938e-22
-2.650486923527973369e-23
-2.369848598344672592e-22
-4.162711964338806906e-23
-4.399516197541975223e-23
-1.872179101725706276e-22
-1.267849597561112937e-22
-1.024037211587419208e-22
-9.107919306741906186e-23
-2.579849487521382336e-22
-2.290484825314060572e-23
-1.583366927886640163e-22
-3.688805623947362047e-22
-1.635975754561483337e-22
-2.889658522376739559e-22
8.870961897953845720e-23
-2.963532178849111061e-22
-6.493707372980520271e-23
-4.200428353563969184e-24
-2.443336539449244460e-22
-3.353301722867211355e-22
-4.985042481695579361e-23
-3.336775141277717543e-22
1.651043148601165127e-23
-2.301614122136025312e-22
-1.857317874108403874e-22
-3.617468387783170819e-22
-2.804820151412944976e-22
-2.622186340113112476e-22
3.816153205253310513e-23
-5.362172713428374659e-22
9.646064091033538181e-23
-1.406891664513102839e-22
-3.552669079340710112e-22
-1.051291142686142221e-22
-1.087206116039329496e-22
-2.045300075538372656e-22
-8.330468902623234872e-23
5.973264218675728934e-23
-9.571947173591494534e-23
-2.477253879649694038e-22
-4.209916817818447385e-22
-1.206470023109707632e-22
-2.035876842683080171e-22
7.321217372798485015e-23
-1.987529670825248108e-22
-2.131608176878438305e-22
-1.253034938258744355e-22
-1.238420390746978844e-22
-2.249208191930129179e-22
-1.504111658766187726e-22
-3.923694503986539498e-22
-1.641838742158118977e-22
6.253326646195445129e-25
-3.963006656990749672e-24
2.641372986129089101e-23
-4.010857580361211732e-22
-1.899800010696154315e-23
3.062176131048097329e-23
-1.623910365892582523e-22
-6.429726500373058874e-23
-1.321967861559751318e-22
2.671911028382987918e-22
2.348179831130370342e-24
-2.279824361063400317e-22
2.035810466097270634e-23
3.973368698719300476e-23
1.083300159114481107e-22
-1.755270660600021968e-22
3.502788077549943126e-22
1.547697040459510693e-22
1.951169418955081773e-22
-5.047012591957095944e-23
1.914953796084031558e-23
3.166500663422686277e-22
-6.288728927137591505e-23
-4.577819672802240315e-23
2.544326370234863543e-22
-1.800229080578925435e-22
7.604528265880172655e-23
1.799719927665925701e-22
2.763118452032716907e-22
5.257131466836158723e-23
3.745045393376425653e-23
1.594274812211174422e-22
1.953579062958883445e-22
1.192543782324583230e-22
8.815669502103473897e-23
3.445276021081393312e-22
1.632020832623328715e-22
3.327254247769071835e-23
1.033986566634851129e-22
1.800456596216236573e-22
8.053765127164469988e-23
1.940462978142725758e-22
2.455995331422915266e-22
-2.697351790937821874e-23
2.184553262948126776e-22
1.000743716775279443e-22
1.844834465296783149e-22
1.336410856033751921e-22
1.072269310537408538e-22
2.971655956249067017e-22
1.140990036816267313e-22
3.481492284042750089e-23
2.474212774366969017e-22
1.371879712151384553e-22
1.338028512616887346e-22
1.061754982136388102e-22
1.797049409768596466e-22
1.333557467214987788e-22
1.169770795102038644e-22
4.427923201065104181e-22
-4.820939757769757446e-23
2.679916113645745875e-22
1.890516019106196888e-22
2.573968682269023475e-22
1.363033469815536579e-22
1.011618153007238502e-22
1.498046719043627304e-22
2.567329616482113821e-22
2.047318467970440983e-23
2.006947578495329437e-22
7.659372307355913460e-25
1.936407768062779972e-22
3.276766826064322928e-22
3.090043158743793857e-22
1.386598236603911325e-22
2.364561686311152174e-22
4.222799652699309656e-23
2.553061734887407386e-22
-5.442856782055419934e-23
2.363371460405981539e-22
1.183851977631555491e-22
1.953612084477273115e-22
5.704768751096923524e-23
3.855958155601872772e-22
1.791830889127655631e-22
2.648558510326272608e-22
-8.369081790948557925e-23
1.488794014164996632e-22
-4.862343018266051706e-24
2.052126900427429041e-22
1.425679577520540810e-23
3.458866284777532663e-23
1.739827903511936801e-22
4.694227799512418058e-23
-4.759712489118459032e-23
-6.714278555669756404e-23
3.079388747205677589e-23
1.578266062365299287e-22
9.630817599791513257e-23
-1.040176701767399685e-22
-7.162637035448087998e-23
2.888226074505956376e-23
-4.850572975646099677e-23
9.557659681811596368e-23
-1.419203752439571426e-22
-2.837320921952823232e-24
-7.182553686492694847e-23
-2.245565653388249151e-22
-4.256560746630295519e-23
-1.013342213062777574e-22
8.889649114241057687e-23
-1.865423188290585811e-22
-7.323093763962992079e-23
-1.235898359563085863e-22
-3.812839067042854898e-22
3.901815944402922188e-23
-1.207877486480476992e-22
-2.716701621215436427e-22
-1.532858948176093367e-22
-2.168643766965464856e-22
-1.519767297786433282e-22
-2.100259602790901685e-22
7.069925726495647631e-23
-2.099386803986224142e-22
-5.142152632425846762e-23
-2.250407788244945579e-22
-3.707654933488972986e-22
1.075483622433240532e-23
6.074641481875059631e-23
-1.994266532359091579e-22
-1.913048792314114169e-23
-2.570212787545637862e-23
-6.291803234756874814e-23
-3.145687201937829660e-22
-2.522490270830170747e-22
-3.391616105077577236e-22
-6.566928044711792608e-23
-1.486190307581246163e-22
-6.246676772524984416e-23
-3.086012184834080178e-22
-4.443236596202971612e-22
-1.261058169176373210e-22
-2.215840583346619783e-23
-9.722161065166460983e-23
-3.881828405149372075e-22
-5.399938661534887724e-23
-4.779449719370711908e-22
-2.739743416007734554e-22
-2.020290145522327706e-22
-3.946383129956893223e-22
-1.692737280810516081e-22
-1.966813210376301851e-22
-2.997913104874676085e-22
-2.132104521129040164e-22
1.830197525503207718e-22
-2.447318039695722008e-22
-1.771981627379884983e-22
-1.354125787300325630e-22
-1.575910998258045222e-22
-1.597690563526978496e-22
-2.191153545043283792e-22
-1.599483785950667393e-23
8.079966542505274656e-23
-2.102242947654763897e-23
6.153373916668590696e-23
2.032481753274777034e-23
-4.136677499248218405e-23
-1.375189330067175480e-22
-2.171261599006169127e-23
-1.626320852193108159e-22
-1.515594650912842045e-22
-2.960422924631903672e-23
-2.392472356957064368e-22
-1.857494781789198708e-22
1.087320317832816107e-22
-1.977449467270771962e-22
-1.107348946458983780e-22
-2.252212107878903845e-23
-1.762302150338370709e-22
1.519661452993835703e-22
-1.724365265983730998e-22
1.343385336536698385e-22
-2.400271857108846493e-22
3.295071528799190638e-22
-1.860703397787072257e-22
-7.715883821494392128e-23
2.329969835433150420e-23
4.747984860487167643e-23
-1.840216093869567070e-22
8.540215711392655784e-23
1.239059259464264656e-23
-2.547530294830174082e-22
-2.991824098777172930e-23
1.873626830202297188e-22
2.724673456149058908e-23
1.048255082789979351e-22
9.561425393591378724e-25
1.311049772424050904e-22
7.535590659618165217e-23
-2.032211307664107522e-23
-8.150640804648889097e-23
1.806358315099278782e-22
-8.232212366061930440e-23
-3.703367746207230139e-23
1.591048204771406435e-22
1.691107185307714086e-22
1.951189791758138038e-22
1.486143290567307862e-22
8.767463242031837387e-23
1.681057003918867385e-22
2.426930077033638187e-22
4.440280102959731462e-22
2.743698964908501462e-22
1.338141746252923715e-22
4.457707317340824040e-22
2.254011706978257939e-23
3.211398869981027636e-22
1.683106397393573608e-22
3.392463816493471970e-22
1.357724912877506514e-22
1.163024186669967296e-22
3.721721908750962734e-22
-8.191719221589833095e-24
3.211156092256610096e-22
1.845614219176319224e-22
3.341716130505360250e-22
2.823939471459950770e-23
4.635598888874767381e-22
1.363251348564283457e-22
4.656400091447848386e-22
7.806092581163626600e-23
1.292879241970331479e-22
1.518495533277458453e-22
2.280515651421325253e-22
1.551779400082532469e-22
2.641653569159003029e-22
9.963515060599119466e-23
-8.046285923614315662e-23
4.488881065410955703e-22
9.982451581340623390e-23
2.234926318017094752e-22
1.200675081008198632e-22
1.476768509458597681e-22
9.442870912083418897e-23
3.604242074349652436e-22
2.687148767914295455e-23
1.719304659276539205e-23
3.950108274150567989e-22
-7.196213010619824617e-23
3.731213444077123949e-22
1.243335379665859223e-22
-1.952833279286094303e-22
1.502801856778944246e-22
-1.811322026605395461e-22
1.365980165272332465e-22
-2.387247850105236523e-23
-4.885212732708907085e-23
7.577056214668241410e-23
-1.022146526307726768e-22
-2.116494249619969546e-23
1.546759257419898115e-22
-7.495419621448099872e-23
3.638228485429625374e-23
3.326410570390825249e-23
9.651853771733280525e-23
7.794194435684757618e-23
5.048686481606627918e-23
-1.208691181963434450e-23
7.103875558764017052e-23
2.201127937823887292e-22
-8.585659452799582261e-23
-1.975643972904346725e-22
-1.081425857022130947e-23
7.800476115692290419e-23
-1.599808148652998909e-22
-1.491147445425048452e-22
1.050946837616498041e-22
-1.538047265959742134e-22
3.815432867249092531e-24
6.096265726161248124e-23
-3.591751995008758804e-23
8.215721239574204399e-23
-2.620856380629138778e-22
9.540411987487531586e-24
-8.514134412813600033e-23
1.111232785016096739e-22
3.297675887982368839e-23
3.890679544570303001e-23
-3.682719832467623715e-22
1.377173295625047997e-22
-1.297544425341156088e-22
9.818982955314599301e-23
-7.960998244731434919e-23
-3.830920339882202031e-22
6.879945613603031836e-23
-1.697349033106478134e-22
-3.628565046231671264e-23
-3.564838870313405216e-22
-2.018747424207162851e-22
-1.905225445281977985e-22
-9.648462810146986826e-23
-1.919116707552430290e-22
-1.632152012903974087e-22
-1.474698812252096842e-22
-3.474437860220568161e-22
-5.720014923475742394e-22
-1.019352148881515295e-22
-1.437185679268502879e-22
-2.255622030515702812e-22
-2.006581804618244708e-22
-1.880912148391703072e-22
-2.337637968324216722e-22
-1.173026867055561379e-22
-3.617745637867682662e-22
-1.510890989668896253e-22
-8.487527510508946725e-23
-5.286498851046409002e-22
-1.817267702601967315e-22
-2.743242448650549098e-22
-4.068699369182153667e-22
-2.457688375989994390e-22
-1.241384516611679756e-22
-4.027506044736892806e-22
-2.256011480415164428e-22
-3.392549838597842959e-22
5.771167344184109774e-23
-1.933576315949385160e-22
-2.791446188078334205e-22
-9.677122573042956939e-23
-1.297857752717737937e-22
-1.451925709576112704e-22
-2.386903767230184688e-22
-8.917991066472292631e-24
-1.349341397580165428e-22
1.772812058712525781e-22
-3.597515531784724378e-22
-5.993325153728189200e-23
4.610701831375436422e-23
-6.679789427574473219e-23
2.618730742429173464e-23
-5.864308174241411736e-23
1.156903765018851504e-22
-2.997306239514475450e-23
-1.267322902708468394e-22
-6.139898657948503756e-23
-1.097706713618232882e-22
7.737058764915076996e-23
1.660869300118852408e-23
1.517145225952800524e-22
-9.834861528827567090e-23
1.231561332512193120e-24
-2.379704291206689172e-22
-1.330695848310719722e-23
7.785028136399041466e-23
3.321313045348218448e-23
2.612821607010686190e-22
7.683879769804967124e-23
4.082156519989651908e-24
1.501423873015614936e-22
4.082229208919295291e-23
7.055815875846457964e-23
1.037825809593772760e-22
-2.826500603644439445e-23
2.821617458686295702e-22
2.398118428676173067e-22
-2.901868317764277712e-22
2.339456102368953470e-22
1.851586867842409545e-23
-1.815631522696225450e-23
-5.524077342621438985e-23
2.353855175736159514e-22
1.057937097673220701e-22
-2.790127078800031193e-23
9.287367193238271793e-23
2.041083269353802689e-22
9.055576248279881550e-23
2.954644322770683913e-23
-2.093335000733585122e-23
1.291796286242490018e-22
-1.397300356282590902e-22
1.581804484361012491e-22
3.341290628001361384e-22
1.740292819961839234e-22
2.737820530264914191e-22
2.272297648547420101e-22
2.775545359235730956e-22
1.727329008357013355e-22
2.944400220451314792e-22
9.270419044923094631e-23
1.834692182157256426e-23
7.772236741961995871e-23
1.179636340500276647e-22
3.029797327145295989e-22
1.405829344149346381e-22
2.271143809531746320e-22
1.176924466303110724e-23
2.113854961012736053e-22
1.153950576226238563e-22
2.705369771846968641e-22
1.765655943137768851e-22
3.174782576632180029e-22
1.213820470528907398e-22
2.238371491176126118e-22
3.966019723374296421e-22
2.962569439384420445e-22
2.306219397447086787e-22
6.787525656453274312e-23
4.322508938426680799e-22
1.250084264738605109e-23
2.524898140018490957e-22
-3.182924904510387791e-23
2.201400339254804388e-22
3.002847044533207744e-22
1.544757338069650869e-22
2.578961506898347922e-22
3.079811426642411899e-22
1.486372940235827290e-22
3.220185005781187053e-22
7.639054309391786297e-23
1.590262898801896215e-22
1.627783308667946140e-22
9.951076873275665876e-23
1.122538357080500758e-22
1.045659423462800353e-22
2.565050609490844533e-23
7.047179214679666364e-23
2.410052282373177793e-22
5.745537181428191364e-23
-1.220216656235690884e-23
-5.531589848835528974e-23
-1.138884768245417958e-22
-2.165812190741013153e-23
-1.333357158432563700e-22
4.852378115962859955e-23
-8.422116172259041108e-23
-1.185730193019110070e-24
-9.263152902031263646e-23
9.668314356903092157e-23
-1.089010375610564016e-22
-1.502150121061552792e-22
-1.588993872526765800e-22
-1.463819511775865306e-22
9.109122753524555216e-23
3.654105765509793860e-23
-1.429272228294442475e-23
4.056857616530438078e-23
-1.557529727602790460e-22
-1.582046250562242643e-22
-2.192396308534102506e-22
1.203615897677707532e-22
-4.850589833684905234e-22
1.718650627856068603e-23
-1.494079369574514246e-22
-3.160087745512365596e-22
-1.040629840577449945e-22
5.460889899010044050e-23
-4.936702537324497005e-23
-3.086982812533531496e-22
-1.246250756023467827e-22
-1.002039136770514688e-22
-8.397204875700931985e-23
-2.873258433907069380e-22
-3.402576478450891123e-22
-3.977427524376953483e-23
-1.839206316171681495e-22
-9.608937822960696017e-23
2.556188850767821943e-23
-1.033798963836313548e-22
-1.231961254001448361e-22
-3.468209694545323494e-22
-1.971835116771474891e-22
-5.963198831997271438e-23
-2.556495287523829307e-22
-6.307364627683797494e-23
-1.053110833539884600e-22
-7.867341740715062460e-23
2.962314840995581658e-23
-1.354934471026651584e-22
-8.184686939313726842e-23
-2.875842423898335352e-22
-1.601982002908549060e-22
-1.030212374529602862e-23
-1.693126268372509247e-22
-5.071473147120335799e-22
-4.407879210886855337e-22
-1.439284421152690635e-22
-2.048909616420093676e-22
-2.717916562045638585e-22
-1.973280569774238681e-22
-2.293611850180497178e-22
-1.367609584919988391e-22
-2.413818241436046021e-22
-1.208771109950158132e-22
-4.170547453452600586e-22
-1.039952224764148478e-22
-2.858070969592531964e-22
-1.665320979323776584e-22
-1.755926305481656156e-22
-8.584306720379547846e-23
-2.259460358886021995e-22
1.161092554573360663e-22
-7.224255636008804273e-23
-1.515745821520532428e-22
-1.953694905093831210e-22
-2.346221350529361120e-22
-1.866442675985767508e-23
-4.951781543402051325e-23
-9.262602701638562429e-23
3.418331183136259646e-23
7.698635625062143645e-23
-9.337874654360824750e-23
2.779873120521321166e-23
1.126884274930134720e-23
1.842853975245600860e-23
1.826828108105688348e-22
-1.086554834938952023e-23
-7.895135194271674734e-23
-1.865649253215025087e-22
7.021572204139568264e-23
9.174936848641416100e-23
2.994907846164858775e-23
7.872939787919500151e-23
-1.279339835383287354e-22
-8.161072841608375666e-23
-6.792885160522435000e-23
6.597536529680978078e-23
-3.311629426649822590e-24
-6.062752955501587199e-23
-7.275330807178694723e-23
2.683003058438888855e-22
6.445463368746654562e-23
-4.127789023398931931e-23
1.865492735423326129e-22
-1.127607703065436822e-23
2.761509566998214484e-22
5.128006209296836266e-23
1.975928843558638965e-22
2.581580239666331992e-22
1.350860282133920767e-22
1.177898241427153952e-22
2.705123989839447364e-22
-2.830070605436241516e-23
2.822422187732217094e-22
6.963050013338325677e-23
1.566587106139048291e-22
1.336924126614296167e-22
2.323977397161134311e-22
2.053180125104407939e-22
1.875678937461609402e-22
1.071527093321749047e-22
2.479685217857100552e-22
2.201723459206451211e-22
1.250580894585488196e-22
3.201366022666290777e-22
3.167652341537057021e-22
2.104540574912133403e-22
1.569954484560652577e-23
2.304741781006535747e-22
3.025803496492858573e-22
1.576178733610613425e-22
1.694302281879427451e-22
3.008599827415823886e-22
2.064431477207569103e-22
1.668555790723120086e-22
1.934395656603686117e-22
4.151697564647157602e-22
1.298147684835146191e-25
3.194250350449835506e-22
4.254499445076279675e-22
1.488037293582864830e-22
1.041406206478431881e-22
1.273119199635271963e-22
2.018945671393295754e-22
2.186038251586926874e-22
-9.252120096390345231e-24
1.682418240053694734e-22
1.399070913267293618e-22
2.524080338159120158e-22
1.562188009499675851e-22
4.641040656515785331e-23
6.063186010810304497e-23
2.777746753547669211e-23
1.399972762799400645e-23
2.069506831859795985e-24
8.560466341947422807e-23
3.578554391923559203e-23
1.765535644539052947e-22
1.389557470901168819e-22
-5.315677742479372286e-23
1.652208037860168365e-22
1.066063700999086545e-22
-5.009664504842389830e-23
1.006232975594428509e-22
1.000725481819515656e-22
-6.983336959040707949e-23
7.180229537011249190e-24
1.354534684897780770e-22
-1.722242924096054533e-22
-6.679150745183721849e-23
7.026994164235109355e-23
9.870863631605858806e-23
-3.209436980819509872e-23
5.359175977480471350e-23
-4.670409238861044982e-22
-1.251539158885799478e-22
1.226434689967913063e-22
-2.323894510077107436e-23
-1.016984859201876616e-22
-4.242111121073395564e-23
-3.991816250039359008e-23
2.165155043756015264e-22
-2.901417382853067895e-22
1.037117807711874084e-22
-2.256206154333182023e-22
1.248918488486022241e-22
6.382934001763124475e-23
-6.069056150094284799e-23
-1.204609886819327046e-22
-6.251402737451880679e-23
3.346532668983968878e-23
-1.609037217699784940e-22
-2.766102341981170894e-24
3.019166726661237667e-23
-3.677743397621369561e-22
-3.175740502695425660e-23
-2.157398006014460342e-22
-1.106330522690206957e-22
-9.696615781510311826e-23
-2.198444919881912874e-22
-2.519498616525211346e-22
-1.458022265766302139e-22
-8.027137257832026911e-23
-2.184876199719471651e-22
-3.597976848310067086e-22
1.035798186347219679e-23
-2.883274934110182402e-22
-2.439703481206674414e-22
-2.778158255319563886e-22
-2.467299417402289796e-22
-4.289307683388262948e-22
-3.051112818045993396e-22
-4.430845132243279548e-22
-4.460181273363047415e-22
-1.834296658750959236e-22
-2.943736445160138452e-22
-2.735509973604635769e-22
-2.708217300205716687e-22
-1.711057676954711817e-22
-2.484977001995018625e-22
-5.506564312802441026e-23
-1.691685267170809461e-22
-3.472614733957324849e-22
-9.077319791720745996e-23
-4.221094575939095378e-23
-2.023027257671002986e-22
-2.342205736877542246e-22
-2.545653748099994664e-22
3.224403159298829810e-23
-5.853860182983366813e-23
-2.882279568322365206e-22
-1.305026942025660928e-22
-2.215649602131413944e-22
5.033810549514081629e-23
-6.300194966524708271e-23
-1.823956156209286908e-22
1.307031758893930402e-22
-9.651506526982884587e-23
-3.034409334372278727e-23
-9.325671511660153460e-23
1.002372220163702246e-22
-1.909005432316081258e-22
3.183179481542511372e-22
-4.482575506539768801e-23
-1.848315691737522558e-22
-3.854566751048936867e-23
1.127222380836349165e-23
1.529635553754033624e-22
1.811789993419781874e-23
3.967989700797004162e-24
1.850386770270935083e-23
8.365869494289986812e-23
1.247967907258696894e-23
-7.706512766648294593e-23
-1.175626824374494324e-22
-5.196244022578221447e-23
2.211594261009675063e-22
-9.824248655918752893e-23
2.083963610938998568e-22
1.749372248529190635e-22
-4.568797548343778137e-23
-2.904697877170296154e-22
5.531303910716775360e-23
1.809007866211547487e-22
4.242332039104270629e-22
-1.566853263553731147e-22
5.791434492096480890e-23
-1.782347352838437028e-22
5.565354059903792321e-23
-4.896515985064842568e-23
2.836104058845359638e-22
-1.857007684783259430e-22
-1.814489076599111274e-23
1.119440553070917513e-22
3.062625923988083906e-22
2.791360992897580994e-22
2.339943337536969218e-22
2.294568520170775328e-22
3.110250471546538118e-22
1.499229727281377133e-22
2.518797180694317597e-22
-2.527831087939535256e-23
3.112827317858246680e-22
1.041387045674873127e-22
3.722161168790020851e-22
-8.173279250071698297e-23
2.508444177983604572e-22
-1.010773541554325056e-22
4.192277345235864686e-22
2.772881939363482524e-22
1.374103211132685201e-22
2.876080390514081427e-22
1.733583991714984321e-22
3.246278105588059622e-22
1.278220277275879121e-22
2.591989142937028425e-22
3.107584751515246940e-22
1.985653463475133091e-22
4.466749023296456972e-22
3.051279978765540453e-22
3.703763436463190078e-23
4.210644442169916901e-22
6.543615633288831291e-23
1.968045873908478869e-22
2.462530830075099223e-22
3.347602728748964343e-22
1.401898783961193123e-22
2.280801959618385361e-22
2.837836100538475455e-22
2.435435968347940021e-23
6.068792306522261980e-23
1.064025151361048877e-22
2.098974499714003897e-22
4.108239994801551873e-24
1.115993915190466609e-22
1.098509264697805251e-22
9.737782568179053640e-23
3.485649537456427556e-22
-1.469597446777661307e-22
7.353080026688320894e-23
-1.646795412671033453e-22
-1.453592748642138357e-23
-2.115588165782530986e-23
5.142015874884365301e-24
-7.920128012121362404e-23
-1.829209202076169437e-22
1.829485479326161420e-22
5.136961714255753035e-23
1.262133616334902663e-22
-8.380190232122203136e-23
1.611183166386954211e-24
5.159748526016776669e-23
-2.638635745605326639e-23
-1.688710380526018727e-22
1.621391732649420420e-22
-1.407615913318114532e-22
1.640336736726671067e-22
-1.700965335317900304e-22
-1.673329944136384935e-23
-1.421567358888154730e-22
1.735330680364208440e-22
-1.496719954188906472e-22
1.173976878477161927e-22
-1.819819614439319258e-22
-1.163322474576539613e-22
-5.419319287460248888e-23
-8.216118535253714618e-24
-4.529958403993215058e-24
-2.620183023413616304e-22
-1.736753334330773793e-22
-1.980589488915098937e-22
-2.052155870432866115e-22
2.247701593568511241e-22
-1.488636184830021545e-22
-7.202413910640052385e-23
-3.751034489476260609e-22
6.328234797892939209e-23
-1.477045223776368832e-22
-2.409514580812281951e-22
-8.542880078194854056e-23
-7.561296293201697704e-23
-6.183128252239563680e-22
-1.996738066951492375e-22
-2.166309890209015351e-22
-1.590923251786069411e-22
-6.318678807709496318e-23
-2.986031956944090596e-22
-2.960957492453089257e-22
-4.231847740634764025e-22
-4.428110333549827479e-23
-2.478109994707125285e-22
-2.629242005871684538e-22
-3.497771785604069963e-22
-1.275312814189955928e-22
-1.670462829864571378e-22
-1.912615539332784538e-23
-8.612848179126910243e-26
-3.081165536531964942e-22
1.195612881874065345e-22
-3.616311662185146480e-22
-3.472267264549801093e-22
-1.054128791111663220e-22
-1.699499668258052334e-22
-2.283818695528268896e-22
-3.624204983033751657e-22
-1.165675843501590205e-22
-1.892995695914320557e-22
1.685672402905782803e-23
-1.583541208921526519e-22
-3.058209676995099649e-22
-5.013335585099274963e-23
-1.252814954041283824e-22
-1.521061516479530603e-22
6.623061234316162488e-23
-2.312835545589388274e-22
-5.582524755762589911e-23
-1.600241544356610507e-22
-1.008405764251192097e-22
-4.023270348267157127e-22
-8.484262268024727862e-24
-5.435900232846978594e-23
8.805042200042141371e-23
-1.652901599484727401e-22
-1.078743731330879854e-22
-8.732003256376969996e-23
-2.774369689954854730e-22
1.118621653901359945e-23
5.117802562008261022e-24
-1.983000940044763181e-23
-1.207574351709507075e-22
-2.323245186494765197e-23
9.670949952055401575e-23
6.883931888261939334e-24
-2.449507611959017070e-25
9.607060287292782784e-23
1.227585287674135108e-22
-5.824931227782603302e-23
1.930921959219671870e-22
2.921585732664258613e-22
1.624154392907793961e-22
1.023194442229510896e-22
1.346432075405472270e-23
1.922959512920549462e-22
2.255543089731962463e-22
1.492430591262525265e-22
9.168368716296618797e-23
4.841513643894347038e-23
-8.335226045639826464e-23
9.979797647210195103e-23
-6.914025515072660468e-23
1.520779871166296411e-23
2.066711173192414760e-22
3.765858353583640106e-22
1.703457613684032403e-22
2.631033517032558647e-22
3.231019096112618419e-22
-6.895863339661687352e-23
3.394126457564800626e-22
2.585415008881806218e-22
5.795523984474283122e-22
1.086537284342305128e-22
1.646491758400556348e-22
3.265671069078010065e-22
3.364347581005514544e-22
-5.569020436198428444e-23
1.815420229503291755e-22
1.876929646832353620e-22
1.831914531524472373e-22
1.338814556251673705e-22
1.256824443413735839e-22
4.184511663508658742e-24
2.359170745803365310e-22
1.159329728738549858e-22
6.027201794929164328e-23
1.225101311965294259e-22
2.486842327716145855e-22
8.531754916760059016e-23
-1.226887156380676004e-22
1.871427853694331101e-22
3.861148792786992329e-22
2.916312550141787838e-23
2.029918598302522809e-22
2.472515591320472276e-22
-6.661686146659937694e-23
9.831363276843588804e-23
1.072344996079721883e-22
2.128913978676664402e-22
1.274236233519710631e-22
-4.543422538752805746e-23
3.825525648068449271e-22
2.792646240074237237e-23
2.836619525533372989e-22
9.512183059918218473e-23
2.310389370121585094e-22
2.247830303336271190e-22
1.585938390698652234e-22
1.672059642553959561e-22
1.415087154949371575e-22
3.784861641506797726e-22
2.166134959033279436e-22
8.929650979887598840e-23
4.670809480276084991e-22
-1.816040490611549765e-22
9.390777976862836787e-23
-7.219396594460823730e-23
1.446238371842748313e-22
-7.841219566775009730e-23
-4.907724949627694859e-24
1.674100279579202940e-22
-1.442442086553299683e-22
1.179944713118822998e-22
-1.654080216370355163e-22
2.107188697963288048e-22
-3.400860525949363279e-23
-1.689944183085120552e-23
-4.537341381550339285e-23
-1.212579289172862671e-23
6.505159384059297719e-24
-1.436461602268557340e-23
-2.820776584604015908e-22
-3.445962453207263268e-23
-4.122346398171874479e-22
1.462796678041822111e-23
-1.329675622603553706e-22
-2.002112819204438753e-22
-1.536135893090581164e-22
-9.528940330445505171e-23
-2.621633900821532267e-22
-1.908491771447088270e-22
-4.377627196726864700e-22
-3.445754029931109913e-22
-9.984763880304197997e-23
-1.200580062391894742e-22
-2.766219158246141908e-22
-1.621549558981503263e-22
-3.091687621430014485e-22
-2.407326906927863718e-22
-2.055796051176389503e-22
-3.150707051079784868e-22
-7.337891959741916963e-23
-2.644039348184762725e-22
-2.440663392939651081e-22
-3.019354873951830351e-22
-8.398414665883029925e-23
-1.303136981806431163e-22
-3.104793028029548964e-22
7.963971905894539213e-23
-3.372565371426388016e-22
6.350695527018777751e-23
-2.439048027782852247e-22
-2.676264202629080572e-22
1.149943167803269788e-22
-3.115967551559617964e-22
-3.030916319368557176e-22
-1.732304186234370442e-22
-1.371673117469070222e-22
-2.344455626776584472e-22
-2.641980593959251510e-22
-1.557638641610094667e-22
-2.726399419536731409e-22
-1.591411485980674624e-22
-1.121382646491356971e-22
-1.257442776540398516e-22
-1.275923844037587348e-22
5.230516449229015347e-23
-6.106930160275564564e-23
-1.124003639668782999e-22
-1.015078279699824612e-22
3.999035141864481808e-23
-1.333455997671221442e-22
-6.065911709372098908e-23
-1.704572320375113962e-23
-3.674468699431905448e-22
1.384708791920696628e-22
1.931234715489891441e-22
-1.685961576481841249e-22
1.081006240670058388e-22
-8.433443976451190723e-23
8.580080181148127263e-23
-8.772149328398141784e-23
-1.635496389240956636e-22
-2.253124026422821044e-22
6.383872417501756600e-23
-2.278607522875548271e-22
-2.937989543383100916e-22
2.680686008395092523e-22
-6.910678206545810343e-23
-2.731478823192106551e-22
-2.362903278897959364e-24
-3.524467748495704321e-22
2.181340563435728472e-23
-1.441647962416753328e-22
-2.345525552151078502e-22
1.257040378549468430e-23
-3.971939808789679849e-24
-8.026426534899431961e-23
-2.846367742013621903e-23
2.559051755841615396e-23
2.264372557297685348e-22
9.748958920087252337e-23
1.549224136353312602e-22
1.838896913426767645e-22
3.371606053508727460e-22
3.262797934972880150e-22
1.632778365103588592e-22
1.037669035270413140e-22
1.934291652950728153e-22
1.561365469614132175e-22
1.313191650949676595e-22
2.015283656875381446e-22
2.207659847681178084e-22
5.107242793923856956e-23
2.336544377445972770e-22
2.024393164124217210e-22
5.084538476872560560e-22
2.352779813094712566e-22
1.176337291550540536e-22
9.098124317659016661e-23
9.624315754162790315e-23
4.129705030997276521e-22
1.079143851122881284e-22
3.898400926130512685e-22
9.795768710851075412e-23
3.617836353136900394e-22
1.554344002177825997e-22
1.766095990109267409e-22
3.674503667989437919e-22
1.343917292880303040e-22
3.724553391511798300e-22
1.898105733735142485e-22
8.403309713342233152e-23
1.886117666609726389e-22
2.144304426463532631e-22
8.859339856298686854e-23
3.070798393695825559e-22
2.317481955220500286e-22
8.220946979939871818e-23
3.565548997764435623e-22
1.423769440936780952e-22
2.228741443608063427e-22
3.521843380734583726e-22
1.389105444973048077e-22
3.548059109984817418e-22
-3.167240274637065995e-23
1.077783241740393322e-22
5.728899888215202252e-23
3.455699809945441389e-23
-6.442705922489941507e-23
1.070481787054858987e-22
1.885988819271638997e-22
5.375151567219262178e-23
2.567484059443763640e-22
-2.554712499881632408e-22
-1.056615122593070992e-22
1.385510419975053079e-22
2.182546464344082211e-22
-1.757404212058327540e-22
1.927629090349962323e-22
-2.753865521032101671e-23
9.286060620293698089e-23
-1.519865576250693554e-22
-5.818801672873415157e-24
-9.104654857721024383e-23
1.339846602515716752e-22
-7.680325053101803244e-23
1.126371086251423862e-22
-9.055543380323653308e-23
1.701728626866897279e-22
-4.239612680191595508e-22
-1.129466092483193890e-22
-1.529620480934033898e-22
-1.783909048707133598e-22
1.039204321890176726e-22
-1.514350263967146963e-22
4.130393134892491293e-24
-7.467715789530891222e-23
1.448476767070211895e-22
-1.041078465794792309e-22
1.065411960763619311e-23
-3.443416582651513665e-23
-2.109737826721629200e-22
1.070658708288856832e-22
-1.570368934648927080e-22
-3.327150725317142891e-22
-2.385997475013898168e-23
-6.565202113672495310e-23
-2.292304388337303376e-22
-2.967372096833720325e-22
-2.138057221885085127e-22
2.456174416955142796e-23
-1.641957125078839872e-22
-1.434925269784150633e-22
-2.317027358412104801e-22
-2.875106955302151091e-22
-1.212400647585600749e-22
-1.336377514008599275e-22
-2.123046367992264342e-22
-5.142006213486880183e-22
-1.323516836419401757e-22
-3.582612525686081087e-22
-1.371134295814584081e-22
1.806026558497809776e-22
-2.527571447971838759e-22
-2.540819423294167833e-22
-1.706938133165756284e-22
-1.478085507921786707e-22
-1.244993601127786404e-22
-1.811523111162640880e-22
-2.404719751236017582e-22
-1.501685892373769911e-22
-1.535877774264297794e-22
-4.553043289137830754e-22
-1.511737265534848331e-22
-1.355676195061026841e-22
-3.716938158546342902e-23
-2.129967314813546036e-22
-1.217817845177940443e-22
-3.137954551074220277e-22
-1.826483787377765286e-22
-3.990357858126551893e-22
9.737896635551395088e-24
-6.692106408834129849e-23
-3.264386967640516764e-22
-2.111850918753863078e-22
-2.868741028185898900e-22
-1.639101544871885903e-22
2.469833356031886366e-23
-4.552549497284846260e-24
-4.513357409490456412e-23
-1.831807389379455406e-22
-1.519353017100188633e-22
-1.894129845472026636e-22
-3.233409379890701636e-22
1.202202033849311798e-23
6.657290640607502378e-23
-2.631456131602501299e-22
1.236090603735757200e-22
-8.382993923449942913e-24
1.761250283547821077e-22
-6.865144752048314313e-23
4.433203046682485445e-23
1.046126535400888467e-23
1.126995861656737402e-22
5.108879438589087569e-24
8.989161179603162026e-23
7.159173486917676390e-23
1.388980316759637792e-23
1.634081544731835364e-22
9.368508474723468334e-23
6.658337498441457572e-23
-1.681653995760502479e-23
1.505367626712705562e-22
2.168583323075722256e-22
2.556186972793954938e-22
6.872968741856100552e-23
1.970563803754969772e-23
8.794864958735351507e-23
-5.260521660353047108e-24
4.638563537453205386e-22
1.107240176848182879e-22
1.757553780934177945e-22
3.767211735374816728e-22
1.587749571651762258e-22
1.303777473872553174e-22
2.853894906828680537e-22
2.925771830459953091e-22
3.522028928061646106e-22
1.854630348772037562e-22
4.008876451094113648e-23
3.150871515724616384e-22
3.442335854102538442e-22
2.109249399222718873e-22
2.226877669811528172e-22
1.192207047721172461e-22
1.325114327456929835e-22
1.111677871042247219e-22
4.249149882030573740e-22
-1.040266545693880023e-22
3.287434514184086958e-22
1.778041440697786989e-22
3.732749834479902208e-23
1.428756539837474233e-22
6.625064244332944113e-23
3.558536887739174431e-22
2.663184161978956235e-23
7.610798322882585949e-23
6.991659062019852790e-24
1.460685080591414855e-22
2.690441774996323746e-24
7.265268586123070249e-23
2.544330917959024047e-22
2.369030226125313774e-22
8.412571501302065496e-23
1.968433136168914413e-22
1.015431350660305013e-22
2.919054563620126632e-22
6.948187645106403034e-23
1.007367715025896829e-22
3.159041770520682832e-22
2.174568842458655502e-22
1.121727225751222890e-22
4.245959399009167214e-23
3.327170702647887800e-23
4.305766892275803837e-22
-2.498149561424213153e-23
1.549847222433839550e-22
1.658872482404252840e-23
3.266943010124421564e-22
-1.342579666857535440e-22
2.708721680858879938e-22
2.614839924679798828e-23
1.952399424580489351e-22
2.746568378623007510e-22
-5.849963017847840070e-23
-2.101255161920643340e-22
3.206506004411307306e-23
-9.925007432095718136e-23
-9.857747709788564744e-23
-1.047584092534540316e-22
-8.469346576995386757e-23
4.859221518806088238e-23
-3.125251858697136705e-23
-1.403083985627935331e-22
-1.791843270098219936e-22
-2.481918416222713425e-22
-1.073138429057230735e-22
2.250627647423077905e-22
-2.303930406891651009e-22
-9.380453940682055682e-23
-3.628487946709955478e-22
9.941866901080210463e-23
-2.878781503395735604e-22
-1.545273750721280357e-22
-2.553937535247145574e-23
-1.075597487165984801e-22
-8.258380030807363623e-23
-4.229504283156099909e-23
-3.332310669332447901e-22
-2.761537472553808690e-22
-3.271173456265752612e-22
-9.074422173436982588e-23
-2.308479624768995292e-22
-7.178575358207171510e-23
-2.063384647010536754e-22
-1.237836443420316431e-23
-2.802456565796499124e-22
-1.652114261231834596e-22
-9.472126402613502649e-23
-2.997943785933431579e-22
1.177806878153075565e-22
-3.081329007582402428e-22
-4.149603532660938706e-23
-6.262717239109528258e-23
-1.806947076117234168e-22
-3.240661522276597539e-22
-1.782679440647136017e-22
-3.044910656928232650e-22
-4.416998544043441345e-22
-6.595019883047886538e-23
-4.001344829470158677e-22
-2.930112080437120867e-22
-1.714815404283249801e-22
-3.573618766970604359e-22
-2.083356177480619619e-22
-2.854748989269513696e-22
-2.027206479839663450e-22
-3.600365064592257976e-22
-1.188987671806241527e-22
-2.658258531819952704e-22
-4.467092354872639009e-23
-2.363425649729334766e-22
-4.568966084539638456e-23
-2.650876008614600269e-22
-1.265819315597649231e-22
4.996405472975199722e-23
-2.728217323402633359e-22
-2.026123537128244203e-22
-9.156402921527023715e-23
-9.066636582317167846e-23
-2.026591338598487606e-23
4.441176156773170121e-23
2.859270541021840025e-23
-1.449961269959415340e-22
6.139157607564081725e-23
-1.078606069299150059e-22
5.961567860627499148e-23
-1.060550995723923806e-22
4.015927710543659805e-23
3.784948857320885723e-23
1.919447672997852875e-22
-5.609617786166992313e-24
7.829629017513427902e-23
9.039729815531449295e-23
1.454326904475367187e-22
-2.067561065964543954e-23
9.749028413441376955e-23
7.050373881111113207e-23
6.725596027277427384e-23
6.641756040649707359e-23
2.895464733773148730e-23
1.674243083338501142e-22
8.660105896063607900e-23
3.764503877157063095e-22
-3.161363252784435452e-23
1.557175253182440535e-22
4.208444764749278794e-22
-8.505539549955330556e-23
1.787869885607420323e-22
2.004908612643793310e-22
4.115172067503420848e-23
1.248998000904090399e-22
8.308885500775279533e-23
1.729378037984485293e-22
5.609246959170271915e-23
4.775049056254356651e-22
4.129573263036526625e-22
2.392385409453201983e-22
-2.969932090676675570e-23
1.070540694476576132e-22
-2.911942977646106141e-23
4.367077989445618897e-22
1.364214073759009149e-22
-2.965546394536285375e-23
1.804770294378806624e-23
6.900280915800401764e-23
1.716818611393383182e-22
2.407701645044063631e-23
2.646668888309920887e-22
6.618738863284266694e-23
3.081910043908148269e-22
2.743302971438902175e-22
6.570816611513732822e-23
3.296880358600708414e-22
2.336042896207672673e-22
1.596929279234570749e-22
4.007681263677195941e-22
7.782404331307943571e-23
6.713918829672763205e-22
-8.042170321882315879e-25
9.490003542720239341e-23
3.439224665039208883e-22
4.102845907976711887e-23
1.572224848597523104e-22
1.600122372568616268e-22
1.615602092560741544e-22
-2.049658042710463203e-23
1.422782882670785351e-22
1.678360645759358114e-22
6.521834823612870549e-23
2.663632170769734337e-22
-7.304919407267756994e-23
2.078323305646842858e-22
1.494460977925143624e-22
1.043241668630983542e-22
2.257749886499611586e-22
-1.041423580394824950e-22
1.842909931409443178e-22
-1.401830100475347762e-22
2.973804681588718723e-22
1.445813158008743397e-22
8.453677542315489818e-23
1.452413879027864623e-22
-1.581106190812223793e-22
8.385750565850770413e-23
1.651683436343772201e-24
-1.085756924736407311e-22
6.972481761270500159e-23
-2.756711469097949717e-22
2.189646563498527509e-22
-1.261241288648890567e-22
1.035467581879817058e-23
1.182181348955420526e-22
-2.634864132202997421e-22
1.083871265312003803e-22
-1.508029689985320763e-22
-2.241346285950597379e-22
-2.049886840942304611e-22
-2.708846313198219735e-22
-2.729721313096437822e-22
-1.088847657490096302e-22
-3.401900655408149941e-22
-7.264616344039644377e-23
-3.445521327558757608e-22
-1.682380724758575589e-23
-3.310490786104317913e-22
-2.933908959824779373e-22
2.356772392122471766e-23
-4.090977414692629549e-23
-4.467823837487147307e-23
-1.834462035296467146e-22
-2.977086659887024254e-22
-8.392142735499447432e-23
-3.587583531811876066e-22
-3.653195646393201623e-22
-2.822717831563115490e-22
-1.939296356262462432e-22
-2.266292318867725970e-22
-2.128061005253314736e-22
-1.792966509641977091e-22
-2.145026702292023456e-22
-3.357728259941752537e-22
-2.789249729293686174e-22
-3.569667291776207085e-24
3.570731566283274162e-23
-1.751281433396102717e-22
-4.449690964196544350e-22
-1.522252525086590407e-22
-3.683457703794958690e-22
-4.135279561712592284e-22
-9.761814176805108530e-23
-6.125720464180328428e-23
-3.106570539222144767e-22
-6.160246870721075544e-23
-2.186298192541644141e-22
-2.569403916828704267e-22
-1.146094107451641305e-22
9.352704362173239431e-24
-2.464533629278966123e-22
9.291124745060180560e-23
-1.460187685180835368e-22
-5.798127678530676505e-23
-2.180510212519336589e-22
-1.852656994402831072e-22
-9.987151896047074266e-23
-1.204904108453913894e-22
-1.564001439824968059e-22
1.171903528682703484e-22
2.433822808065358059e-22
-7.378866263088448849e-23
-1.050552863309816472e-22
1.907580214578150689e-23
-5.710486184416278649e-24
-1.120902928088778423e-22
5.336934383945062404e-23
1.544826871668313939e-22
4.752224809251292752e-23
-5.806421092782523678e-23
1.456088678075402150e-22
-2.625318791336467157e-22
-7.245005244849664652e-23
3.327408016177347181e-23
2.307454529718992876e-22
-1.907310966519597930e-23
1.363326848731346445e-22
6.401912271994937137e-25
3.399240125968430058e-23
2.132193744040390179e-23
9.878755971478881908e-23
-7.477499149502585223e-23
9.538770135549523269e-23
4.975591455515365877e-23
3.350043222963434143e-22
1.761079669247548829e-22
2.121154990858398998e-22
-2.623582633149071971e-23
-8.407196267932003232e-23
5.058522503477498620e-23
3.113143573296110269e-22
9.717733504108497466e-23
3.139373238079299454e-22
1.289562166310757226e-22
2.524640541321265349e-22
3.317535706594224409e-22
1.926087133779705395e-22
9.215134108739186777e-23
3.259995224594772586e-23
2.789859338179376911e-22
2.869930435982831370e-22
8.730483647868484034e-23
3.238296335171833938e-22
2.920882915798969188e-22
1.981408275134830430e-22
3.827824262303757361e-22
1.826531088351849493e-22
1.992201171357268964e-22
1.896134673564779220e-22
3.049978584718530283e-22
3.759285841231702596e-22
3.662479132285315353e-23
2.418197448901475656e-22
1.732973232098426089e-22
7.184462376567214353e-23
2.275082535968912903e-22
1.815451262952105791e-22
1.326230739467847419e-23
2.390035043760559720e-22
1.300865081623965288e-22
1.512291913941650119e-22
3.560637506868733496e-22
1.359411906413120002e-22
2.640896018702970927e-22
2.548357611739485603e-22
2.667205142910053100e-23
-1.855860846093007253e-22
3.872431747164938476e-22
9.334555391610755700e-23
1.507056740811327381e-22
4.064132986975264924e-22
3.419500606376347947e-24
1.724021312282828261e-23
4.606273154450795369e-23
8.089036148294420519e-23
5.410563557777400403e-23
-1.062169808082828979e-22
2.627699613827835073e-22
8.583592300108928055e-23
-1.900670627301223458e-22
-1.480586930371155546e-22
-1.734152104498008062e-22
6.559352886049331254e-23
-1.250670330093900393e-22
-1.102663494866225702e-22
1.128703508841480445e-22
6.719902680237661070e-23
-1.098604504496293692e-22
1.857331426496235335e-23
-2.448516002124319763e-22
-1.579945618004293617e-22
7.147776190546313463e-23
-9.441690686601186635e-23
-4.736219969726847551e-23
-1.058190563933718058e-22
-3.145268773149142759e-22
-1.270205118346721411e-22
-4.175273368278699930e-22
-2.130445134151178706e-22
-1.921658599877607650e-22
-1.585131663353926020e-22
-2.315976384598384117e-22
2.044298862113256104e-24
-2.853366733690735019e-23
-1.007370018809495061e-22
-9.267936017596715677e-23
-1.412819125443895513e-22
-3.030820835917379146e-22
-2.105133469772851224e-22
-3.172199086393036328e-22
-7.183218455980786946e-23
-2.609471263575975324e-22
-3.661008463864708436e-22
-3.278846072020567227e-22
-1.327639155560705241e-22
-3.172489251140457345e-22
-3.200488152934181015e-22
-2.370270336790474526e-22
-1.266918174916517662e-22
-2.912228168817860709e-23
-2.359407124501950207e-22
-3.175731452400852402e-22
-1.777023371506862823e-22
-1.345768815540825453e-22
-2.117519353320413731e-22
-4.577192397628253785e-22
-8.749924461353069383e-24
-2.472699798311309870e-22
4.107788808721133925e-23
-1.301974448596676949e-22
-1.454522727858269311e-22
-1.452772300481580259e-22
-1.084762666581577068e-22
-1.541223620123118949e-22
-2.816084025043014498e-22
1.553727333589039218e-23
-9.475179154266451376e-23
-2.259782013707433504e-22
-1.705572996733509914e-22
-8.110399249534823609e-23
-1.143873748280743845e-22
9.962718868043291417e-24
3.471418663076961885e-23
-1.976898721914621719e-22
5.489040093083887429e-23
-1.077752001220970257e-22
-1.530842518824831031e-22
2.366002266529240331e-23
-1.066753209787400908e-22
7.820086643707312833e-24
-1.024538603197261045e-22
1.834540458366009390e-22
-3.981715499035829692e-23
-7.134368253963745692e-23
8.716121324733974078e-23
1.052372747324264282e-22
-7.315888382028385786e-23
2.990118905191778553e-23
-6.622762566441212585e-23
-7.559167128591354157e-23
2.144414641601036931e-22
-7.483065678329836793e-23
1.005965488692670747e-22
-7.760155909636510345e-23
8.410622072072025713e-23
4.286514020296545971e-22
2.583882886791482061e-22
2.468082467621145683e-22
1.345216393744973788e-23
2.444967119092482324e-22
3.378417623014041419e-23
3.103774779596728746e-22
1.315147727016952366e-22
3.252349561019677971e-23
1.455466525456858303e-22
2.601437975737708218e-22
3.966143477903488656e-22
3.564553202630199916e-24
4.778891739180829560e-22
3.801029438379318749e-22
-4.753809829295253226e-23
4.067318435192085651e-22
2.178497978447357978e-22
2.484733327812768020e-22
2.686590210064895752e-22
-2.229250204943590117e-23
1.556423589562885697e-22
1.820108205576171719e-22
-1.064383407673567369e-22
2.182757778484707977e-22
2.614565457141899458e-22
1.529340784949573459e-22
2.509839811898231776e-22
1.420638771685153478e-22
2.733928270265527834e-22
5.989209468026523112e-24
4.016209714206913199e-22
3.458200489895011235e-22
1.316136775484598048e-22
9.807982609246539582e-23
3.271323471356884326e-22
2.166814522781721233e-22
1.762888015942347301e-22
1.362651133241078496e-22
3.371022529601373735e-22
-1.621626032728976068e-23
-2.192650504625522362e-22
4.111316677580650230e-22
1.189718193713531764e-22
3.681233663284479474e-22
1.881009190627751208e-22
1.802197120277889902e-22
4.236477149246017772e-23
-6.054047861637289969e-23
2.639809643968109011e-22
2.905906559583516232e-25
3.596430377576092598e-23
-2.589427168427911196e-23
5.352147236988196289e-23
-4.894625178180733024e-25
-9.254014603093546171e-23
-7.912088096355192692e-23
-9.484128947569431381e-23
3.812230240321969961e-24
8.629363925791843253e-23
-1.339214110173235057e-22
-1.661481856810055364e-23
1.735079617786675560e-22
-1.729915442464894142e-22
-2.366679405567042239e-23
6.302673299174949713e-24
-4.186252612912439168e-24
-5.442329892615400091e-23
-1.453076762267446440e-22
-1.296457113662295794e-22
-1.683019362022665890e-22
-7.709042848340820354e-23
-3.361628703002827327e-22
-1.439187115780439204e-22
-1.205042499787243903e-22
-4.441222460842104909e-23
-2.899009714623020247e-22
-3.772275006305578503e-22
-1.830058067837962356e-22
-1.628802046408208958e-22
-1.532054728892180890e-23
-5.765565609094253644e-22
-7.121728615129137171e-23
-2.494885660677998204e-22
-2.941833392686976191e-22
-2.785512645227116895e-22
-4.542094610047169029e-22
-2.434570908567305096e-22
-2.941059508603876744e-22
-4.102598385759335370e-24
-2.567534671880176607e-22
-6.853582581018744264e-23
-1.476825815128794253e-22
-2.842901858752395563e-22
-2.073688620172387741e-22
-3.184165514047431491e-22
4.125001975060537281e-23
-3.882851565217916716e-22
1.668926946978993857e-22
-2.068053182647934567e-22
-2.122794254511522942e-22
-1.720936931654237136e-22
-3.873930484952070222e-22
-1.233214787452259188e-22
-1.964747517423124889e-22
-1.899834556562522087e-22
-5.881431181236464675e-23
-1.203982076291756936e-22
-8.163498073122534443e-23
-2.800510399923536959e-22
-9.778690791551181138e-23
-6.532530588879913092e-23
-2.772037594979852575e-23
-1.842160096288761056e-22
1.402705660360689524e-22
-6.027916015081642777e-23
-3.196713273334250503e-22
-1.566787377730747646e-22
-1.096222729166776524e-22
6.660566198106391442e-23
-1.044676510704014852e-22
-2.203877077377314435e-22
5.084382676062507543e-23
-1.624502380064033745e-22
2.682062179831304503e-23
-1.809253547607980420e-22
1.684537523209954764e-22
-1.010936632736204058e-22
-1.866479789224399865e-22
1.698517650245890453e-22
2.265735390496959254e-22
1.375396731296862582e-22
2.322907366456753446e-22
1.035220589396135976e-22
-5.134013264295107531e-23
-5.205424674258048972e-24
2.668593205982250497e-22
2.466333161864005282e-22
1.244799020990372867e-22
2.467628689133408655e-22
-1.985631329338592099e-23
-1.700408966621184652e-22
3.814490540629284747e-23
1.378171155064885302e-22
2.092507677046241988e-22
2.478856314310355168e-22
7.759926395778486237e-23
3.042879758610541548e-22
2.915689941368288786e-22
8.373700908341268416e-23
-1.008908464090683175e-22
2.260759887089080553e-22
1.649877620332628343e-22
2.076062629939589851e-23
3.389460943966738042e-22
2.168192725607888370e-22
1.969573104076997666e-22
2.271357410943002777e-22
3.413594550321279122e-22
2.409913819985383050e-22
2.356806622513667753e-22
2.159411723600355492e-22
2.817703082967815183e-22
3.625556791277243733e-22
9.608208805818164982e-23
2.591103923684314614e-22
1.961269939645659909e-22
1.698971246835460732e-22
1.607257333655669306e-22
2.680300858139079490e-22
1.910218690713013010e-22
1.831509482457985705e-23
1.207269976599985680e-22
3.180959646665653402e-22
1.823121149316175643e-22
1.169252857168668888e-22
1.213941946662203968e-22
3.991702620845558367e-22
-2.994550393531906269e-23
1.828778440843558237e-22
1.958576003318867793e-22
2.248746479780650380e-22
1.830470084091319188e-22
2.692608087368640564e-22
-1.192773361204191972e-22
3.969525065772497906e-22
2.144982051488554671e-22
1.651577248151579935e-22
2.261815443745089161e-22
8.806099503747979271e-24
-5.044961308856654312e-24
7.410033050972178640e-23
-1.405514395979336678e-22
1.431209313906181003e-22
-7.532082735876211988e-23
1.322410174394766039e-22
-1.018053595688743289e-22
-1.330965039633158485e-22
-2.546836372163511126e-22
-2.248347918864879182e-23
-1.855067143547640536e-22
-1.503837055977815472e-22
-2.245522882153161728e-22
-6.810181075293822027e-23
-6.074240862942194169e-23
-1.197583529400319453e-23
-2.559082135471746750e-22
-7.710027414519611044e-23
-1.734860840734614626e-22
-3.519198012787375968e-22
-1.259851989604342426e-22
4.740742380554518645e-24
-1.100211121442714256e-22
-1.877936345460328519e-22
-4.512673494956359759e-22
-1.459795180857670859e-22
-1.796567367623680414e-22
-3.320626866149705201e-22
-9.860721286817920178e-23
-2.995426886794794196e-22
-3.233533995830666613e-22
-4.668560851341482512e-23
-1.968391040764893763e-22
-1.305131364379674751e-22
-4.982076179639508026e-23
-2.396817523963091735e-22
-2.958454398950734789e-22
-1.243381663761275250e-22
-3.531412568570592621e-22
-3.697399754189577345e-22
-3.226811551401144331e-22
-2.704351587526802739e-22
7.031789631631342487e-23
-3.438714124548028498e-22
-3.418090474569046021e-22
-3.262815444351965268e-22
-3.384635634935232756e-22
-7.186192700898811594e-23
-4.450470721902661073e-23
-9.795433768470659677e-23
6.584907005246136853e-24
-2.831016261882399847e-22
-1.278705116265437260e-23
-4.474568025207624771e-24
-6.026175637511293982e-23
-4.139351867418976543e-23
4.073107009347228676e-23
-1.456660091429344574e-22
-6.822330894739300915e-23
-1.768000162349148610e-22
-1.197712673202659027e-22
5.611347742186540552e-23
-1.698962334374965050e-22
1.926486010564818906e-22
-1.586200290178139240e-22
-4.241750549545421835e-23
-1.109658897369229530e-22
-1.766646870493005287e-22
-2.125619175227561991e-22
-1.408276242272162882e-22
-1.895239677392825944e-22
4.698262795041876724e-23
-2.327780435692245135e-22
4.473652188424214811e-23
9.714740081367222528e-23
1.291359373315353176e-22
-1.376564421091582739e-23
-5.756984587948013325e-23
-4.235342575760267624e-23
8.058715435079371082e-23
-2.592603105407012715e-23
1.118129777712107011e-22
7.626079375443274594e-23
6.724076589691853845e-24
5.648111548567949093e-23
-9.249524787194493807e-23
1.775065515835952931e-22
2.667164765006674544e-22
2.767174701649359938e-22
1.700914529553889803e-22
-1.757159890858581458e-23
1.351928719525023763e-22
2.764366916678152929e-22
2.711786663739414098e-22
2.581409509704805252e-22
2.990295393697287372e-22
7.209356382576521789e-23
2.509211317637817719e-22
2.360679097447925407e-22
3.581139773614509544e-22
3.184365291689284661e-22
1.898652601246243923e-22
1.594683184156901856e-22
3.011694219631860186e-22
9.336136759451008866e-23
3.035679093473887860e-22
1.504217538999530205e-22
3.325016217184893189e-22
3.206525470678645981e-22
4.438209601982855346e-22
1.801875813797983457e-22
2.518926593448538363e-22
1.233310717921982952e-22
3.331945640731020135e-22
6.068214154441059049e-23
6.049528332201595286e-22
-7.530972859578546090e-23
2.928590760617477912e-22
8.165829941091225165e-23
1.602037893713809207e-22
2.888838823707017285e-22
1.653344796996127337e-22
9.028996522318282623e-23
4.860851543674282693e-23
-8.229716988233776070e-23
6.534711532182620366e-23
1.154180139552696291e-22
3.995569031491742935e-23
4.817897221932848367e-23
1.355546052841701885e-22
1.139739669452207759e-22
8.708570245359681963e-23
2.704065236244012469e-22
9.536614034471434598e-23
-4.078587389260929250e-24
-2.926088796361942188e-23
4.612753255356202927e-23
4.184122228281012787e-22
-3.012028130548419431e-22
1.743325387376159823e-22
-5.022548643022462616e-23
-1.104464120550706145e-23
-2.501110871494013055e-22
-9.345619617301286278e-23
-3.378865946906756569e-22
-6.729665770795924069e-23
-1.498307170489852585e-22
4.308028931627453346e-23
-1.126669957397392907e-22
1.230139219986233306e-22
-1.627794168779014483e-22
8.018083067993755808e-23
-2.301188465139935905e-22
-7.907717592985974214e-23
-1.876915389568795067e-22
-1.985040582748183947e-22
-1.774219675631282457e-22
-2.200661048546586030e-22
-4.216690253124763325e-22
-6.331076800336277959e-23
-2.120515964876912621e-22
-5.367045957493691996e-23
-2.723424540373539040e-22
-2.125707431297213046e-22
-1.150548121278124594e-22
-2.620517430278990079e-22
-3.190234502979660423e-22
-4.971893813144495860e-23
-3.392984638946208397e-22
-1.562517541521998164e-22
-3.351549489979737717e-22
-3.898013786130364138e-22
-4.807000386547133771e-22
-1.363071307015433192e-22
-3.068219027825296956e-22
-3.042008006308079511e-22
-1.337861163984711789e-22
-2.585563510553827269e-23
-3.348292500316983483e-22
-1.616818971461202373e-22
-3.995210067198322288e-22
-9.176360063190404240e-23
-2.176963381520573442e-22
3.109501117597780011e-23
-1.973587417895800795e-22
4.009652579843684037e-23
-1.555700702102660312e-22
-3.853355358348394807e-23
-2.777852429069985402e-22
-7.731838232413143555e-23
-1.151701117084368406e-22
-2.493194680041598636e-22
-5.708496216586070950e-23
-3.218911336980898561e-22
-2.700972833604804984e-22
7.557207382903381613e-23
2.075237483503853798e-22
1.362800516996324711e-24
6.283034731387315112e-23
-2.372601714761826190e-22
-8.160601158892037643e-24
8.681772758025348678e-23
-1.007520830825209186e-22
2.290420277063246790e-22
-1.989770987975401357e-22
1.106196485140495316e-22
-1.092091971616298030e-22
-6.524120173814253988e-23
7.474780231562591694e-23
-1.594645026578564166e-22
-8.565537572988537963e-23
7.356131369209253940e-23
1.720407709835642224e-22
1.203285091063006648e-22
2.289851054950853868e-22
1.442172887830189110e-22
2.767591489633499451e-22
2.926055233203742299e-24
-2.088284602554832321e-23
2.775291045531938169e-22
1.455833199920308094e-22
4.551996184157252828e-22
1.816793072050508841e-22
2.350634476341234024e-22
-1.952772624817707361e-23
2.385847079980871345e-22
4.928615453957081211e-23
2.385945672199118008e-22
-4.029865352030022016e-23
2.380574486732584521e-22
1.580221895981087410e-22
3.471236922982550797e-22
-2.409960021608912643e-23
8.148998823908922581e-23
4.677193626650821654e-22
4.301799089984579912e-23
3.247042157816629453e-22
2.609783479178650159e-23
2.885235114553786566e-22
4.267575645893859343e-23
1.781785061967263983e-22
4.111482541935891398e-22
-6.408759532069336922e-25
3.945116732208471886e-22
2.497136410709684059e-22
1.874937502028152519e-22
2.466218675801808320e-22
3.710811570946539421e-23
4.863704908081877494e-22
3.006934568081908950e-22
7.028173314732925263e-23
2.495934281121592173e-22
8.297399993664081903e-23
4.825706243421753295e-22
1.713377315870569113e-22
4.629495783195155716e-22
5.570958671978897316e-23
1.924053687969467783e-22
-1.659811668405391282e-22
3.740762969711157053e-22
-1.493499607061558890e-23
1.525609598765201016e-22
5.653961315621636278e-23
-2.057230090445895399e-23
1.636851843902921546e-22
1.653076431158621753e-22
1.088383955872078520e-22
1.166610671559056694e-22
1.299328275853177928e-22
1.641775240678482036e-22
-4.305518005221743591e-23
-7.250684069131293610e-24
-1.745587683136375869e-22
-2.837114076737453158e-22
-1.102159704988607534e-22
-2.913930207470888903e-22
-7.379810707015466287e-23
-1.059153857890661291e-22
-3.282480102658019657e-23
-6.349182167515892288e-22
-2.533125415664467820e-22
-1.092020978103302004e-22
-3.023631579029249666e-22
-7.631486170720979564e-24
-1.504920343305060044e-22
-3.320645850072964619e-22
-4.333337992809287000e-23
-1.177115327074141066e-22
-3.037529794459937834e-22
6.701106766312279112e-23
4.647672637194216238e-24
-2.791899361732597838e-22
-7.646812462441304056e-23
-1.904607089851909614e-22
-2.535128888416117504e-22
-2.597849415374268531e-22
-2.155567857471247304e-22
-5.482846825339374152e-22
-2.165735854116537059e-22
-2.394559831418136984e-22
-8.834025614267951883e-23
-2.596503033953720204e-22
-3.071953369887322294e-22
-1.865865245128384608e-22
-2.506740761130604150e-22
-3.862589809489795765e-22
-4.453391979455253797e-22
-1.353534059841159629e-22
-1.307473186128047002e-22
-4.035002772737452126e-22
-7.351622627523637100e-23
-2.181103898953006594e-22
-1.160164035161589291e-22
6.674035122525443911e-23
-1.128138517313252980e-22
-2.132706359925063533e-22
-1.162944782783331119e-22
-8.880791257847478775e-23
-1.399291845617854902e-22
-1.470849856895520801e-22
-2.519714682909797540e-22
-2.115402185145446538e-22
2.018323954020799770e-22
-1.310419352308208693e-22
-1.186811692005952327e-22
-6.403647877577366918e-23
2.780420664489454224e-24
1.536261284202646144e-22
-6.955768024565445990e-23
1.742626432467176542e-22
-9.772265127366836191e-23
-5.163106953459164603e-23
-2.927549375359560585e-23
-1.374872530979099998e-22
-4.270272728782283107e-23
-3.601263200952777556e-23
4.755959085779654968e-23
7.410909588357063177e-23
2.370959868057910536e-22
-4.106165766193915581e-23
1.767905929637033938e-23
4.220195287589174210e-23
-2.486768518046215836e-23
2.393260806846046644e-22
1.911188708744379446e-22
2.105549337007634856e-22
6.330416832433816007e-23
8.142817231924047484e-23
1.433729626630453253e-22
1.593582500057237115e-22
6.114686549681614605e-23
1.330817748879661273e-22
3.076763923347292583e-22
1.630326075293873351e-22
2.665611644749490274e-22
1.473197830783416186e-22
3.829333460363013953e-22
1.517777788980313059e-23
3.174287179625802068e-22
2.360460372695252658e-22
1.846475105913422893e-22
2.927791134613885608e-22
2.596344624101901452e-22
-4.371255050063167513e-23
4.259203159153090839e-22
-1.002239328059131378e-22
2.538492912435161561e-22
1.649619705898007782e-22
8.645391292368209956e-23
2.064263470062844137e-23
3.254608418469209785e-22
1.789397838704691221e-22
-6.665537316344830827e-23
4.330271572574745620e-22
2.801881067204065565e-22
1.724532774557648857e-22
4.290281815781382150e-22
1.214089819569569782e-22
4.742051149707079621e-22
1.588926670566312430e-22
-3.901871180317181498e-23
1.611158904759491280e-22
3.674643220228791400e-22
5.490599986510391446e-23
2.979957631644938538e-22
2.681871137598063472e-22
2.350451710032234270e-22
1.000664457634264045e-22
2.018520566697797237e-22
7.012798888408179715e-23
2.649077245995940182e-22
-9.992317348261700446e-23
6.807426966505277765e-24
7.283430304538953648e-23
-1.653305340890443908e-22
1.673962341643829799e-22
9.599856714460891893e-23
1.432692247001244265e-22
1.240183035263376243e-22
-8.796388387248654532e-23
-1.511773702630563728e-22
2.583233171172055423e-23
-2.768444641076478368e-22
9.832878582941849847e-24
-1.342971310427268350e-22
-8.640005483790649985e-23
-2.242737974431673300e-22
-4.728957069134701217e-22
-4.304033125014530395e-22
-2.396301094586723991e-22
-3.391632787816157220e-22
-2.045912952593892300e-22
-2.089287903000573850e-22
-4.884284712462903064e-24
-1.445068134324222410e-22
-2.152467277042381483e-22
-2.924818387562383436e-22
-6.236648171976468552e-23
-1.089249293846108114e-22
-3.058577759416113199e-22
-4.901015513706279283e-22
-8.434034195613244052e-24
-3.204416567861533000e-22
-2.253189708503910108e-22
-2.252284676784225517e-22
-2.704557560915717259e-22
5.544690954347910089e-24
-1.805307932353215878e-22
-1.884951820346990319e-22
-3.935132217130144976e-22
-3.305427011682165648e-22
-2.551856604971652922e-22
-2.146195197164084761e-22
-1.761704003223996809e-22
-2.942283883086757195e-22
-1.654638816547815207e-22
-2.935228499469128929e-22
-4.768610601964957183e-22
-2.028134836419097838e-22
-2.266358188912192681e-22
-5.945801514889474728e-23
-4.961727826960966878e-23
-1.458465790675390907e-22
-4.638553528636020007e-23
-1.312519640077963545e-22
-1.111092185160415131e-22
-3.347815875524640003e-23
-1.762162351332842771e-22
2.681000790189218479e-23
-1.708941461120504366e-22
2.250392789707661554e-23
2.815656080689983258e-23
6.439677747208054473e-23
-2.124675994892609140e-23
1.616126793812330180e-23
-2.630682620009172588e-23
7.129403893582175612e-23
-8.249791988674293049e-23
2.905455739573638840e-23
1.662282516758387689e-22
-3.042302883353761615e-22
3.794744001133217377e-23
2.436096156034507616e-22
-1.106294153415854768e-22
2.750887593651163594e-22
-1.696453237705778506e-22
5.687611342820839412e-23
2.205372528165900235e-22
1.777788758593353005e-22
-1.275615733571135468e-23
2.561240504593442921e-22
1.472331479903232215e-22
2.435026847904053530e-22
4.335570070045041245e-22
1.158309518744192027e-22
1.368406220111198352e-22
4.400337711647045234e-22
-1.270537604613155683e-22
1.833854950434540119e-22
7.272857557360207541e-23
3.190881945095438546e-22
1.032008336168127350e-22
2.601450825529654963e-22
1.525053850721193263e-23
5.608460070693320030e-23
2.791633814331708521e-22
4.700043598110899084e-22
5.485804258920286968e-23
2.781607667512012388e-22
1.070980691751878460e-22
1.519339080150944648e-22
4.810327407187318278e-22
2.545365368854680904e-22
3.557745160571584713e-22
1.763650482809635908e-22
1.888621019901642567e-22
1.970838799824113671e-22
1.478707786745779013e-22
2.135281839981078841e-22
6.041266464723346095e-23
9.842533952067684593e-23
1.966780378674498520e-22
1.067257752869896540e-22
1.543568024426868935e-22
1.315768395015545284e-22
2.407539712953301600e-22
1.748721950182873638e-22
1.440180937753222452e-22
3.534960597339221566e-22
2.136606630376506471e-22
-1.042679211954812988e-22
9.592312838496997383e-24
1.417637121434266763e-22
-8.671853563227289022e-23
1.150976484479626913e-22
1.946128479257046863e-22
1.090077572012067519e-22
1.655004161794435537e-22
1.507021768656295307e-22
4.350147975964338414e-23
-1.193886473443780468e-22
2.172860693654948936e-23
2.473065373929557121e-22
-5.837134492638624504e-23
-3.237298412071685709e-22
-1.558416825271569681e-22
-1.698008340732880668e-24
-6.944311079264434246e-23
-2.874969740534726224e-22
-7.360266528096901304e-23
-1.469109241995567857e-22
2.221520259638504293e-24
-2.488731033775833173e-22
-8.030249107734687390e-23
-2.210252924288054433e-22
-5.201667076993421618e-22
-1.617501905503732510e-22
-8.352786531550544133e-23
-5.526322409253936397e-22
-1.731281828004617005e-22
-1.908809708035127158e-22
-2.005271047711088157e-22
-5.073153518960724851e-22
-2.320662149588393557e-22
-4.242740909647237805e-22
-1.853331592462061025e-22
-2.399495613607240631e-22
-1.643500359497180951e-22
-1.012114292075023538e-22
-2.502082313963181972e-22
-1.815358440592932832e-22
-2.255149882523278718e-22
-1.745298713004492995e-22
-2.731559709879977495e-22
-2.302421444923376641e-22
-2.435876253897046506e-22
-2.783275276173722219e-22
-1.220251480320742911e-22
-3.575387141150018159e-22
-2.381384819525828980e-22
-2.706382094064955434e-22
-1.811081782094500208e-22
-1.014502388848089204e-22
-2.082939029400988151e-22
-1.008281077338302667e-22
5.534992324339124507e-24
1.187104420433087852e-24
7.679649542992666714e-24
-3.096432748060294088e-23
-1.170511790712922309e-22
-5.207672921009154209e-23
-1.925135215714192291e-23
-2.579698001819753910e-22
-9.026303579390370910e-23
-2.521451633712508414e-22
-3.601659222656084064e-23
9.354529171380158672e-23
-2.651129783534071615e-22
1.481699591140210231e-22
1.431454210462343967e-22
9.421850734886303398e-23
3.238293315071690580e-23
8.797258216265360444e-24
-1.063849746715796166e-22
2.660259787433866729e-22
-2.464326145221886891e-22
2.770765678757968296e-22
-8.888575347157898501e-24
1.288644825278745049e-22
2.644670903869598818e-22
1.124701470738406103e-22
1.629245800422362868e-22
1.717418097884007824e-22
2.074885789469380465e-22
-5.600627932390525101e-23
2.362528476568321542e-22
1.722893557607840820e-22
1.403073594692879853e-22
5.226016215188425535e-22
4.125591915440403281e-22
7.182868960868698368e-23
3.150666297801457219e-22
4.508157020085428232e-22
2.509372459186522945e-22
2.843802393056333321e-22
2.123027048692497724e-22
1.680893360495712115e-22
2.022657313379317345e-22
5.482355604658279158e-23
6.279549414436076100e-22
1.516713389750958007e-22
1.090866634496607202e-22
4.098715762556888662e-22
-1.207922262094978404e-22
1.755313222047503156e-22
3.627909816201584740e-22
2.986475853630078957e-22
2.541893045435424663e-22
1.471755227040217308e-22
2.520576482750117492e-22
8.042831795889641969e-23
2.067559615226721049e-22
3.002036026758256977e-22
2.642723743336311869e-22
2.067669855026292431e-22
2.441628794322408496e-22
7.336007527155258172e-23
-1.305336881279052874e-22
9.562562910829540918e-23
4.864548049561119467e-23
1.122735039674882823e-22
1.384921437479776837e-22
5.035924494509081419e-23
-1.990595823352411688e-22
-9.561434741719009267e-23
-6.887567616895226542e-23
-1.793253657309318380e-22
-3.767195089218908108e-23
-1.149566736070931211e-22
-1.625928390095776420e-22
-8.802705911720735900e-23
4.604738733130505465e-23
-4.414291430431715150e-23
-2.497068537981476059e-22
-6.285091119089262010e-24
4.157867690502484980e-23
-1.192575203017903622e-22
8.919045533196380535e-24
1.250812493643955279e-23
5.178785371214689854e-23
-2.909615284227223960e-22
-2.200437771701734258e-22
-2.431245153069294529e-22
-7.916282129542637832e-24
-1.670100391988394694e-22
-2.007468545462622657e-22
-2.803730771084648247e-22
-1.380664422473827011e-22
-2.952362249019340270e-22
-1.618032528599908728e-23
-2.939259566759589096e-22
-2.035348421536520032e-22
-1.061096005808952071e-22
-1.876833423437736855e-22
-1.658768896231161862e-22
-5.621043850869287634e-22
-2.195439170673168599e-22
-4.110762451589220066e-22
1.149449942984818601e-22
-3.545365948251475280e-22
5.303751469343979086e-23
-3.276098729296057469e-22
-9.123115013066894209e-23
-5.268519379127997536e-22
-4.659753795686096938e-22
-2.887159705759013257e-22
-5.160825128125951835e-23
-2.715602797000315123e-22
-2.608810113720667918e-22
-7.127852569773181860e-23
-3.503222793700014720e-22
-1.601239120993962127e-22
-4.917401451063762333e-23
-1.257451741768935993e-22
-2.110143485091631052e-22
-2.787343175174513213e-22
-3.073391410334977032e-23
2.184561403197356921e-23
8.332807112292357288e-23
1.314558209995848865e-22
-1.949879217336769398e-22
4.453678019553719125e-23
-1.292150125339930806e-22
-3.776311204786181843e-22
-8.535256528912631244e-23
9.191629388224683246e-23
-1.286033499336512210e-22
2.272739501274786058e-22
-3.100854925163871200e-23
1.119880228043067573e-22
-8.384018261820264598e-24
2.845558165667937184e-22
8.708599642025112835e-23
5.220198027326530490e-23
3.019028962984801468e-22
1.030749916173077496e-22
2.800904840504704260e-23
-7.534687944464028035e-24
1.383666372464799475e-22
2.149433796828250048e-22
3.427411371706084581e-22
2.597276660463010955e-22
7.838364337634158776e-23
4.537407114649035160e-22
1.901332978122414632e-22
2.464728448681350857e-22
1.872984809340488739e-22
2.933055451807637951e-22
2.170002394040086725e-22
4.498408568977067370e-22
1.182682919799391923e-22
4.852542926716445874e-22
4.486769521508014232e-23
4.098498482222273679e-22
1.649229014919249401e-22
2.623914254248420850e-22
2.698727729530946753e-22
1.643339508023002751e-22
2.288436513584291445e-22
1.946085036341440499e-22
2.288755300894811605e-22
2.936330041916853731e-22
2.586587655472375371e-22
1.518611583342280692e-22
3.125931564901441962e-22
2.455513364416475508e-22
9.466510660195695883e-23
2.217431094268226451e-22
2.008250457407724118e-22
2.936222894807300002e-22
-6.847195640504161088e-23
1.650698092709082888e-22
1.791481096609237493e-22
-3.005621642703508599e-22
3.129899700602695642e-22
7.061198960514440173e-24
-5.291273210288584216e-23
2.833532764281260140e-22
-2.478529423728150876e-23
1.634579327657273153e-22
7.113753672513187543e-23
-1.733480733890297496e-23
4.702092029769357461e-23
-1.321195826238008777e-22
-6.788006122274335167e-23
-1.311944591373576390e-23
4.893717350956748262e-23
-1.902897429192488233e-22
-1.056975155017802024e-22
-2.823217073832137884e-22
-1.012896774114767267e-22
-4.073017293494383991e-22
-1.065140155338644677e-22
-2.012436667594100564e-22
-1.987952673195142177e-22
-1.699999951894065343e-22
-1.398151726492686657e-22
-3.148816266545664919e-22
-3.273392912625293315e-22
-1.371103125552170383e-22
-3.149547657550907059e-22
-3.930824247270441389e-22
-2.632801580603577435e-22
-3.367153441068941914e-22
-2.474350562094509579e-22
-3.174317234560898179e-22
-4.120299651987948766e-22
-2.482775194532538390e-22
-2.044230429425781909e-22
-2.506761201558819274e-22
-2.606763680715251701e-22
-1.625857886345585526e-22
1.741044422883197492e-22
-3.311082894504347036e-22
-1.571129242858154599e-22
-7.417195922372082555e-23
-1.359033696351417505e-22
-1.748466112564619422e-22
-7.314560235804123143e-23
-2.517896643967208731e-22
1.576522440951418110e-23
-1.187524613818676066e-22
-3.481651715854316290e-22
-1.187459396623623123e-22
-1.025803608542430321e-22
-9.274979347761208322e-23
-4.719122825852893346e-22
1.762592368139304911e-23
-2.233662890318016920e-22
2.387150700367480994e-23
-1.100752967829561445e-22
8.262826754360926904e-24
-2.096600347720518957e-22
1.793169557815930381e-23
-1.129756844908738959e-22
3.936016212527804856e-24
9.375786159976478770e-23
1.744119936015399828e-22
-5.881482093861516519e-24
2.048655230482621600e-22
-1.458863848282164610e-22
2.997406494070760837e-22
-1.321899973854148966e-22
-1.114938586526416039e-23
9.811756879128555536e-23
1.087366600584215621e-22
1.591309386708945295e-22
-9.736298263430622901e-23
-9.575065642631000631e-23
2.210855445924039046e-22
1.447663404702476203e-22
3.533642587660872632e-22
2.428381050209844394e-22
2.898232670219650635e-23
1.902606923460991403e-22
3.399777868227254638e-22
1.038591367741216839e-22
3.151143144797444232e-22
9.224798256227064285e-23
3.749885291266441946e-22
3.163139502711246009e-22
4.843022768964298939e-22
1.586850231566144059e-22
2.950695479861019653e-22
1.721143572848183742e-22
2.809120574758929748e-22
3.012278574857759622e-22
3.509875119298468380e-22
1.375900863435501013e-22
2.405184257679115895e-22
2.324655145491138563e-22
3.060440590115909989e-22
3.735188660383913207e-22
-1.105510682097364431e-22
1.766279515640101247e-22
2.791728373272524505e-22
-8.400262585736058628e-23
3.831903815540300046e-22
3.866306937617909797e-22
3.572008482418839173e-22
1.253043563661291769e-22
-5.705166662570144995e-24
1.053442022827274341e-22
2.052550912065187289e-22
1.127017645306378355e-22
1.109856347956556174e-22
1.037633382575799967e-22
2.068511433351960939e-22
1.000844445792762632e-22
-8.139765088386998128e-23
-1.282619803985549132e-22
8.320292320790221538e-23
-2.646159812091489362e-22
-1.958113921012071881e-22
7.086447690142646278e-23
-2.426335164672482798e-22
4.396703823558318436e-23
-2.669233208977418683e-22
1.919273578882805638e-23
1.953071092582040261e-24
-3.765649596397910924e-22
-1.160332057676086976e-22
-9.022184266889120796e-23
-2.752258367636566062e-22
-1.180763649440362652e-22
-1.717158997797055611e-22
-1.038429634736896733e-22
-1.188160861962300572e-22
-2.805152589237566676e-22
-4.131666069564773269e-22
-1.745556621659730457e-22
-3.742822605073075050e-22
-2.773646954431263110e-22
-1.879630128251364979e-22
-9.754712268045593266e-23
-3.794239667906146950e-22
-2.214661950368748483e-22
-3.629664715300833174e-22
-2.112070735241628661e-22
-4.211572318128243709e-22
1.068198835172971044e-24
-3.791307195854240700e-22
-2.342574521535632850e-22
-2.287272614979478873e-22
-5.044096407501895426e-22
-4.005323380473474080e-22
-2.515609305574752679e-23
-3.900245230761117930e-22
-1.882086649155868668e-22
1.197474073322418791e-22
-1.265192408837479539e-22
3.759097651651047897e-23
-3.290454816601828368e-22
-7.950974003953031812e-23
-9.991715905097858956e-23
-2.347112277517565708e-22
-2.883868566229539246e-23
-2.339781985123256060e-22
-7.398190144493808227e-23
-1.618407071381529416e-22
-1.306280832397992135e-22
1.042961103132221798e-22
-6.915409215500658835e-23
1.453237375407474992e-23
-7.573144947112498709e-23
3.502766678214894267e-22
-2.141363431265221813e-24
2.614203012916448025e-22
-1.947760188157544212e-23
-2.711936420821613306e-23
-5.429414225010668952e-23
1.131110331417491876e-22
1.696924092576286288e-22
2.514490986820590915e-22
1.563123776531810970e-22
1.024219651878565601e-22
3.154248334900042235e-22
1.055293487893993181e-22
-9.996635998034389487e-24
1.364351168363063666e-22
1.968402024469801600e-22
5.502312696764060350e-23
7.095283383024581836e-22
1.314389054962659109e-22
2.092968952613674694e-22
4.424681593429474779e-22
4.643315300268640609e-22
3.142669461762206551e-22
7.839834052772241726e-23
5.364554037614168015e-22
3.209872423720631301e-22
2.659414152398377108e-22
2.026677868099661204e-22
2.037572041035132380e-22
1.907110311717164327e-22
2.756125818322375141e-22
1.213422519301251742e-22
3.354109751179984565e-22
1.123593624382873763e-22
3.685741495282811601e-22
1.917631972512575505e-23
4.585948347341903034e-22
-1.350300587080583106e-22
1.097699415837455846e-22
3.108109602916199066e-22
1.108003029858569022e-22
4.437269720976129692e-22
2.454749784374785102e-22
4.917050824797752725e-23
-7.438888357287281782e-24
1.873791346369284022e-22
-4.975298193885992100e-23
1.028802450865177338e-22
-2.699809078783038835e-22
1.434464354154112475e-22
-4.055050031914060026e-23
-2.430062530030475771e-22
6.469309042725779303e-23
-3.290018512246459831e-22
2.276405785476792981e-23
1.812386677175940050e-22
-2.403424902823501242e-22
1.631470962793264575e-23
-3.158284099660522914e-22
-5.693700599426007631e-23
-4.662951127091739552e-22
-1.842506950373310382e-22
-3.581606524580191706e-22
-2.474571201812443609e-22
-2.690305452727997519e-22
-7.559842056254423342e-23
-1.619158529366913570e-22
-2.452027009530305468e-22
-1.159196369776952463e-22
-4.038209890880687446e-22
-2.827622474551213926e-22
-1.570915361146836569e-22
-1.681320678633766869e-22
-2.370327468880744831e-22
-1.288234189339379123e-22
-4.611443371964805331e-22
-1.470618956269015122e-22
-2.690029975361951280e-22
-5.607577317441423813e-23
-2.213011289367594392e-22
-2.970324324648587404e-22
-7.539197581847594663e-23
-2.446824069358994880e-22
-8.000127873289537809e-23
-1.561862750868960039e-22
-5.622131921262223935e-23
-2.337033677822503314e-22
-1.809229901551277783e-22
-2.889528864625556904e-22
-2.622607793335170852e-22
-4.504341104398654100e-23
-2.087296600476889702e-22
-2.111721371933781854e-22
-3.558643882912050901e-22
-1.224931776721978510e-22
3.323604300441919939e-23
-1.763913491342045916e-22
-2.025648814325759136e-22
-2.480351000591522397e-22
1.506010428955725404e-22
-1.379519733428767850e-22
-5.913391357014729496e-23
9.379323409693584624e-23
8.752871031008856926e-23
5.554789844311335181e-23
1.356523558467751333e-22
9.525415401944056589e-23
3.922445635035822173e-22
2.267199758121514115e-22
3.016491953744073047e-22
-1.613153522924816837e-22
1.667634141745100408e-22
-6.215416693172468716e-23
2.382541387169590080e-22
4.368060243331103767e-23
7.858716548067718729e-23
3.477794461242821007e-22
1.879040740396724019e-22
1.632073563567197132e-22
2.205094347972843587e-22
3.613560822285073358e-22
4.445908014244428948e-22
3.505299365885692084e-22
1.256930531617314567e-22
3.418346158466002735e-22
4.144640127792641624e-22
4.250487913043418161e-23
3.444056028356904081e-22
3.773451812827198355e-22
2.523436764077381382e-22
2.363760676461533580e-22
2.532516119060258846e-22
2.836982683392984069e-22
1.343349394084924263e-22
4.051522929994997561e-22
1.982122467811577342e-22
2.772202294392961281e-22
5.348811456986542392e-22
2.763864168282188974e-22
9.383953236869755763e-23
1.810494147123575078e-22
-4.036513216648791376e-23
2.245268864658976603e-23
-4.785408076323137001e-23
-1.781339744369847578e-23
1.711197413864414952e-22
2.036901256871472459e-22
1.529919827569575277e-22
1.031395904628128983e-22
-1.620884139535809890e-22
1.345737863667743510e-22
-1.555325759165925998e-22
-2.697128308833059188e-22
1.428602492124620457e-22
-2.072663983482872620e-22
-1.272748292880941890e-22
-1.865168674608289360e-22
-1.686932075644216034e-22
-3.471523858525815445e-22
-1.564918405347495581e-22
-1.936743663175389661e-23
-2.799557550471979295e-22
-2.920198961983658404e-22
-1.222507123545657279e-22
-2.817221232136132400e-22
-1.761686280384581033e-22
1.596527445205203692e-23
-3.661107996527391334e-22
-2.534285167739933111e-22
-2.355666518826387424e-22
-2.978556666539014132e-22
-1.042619863136236643e-22
-2.442080254956706050e-22
-3.628426483918447684e-22
-2.178072595000148468e-22
-9.153377529389312412e-23
-3.031297737445606098e-22
-8.344563942566882541e-23
-2.298011660794868789e-22
-1.759736587447329819e-22
-3.195138402494817698e-22
-1.944801795170985096e-22
-3.048483761371493840e-22
-1.626710592016140522e-22
-3.581298236228908039e-22
-1.791190399777623579e-22
-2.730828141081011197e-22
-4.204904770441735149e-22
-2.192446435215864429e-22
-1.466249244431929787e-22
-2.428420191088225008e-22
-7.340927841667738942e-23
-7.507609105256766689e-23
-2.689510835535548215e-22
-3.768373711710373215e-23
4.319008194294396172e-23
-1.310583625342496208e-22
2.557970448869659103e-23
8.497267131334352672e-23
-1.841574786440512953e-22
-1.560529777999192189e-22
1.051116705714578569e-22
2.452337928955445889e-22
-1.616994675758109099e-23
1.757601906614209450e-22
3.972697425714876500e-22
1.381486929401028644e-22
1.636213511092442455e-22
-4.474896633014344242e-23
3.017628580984920539e-23
9.347331752327541588e-23
4.486779781881740183e-22
2.958299828563728458e-24
6.014829917199840141e-22
3.332961380633150492e-22
1.822065915511203585e-22
5.687523458557474604e-22
3.012360759017603843e-22
3.539187444998789953e-22
4.220903290666893180e-22
2.576934732503675395e-22
2.992933358422360774e-22
5.615521065800076217e-22
1.577339468140527193e-22
2.350626707594285893e-22
3.295279352619082989e-22
9.721106431376314046e-23
4.928889344321344412e-22
8.310714862729392871e-23
3.142466773428632497e-22
2.855744550176363479e-22
2.127172357087215615e-22
3.241632494400673679e-22
2.545629678644167518e-22
9.056547354056179319e-23
1.767301652270506230e-22
2.091049639705516676e-22
1.062503624185402381e-22
-1.413757374782716938e-23
8.999876690335943501e-23
6.091314979969399125e-23
2.485508101122249715e-22
-1.919857005589135463e-22
9.393767665570945395e-23
1.350081142345347532e-23
2.441715131131088406e-23
-4.262328176342838167e-22
-2.882316332519061495e-22
-5.771782317108125613e-23
-3.975187305455986605e-22
-1.980840232938749343e-22
-1.317536476208084618e-22
-9.638602227143178130e-23
-7.900825314390603699e-23
-3.198134203173841106e-22
-4.147522811101490916e-22
-1.458124182361678524e-22
1.137543220825147472e-22
-2.258417107177485710e-22
-3.327930449995486998e-22
-2.442384396543894804e-22
-2.801457352441143689e-22
-3.401931472879724060e-22
-1.708011276135479791e-22
-5.250801835071324460e-22
-1.180580388591264559e-22
-3.001043615697672396e-22
-3.881031647055609453e-22
-2.346225250295062669e-22
-2.092914510727282666e-23
-7.746582391334177791e-23
-2.628453652715510541e-22
-3.842437685120633440e-23
-2.879835485801238177e-22
-4.773334177738172177e-22
-1.600265104877415814e-22
-3.724785991024153255e-22
-4.193125634346571227e-22
-2.739576686746780336e-22
-4.270541034148067790e-23
-2.564161302749440357e-22
-3.336704609524700624e-22
-2.589630416425599155e-22
5.999883760646557478e-24
-1.547161641859351521e-22
4.282225892122947878e-23
-9.423511847837146749e-23
-2.309796291185410391e-22
2.074618177663268990e-22
4.970256151643053219e-23
3.026193049797917129e-22
1.130274749331896996e-22
1.583004809105765250e-22
3.356007597518131750e-22
1.309102673048210426e-22
2.304657418431735773e-22
1.215804645062739038e-22
1.977917184381189554e-22
1.628294802278885667e-22
9.310794134508951769e-23
3.026383001623038582e-22
3.333408188728178834e-22
3.243744091927794166e-22
-1.087658799382196539e-23
1.758328741063573276e-22
2.897009934954594861e-22
3.416118753921487086e-22
1.807558996897786337e-22
1.374641992833199812e-22
2.267133663889205611e-22
4.433125496532161461e-22
3.299223294538640091e-22
2.261210485090703908e-22
2.385385929906049692e-22
2.204136181041377537e-22
2.020072367851685319e-22
5.660456661418498953e-24
3.719931579053800065e-22
3.953302955632329095e-22
8.951853658234126792e-23
2.725966908584851393e-22
4.267644033600985780e-22
1.757128234764185175e-22
2.913972604516796345e-23
1.431798394617126491e-22
1.902944814494059697e-22
2.344033830923152231e-22
8.298821725862907252e-23
-1.110635803734486933e-22
5.941378595946006573e-23
2.196722371005991521e-22
1.696229668278521537e-22
-1.377740157807938881e-22
7.925487812008836897e-23
-2.859435347603554645e-23
-5.370581412267735926e-23
-4.868189440933869539e-22
1.777329764144230553e-22
-2.315713370619538970e-22
-1.237943537007645765e-22
-2.050616736736947260e-22
-1.802519369592589765e-22
-9.741465023585072196e-23
-1.636291420006395670e-22
-2.006752410090229709e-22
-2.455199508124597022e-22
-4.069821854867116665e-22
-2.964104675560140882e-22
-2.536840691471134039e-22
-4.033810432479712623e-22
-2.907238856650402608e-22
-4.973698941490394771e-22
-5.170830548877763650e-23
-1.793396285506134927e-22
-4.714197093800209477e-22
-4.034688658469766095e-22
-1.852864932464655474e-22
-2.962859831384249689e-22
-2.368302883574263797e-22
-2.098912550910142609e-22
-4.572460109947860925e-22
-9.555113195496930145e-23
-3.578470711405464841e-22
-2.063388230290352259e-22
-2.174356042976151773e-22
1.296839905211463853e-23
-1.284606141672181020e-22
-3.213778691439487846e-22
-2.935992677367464334e-24
-1.195728793827628440e-22
-3.026963984225188558e-23
-9.063302840179828209e-23
8.544814906694338928e-23
1.625788100968473942e-26
-8.378270490842911465e-23
6.592482878555429309e-23
4.917998819837082370e-23
2.157597943771458392e-22
1.382868625142134733e-22
2.645720193132283883e-22
-2.625259301279677046e-23
1.643732321402112038e-22
2.428834146497912892e-23
3.039069835493222871e-22
2.502110155032998326e-22
3.209296601490840107e-22
1.774061321389885401e-22
1.104134761783519482e-22
2.517433526784868999e-22
5.049795824952299739e-22
3.474184503845259678e-22
2.679055617821214972e-22
2.525417529438960880e-22
2.846351520439965803e-22
2.293548745546775299e-22
1.678790789868861408e-24
5.532020160691612252e-22
2.217420770041814753e-22
3.596327276653003770e-22
-1.104009137222943611e-23
3.036250472810982615e-22
4.053452850773594539e-22
3.018830828582180057e-22
1.656090953966547363e-22
3.505896581012410234e-22
2.239839825178504586e-22
3.196874765076118302e-22
6.656512115840481608e-23
2.024613037265586605e-22
2.989484441403114941e-22
1.538872690647508395e-22
-1.438608797533711942e-22
-6.897198972709271029e-24
7.534691720614146030e-23
4.615500760869193619e-23
1.926215456337292827e-23
-2.696853180534121994e-23
-2.059165507940195764e-22
-1.354823570248987345e-22
-2.505802509859800866e-22
-4.078210521067878637e-22
-2.453579373581984973e-22
-2.919398537160865976e-22
-1.270142254451558691e-22
-1.981629689934087617e-22
-5.163333892761923074e-22
-1.267785079716992789e-22
-3.568805269745762255e-22
-2.658718447080388052e-22
-1.310746846444702613e-22
-3.895784451882706884e-22
-9.416038147982931023e-23
-3.004664642213483496e-22
-3.495267345646459568e-22
-4.948465584988607102e-22
-4.091071788877395289e-22
-1.072844795921251006e-22
-2.075181420954522959e-22
-4.219881090486653759e-22
-3.903665004245478971e-22
-3.044413223272555840e-22
-1.266561721128984611e-22
-2.499808991557529691e-22
-2.905910589282487259e-22
2.423265232452475190e-23
-7.168334949804361669e-23
-1.363033353449465782e-22
-2.149457153695319938e-22
-1.582399798040436457e-22
-7.462343976667088310e-23
1.992550105472919062e-22
-1.731827142017863696e-23
-6.752911346845569424e-23
1.861295508899517214e-22
5.221183639284454610e-23
2.886364518261382653e-23
6.350719207451805514e-23
1.150395506246164193e-22
1.438933449138821729e-22
1.643842034889018969e-22
2.473385685720229144e-22
6.859019952234132239e-23
1.994744653310437027e-22
3.967835930326484902e-22
4.237953023246255360e-22
2.220342131229852120e-22
3.975108544737575631e-22
5.542512751006983016e-22
5.238447826926719521e-22
3.606492455703789421e-22
1.032944876610646502e-22
6.977704339921539651e-22
3.061714754424947423e-22
4.652249873633038010e-22
1.031731316352298041e-22
3.117507661817851837e-22
2.513146804727010401e-22
1.920348294422440076e-22
1.403299345133319713e-22
3.601753519846562039e-22
7.701662332563056545e-23
-6.374750992949729918e-23
1.520433402014419986e-23
6.537479516504877185e-23
-6.352267165275926280e-23
-8.951828834579408408e-23
2.687341151460595667e-22
1.132571152820977102e-23
1.332253196762393700e-22
-1.579677695388696252e-23
-7.471300147212991702e-23
-9.796873833794898631e-23
-2.084931547648369014e-22
-2.348692544175543370e-22
-9.244584095694462544e-23
-4.817700688008263969e-22
-1.684886638276952994e-22
-4.357246761795872614e-22
-6.206599125438493213e-22
-2.181137069776370188e-22
-3.105952501926115546e-22
-1.852590953485192512e-22
-2.215126703283344096e-22
-3.202190090756043638e-22
-5.953719783072302874e-22
-7.961448595025458839e-23
-3.224120650670784398e-22
-1.888014921471441630e-22
-5.769032861985752328e-22
-2.749144245425523704e-22
-1.057564426522816413e-22
-3.329554469128654240e-22
-1.679446030595170462e-22
1.018921209381109179e-22
-2.157729929557849595e-22
-4.059603825291762227e-22
1.755897723963609234e-22
-2.517239213049169368e-22
2.407580271538601457e-22
-1.532540522266079948e-22
-2.868493749775792771e-22
1.410677239487110744e-23
6.189013823467083566e-23
2.283536155059716148e-22
3.114434895103582280e-22
1.441617486501328156e-22
2.932015316796715817e-22
1.210737505836958421e-22
3.993842802147705022e-22
1.743373616838658575e-23
3.483711068311195184e-22
1.179053146625028835e-22
3.251090868297457915e-22
1.892844761005631583e-22
3.109813520342517881e-22
2.924858634598992953e-22
5.507947386301037407e-22
1.373854284877915613e-22
2.422397265455942858e-22
3.577007480982054494e-22
4.129142145535234280e-22
-1.254232013909756041e-22
5.432810849713254444e-22
5.412594700965723721e-23
2.986273770790584024e-23
5.001695643388121086e-22
3.878085822334406131e-22
9.781270378170115013e-23
1.434216501923616866e-22
-1.107040208159594881e-22
2.046218346854419661e-22
9.389260644310783737e-23
9.353605579022297177e-23
6.097188184687233783e-23
-2.367762238887984815e-22
-3.968391976651914988e-23
-2.664277791871983705e-22
-2.248872576145873469e-22
-3.504563720959145769e-22
-3.321259177234700303e-22
-3.476925895889766582e-22
-5.508096047535664100e-22
-1.112283731412114871e-22
-3.459786685536632027e-22
-4.131848293715418392e-22
-1.149784047627801806e-22
-3.933165700810414910e-22
-4.097745225213400828e-22
-2.343733527386621399e-22
-4.885806151338076655e-22
-1.474825822107120807e-22
-1.202689741684682060e-22
-3.364072915987610177e-22
-1.958101630957034584e-22
-3.381484894799292000e-22
-3.361473726389386018e-22
-1.130959386367404535e-22
-6.435202668117792336e-23
6.964126818373951674e-23
1.244273406251644909e-22
1.018290851514752627e-22
1.424401415755826586e-22
1.278106578844768263e-22
3.241542543462204770e-22
1.839409752985378056e-23
3.291127968974562688e-22
3.583238110283879126e-22
3.875150345180408072e-22
3.860814385797564402e-22
4.444141652586786043e-22
6.016048846324193065e-22
2.930606815470234806e-22
2.294906868549203854e-22
1.010317656221875717e-22
5.218294266064502727e-22
3.058957619358568437e-22
2.444831654997148140e-22
2.653219730331333767e-22
6.841199449443238827e-23
3.695683385146934067e-22
1.747763978369156535e-22
9.778048914566273637e-23
-2.780626667836432844e-22
-1.381280647725900444e-22
-1.026628658534444246e-22
-4.615158246887409662e-22
-1.745065737384786143e-22
-1.751089237095930879e-22
-3.947717073343115007e-22
-4.394173851449887606e-22
-3.885559572502203707e-22
-2.927613426805753987e-22
-5.689277722985345986e-22
-2.940061383344820128e-22
-5.838593504293565742e-22
-3.576238453637503548e-22
-2.557221938753183693e-22
-4.196607416831055929e-22
-1.119273160841253276e-22
-9.796631911739250279e-23
-1.445403667414163470e-22
4.926833631154194473e-23
2.073118620782559278e-22
3.418245433087732742e-22
7.317714430746724372e-23
1.983498251924535424e-22
1.811130574942033497e-22
4.922889531268368574e-22
6.184843795000655951e-22
3.473982064633332587e-22
4.147241608393950586e-22
4.506649114439525348e-22
5.547372982180247711e-22
5.023773107115446923e-22
3.377960332286046941e-22
2.109925963961144506e-22
2.349466021049200218e-22
5.216815144130450994e-23
2.364030670163772245e-23
-2.330176216316858382e-22
-1.874587642115880131e-23
-4.097133773032960040e-22
-4.423034341365723635e-22
-4.624867848476629523e-22
-8.037111868133410079e-22
-2.205222279481867428e-22
-4.719943467065613491e-22
-2.197392735306458609e-22
-2.584332346020761300e-22
-1.195601892378311929e-22
-7.585341075595315583e-23
-1.288765895036342838e-22
-1.759823108591563074e-23
2.473722635347324925e-22
3.056910288649604534e-22
2.948224550476561493e-22
4.078538465776191330e-22
3.713498773424605569e-22
1.272052685846654287e-22
4.485611847265624331e-22
3.239800586345497040e-23
-1.157837996983751001e-22
-6.463729819421669919e-23
-2.897373404777753157e-22
-3.840762801905885557e-22
-3.501174404272183954e-22
-4.347494602403156562e-23
-3.216991600884237587e-22
-1.109700680090186163e-22
-3.832123921779239315e-23
4.529519125949270072e-23
1.864400939644278432e-23
-9.856062388278688083e-23
6.410345274019532570e-23
3.461308708106817609e-23
8.629157624287815245e-24
-1.359232175846886431e-22
1.621506064775314205e-22
1.318530056193333968e-22
6.608675459126426131e-24
3.186203310289504509e-22
-3.014989935094360434e-23
1.447866590252595243e-22
9.495032698455525539e-23
-3.525812464146925812e-23
-6.103049940037669086e-23
1.168241363464466313e-22
-7.023231783023148820e-25
1.231444683360132818e-22
2.307088837061022290e-25
7.870941912419426545e-23
1.635634173044280931e-22
-4.532533717679608947e-23
-4.598705410103897378e-23
1.436483906576957086e-22
9.960816774281643219e-23
-1.598036297759645492e-22
4.033248491902395939e-23
-6.886173713340531320e-24
2.631933016935995712e-22
3.176666383121138702e-23
3.374041057816184964e-23
-1.573345350008096249e-22
2.080674440570596825e-23
1.119157031293503006e-22
4.365484029587583288e-23
-7.811521390989039652e-23
-1.259680289577051459e-22
-1.772867067790213163e-23
-2.673199105571290530e-22
1.044364057815596031e-22
4.977530930591767171e-23
-1.333136011631059630e-22
-6.060812427579971381e-23
-1.622949364162508457e-22
-8.782422603701905675e-23
1.270482061690357126e-22
-2.390940827756221455e-22
-1.865652994013211952e-23
-8.935580311317150057e-23
8.111265454309710706e-23
-6.084603682649876819e-23
1.117762707660898389e-23
-4.818989386229443694e-23
-9.656712892010137449e-23
1.368387468535231671e-22
-1.198116056027629831e-22
4.386211094862335575e-24
9.839255574441513933e-23
5.858924898431435928e-23
-5.059971712827109077e-23
1.483825127315663860e-22
-2.332365713117086719e-23
2.728161109829449403e-23
-3.166591641981735953e-22
-1.173389460171577723e-22
2.577827566763701889e-22
-1.474583294133065969e-22
1.552226410128419628e-22
2.953803674891712673e-23
3.267186555606494853e-23
-2.213659608400599994e-22
9.211855498080572156e-23
-2.691964563777141161e-23
-6.743141258910771327e-23
6.130473891732012918e-23
8.245459710610551602e-23
-4.217289299110227983e-24
6.792519790746627349e-23
-2.277067959768962615e-22
3.889557067243261412e-22
4.383677775210682899e-23
-1.702576381367773384e-22
1.792293704287601521e-22
-1.496851313019013779e-22
-1.023458890944350556e-22
9.052611487280897437e-23
-3.526772036895394630e-23
8.984284604373379551e-23
4.012537556599504272e-23
-1.682529545062954059e-23
-2.403051265926453737e-23
3.259210794099494357e-22
3.751924123368936852e-22
-2.605568014354131699e-23
2.348972600774998909e-22
-3.876866452570414319e-23
2.047208728481928385e-22
6.671885422806355738e-24
1.396971899384416428e-22
-1.059549679134342526e-22
8.211714515636130999e-23
-4.500711789314176216e-22
-7.736397603611579091e-23
-8.945806539739687454e-23
1.436687202873967953e-22
-2.012294206509500717e-22
-1.123054323858914501e-22
1.648085200141778220e-22
-1.009761099803610641e-22
-2.439717145561920539e-22
-6.707049865913711797e-23
1.677098655974888516e-22
-9.048857018832016470e-23
-8.454993405677082204e-23
-2.876947196830636910e-22
1.417713048482677599e-22
6.690495011326020357e-23
-3.061096564058373198e-22
1.054839769051823637e-22
-1.448490479130492186e-23
-1.748964385982957418e-22
1.136443817965842451e-24
3.277122021683056832e-22
1.083893687693365259e-23
-1.307562609341811440e-22
-2.130400114901625762e-22
-5.213741790554087797e-23
-9.769064445694955583e-23
-1.530556088755469002e-22
-1.204153974726946294e-22
-8.217295562681596174e-23
6.936334058151883105e-23
1.225911171882426282e-22
-2.749708321635123588e-24
7.349560158429764064e-23
-1.381703413414853773e-22
2.682451101242784484e-22
-1.149152436758641265e-23
6.329251488169579906e-23
3.977409233732787822e-23
2.768233288638259347e-22
-6.385572438542548309e-23
3.496338311358086325e-22
-1.282667835942175899e-23
7.663168639379826835e-24
5.801511904800206252e-23
-2.525094956950284136e-23
-4.470303191504615457e-23
6.347343091980534794e-23
4.287329505133588830e-23
-1.084199576757987711e-22
-1.400543472124516869e-25
1.584067610240340485e-22
1.237241790761181396e-23
2.552576325030791285e-23
6.201701969728455800e-23
2.513157478998547144e-22
-3.582242442260849184e-24
2.837636661555430860e-22
-1.657825946107782971e-22
1.365103253392808452e-22
-1.968415808415456738e-22
1.445827098375441217e-22
9.044043341155851202e-23
-1.816506589417271927e-22
-4.419688877030914134e-23
5.141751578777652561e-23
-2.249640369831268349e-22
2.704737868180772740e-23
9.744158814749911999e-23
-7.274488922881661605e-23
-1.160878104526541061e-22
-2.571664350833695638e-22
-9.423546958257969630e-24
-2.087803598800396967e-22
-7.126432756387786393e-23
-1.413577675601871263e-22
4.746066345225055102e-23
-2.747871474744545376e-22
-6.595998297127550427e-23
7.907952053889267910e-23
-1.215354595176079405e-22
9.935016301771364058e-23
9.712162930089633544e-24
1.013745566667154523e-22
-1.345201123863312693e-22
9.976489741356237269e-23
-1.883341866174302537e-24
2.288671831780075962e-22
3.367118942094875922e-22
-7.072113585117634281e-23
-1.342244794379148585e-22
-1.776206068313480319e-22
-1.107353686027252902e-22
-6.521339190006972934e-23
1.701694440422453560e-22
-1.103269487448118112e-22
4.721210117094803582e-23
6.935789656782725352e-23
-8.878696185974651349e-23
-4.562736625489491697e-23
-1.010475905787788815e-22
2.145669332418379217e-23
6.439530052406642453e-23
6.598156136402082693e-23
-1.090360178157790795e-22
1.296632735165603501e-22
-2.932230704968594817e-22
6.679588505460267151e-23
1.724686392811434617e-22
1.255591621075590211e-22
3.358970821502689836e-23
1.349888186799592570e-22
1.194245674393345507e-22
-1.567566495603237695e-23
1.937515836804696551e-22
-3.268895595596835344e-23
6.960165579271103945e-23
-2.961416275653039410e-23
3.310541066497272553e-22
-3.094130688791115428e-23
3.777025786748489563e-23
4.229440040440174287e-23
3.567024024899089762e-23
2.148737541859419332e-23
-2.224953043132379194e-22
2.862851042222665044e-23
5.671664032707975941e-24
1.954980455648873274e-22
-2.211321613504722343e-23
-1.102163200541519673e-22
1.060755848438709454e-22
-5.330057491584165850e-23
-8.121385169920168653e-24
-5.265805316420853095e-23
2.077430910527126667e-24
2.848103056279030773e-23
6.473837298067617838e-23
-2.668616288572555110e-22
-3.441106991101517776e-23
-4.596538824049297336e-23
-1.180507641718840483e-22
-6.986063025375208105e-23
-2.788443252043123727e-22
2.092511037843665458e-22
-2.129906832184011776e-22
-2.681228759030749735e-22
-2.287624882877479920e-23
-5.519574194418370250e-23
5.142697118141318607e-23
-1.415590474340853865e-22
3.911113934119361751e-23
-1.030868757124755712e-22
-2.204201947865237674e-22
2.899770712736633127e-22
-4.116374209950625828e-22
2.025844003978881279e-22
1.497830626927274462e-23
1.317577187750231433e-22
1.035895278653303221e-22
2.423715026848805052e-23
-1.211527965867094085e-22
2.213574082844014272e-23
1.168853431967387685e-22
-1.865455167699450180e-23
1.359807317957434967e-22
5.732440954442003132e-23
3.335601259084886996e-22
2.506617296265409236e-23
8.912117420104806362e-23
-1.777493420399430691e-23
2.420886723628181134e-22
-1.909430729577788224e-22
2.129520207189402381e-22
4.470964169511702312e-25
1.664368960140132466e-22
-3.486554545044453507e-22
4.267933594893822952e-23
1.402747718160571835e-22
-1.519324872072624083e-22
2.564663165383352498e-22
-1.931915856141855966e-24
-1.274040566085589750e-22
-8.858858507947153681e-23
2.452627756837272144e-22
1.229516209211840591e-22
-8.256390082037732170e-23
-6.272985423830572644e-23
-1.185664270495671141e-22
-1.174833866084739944e-22
4.868214905248059329e-23
8.383504799108654287e-23
-4.718886198305389693e-23
8.464591923033101635e-23
6.166800953550951287e-23
-3.474024439279259011e-22
9.982324435833187642e-23
2.643656326708920922e-23
2.203210930721822684e-23
-1.552958168634041913e-22
1.548344109749177054e-22
8.889689489429999499e-23
-3.812572588188541803e-23
-1.947528659393961628e-22
6.965652901839616102e-24
-7.939086220457321420e-23
-1.078066149351098778e-22
-1.051558456682172037e-22
-3.001055252699334020e-22
1.270473788809021685e-22
6.306334075821220739e-24
5.755039050424470070e-23
1.212470131829992565e-22
3.667680576061034811e-23
-1.147560349763840935e-23
-2.543582328039035967e-23
-3.097356932899106225e-22
-4.702106628126565768e-23
-1.943195143622870573e-22
1.417499654412032289e-22
1.363205653026064479e-22
3.339476618930879815e-22
-1.379193273634422613e-22
2.320599994243017891e-23
1.308870569195409289e-22
-1.865215409948724837e-22
2.752040861689229343e-24
1.173935637668217687e-22
-8.171433241747263583e-23
1.798890480862344552e-22
4.626401075268082809e-23
4.486890220586195802e-23
-2.035043475058919594e-22
9.290459765674995508e-23
-1.035282951735263617e-22
-7.060811300813452349e-23
-2.859984169759202195e-23
3.402422520740059953e-22
-5.189194863211822314e-23
2.062813984641482064e-22
1.375242754423031991e-22
6.508599832376609463e-23
-2.313105880106710628e-22
9.652866574169055499e-23
-1.701221633162965263e-22
1.157064260857230249e-22
-1.638921855801146699e-22
-1.629030853038634771e-23
4.502455372615081874e-24
5.101491062861805361e-23
2.238640851914595932e-23
1.960030986659291874e-23
-7.242742112746467172e-23
-2.120097983248140519e-23
-2.910502206913950309e-24
2.459120118770096292e-22
-2.982907054575096732e-22
4.922318100723441930e-23
1.767793035700995326e-22
-6.660595174537353823e-23
2.430512356813704313e-22
-1.054848991219764679e-22
-1.183535843845684670e-23
2.317490562207262020e-23
-8.005039240278690968e-23
3.497070552989263094e-23
6.534567125378209555e-24
2.337111551432415510e-22
-1.096160756563457176e-22
-1.292397956913145630e-22
-5.775152160880896904e-23
-5.425216561131882444e-23
4.904304794059673015e-23
1.011459662897091447e-22
-2.133738186831879830e-22
-1.584134671588386480e-22
-3.153099402132427519e-23
-2.398423751215247504e-22
9.522764972293856269e-23
1.453329095076772965e-22
-2.719495482821043417e-23
-1.701867400958366825e-22
1.909609404116595773e-23
-7.210435760367102802e-23
1.290757999370078764e-23
-2.597256370502043320e-23
2.306808015509102728e-22
-9.458467359089017277e-23
-7.593606347460804473e-23
-9.470590455188985544e-24
-1.471549364239338308e-22
-1.240596709148092537e-22
5.963040515181350979e-23
-2.121265541430486503e-24
6.562541806640430002e-23
3.646278705294099465e-23
1.317479699239595243e-22
2.128032851197490662e-22
-1.422551025525777508e-22
1.246581365255386736e-22
4.646040997349578035e-23
1.288558710455368120e-22
1.329257044594165952e-22
-8.613339114094959334e-23
2.017359800250029310e-23
2.723559071202802480e-23
-1.864105437059433174e-22
-4.863868832405073000e-23
-8.030926371674697381e-23
6.090060914701333242e-23
6.655550547228323626e-23
2.500933280052330975e-22
2.160130737350905212e-22
-4.421079599031203243e-23
4.596395399105349713e-25
2.632531227218404660e-22
2.912609101962410385e-23
-3.970228348776227813e-23
-6.766353660225202081e-23
-1.289457596289438585e-22
-2.036375664595623872e-22
3.653241657888853520e-23
-1.525542673149447993e-22
1.951377399758910504e-23
-1.940067168626555755e-22
-4.884124282321320430e-23
-1.756931341733754225e-22
3.151276089893493217e-22
5.294942700681004449e-23
-6.470739611933900225e-23
-3.915019684897516514e-23
4.350563027483970681e-23
1.266086716722894905e-23
-1.166501611067571214e-22
-1.278520534305584509e-23
-1.023375775660572448e-22
2.919751387187641230e-24
3.101322504716209766e-23
-2.653852396855760817e-23
1.271947950683018022e-22
5.584380038461688691e-23
-8.838290088909886990e-23
-7.202923588636983375e-23
-6.524711551557761795e-23
8.223124013115204467e-23
8.293363881997664873e-23
-4.140032237905198626e-23
1.769667888684346029e-22
-2.476126012482670685e-23
1.184716354596682747e-22
7.486644643557263221e-23
-3.034131646700855793e-22
7.514638002197378705e-23
-1.738178669643739126e-22
1.055879199475933562e-22
-1.832937413232472220e-22
-1.567526491013846783e-22
-5.457962742132221388e-24
8.952658771960795014e-23
-6.821931313065115630e-23
-5.623226666274703974e-23
-3.562224862359962869e-23
3.372628691479684008e-23
2.015020167954495834e-22
-2.353069152841461405e-25
1.619084179363749409e-22
5.379379696591442907e-24
2.018214831023411465e-22
5.783293690876215415e-23
1.426845361255031198e-22
-5.142569959096875222e-23
1.277084850985243942e-23
-6.945652191845117659e-23
-1.820850470616947237e-22
7.787384930333553893e-23
2.499081194120764533e-22
-1.920528174053278489e-22
-1.625979228357654677e-22
1.082907518168805533e-22
-3.303349397886656522e-23
-1.479827186918767763e-22
-6.456052203963227419e-23
-1.875420518693777476e-22
-3.441893744532356001e-23
9.800915323467165799e-23
3.188850375524585588e-22
-8.970537973196582695e-23
1.937694217186749739e-23
2.669961586034626547e-23
1.459921132839304624e-23
2.650550758346584017e-24
1.798581727308274175e-22
-3.110252631588474851e-22
2.275136272293422038e-22
-4.402127835897958212e-23
-6.571229081930400079e-23
-1.610553183815284820e-23
5.444121173850143652e-23
4.492608872694393126e-23
1.124595310403346975e-22
7.369420369308315343e-24
5.220240330655826259e-23
-3.514890696586493003e-23
-2.724062860663312934e-22
1.170147828569594278e-22
-3.393277286761375667e-22
2.534997811037255956e-22
-1.736190664205434252e-22
7.482829926581057406e-23
6.418592750727371675e-23
-4.095490661082472676e-23
1.677465896988126662e-22
-1.456418622328325740e-22
7.875533844443520656e-23
9.653134739821287492e-23
5.124639116104499305e-23
-1.039110221688540596e-22
3.754613444918388933e-24
2.121627515138718108e-23
8.243315136798965434e-23
-3.204994999226236337e-22
3.584676040173844200e-23
-1.080310394746950023e-22
-1.116031513011895695e-22
-9.548787335804613698e-24
-7.491149245907243174e-23
1.502352507752206325e-22
1.160173652929261044e-22
-8.007858823856202996e-23
1.700218743524671868e-22
-1.035909402435417963e-24
-1.366309336607158712e-22
1.692853452529683841e-22
-3.570057855487621724e-23
-1.973154236637075602e-23
-5.959585759287281575e-23
-1.314624863196901477e-22
3.104904325029837666e-23
-2.051267409063093396e-22
5.143126845240057093e-23
-3.137113558710077441e-23
-5.020654159031323043e-23
1.229080365758173130e-22
2.208476615185385597e-22
-1.284262682693828390e-22
1.055978475410114685e-22
1.552969629382362458e-22
-8.885857437319457527e-23
4.573153609931848603e-23
1.158349778587510394e-22
-6.088138436718618392e-23
1.320297635899637314e-22
3.196654383677975907e-23
4.649594283866904183e-23
7.888022981473142325e-23
-1.144253251223435213e-22
-9.288274098963150865e-23
-4.281759220958090559e-23
2.263275250328939962e-22
-2.689735063871824387e-23
2.612801081446795708e-22
-5.567527202963839896e-23
-4.152174835568190703e-23
2.749694379079453925e-23
6.423798819461889440e-23
-3.471969602652952663e-22
4.811786327988644856e-23
3.194768289851899643e-23
6.857453850518889914e-23
-1.499176906622206110e-22
-7.825064270695659069e-24
5.755827378783839706e-23
1.291875350467243606e-22
3.886683417565627675e-24
3.186508093392179284e-23
-1.290693000769516135e-22
-2.299912154789807104e-22
-7.144516656158284172e-23
-1.548033606746851140e-22
-8.959087895763018643e-23
-1.157822516278906298e-22
5.030775975329970238e-24
-1.146845053622526765e-22
1.474698785490732266e-22
-1.376066300400469461e-22
5.018518224605774421e-23
-1.661582582815963991e-22
-1.831547659919896385e-23
-5.351782918747017476e-23
1.329234081904989949e-22
4.119554901259030975e-23
-2.141372552398714108e-22
2.679971199721303223e-22
1.057164851298017677e-22
7.605413665949896518e-23
-2.820371150228826511e-23
2.287038016546257126e-22
-1.228611546519435127e-22
1.018032644337175029e-22
1.084910633677702558e-22
7.811413893340872361e-23
-3.224445626200793489e-23
1.831701352434453483e-22
1.328927237842607782e-22
2.846313041861947206e-23
-5.634211184217414925e-23
-3.471898820316241821e-23
-7.776923630424523090e-23
-2.095178734469969083e-22
2.969950178843579704e-23
7.947308427664263942e-23
3.178133868906857307e-22
4.723721298730629389e-24
-3.063589477767851813e-22
2.183390560290583945e-23
6.758170353555285256e-23
2.691023761191446260e-23
-9.641847500661079152e-23
-1.034951028402317475e-26
-1.141100518578301885e-22
-2.006665931025860567e-22
2.549068093720582707e-22
-1.086755701732783867e-22
-4.099773915423682313e-23
-3.101013226097011575e-23
1.488919109173409013e-23
-2.776146553150184277e-23
-1.632942498826386567e-23
7.162597739773417007e-23
1.067957341235459163e-23
3.560148665310218745e-23
9.816267198001000057e-23
-8.867895399730833059e-23
-2.215094918005721783e-22
5.766452009793762121e-24
2.856968328990700320e-22
1.306264991797318600e-22
2.326730955264050236e-23
-2.650976290965800232e-22
8.364154626665213354e-23
4.682070281453484396e-23
-1.898664565207861675e-22
7.229338182905979918e-23
1.788122036915174496e-22
2.167729267656518937e-23
-1.251337673020528034e-22
-9.405978730665023060e-23
-1.106282665841470673e-22
-1.342664129592385400e-22
8.603201628168956342e-24
1.846558641740671810e-22
-1.398511765060399997e-22
9.177550108116257500e-23
8.588000720705497305e-24
1.154799208662847581e-22
8.646623636000896134e-23
-7.336927192775315147e-23
-4.382361631601766319e-23
-1.826807000601293244e-22
1.832763322300322321e-22
-2.651905848786724794e-22
1.019932477054290118e-22
-1.772997406503882875e-22
7.512226930097465215e-23
-1.672005070593930863e-23
2.584456703114855899e-22
-1.935423902160922689e-22
2.061912045402534873e-23
-7.501930454330502963e-23
1.675418861365389731e-22
-1.312826248394231431e-22
-8.109397164604733692e-23
1.725929697800309629e-23
2.175998663672742696e-25
2.050721201530634848e-22
-1.504339975039449252e-22
1.214779359098425699e-22
3.548685480455230661e-23
1.840571098369827136e-22
5.762606953841251963e-23
1.093341927308763821e-22
1.493783207400341128e-22
-4.318314918335613355e-23
-4.387899370885355533e-23
6.748612568659245512e-23
2.078522470071693078e-22
-2.132381621452951770e-22
4.068583885937472433e-22
-1.554460837524409433e-22
-1.661739673346155406e-22
-8.643244153720772030e-23
1.237164215656137139e-23
-1.164039272542704317e-22
7.930701813468850918e-23
-1.488711451942570903e-22
-6.816887207351712047e-23
-1.802233597758770960e-22
2.064444866725783717e-22
-1.721736694166762595e-22
-1.036266668468738596e-23
-2.603257627569503618e-22
-6.207338355067685620e-23
-9.457693923853244543e-24
1.682254250627433322e-22
-1.042846633518812032e-22
1.156052872845592838e-22
4.183385336272607016e-23
1.718220780794488052e-22
1.179591003482559757e-23
-1.706671778763246622e-23
1.208178948629397785e-22
-1.913847643278418524e-22
-2.589781683240780205e-22
-1.310520930260761347e-22
2.585640946101059025e-22
-5.422108959752854504e-23
-9.813874244109599652e-23
7.889518119887610354e-23
-9.349851161348988733e-23
9.767297634600647875e-23
2.985750245048801492e-23
-4.529648822544829059e-23
4.470347860421188885e-23
1.059681628202526926e-22
-5.481486720048808061e-23
2.299737667144233523e-22
4.527597625172225939e-24
1.631617533747199629e-22
-7.628229767614190736e-23
2.150864055137777671e-22
1.434358047417082741e-23
-3.673768967621125721e-23
-2.286854884647015110e-22
-7.187218445553654368e-23
7.363398490238237936e-23
-3.209510125760079487e-22
1.789050510753088426e-23
8.203292919122561948e-26
-4.326709324984729777e-23
7.006954996287424521e-23
-8.599105724545616880e-23
-2.116317732823057011e-23
8.392654797656397470e-23
-7.639702355989651991e-23
-4.507054560724993014e-23
8.406838445472837459e-23
1.771924146772385199e-23
1.924902650032583091e-22
-1.179633576875832074e-22
1.402083508430979489e-22
1.293498251350218330e-22
-1.940692988825986654e-22
2.681548833690281727e-22
1.330870718880027433e-22
-6.036503609281387333e-23
-1.839008242215649150e-23
2.427505701157959356e-22
-8.564388023834321326e-23
1.482032318977943140e-22
-8.052254989028151588e-23
-3.458074793374087193e-23
6.899186691248218279e-23
-2.193224018301448752e-22
-2.216450463179016206e-23
-1.418003598749391394e-23
-3.465513092709828805e-23
-1.014027040171132864e-22
-5.745363607050511891e-23
-2.026005446209072783e-22
1.831034620227226557e-22
8.671320074187514656e-23
-8.842443844020424358e-23
-1.024740550585317406e-22
-3.970784708898831482e-23
-1.498079815789694246e-22
-1.574805270296177423e-22
-6.101431474084466291e-23
1.784231072242103835e-22
5.788697419541309387e-24
-1.476606389429334051e-22
1.452497459669105337e-22
-1.302119216863627924e-22
1.052925978040090175e-22
5.794635459135137564e-23
-2.141160881151740047e-22
2.151111448421869525e-23
1.424206407267445236e-22
-1.695397423333194357e-22
6.114678097472704619e-23
8.881180035256562500e-23
-5.847861343404001017e-23
-3.093344244086864921e-23
-8.765789934735159584e-23
4.150449796015546519e-23
1.581249710245510405e-22
8.080106013431860243e-23
1.386269458658999964e-22
5.671724457964340099e-23
3.230524536637150622e-23
2.287198544766254289e-22
1.786456199912661276e-23
-1.796523424448084618e-23
1.916607291814157145e-23
1.802659889919773424e-22
-5.856526311337515673e-23
-1.356173162229802915e-22
1.926898303809290772e-22
3.620819640459133647e-23
-8.497767857380860948e-23
2.122674267984425914e-22
-3.921479572254772168e-23
6.672026179385327485e-23
-2.152187711824947742e-22
-2.805382540795847980e-22
1.590886322207383955e-22
1.389548131013833609e-23
-3.582054880368085493e-22
3.740336045107652360e-23
1.094091766819058527e-22
-2.034440178283445073e-22
1.074360326615295991e-22
-1.121468528619921540e-22
7.561759402772769349e-24
1.850452679799184635e-24
1.217684077280540999e-22
-2.113048040816221855e-22
-9.981590623251014037e-23
7.642076445160870490e-23
5.804620485537701149e-23
-4.148090277792757305e-23
3.092764108724096428e-23
-2.040721341783134372e-23
-2.286428641996373152e-23
1.005639430450658992e-22
-7.630375134134637022e-23
-2.423340664410991582e-22
-1.352571524781276671e-22
-1.455454282404107680e-22
1.882818798405351363e-22
3.954428754692105023e-22
2.231068219043906796e-23
5.606319393983548450e-23
6.079202516666596162e-23
1.476482491608272416e-22
-3.329316053968363406e-23
3.709946819122077213e-23
-1.750715951697138316e-22
2.941944263437347237e-22
-6.786107753802105491e-23
-4.448224785655505583e-23
-3.049916569663673611e-22
7.836037514743469403e-24
5.349329275986811835e-23
-7.622031658857362816e-23
6.730594087974851516e-23
-1.172028483877405181e-23
1.186196463116026800e-22
7.542521394801443035e-23
-1.257026216752149324e-22
2.833402887539988183e-23
1.351311949455755370e-22
-2.476475756370652666e-22
2.159085145621535509e-23
-5.159327508779588806e-23
1.507005327588420874e-23
1.460640599986533214e-22
-8.436140782777186491e-23
-5.200584714718121784e-23
5.688000992907682749e-23
8.770621444537502020e-23
2.431925682474449995e-22
-7.644446106455064288e-23
4.065814055036928512e-23
1.540732633510196928e-22
-1.632205949367183726e-22
2.325749689461234540e-24
-1.304839192283268300e-22
1.393779775407750031e-22
-1.793723912551530384e-23
-6.509219807153726892e-23
-1.781452106559072163e-22
-6.966690846800645662e-23
1.374911394143637797e-23
-1.931262138928940012e-22
2.775231247575868798e-23
2.734919680325269843e-22
-1.398183796018843842e-22
1.584152868198271701e-22
-1.334364006779056373e-22
-1.634028890105988815e-22
2.721028633868415829e-23
-4.179463010519188517e-23
-1.282847507394238547e-23
-1.333021278474829436e-22
2.989974111459144362e-22
-2.700096311362870951e-22
1.837892878198742972e-22
1.638737103835172374e-22
2.790877335684887400e-24
1.000213333093868843e-22
-1.758308638324691631e-23
-1.152300869618167777e-22
1.397957743606096073e-22
-6.454707794927214422e-24
-3.744053197976069676e-23
9.277728315811887650e-23
-7.868604889224556243e-23
1.360036070353836176e-22
8.102381006012123725e-24
-2.408627428777087898e-22
9.519054357451037314e-23
5.036233538230027540e-23
-1.474379269923944342e-23
-1.604195222622194053e-22
5.502378869093241402e-23
-5.718421286455205519e-23
-8.149098235391649982e-23
-2.249706829297661723e-22
2.297962225111114101e-22
1.877310973169010459e-22
-1.007764422550939537e-22
1.611818544684971851e-22
-7.928591530173831866e-23
1.359337272781815149e-22
-3.106480111087875120e-23
-6.099909412703710889e-23
3.644797090284707166e-23
-1.103907296315985151e-23
1.250393230981202179e-22
-1.268041038508365592e-22
-2.038839866449870006e-22
1.457243038418783873e-22
-9.326967085156274198e-23
5.664967228488936112e-23
2.511180810635085342e-23
-6.830060112771372156e-23
-1.251162112029859481e-22
2.425985401845279786e-22
-1.706723271132531896e-22
1.338320182324470224e-22
-1.546638074033754686e-23
6.543098648497546841e-23
-1.298065182611496257e-22
-1.512317827222637167e-22
1.500994421065068133e-22
-2.762556027381377902e-22
1.640267748428320085e-23
-1.248814466335060819e-22
-3.226513955146154108e-23
6.636725522582792300e-23
2.416942191889126372e-22
-8.203579780962621618e-23
2.656656973161426793e-22
-6.749316226695056789e-23
2.212870277501952736e-22
9.384341797161634537e-23
-1.973248590471836425e-22
-9.819140280635829473e-24
4.509808457010481493e-24
-1.088469849051260240e-22
1.286274890497006767e-22
2.633683778528956472e-23
1.620389376732827281e-22
-1.234876111739980470e-22
1.451512434139235911e-22
1.029146456682557108e-22
-1.617423670560546208e-22
1.025060067393172283e-22
-9.790969996995871174e-23
6.590363332008406569e-23
-1.043861667443948829e-22
-1.023345888263604380e-22
-3.181496262217981994e-23
-4.178195600448967619e-23
3.522540486661413941e-23
-4.135949512105266752e-23
-2.593962642690097757e-22
6.313844132667362745e-23
1.873504625394788542e-22
-2.456330694913334957e-23
-1.084614931362397520e-22
-3.431272544642441845e-23
-5.010099507838669070e-23
1.752509746749968838e-22
-4.998180415487829328e-23
3.950906772826953329e-23
-2.991848897999638080e-22
9.761311336366399123e-23
-1.738581321569262126e-22
-1.687702298276134117e-23
9.730165556642486384e-24
-4.725256357276108956e-23
2.456453059850214787e-22
4.279794310122300032e-23
5.634415570375843637e-23
1.681999548560083540e-23
2.467882008594808157e-22
5.078142457075014250e-24
-1.913293467203834048e-22
2.563098618428242316e-22
-2.024782611765097145e-22
-2.393132155722501205e-23
1.482259455463518949e-23
3.443015860861878289e-22
-5.006299430296842638e-23
-1.792388360894668920e-23
-1.626249641530391598e-22
-1.869985531248147952e-22
-1.680851314677090064e-22
1.139370494256274825e-22
-9.362415011978126144e-23
-5.664404806112193723e-23
2.048415561022781770e-22
-7.217822940582804198e-23
4.526291273488219103e-24
-9.434199223889095278e-24
1.346156553294717400e-22
1.298153497371668424e-22
-2.685104900958993621e-23
1.691463855605092260e-22
-7.888787651968097639e-23
1.381118011434507366e-22
8.135106204499068847e-23
-1.013640057288196836e-22
-1.562921227154025039e-22
-1.073925456368847336e-22
5.663682140659535886e-23
-1.243160721857490185e-22
8.667934144686109439e-23
-1.121275225875226565e-23
6.304399101769817770e-23
-1.515321244436559435e-23
-9.566180222441173119e-23
1.456821694715099480e-22
-9.693860696283303806e-23
-2.633490118066140568e-24
1.277274468285315771e-22
-5.290336722472167211e-23
-9.323421575081645166e-23
-1.319105240902807071e-22
-4.116117067752888118e-23
1.341263726933965671e-22
-4.145412147016087536e-23
-2.274092802500435385e-23
-1.992162491738816509e-23
1.782988600209192439e-22
-1.282333463007068756e-22
9.675550629661698279e-23
-1.601155596279875359e-22
8.150618067490433285e-23
-3.301535203471765101e-23
3.759615246128946077e-23
-2.668681114855725773e-22
-9.498637542892592137e-23
-3.775191915050530002e-23
4.112122550838512086e-23
-8.082720164790437924e-23
1.127867592300946422e-22
-1.241998019268152181e-22
1.984539740319970095e-22
-4.862006011962325588e-23
2.269868400149846858e-22
3.173158214119030047e-23
2.827562137817197584e-22
-1.728169312931537594e-22
1.524004366974778587e-22
1.845450982177069758e-22
-5.723575854970585360e-23
3.070240358542260641e-23
-2.066579713175906783e-22
-1.539246848707298022e-22
-8.779549269364422445e-23
-9.233720304927900408e-23
1.522447437147126797e-23
2.224461859472475612e-23
-8.430172660933050357e-23
2.665727120665221428e-22
1.103438033812620994e-22
-1.455892621284509602e-22
3.232792743913374629e-23
1.655989128808597023e-22
6.732953074395994241e-23
-2.664088659345740777e-22
6.310958493366723511e-23
-1.062811574028129163e-23
3.156924125748199912e-22
-1.411331459122646204e-22
4.061085816222383585e-23
7.338261762684185897e-23
-7.247394272384716682e-23
1.730352046700342047e-22
-2.155537272415867757e-23
-5.345009890262546266e-23
-5.090004590074440689e-23
-1.772680421344762416e-22
-1.853776699754534017e-22
-1.447460378518461292e-22
-3.619223669152740390e-23
-9.664089961587152712e-23
1.167781906816516037e-22
1.154417976429078440e-22
3.156856537268799733e-22
-4.518103038218603694e-22
1.245913046826676975e-22
-6.861139259473089924e-23
1.702307387880772787e-22
-2.082378328632924169e-22
3.180925029358285675e-22
1.314908707555477369e-22
-1.566017496876546617e-22
8.415923904612206589e-24
-1.478135834802248952e-22
-1.451446434356103281e-22
-2.293312275550268029e-22
1.588289044297217118e-22
-1.808403132939150651e-22
-1.881794633748145037e-23
2.257978238513636615e-23
-9.064157394746850962e-23
1.015181546253613820e-22
-7.973948916244092817e-24
1.330900226863791555e-22
1.295360702746410623e-22
4.346362875835470274e-23
-1.123118160966339133e-22
1.294142445039831083e-22
7.572100248531234298e-23
1.089145603233583023e-22
1.340690507609584870e-22
-1.934659580337194137e-22
4.978502477479409491e-23
2.114265695250064998e-22
-1.436048704176078501e-22
7.197520502371229333e-23
1.530192894541877809e-22
6.903250739027379607e-23
1.778809320246954900e-22
-1.806370367832447271e-23
-9.781204679315867904e-23
6.339143347784824870e-24
-4.065128468835996145e-23
-1.330806361934629883e-22
-2.522311577361055059e-22
-5.607456640886250030e-23
1.513946048015513013e-22
-9.844847447676916995e-23
-3.475075356701621266e-23
-1.269563800235673289e-23
-1.854287354972868892e-22
1.218433121742952948e-22
1.147559785592924596e-22
4.231974955100741210e-24
-9.092077778710763580e-23
4.433904423024860693e-23
-5.363077658191498240e-23
3.064334079439652425e-24
4.654907478459116683e-23
-1.488682596948481711e-22
-6.380905747178865171e-23
-1.809943505495354787e-22
2.658382630933632290e-22
-2.292815079680369342e-23
-1.159931023441932767e-22
1.254716523550199403e-22
-1.864700321197069587e-22
2.507376512596425661e-25
9.583161421454168581e-23
1.473614588287147519e-22
1.256250320260156767e-22
9.572762983953574504e-23
1.413384843874596586e-23
-1.061367243380937588e-22
-1.667496361093962369e-23
2.052913729144603352e-24
1.379063327841083419e-24
-7.179639490301623915e-23
9.816425034872935530e-23
-7.221102705779585327e-23
2.064111150546336123e-22
-3.803673093126521244e-22
1.342059600808064481e-22
-1.100021996791131964e-22
1.069649862923065895e-22
-1.943992917884744428e-22
1.550131201396268866e-22
-9.189655599275234535e-24
8.874012460382530078e-23
2.387301061630875191e-23
-1.647394881081403700e-24
-3.505921407575760555e-23
5.719154243525821960e-23
1.746167241862442626e-23
-5.415227573892132391e-23
-1.047263052612811719e-22
1.258062319579586620e-22
1.142456058985421162e-22
3.800453467048003961e-23
5.528580651966581863e-23
-1.526365837248087640e-22
-4.802403053974578014e-23
4.098078869415753806e-23
-6.680021184110130335e-23
-1.026401725301598650e-22
-1.709997459657664326e-23
-1.031341952670888055e-22
1.725240378706215345e-23
1.884975706486557370e-22
2.973972113493639254e-23
-8.457997115244637545e-23
1.817318136492876119e-23
-6.132050750565359017e-23
1.308571240445256315e-23
2.409697081650573901e-23
1.621572004655045950e-22
-1.599091421496170046e-23
-4.659768822411858570e-23
1.515161628641317775e-22
1.459008849396445751e-22
-2.257693816130646411e-22
1.478134243301878656e-22
6.180991013681107511e-23
-8.519525798015783757e-23
-5.674976657838502617e-23
-6.653324405821970936e-23
1.480586256544105397e-24
-7.988284934363472560e-23
8.864590543736138256e-24
-2.641141193430818532e-23
8.467827111828851898e-23
-4.774407569369954449e-23
-2.045199539217699805e-22
8.442839085855249828e-23
2.004278209114231049e-23
2.375133080246707673e-22
-4.113490230384359758e-23
1.389790066663846082e-23
-1.719768438426254673e-22
8.349705533500337233e-23
-3.078242213248780414e-22
-6.780724691180030827e-23
6.997821151325491081e-23
-9.749101134916399931e-24
-7.260136445992066180e-23
1.322729998078769289e-23
5.346781488120077524e-23
-3.126853431067187319e-26
-5.856499318561578699e-23
1.705768669941615317e-22
-1.215682255662803318e-22
1.426790640161103676e-22
3.130341579311002780e-22
-2.851401961979934800e-25
5.848690921080004392e-23
6.002732427198588427e-23
-5.105454137953483346e-23
-6.499462934846434539e-23
-6.893763691185555759e-23
-7.098305554929648600e-23
-2.363780839008206221e-23
-5.295773562936827682e-23
2.427941746337037808e-23
4.084267527704215324e-24
-1.586881665304175173e-23
8.153318932655996021e-23
-2.541622702690391348e-22
-2.174722051618681220e-22
1.421531009336325516e-22
-1.028517755148014220e-22
-4.861522893800776547e-23
1.953935297481297486e-22
-1.233376921175586963e-22
2.805092725016414092e-22
1.181406210503456943e-22
3.601614348750978226e-23
-1.453688870870796534e-22
1.427019054923114012e-22
8.213203598751150383e-23
-1.388834665408535032e-22
-4.274974207356756836e-23
1.643516085137726890e-22
2.481217396683480046e-22
-3.140639809616701088e-23
3.138132468749200087e-22
-1.721289540173618564e-22
-1.002684751954867051e-22
6.856651318640763389e-23
-3.162097988566171945e-23
7.298417691059818321e-23
-1.226139148409666391e-22
-9.266967231419150991e-23
-7.055874164712506108e-23
-4.133503705415829420e-24
-2.522870240813671775e-22
2.209259990824624684e-22
-2.366623352715079940e-22
-1.224769450561274116e-22
-9.876439220190238245e-23
-1.798469242574830337e-23
-9.389476798175623549e-23
-1.811380234764634350e-22
1.026127773331817333e-22
7.330173217281290269e-23
1.791186313903083736e-22
-1.062731432082442462e-22
-2.647775780180808551e-23
-7.540407639911064255e-23
-7.331635562380144055e-23
2.115285019870830521e-22
1.679913994926157257e-23
-1.331266362389520948e-23
-3.709461634216768971e-23
5.726900623447531041e-23
-3.034010644855026836e-22
2.634709342412517099e-22
-2.848144919780476646e-23
1.871985625483733337e-22
2.062363937407822903e-22
-1.000753456349496669e-22
1.578805449412297243e-22
1.025432184017406356e-22
1.235707937886561158e-22
-1.753167313857268724e-22
-1.300853180133805086e-22
4.936071477464904302e-23
1.135470298564889278e-22
-1.604082394590924010e-23
-1.070581330073436702e-22
-1.348169145018480738e-22
1.414382570616441901e-22
1.545424839746861119e-22
-1.817484321474321069e-23
1.230257307040948475e-22
5.102090459473149578e-23
-1.679487048620548319e-22
1.108625440533961111e-23
-3.277438699961178240e-23
-1.956817440627912270e-22
2.386501220300020581e-23
4.512182241456563223e-23
1.212110737316205801e-22
-1.193014779933875039e-22
-5.096168565414450985e-23
8.244415829676981715e-23
-4.099608321229795998e-24
1.482686885099144451e-22
-1.600986430270939920e-22
1.417716843220316473e-22
-2.814083501817047151e-22
2.521672348996322371e-22
-3.008946407778717509e-22
-2.485806717890235255e-23
-6.321336846527851395e-23
-9.075093288047214094e-23
-9.199955147388216534e-23
-7.089317376306311884e-23
-1.534668186316338704e-22
-2.149077128187392795e-23
2.994649910628682630e-22
-1.206372272545581903e-22
-2.665150586826107568e-24
1.394245037155864015e-23
1.714035311862932073e-22
1.405583725193071579e-22
1.673326023717316997e-22
2.920300084610812090e-24
-1.850250063063434647e-22
5.899371144366476525e-23
-1.220528767951322261e-23
-4.307463153375757068e-23
-4.124254066132471870e-23
4.857714942082561708e-23
4.523390527611305247e-23
1.769993183672847264e-22
-9.133761934920249491e-23
1.539650134351536544e-22
-1.845969410775031249e-22
7.834749773834733422e-23
1.799707799149545189e-22
-2.725259338125546748e-23
9.429890056493862338e-23
6.481208598684398802e-24
-1.237540669916885429e-23
-4.531529365681939301e-23
1.127138457915642330e-22
-1.616279178606877844e-22
-9.529785738818419302e-23
9.317476331889173662e-23
4.744522826211527043e-23
-1.209984599052500777e-22
4.012629121273509373e-23
-4.381496737460710282e-23
5.792819719607674023e-23
-1.333085637873641213e-22
-1.572573857744948934e-22
-1.485067121140265985e-22
1.251104104685656583e-22
-2.023913918043501984e-22
1.808494369846348059e-23
-1.116371194166759343e-22
6.835471265017949229e-23
-1.840830330899333830e-22
8.784896006881747642e-24
1.021768639703974313e-22
-2.958396406344923319e-22
-2.117478749341750122e-23
1.451803844697912551e-22
-1.389678743949994379e-22
3.408761681557860376e-22
1.904675210919734753e-22
-7.592922543803631539e-23
2.932002616029435084e-22
2.182407662745039337e-23
2.631498569331175013e-22
1.206684648532902507e-23
1.719250786640190171e-22
5.122437243212348876e-23
2.678260201208364601e-23
3.848448127703388234e-24
1.277852929839891398e-22
-2.133871757215960297e-22
3.360746667528741492e-23
8.998305597327595487e-23
-1.562418122617074594e-22
-9.540081327885500128e-23
-8.415054466269991404e-23
-7.212877386016615927e-23
-1.942958695368942523e-22
9.835154468933487889e-23
-6.500026218672136074e-23
-1.165546559120119151e-22
-1.185557469954779512e-22
2.182650719284452255e-22
-1.324912034728754961e-22
-2.344655914810261618e-22
-9.428429576429841072e-23
-1.128631586916326897e-23
7.707408115213172736e-23
6.180256935419076268e-23
4.921794859437916935e-23
-8.229229840468230773e-23
1.586935550515448610e-22
-4.062159896901792161e-23
-6.155122493810667074e-23
-2.595785953778013382e-22
1.487089003407747959e-22
1.835612090879963793e-22
-1.326044735167380372e-23
-1.437319586149183613e-22
1.267976288847371024e-22
8.724140797757401213e-23
3.667996617722085637e-24
1.862781257530961833e-22
-2.535202803632145386e-23
-1.175839834677336026e-22
1.050890703916197438e-22
-8.772536775776723796e-23
-7.617663573819774761e-24
1.800635281108178115e-22
-6.174354546087295665e-23
1.597682486387990455e-22
5.666990077185690151e-23
-2.592761644550985269e-23
3.176417164356116348e-22
-3.337673034631385289e-23
-2.473429209148308980e-22
1.658910440797032332e-22
-1.678905730048963914e-22
1.044301775733723584e-22
-1.965842988782064300e-22
5.617924168091575891e-23
-1.615754358496999235e-22
4.734554103638801602e-23
-1.001836154359545482e-22
5.548053098112475522e-23
1.337427453386847839e-22
-2.698678592732193838e-22
4.738624546662074141e-23
1.240087452777166851e-22
2.166834474341631881e-23
-1.045912900627392195e-22
4.290860202857145991e-23
-1.668455638047001437e-22
-2.789714456249429790e-23
-2.702834552940271550e-22
-7.351489290922161827e-23
-4.897703347640769033e-23
5.826852607421134814e-23
6.727736790350074202e-23
1.048314498227066802e-22
1.479585693390272903e-22
-1.586801016170602006e-23
2.125547339780615311e-23
1.100969371316698788e-22
4.668878945159650730e-23
5.886206292432495375e-23
-1.701236827786686924e-23
6.355607378391310194e-23
1.309824228222934149e-22
-2.086361362003462422e-22
6.313792272340714376e-23
-8.508473374689538875e-23
1.910690043015357803e-22
-8.162538902969247501e-23
-2.708498808699367833e-23
-2.599373058851760097e-23
1.662938963191373209e-22
9.906014885093025575e-24
-2.714818073241601756e-22
9.677762662525592419e-23
-2.628152499045302147e-22
1.215617037299134077e-22
-4.499690017539957945e-24
-9.990431531284024680e-23
2.286840122229904595e-22
-9.986547521292434738e-23
-1.289595070534881074e-22
1.386810484338383622e-22
-3.321067523674857890e-22
1.627117334138799606e-22
-4.718513909019826936e-23
1.657279188705596135e-22
1.318461183848222753e-22
-6.358813380790131733e-23
9.791342047794596853e-24
5.455871861498840498e-23
-7.877053911610666519e-23
1.310441037288065067e-22
-9.612894377346381278e-23
-2.414797878913236873e-23
-6.154207644802744400e-23
2.065545335640512657e-22
2.343779734231460859e-23
5.190078971438371411e-23
-8.448273295918691749e-23
-5.271269458988041725e-23
-8.294207541014973581e-24
-3.306601015829755754e-23
7.199537769108791107e-23
-1.969476740522136010e-23
1.412246284559261342e-22
5.010245406597030343e-23
-2.786486843180542268e-23
1.318977603798159768e-23
6.429694111590303755e-23
-4.151759905811704071e-23
-2.199484894148778080e-22
-1.272958450507452039e-22
5.322071597363876213e-23
-1.525855710483619438e-22
-4.729236107049164476e-23
1.380578522462674474e-22
-1.928728557404287491e-22
2.698068082323155488e-22
-1.472940640964609225e-22
-7.036631786411928071e-23
6.112076773123022802e-24
1.309635836563914055e-24
-1.809420986631084541e-22
-4.425397395920169786e-23
-1.146023132461392423e-22
5.897311795866410357e-23
1.226712206485901845e-22
1.455475210496084114e-22
2.239846356176739110e-22
-3.442594155253649048e-23
3.320426042356129446e-23
1.189718960745472565e-22
-2.968888230545377819e-23
-6.182621564706061777e-23
-4.152385341590882861e-23
-1.172388572479563015e-22
1.333808228519113739e-22
-2.993816646366430571e-23
8.064642037767025969e-24
-1.032479188308250692e-22
1.395739085302597759e-22
1.070325399737805311e-22
-1.173034385198250549e-22
2.326825508871943635e-22
1.418628554729038173e-22
1.284089061919871664e-22
-2.435460651678661625e-22
2.128877356040024474e-22
-1.569982841244494975e-22
1.601899724042564255e-22
3.946559006902616906e-23
8.388250358710162499e-23
-2.345639877334637128e-22
4.891995980371590394e-23
-1.979741141335070167e-22
9.656181075732579799e-24
-1.622082941114803900e-22
-1.519193573712684614e-22
-3.423627441721246890e-23
-5.992911410226079344e-24
-1.694416393265877463e-22
1.901352473830275220e-22
5.616960165466745743e-23
6.462157526779510451e-23
-2.431649570918754516e-23
-5.170221393097869945e-23
-2.143254171683216980e-22
-2.067596114509606799e-22
-4.392480330232466745e-23
-1.531367643376647721e-22
2.980608172304442275e-22
6.029749741157899256e-23
8.007960360724957725e-23
-1.042408603863542262e-22
5.630071031060701616e-23
1.515547633709694057e-22
5.798440833861403232e-23
2.712376181221127537e-23
-7.285392863871107239e-23
-6.858643842120262790e-23
-1.574202100064101285e-22
-4.670229021038152948e-24
8.810469910420722120e-23
4.122060386832289867e-23
6.845310841202004432e-23
-2.052547765824971531e-22
1.519524166182919949e-22
4.153387920443092577e-23
-9.485254623241691524e-23
1.468570635049938309e-22
1.596133876523418437e-22
1.899142137005214776e-22
-5.514849059366376279e-23
2.543682470498452377e-22
-8.835096521280460902e-23
6.493806750538424284e-23
-1.943357279512313762e-22
1.679052191715245845e-23
4.663492542157625482e-23
4.279800603702966518e-23
9.254450082936795380e-23
-1.391960338592873028e-22
-2.656113636911624708e-23
1.248478805851037273e-22
1.368051531142209129e-22
1.141000495346005314e-22
-1.816286068023500399e-22
1.468835965261668197e-23
-3.537712856854898433e-23
9.065525196573753560e-23
-3.333725697350807120e-23
-1.067705661270247512e-22
1.028884620718932871e-22
-1.300214468388524856e-22
-8.314556635685329012e-23
-2.225195763625829593e-22
-2.194141774513312175e-22
-3.945967367731723352e-24
7.999321523134152440e-24
-8.178047279918123362e-23
6.604111879716151242e-24
8.108294069366545190e-24
2.160680006133690381e-23
-2.120132005666037271e-22
-4.358551836329999448e-23
-8.658405350251274204e-23
-2.182214257954112598e-23
1.669960683896217924e-22
1.457758351314373616e-24
-3.055517186392587553e-22
7.144631157285191675e-23
4.664193994517418953e-23
-6.892248428511144543e-23
-9.638765668644239871e-24
2.134635018959836507e-22
-1.116661160155093159e-22
1.254303935758173436e-23
-6.836937921962712859e-23
1.792138429574008746e-22
8.559734751785825511e-23
2.399790077569311521e-22
-7.302442459438772863e-23
1.718753344080784063e-22
-8.604695876081937791e-26
2.220086538346948589e-22
5.963277619456409539e-23
-9.676949915824586142e-23
1.709525027855744037e-22
1.641464238991732078e-22
1.119087819793597012e-22
4.419997193731060915e-23
-5.085338900760131092e-23
-3.473355386586636779e-24
-1.783370098608067047e-22
2.784779410239608622e-22
9.407637576584557736e-23
-1.707112332306693647e-22
-3.403690489410842614e-22
1.473863617367089968e-22
-1.106958578833756161e-22
-1.189092590716304402e-22
8.313151651603028091e-23
2.571498895527062835e-24
-8.363681468296391355e-23
9.588557540981875480e-23
-5.368092293023364402e-23
6.926131345031341534e-23
-8.775839385808894841e-23
-7.596364041009288657e-23
-4.884499437854327699e-23
-1.052736182199009507e-22
-1.140858868291896110e-22
-2.570121331519968655e-23
-5.169940264012381285e-23
1.321823633457505271e-22
-3.363996802045429395e-23
8.321634355878178074e-23
-1.214948101359518237e-22
-1.556024540825938216e-23
1.454838313197951607e-22
1.471647506694098884e-23
2.466229741214316382e-22
-1.598209258548138169e-22
5.679119385640227149e-23
-4.585744149058673906e-23
-2.136282202889506506e-22
-3.200725574192568027e-22
5.950351105872063895e-23
-2.119851870400281852e-22
-2.168089096674431371e-22
-6.335031076397780232e-23
-1.624238121864160777e-22
2.729462087997554650e-22
9.079477937772812885e-24
9.373013447303118252e-23
6.880506013524368653e-23
-2.307198177832141485e-23
-7.750588218240686605e-24
3.012475612333325255e-22
6.780055540746477789e-23
-2.165598479113788060e-22
1.592938769701999242e-22
2.951173947217919014e-23
2.642437961426971752e-22
-1.905977560808966380e-24
6.814122893375837562e-23
1.408305758427233984e-22
2.205358762674852595e-22
1.615331195035536374e-22
-1.242449237792280979e-22
2.323684805037836977e-23
1.094014248867937514e-22
1.529472464858536156e-22
5.760850132098224364e-23
-1.482612518686674187e-22
-3.866641679389333249e-23
-3.229676508817229390e-23
-1.033369605621057728e-22
-8.573591942165707789e-23
1.471450239204422593e-22
-1.082041840656420644e-22
1.289264056456344085e-22
1.102856101871999433e-22
-1.751300622372875519e-22
-1.737780159926291713e-22
-1.311451613213998184e-22
1.623022554548667804e-22
-3.553658534685449346e-23
-4.741869395505738563e-23
-1.545658602091743602e-22
-1.516302741415983228e-22
1.714227450805919004e-22
-2.962016447789347755e-22
4.255307167807800993e-23
-1.062296711468495722e-22
-1.710441403792129745e-22
-1.633236835826935851e-22
-1.367585104102547928e-22
2.090566158514851793e-23
-7.664362896070034411e-24
2.099898011116095602e-22
-3.050829185706373211e-23
9.364971647219600562e-23
-6.447948091435707815e-23
2.091216732008294065e-22
2.010654225329105850e-22
-3.479548139566867484e-23
-1.346550694725446197e-22
1.588037677498172272e-22
1.330238597862898689e-23
1.530721072937430108e-22
-2.381442187168387243e-22
1.112537987036079371e-22
-3.455184968900205848e-23
1.684347626028646472e-22
-1.900193229760537185e-22
1.360530521090011442e-22
-5.719320408256242850e-23
-3.862513719815989965e-23
-1.337917633165697780e-22
-8.415892588471321523e-23
5.905455872862761694e-23
-2.429722024833440155e-22
-4.158615157067728121e-23
-8.023884447599897627e-24
1.761412008255940044e-22
-7.559081102947244301e-23
2.666157229702656462e-22
4.276083093270229015e-22
4.278550082561033624e-23
-1.056234787043537949e-22
1.576740488839258620e-22
1.010576234097812743e-22
-2.345218544166524449e-23
-7.603961726098178040e-23
-1.096617963088624164e-22
-8.519688953009660061e-23
1.317031137549722597e-22
-9.192574830141796594e-23
-1.198808835317691758e-22
1.290457067553331785e-22
1.297797892439123346e-23
-5.422386833002063356e-23
-2.819295129988164814e-23
-8.972276430106138179e-23
-2.315239438742706957e-22
2.186898885736968869e-22
8.903864748803836868e-23
9.529893165362429716e-24
1.219877635175740153e-22
-1.905359109497839301e-22
8.204969073428092917e-23
4.877632065380646320e-24
-5.303671439388172627e-23
1.575422462930657470e-22
-2.437484602667722944e-24
-2.037827604935697951e-22
1.460850823905116632e-22
-7.212430539179503946e-23
-1.176270368518784821e-22
1.690111245793262958e-22
-1.917965789992043056e-22
-1.312880178689949939e-23
6.690722143408394632e-23
-6.073964348422805447e-23
5.185072082522371093e-24
-1.214363402893417385e-22
-7.096388073522084513e-23
-1.960091446895297991e-22
9.866127690129706941e-23
5.056785863887391086e-23
1.264071026700165976e-22
-1.234444438495917580e-22
-2.922399453686462782e-22
1.256117228476144455e-22
-1.970519186218524319e-22
8.131169355410178933e-23
3.367286564786579287e-23
1.843271565015840748e-22
4.694092326909537314e-23
-1.264037357490314906e-22
1.307335870171077723e-22
-9.408507751748352801e-23
-3.809366044042015062e-23
8.678075391729871136e-23
-5.317293961837394386e-23
6.206162532132253405e-23
2.205896893033011310e-23
4.533747338956040090e-23
8.243523020797444954e-23
3.799622111065004912e-23
1.947432040223304575e-22
2.863020994909732831e-23
-1.124157566899905409e-22
1.742141771628937815e-22
-1.580234471864447344e-22
5.838676289545535925e-23
1.411558780161987783e-22
6.945443067876846528e-23
-9.975006865764799884e-24
2.232271425241843368e-22
3.969250088382356324e-23
3.059835102773962028e-23
-1.665977346119045213e-22
3.062468548669727189e-23
1.344387709271229790e-22
-8.403751253988887079e-23
-1.757110020548744032e-22
-1.566265083141089247e-22
-2.620349147752559832e-22
-3.890841576390738793e-23
-3.492012405626220610e-23
6.644677151944266291e-23
1.225601029891777791e-22
-2.072964705850427374e-23
8.611170872111211101e-23
2.068125615268796308e-22
-2.669667847817263602e-23
-1.133620564954623887e-22
-4.208702262366027528e-23
1.736949967827026821e-23
-1.418827074758747310e-22
1.424259784955121130e-22
5.093044391442302725e-23
1.104594122978230925e-23
-2.638248388620846203e-22
-1.854437001661165002e-22
2.037166981919074613e-22
-9.514951992981885907e-23
1.202441272021554660e-22
-2.088977972576879508e-22
-4.373769901337414198e-23
-7.724378278505247424e-23
-2.156229424573916436e-22
3.959446221129061037e-23
1.398520082388675833e-22
8.201723779913410807e-23
2.106905650949027982e-22
1.503930009027799602e-22
-7.505266297350727802e-23
-1.469628752078744378e-23
6.153568470724799497e-23
-1.520416097727313014e-22
-2.027993792558193135e-22
1.572597038900577350e-22
1.118967383112973352e-22
7.714216634329199374e-23
4.403985818677387082e-23
-3.324429021408807311e-22
7.705736578273065128e-23
-3.054832293219889160e-23
-2.525565020054819623e-22
1.132107045334328365e-22
9.038330568110943881e-23
-1.269265100940333735e-22
2.301441294080282817e-22
1.266764612005778003e-22
-4.611088412704012768e-23
-2.733067641207780029e-23
4.915528988349532889e-23
-1.998468015408526743e-24
1.647025566037445754e-22
1.631156535528924606e-22
-2.481198277792368090e-22
6.326693793169312627e-24
2.181523015827068352e-22
-1.470908306566542341e-23
2.505691868293020100e-22
-1.527815810449839575e-22
1.655368450507228467e-22
-7.847862196500228423e-23
-2.178219557113508691e-22
6.248338627213013517e-23
1.043682624442993110e-22
2.024270385113355718e-22
-1.741392726262926179e-22
1.744770308186253040e-22
9.635270921034756185e-23
-1.506579437243948186e-22
-2.235916053706408827e-22
7.823613377543361496e-23
-4.487602524344990791e-22
1.958933895986374174e-22
-1.043099807763343534e-22
-4.074321232116027032e-23
-4.715093639330365149e-23
-3.488541947998848047e-22
7.051797964125998872e-23
-1.471004769773649474e-22
4.990525956944142951e-23
2.231417514359770330e-22
1.724134412228663955e-23
1.537485542066875682e-22
-1.650017292284430661e-23
1.955986459220450688e-22
-1.028908901747430947e-22
-1.399465875339053118e-22
-9.411629858169186645e-23
1.163358419702868777e-22
-7.093839212767352791e-23
2.140218297399699900e-22
-1.047716700728291608e-22
8.243463295285051530e-23
-8.606353316268863021e-23
9.746485681217077386e-23
-2.911714614925975966e-23
-3.031525668612780860e-23
-5.908756332303803901e-23
-1.599258747762270309e-22
8.174949698389401659e-23
-2.094629124688912832e-22
1.734484447975049044e-22
-1.263866596346999182e-22
1.066695117933453175e-22
-1.095415444219947924e-22
2.853362818457587280e-22
9.512331221413901598e-24
-2.084795593676849976e-23
9.670906204873735066e-23
-1.764000708471915756e-22
1.563920613357320295e-22
-9.637478733670218877e-23
8.878668787867242021e-23
3.155388510973429499e-23
-1.646839118554915045e-22
1.782983837984204929e-22
-1.269803083969022770e-22
-3.192999161949426606e-23
-1.103478442532615336e-22
1.179254027478647565e-22
1.708644534357335014e-22
-1.383835331184124647e-23
-5.907598386209107937e-23
-3.005383332238176844e-23
1.444338737987980552e-22
-1.966999591119656723e-22
1.924796216635602004e-22
1.218888444766849037e-22
2.056689595972028018e-22
1.642602415251056106e-22
-1.625490294317569033e-22
1.111892215604104773e-23
-2.444523358150829405e-23
1.984808749570817078e-22
-1.935494644023402072e-22
-1.586842764875444243e-22
-2.710956369876996818e-23
-1.666104166196049164e-22
1.288351186401699811e-22
-1.885726835422088330e-22
1.302184039010950547e-22
1.098300893092654184e-22
-9.852737196033471055e-25
1.906586797370735586e-23
-1.054936653669151046e-22
-1.073924584036305495e-22
1.645934217596311032e-22
-3.603670184875597806e-22
-1.258189253802249165e-22
1.163076778284087336e-22
-8.205960810416420638e-23
-1.331503847771065787e-22
-3.019329728557775689e-22
8.593315306290535801e-23
2.972423800012964389e-22
-7.550923320998364867e-23
1.042455317742135840e-22
-5.619109385687872043e-23
-2.580130136217105405e-25
1.271957471429102914e-23
1.758539699290907221e-22
-4.662992675609925347e-23
4.926210947596205615e-23
9.342631312605753641e-25
-1.256436915691356976e-22
7.845374767325074425e-23
-2.300797691528786976e-22
2.462708626208719678e-22
-6.498467357057820203e-23
1.036093428395125095e-22
-8.459836346221541536e-23
1.423563223838789319e-22
-7.953302809041275831e-23
1.915315054197696912e-22
-1.523508750522599494e-23
2.369167057877891122e-23
-2.681659002623123758e-22
1.019543850663934471e-22
2.453890436170507032e-23
-4.358928184894314433e-23
2.624135669958456232e-22
-3.588172983612692660e-23
-5.406060540569854015e-24
-6.112171613726404105e-23
8.270211849117336298e-23
1.085712896997283817e-22
7.543261499518209960e-23
-6.286882996789891936e-23
-9.491548949970619089e-23
4.430527218516793994e-23
-5.852395886427787224e-23
1.581796305212520537e-22
1.011958270769327803e-22
4.739216172951493289e-23
1.655609891492432759e-22
-2.236566273302557479e-22
-6.783561075099427535e-23
-3.635841570147790177e-22
3.985993740365758035e-23
-6.359242461312287393e-23
1.722151053298998089e-22
-6.627849314317169866e-23
-7.178905378472178342e-23
6.525138322734782969e-23
2.303774566952475551e-23
5.937918722940295575e-23
-1.773619595542913954e-22
5.730125391236307340e-23
4.883809295052840240e-23
-9.241934871975628321e-23
-5.545403963952669220e-23
1.341247496257055623e-22
-2.341016320858275055e-22
1.467192850775478240e-24
1.899470276488640032e-22
-8.998832264356297680e-23
3.457673416473531152e-23
-9.011356418966500503e-23
3.619100554881829803e-23
1.398852687294661033e-22
-2.090534408136636309e-23
-2.625348424137868538e-22
1.108940157132273718e-22
-1.174983386816984237e-22
-3.911461465537314055e-25
1.071587047956666055e-22
-9.048317862186063591e-23
1.061016292259477019e-22
-5.197139356475949937e-23
1.716355354088718007e-22
-2.341364042449685202e-22
-9.217614328574375857e-23
8.350547318385627375e-23
1.064450475211553616e-22
-9.218537316565027082e-24
4.414972079064603651e-25
-1.246400928337626065e-22
9.540453757652540760e-23
9.089738962114400506e-23
1.391330219953398834e-22
-1.219642636980458705e-23
2.043319980875879170e-22
9.117927346013176598e-23
-1.553986435391527635e-22
2.625555796053657037e-23
-9.536634932180465910e-23
3.611663594402500654e-23
8.100540910187926403e-23
-1.094359884205409486e-22
2.840736976431391258e-24
1.019971534590125020e-23
-1.165359329526013022e-23
3.655562194702665166e-23
1.683563644796971595e-22
-1.376128800704246828e-22
-1.852901975224278598e-23
-1.348777333532822664e-22
3.114738731727705509e-22
-8.553706960759816319e-23
-2.213715533314147164e-22
-8.668803556149417901e-23
1.397625028528282637e-22
2.351145875450235144e-22
-1.141155880306825588e-22
3.065672627750593931e-23
-7.124929470588716904e-23
6.142082651632253669e-23
-8.167085887011011532e-23
3.120774923079141096e-23
1.048823452678061669e-22
3.836691403972649919e-23
-1.625909979517961626e-22
-2.358982027805960171e-23
-3.614342008085827241e-23
-3.329456856435165372e-22
5.508954757497317009e-23
-2.622972715468415245e-22
-1.531119617882987248e-22
-4.609469915120379347e-24
1.168570733600927719e-22
-1.559942526878894824e-24
1.611088431582924798e-22
-1.906541514088800792e-22
2.293538501458261098e-22
4.044567543416878032e-23
9.016454915450894285e-23
2.615280692135750043e-23
1.918877670546364975e-22
-5.229517181604238881e-23
2.362661930996819246e-22
8.000433522328092208e-23
-7.938069027504946016e-23
-8.134578391408833320e-24
-2.445804736137298823e-23
-1.030581609601968725e-22
-3.262394594287970053e-23
-1.181821146201110197e-22
3.072501629662203625e-22
-4.984638546546513186e-23
-1.533643636838160769e-22
-9.639276821938208854e-23
6.887048354109618102e-23
-1.429123269706956169e-22
9.593875931593519721e-23
1.559137449177382155e-23
1.071225293162389921e-22
-3.756869121451054633e-24
1.114870875077644809e-22
1.036924424239547500e-22
8.660542945946487531e-23
-2.587932848624486462e-23
-1.209643434786798543e-22
5.157407468420105233e-23
-6.869341049508454425e-23
-8.663473833690527823e-23
-1.270402025796278348e-22
-1.631855344433180433e-22
-1.916681136041909441e-23
-1.405584268612957579e-22
-3.054486250760178756e-23
-8.245104965320769229e-23
-2.820664940878912201e-23
2.608431847300716378e-23
-1.908160928409997968e-22
1.314745613159971138e-22
-1.888571964723128546e-22
2.886963507772738429e-22
-7.078556176290180583e-23
6.808711418755447844e-23
2.260987096548380580e-22
2.613266237056914101e-23
6.560757127865971202e-23
2.200276478194734431e-22
1.007838103629478835e-22
-4.720371128426375953e-23
-1.374517637726023801e-23
-1.123673597891637803e-22
-6.351844232950041061e-23
2.442379273357569004e-22
2.570571851037489698e-22
-1.223868763504382656e-23
-9.841226725387659321e-23
3.206425809762897151e-23
1.203328093035203578e-22
-7.418985727476040541e-23
-3.696167555607514880e-23
5.422366585519654135e-23
-2.386629901092873693e-22
1.406062571545899783e-22
-1.312525927403115532e-22
-1.291415344246188582e-23
-7.534137572450024990e-23
3.804733621128331008e-23
-1.758120646296657269e-23
-6.474387392301421882e-23
-2.397643199502757648e-22
-1.013278314329875402e-22
2.783011706360358019e-23
-1.152433489838640162e-22
1.299306479037237820e-22
-8.020876062514584501e-23
1.294016981795204248e-22
-1.424788244388612319e-22
-1.086452127985966944e-22
-4.958536359440857844e-23
1.629816078214745237e-22
4.811331760784342028e-23
-7.959447104785991212e-24
-2.921316129781288085e-22
5.799114448493890072e-23
5.486567282329131205e-23
5.915558233242737269e-23
-2.254490626122335787e-22
1.868800161187541675e-22
-1.920732075911852433e-22
-9.093699742645120000e-23
6.165569033626027885e-23
2.156275016194487962e-22
-1.870490102596788747e-23
1.916475860699224789e-22
1.595888394378963364e-22
2.177328757733180565e-22
-1.453416409597733563e-22
4.000106393799163851e-22
9.194717911350841538e-23
-6.710144473862933757e-23
-1.768433444688593768e-22
8.080583097640011761e-23
-9.086027515996741895e-23
3.240905745195125518e-23
1.310901923543038480e-22
1.893985026714138751e-23
-2.422235630206737074e-22
-1.618687023674512418e-22
1.218597917547356145e-22
-1.376786642847040697e-22
1.486701667695533922e-22
-1.977066039599316996e-22
1.107225111512655132e-22
-1.682371714965079495e-22
1.958244499937640727e-22
1.057421231246144433e-22
1.386096337771681793e-22
1.281347267687247526e-22
2.934029482451145872e-24
-2.267403197281210110e-22
-1.582015546951411502e-22
1.068499289520565712e-22
-1.562862308710224458e-22
6.096069840448606755e-23
-9.703340653394226042e-23
-1.598234532058307911e-22
1.876249306494415778e-22
-1.297143477873997968e-22
2.129550223514774813e-22
-1.496618574639349691e-22
-1.183602649251606047e-22
1.925982635634779003e-23
4.828625386026143818e-23
-2.148859168633541178e-22
1.932191490772023071e-22
-1.065742656675211067e-22
-1.696792361238698599e-23
-9.291994791509678742e-23
-1.832726870579839720e-22
-1.229508689181481937e-22
1.424602007332419736e-22
-3.176645662544936062e-23
6.459850094641477777e-23
2.025316058149933227e-22
9.056807161675906323e-23
1.241968008637352106e-22
1.938899399554123490e-22
-1.509055996099357466e-22
-8.517874231744032228e-23
-3.790512460961847428e-23
2.935124291595953417e-23
-2.504449017600044458e-23
-9.350051448756648135e-23
3.131957457505138869e-23
-3.497398853256015841e-23
-1.361939194156711521e-22
-2.315449148726007091e-22
2.092046900942441494e-22
8.204549007705568979e-23
1.026574567994104269e-22
3.419618341550282564e-22
-1.811958242857630419e-22
7.959047999593797830e-23
2.275048064213155293e-22
-2.083965788897716341e-23
1.470864773641655164e-23
3.746943961419764154e-22
-1.508702917738758914e-22
-7.880496571196661999e-23
-5.668357861985351366e-23
2.170432088069957783e-24
-3.975827916412877968e-23
1.031129359143374806e-23
-7.436667942758310466e-24
-3.203561215522186820e-23
1.035665618641491685e-23
-8.662240458755922667e-23
-1.145535299747018690e-22
-1.228312737674656096e-22
1.064811570170183396e-22
-1.390770585533654935e-23
1.497417455894583115e-22
-2.294551104588438977e-22
-8.744144165145892127e-23
-6.554682768499463539e-23
-1.497679610702354998e-22
2.022550475951541351e-22
-3.082398897670675228e-22
1.382779653120550569e-22
-1.093551607679715800e-22
-8.717380418930367586e-23
2.444156677372758673e-22
1.217540143411393029e-22
-2.087568648441480910e-22
1.047731997319807469e-22
-4.618841437045037074e-23
7.708906537004803413e-23
1.989285128731670774e-23
-5.761594441739754648e-23
1.504093913970793015e-22
-7.677692944312013091e-23
1.731195736007298771e-22
2.258244956529754938e-23
6.475738954954377263e-26
2.731852806153453377e-22
-2.207076884757424324e-22
-2.679697763770229042e-22
6.766432122667337977e-23
1.555372564148791362e-22
-1.507965888313790471e-22
-1.892066928336550447e-22
1.215086732149896395e-22
-1.298535452856058828e-23
-2.606506141372801667e-23
1.552998038562522669e-22
-1.217482002809378124e-22
7.859864704073532498e-23
-1.059564558846597896e-22
6.126022986881530627e-23
-4.255577362289594292e-23
7.201962902119593676e-23
-6.305230759513597812e-23
-8.062009638132894701e-25
1.107165718155392703e-22
5.999756971001190917e-23
6.617145059808416273e-23
1.590480687150015760e-22
-2.332733471631884742e-23
-3.957417403573771134e-23
1.435742684703385829e-22
-1.392090171842254959e-22
-1.464318181177608434e-23
-9.917606408368091554e-23
-9.466576771770236644e-23
-1.390786127767918601e-22
1.876159970957493928e-22
1.018818528876501668e-22
2.499985237251569589e-23
-7.842248120540719603e-23
1.958807412134447518e-23
9.721996628390383777e-23
-7.018208874975272455e-23
-1.435166531542614523e-22
1.345727922132644262e-22
-2.073714162898447653e-22
3.004471000508192932e-24
8.904504331387936403e-23
-2.199155687808059910e-22
1.754808048236872352e-22
-9.405582607672322360e-23
-1.800181212962252883e-23
6.382456817645843056e-23
2.269882216882594671e-23
1.603317567205349640e-23
-1.139534187743268295e-22
2.076535958120944549e-22
1.828464552301816618e-22
-1.988217145585971966e-22
4.524110143585606066e-23
1.202564492073969723e-22
-5.813826968897927330e-23
3.922627306353394862e-23
-9.308291819519863202e-23
3.084895891578624787e-23
-1.211205247354664804e-22
-4.255769824000420514e-23
-6.740312217819025106e-23
1.144962049949202507e-22
7.116453347884866853e-23
8.406022979745614303e-23
-1.027941137110617917e-22
-3.468337675117584291e-22
-1.416500918166427645e-22
2.901084074298979954e-23
-5.575209983722615483e-23
4.458438781557100843e-23
1.508183597740787881e-22
1.500604792477601993e-22
-2.330740758152441398e-22
1.699818028223639767e-22
-1.688137807414916592e-22
2.363144121974678181e-22
8.354246651352693738e-23
1.774030239266302378e-22
6.490317821784179900e-23
-8.604035027215259231e-23
-2.345794922426037289e-22
1.579558858102774718e-22
-7.971247021962770812e-23
2.954549445593025450e-23
7.406250138525204028e-23
2.518887548598843501e-22
-2.178380643851713776e-22
-8.748012368427426918e-23
6.909650321843389468e-23
-5.692958255585122420e-23
-9.318013900755809943e-23
4.572650586154884662e-23
5.735658846478337802e-23
7.239800934605645864e-23
-1.202310577225646375e-22
9.238136396539076790e-23
2.919600989145683650e-23
1.726711607265677192e-22
-5.721027023444640571e-23
1.438597457729151524e-22
-2.382679465535055419e-22
-1.797279675330427253e-23
-1.453371349799335127e-22
8.131892137374092873e-23
1.552644600352809665e-22
-1.587841695003744476e-22
1.756860943288883745e-22
-4.735746789978991235e-23
1.571616838952248272e-22
-2.857643991725965997e-22
-9.214399140738788132e-23
-7.951783045277741899e-23
-2.000613087551816708e-22
1.128731048129473518e-22
-2.506908114671821968e-24
-1.800703871384824166e-22
2.013086421848756053e-22
7.141098701875143110e-23
-7.547208168829638694e-23
1.646122683612812969e-22
-3.632404435944910058e-23
8.482543885097651720e-23
-1.236784391684237210e-22
1.199646796578955497e-22
-4.463818519341122224e-24
1.238715165486031559e-23
-6.813878786210810996e-23
-6.697831000214273255e-23
-1.042693285508385609e-22
-4.727354686641066903e-23
2.012464422041057594e-22
-6.030224138802935934e-23
6.351698503989226816e-23
-8.372094966515969639e-23
1.107750007249419473e-22
-8.044553417647275135e-23
4.761221679497424860e-23
-9.240376664226645565e-23
1.671679703949341007e-22
3.935363305011367426e-23
-9.130885789014011003e-23
-2.380734018589926200e-23
5.457461275318974356e-23
-1.580088160118717517e-24
4.018137408757185815e-23
-6.709180337393079514e-23
9.167682243542636003e-23
-1.635787626340875086e-22
9.272737262371193203e-23
-4.292278948943498353e-23
-5.379254903391991975e-23
1.819818714121991469e-22
-2.055305117734755797e-23
3.731243037251538243e-23
2.048852945592056088e-22
-2.366569805698665559e-22
6.553892125022574507e-23
7.963940646504969752e-24
-1.620126210723752217e-22
7.267430819698369053e-24
1.753218570856185898e-23
8.711084260975997345e-23
-1.062007517003640292e-22
1.757450942512209961e-22
7.696131746769283526e-23
-5.464711280124754953e-23
-9.734354030571252571e-23
1.053344484289300343e-22
-4.890734263128653286e-23
1.192392879423225868e-22
-1.328102519203875838e-23
-5.168940821694283100e-23
7.350181181255309118e-24
-2.179625020426626171e-23
-2.986233338868664318e-23
-3.656408316875397366e-23
-1.720356013907392121e-22
-3.068475054423481052e-23
-1.016002763433912459e-22
5.074333516222959636e-23
-5.949588484007851066e-23
9.395144598672697513e-23
1.792950867183190984e-23
2.381076841964885221e-22
-5.251661434807451020e-23
2.013809997066068700e-24
-1.630558749481581924e-22
1.613974471399534674e-22
-2.300091366350075840e-22
-5.419714952322114862e-23
1.104119398970293915e-22
-4.096165999324535020e-23
2.086877566811754742e-23
-2.304528599756203918e-22
-6.700154674743210904e-23
6.806449128137133025e-23
-4.770058670855591433e-23
-8.941449739911698555e-23
-6.850575663794725626e-23
1.467611048734340280e-22
-7.596901701476786546e-23
1.269936273270697430e-22
1.624214516609684026e-22
7.479745989131161212e-23
-7.171170871648262009e-23
9.321798652365996163e-23
5.248995141474536708e-23
1.177349295384113054e-22
-1.522571790880530889e-22
1.435918975201742735e-22
-1.004061650997133028e-22
2.889472968647272436e-22
-2.094721578424997810e-22
1.043926942400173524e-22
3.298467331451720786e-23
1.236133789077908221e-22
3.771743236395624977e-24
-4.010030154040321300e-23
1.552719323902882971e-22
-6.583457934664887000e-23
1.736808073526581749e-22
1.370538425255720388e-22
-1.557591714226995471e-22
2.158719719193729536e-22
-3.212669093422573480e-22
3.467751824910729470e-23
-1.206428478057276030e-22
2.095336034121509700e-23
-1.004327983046597632e-23
1.060623052502172962e-23
-3.126033365820352958e-23
-1.139535446278964855e-22
-1.503535635412319080e-22
-2.293443811656488189e-22
-1.052267780786349789e-22
4.628337220220839278e-23
-3.150168008773330071e-23
1.714304021942058226e-24
-1.816380596170989021e-22
2.506597737438784093e-23
-3.811901010425211809e-24
2.303736878432234420e-23
-2.132181300599736600e-22
2.046580653727593858e-22
-1.107944898465877152e-22
-2.082545691171605557e-22
1.325886038461407868e-22
-8.449872256121866826e-23
2.104808770776054392e-22
3.576883764202507520e-23
7.908623230459870125e-23
3.850228271655458901e-23
3.964061223282863703e-23
1.373558310289918815e-22
-1.150043403028559392e-22
1.657541417658020967e-22
1.303475912555954239e-22
1.541796131012737581e-22
7.315588156236793899e-23
4.694222345050281231e-23
-4.854757986864889258e-23
-1.489422086187704456e-22
2.033602583815516203e-24
1.773142197662489595e-22
9.365306246426487042e-23
-8.827258186708333893e-23
-1.057244304590056291e-22
1.393969023123756198e-22
-1.706871613554389941e-23
-4.177843002017782858e-22
3.143750926005284837e-22
3.019875741003895204e-23
-3.596414112106477811e-22
2.116009851838439898e-22
2.225082959043627076e-23
5.260505960351268170e-24
-1.020226986117339760e-22
-7.916561981937346622e-23
1.128899420363465271e-22
4.234822319931776423e-23
4.605550382059566695e-23
4.288275483418715166e-23
7.625611563593299465e-23
-1.081375139665744185e-22
-1.597313696061369395e-22
2.107416464181123037e-22
-3.119834719406814185e-22
-2.061955750680519364e-23
1.651498322135005000e-22
-6.856910818733489958e-24
2.506535086112447887e-22
-1.087963786170422426e-22
-1.815196235061599073e-22
2.424191607637045482e-22
-1.137633924924237188e-22
-2.039237765417778439e-22
-5.115836899536949342e-23
1.376518348914212048e-23
-2.856459099709681535e-23
1.681896809840404531e-23
3.824872613996608605e-23
2.961316244832395363e-23
3.406618078783875568e-23
-2.870058326376891169e-22
6.245521077801898836e-23
-1.885605889955584149e-22
1.131828107771834293e-22
1.578688475313486275e-22
9.248804151816846470e-23
-1.080741206110711756e-22
2.139746367485067234e-22
-2.362962911400884250e-23
-1.183349879412042587e-22
-1.206996972946544701e-22
8.425102358368012463e-23
8.543426857258809577e-23
-7.232419283831178303e-24
1.587843129805314060e-23
-6.079327305415987534e-23
-1.289810922716705898e-22
-7.688918626135904717e-23
-5.693790262128432317e-23
1.426956248952670279e-22
3.915737382123002025e-23
-9.894371765289375205e-23
1.432018604104558821e-23
9.077557839704916802e-24
1.966100212954700482e-22
-9.643220985094082963e-23
-5.297211907291838348e-23
1.276907803464057287e-22
8.048904956899008503e-23
1.139501057126812288e-22
1.283426500027985262e-22
-1.606550146577977469e-22
1.977222968558196864e-22
-7.557829785433329949e-24
6.043193939607457234e-23
3.493403056588360964e-23
1.025099679313619550e-22
1.035185609862153465e-22
1.745982500804237733e-22
-2.553386584386428541e-22
9.436197513924758477e-23
-1.702757316741719884e-22
1.988042736675585290e-22
-2.047198606711013232e-23
-2.512010887380231961e-22
5.558482663428211607e-23
-1.794240403022664889e-22
-4.733258732243721310e-23
1.041926050770811861e-22
-1.410471700422168451e-22
-1.980767682985243066e-22
-1.098473048993052311e-22
-1.444068173124016410e-22
1.492958493691758035e-22
-1.859696586612695067e-22
6.260057138316934701e-23
-3.393300058768289091e-23
2.342611950958256383e-23
-1.377144544274252870e-23
2.264239316037851821e-22
-2.109884744248760236e-22
1.353099087082548750e-22
1.214514378957466030e-22
-1.945843830963956481e-22
-1.215588203303700280e-22
-1.288664907317694742e-22
-2.620022520438597414e-23
3.053950448084138356e-22
-1.126681498054636168e-22
-1.813771130730395538e-23
1.890216380846295840e-23
2.273888140446217980e-22
6.357616043042440965e-23
6.240406686589148304e-23
4.292434646295170736e-23
-1.721840328159322290e-23
7.810979333781832510e-24
1.899006615042565226e-22
-3.475193283006394630e-22
-3.280149357761501783e-24
8.281518971528174467e-23
7.817204460879143338e-23
-3.156170076932397898e-23
-9.681031763692407977e-23
-1.095559589529506431e-22
5.344972880725539824e-23
5.649726346836622439e-23
5.346805922624933110e-23
-1.116879008990489391e-22
-1.478819797050427845e-22
1.835464927075595772e-22
2.299562983055235956e-22
-7.301959425159334606e-23
-3.392075019462224039e-23
-1.901661905558471892e-22
2.172736491782589386e-22
6.075833077044787039e-23
6.165837710462022863e-23
1.336967140777562172e-22
-1.247116472441558938e-23
1.799877770122422306e-22
-2.397133280621663245e-22
1.371277115163671574e-22
-1.209035545799583697e-22
2.121536918726215774e-22
-1.594704253988469078e-22
1.695664226444066963e-22
-3.464550170977788749e-23
-8.510914246743975299e-23
1.308611444263132070e-22
-2.216101027771536667e-22
-2.254959696646069523e-22
-3.923482437924257621e-23
-7.730985846410632320e-23
2.625724821782217234e-23
1.777758786988187200e-23
-1.539360539621155890e-22
1.275830435968471545e-22
-1.033011892562733782e-22
-8.691401496460986934e-23
1.226563030869831107e-22
7.024313300104978412e-23
-2.153648366496282274e-22
6.039864553576424876e-23
1.188756493762460618e-22
2.612361682931759460e-22
-1.198025018350977025e-23
-3.964006544889243845e-23
-1.309421217006112730e-22
-1.440895184142934880e-22
-2.764564309599107444e-22
1.216856069932934817e-22
2.337729843778571440e-22
-2.132555654986637162e-22
1.594255726408517863e-22
-1.103881905053919293e-22
2.404300128630677659e-23
-2.593904169122065997e-22
-5.682856454258614474e-23
1.242784292739944047e-22
1.720822465789746632e-22
-5.780352555484761732e-23
5.184775964095631068e-24
2.142626398689412594e-22
-4.349882176467113762e-23
6.143608347364149832e-23
-1.628490399163013208e-22
-1.009444568716195743e-22
6.391451782665765924e-23
1.054626548053807429e-22
7.753462489650470363e-23
-1.694249892257640490e-22
9.597546260404040137e-23
-3.083995740545132161e-24
-1.803609420672776653e-22
3.221487463330961692e-22
1.503575028916520708e-22
1.652276062945625285e-22
2.017530364457172624e-22
8.058441321025115453e-23
-1.497806028548225909e-22
5.163712201501058152e-23
-8.605042241068964533e-24
1.892544065163699539e-22
8.799607018495639099e-23
-2.113015711050058462e-22
-1.288292651980148700e-22
-1.039490030193865200e-22
4.837340462323384419e-24
-8.378447621412739681e-24
2.895863763151316738e-23
-6.088829411116129355e-23
-1.547070011193569405e-22
-4.650658505011977324e-23
8.391753655733537725e-23
-3.392897760198432822e-23
-1.867843043741057970e-22
6.326945115388735386e-24
8.698343120233753906e-24
-2.716467534448957731e-22
1.600654546508287007e-22
1.348099496767113112e-22
-1.324768303643729085e-22
-4.404696796719471793e-22
1.580227185545230880e-22
1.329753252436770358e-22
3.049795392040675413e-22
-2.454218315995868781e-22
3.643755182200283929e-23
1.980829261194644638e-22
-1.083371979904395849e-22
2.743604927378117660e-22
-1.395012346877890795e-22
-6.625807143059498271e-23
4.493161907322140745e-23
1.256186622025294553e-22
-2.315071677928569258e-22
6.942385968506683457e-23
-5.912227804314975317e-23
1.233885700208294423e-22
-2.458276353299354785e-22
-9.920312713326655466e-23
-4.105554308291837032e-23
-1.209948546517608276e-22
4.581644152361459936e-23
1.839200604630192977e-23
1.933004978267158180e-23
-1.518421432037645640e-22
6.350262550166779328e-23
2.916726237479371648e-22
1.547605120640229350e-22
8.145162339293217182e-24
1.798622653222493044e-22
8.495304528479493119e-24
8.192404791371905294e-24
-3.007223597298834231e-23
-1.612732994505362508e-23
-1.027024097754830368e-22
-2.193379613454951553e-23
7.848081668654608235e-23
5.669176487796739124e-23
-6.402993259497426987e-23
-1.662393991835189695e-23
4.380012195867893720e-23
-2.709062079778753892e-23
1.459883201472901383e-22
-1.940107652589108186e-22
-5.700002020194034673e-24
1.142388203825690700e-22
8.110423010872326820e-23
-1.146392858539351529e-22
1.303780613112611206e-22
1.864554934240620285e-22
-1.692844973960807451e-24
-2.823960051938546145e-23
1.065576616550111762e-22
5.898128268217898824e-23
-2.527834303695143346e-22
2.868683223837222525e-23
5.638532016890593115e-23
-1.377190715779408500e-22
7.331518598431465376e-23
-7.299098108573150697e-23
-1.025757022894231973e-22
4.367653985745028731e-23
-2.630600424462805361e-22
1.577782046215230990e-22
-4.019759845075355991e-22
1.134602280398948205e-22
7.125819987236467875e-23
1.922305581347129964e-24
-2.642813902959798466e-23
-6.717383687658381299e-23
-2.891286353970474003e-22
1.179648611099392146e-22
2.035931680547953773e-22
-1.206268439840493223e-23
8.341474877729246020e-23
-5.912530714329482030e-23
-1.879108116663071569e-22
7.125226461610887267e-24
3.307979471800307360e-23
1.499633545085765941e-22
1.991696369248810871e-23
1.073376493989395562e-22
6.411832746400479073e-23
1.879952432261482911e-22
-1.827308287288709617e-22
2.824876506554447110e-23
5.303300180381255726e-23
-1.529088569907010938e-22
-4.492683612244671701e-23
3.804525691754840905e-23
-5.464454601977776231e-23
8.191764117873534887e-23
3.208771184672926588e-23
-1.839063497063879263e-22
-3.435480033516688010e-23
1.458891361456494960e-22
-1.459101452502551338e-22
2.269398336780256497e-22
-7.514530677559439751e-23
-1.259137493594878353e-22
3.474840374791771738e-24
6.643629524629507348e-23
-5.192990736802397483e-24
-1.895809325787300634e-22
2.087012024526110039e-22
2.390349784126599563e-23
1.983120569849117569e-22
2.114411358243586600e-23
-7.335253215481932950e-23
-9.143947403743734190e-24
1.337512850629289002e-22
5.495511661754774370e-23
-2.611248399808180336e-22
2.010151466823611650e-22
1.160126342226252855e-23
1.199370948136812361e-22
4.592999946392336083e-23
1.405063181800352453e-22
-4.247419928255041043e-23
6.908678264334607497e-23
-2.124118248808288243e-22
1.496448006466544294e-22
-1.114508017099302934e-22
-3.045507748490189978e-24
-8.009297950796142789e-23
6.491733600268146816e-23
-7.061840537256422586e-23
-1.393903540539693483e-23
-9.758095010636503493e-23
9.382875334997954041e-23
-3.034172852198728851e-22
-1.228282704356271502e-22
-1.789961984451881354e-22
2.510292190351899479e-22
-5.153296817236240644e-23
1.149810981814756164e-22
-1.072296156466860423e-22
-1.830818891047863654e-23
-7.514668618906094677e-23
1.081963630916862722e-22
-1.476252366401297956e-22
1.580517437821734610e-22
-2.101545144947055421e-22
3.553549126557789855e-22
-8.374253863309357366e-23
-9.771550535118537599e-23
2.086991536350678193e-22
-1.188320614330363035e-23
1.617739709878001252e-22
1.896309839765781839e-23
-1.886033162639056757e-22
-1.122562377830660812e-22
6.732386398749319894e-23
-1.772691030642276673e-22
-1.821281716930886081e-22
-1.074765373088325208e-23
9.200544151443735425e-23
-1.297141670165278513e-22
-1.012854075893967669e-22
2.148589810525485888e-22
1.154225363916134481e-23
1.355653167939756404e-22
-2.554726924328922621e-22
2.635985941315209844e-23
1.694385481634118760e-22
1.504441897924094692e-22
4.655088621568008721e-23
-1.845305230291538988e-22
-2.133265498469971699e-22
7.198046457461475848e-23
2.463863404653524661e-22
-1.717112767528056762e-22
1.383505498775684226e-22
2.977552804535599283e-22
4.269059310828696536e-23
1.116403124460762160e-22
-2.710457266829408520e-23
-4.812680277185028802e-23
1.881690968565812813e-22
6.641075862598339284e-24
1.928190522853165958e-23
-1.733090032131461343e-22
1.812638585463571058e-22
8.713321804999369275e-23
1.347374342562656166e-22
-7.272254918447116738e-23
9.290848310059713271e-23
-9.868976293063774385e-23
-2.940565329921276859e-23
-1.407456904139919614e-22
-9.433000522120010748e-23
1.225770867354836192e-22
-7.094921337954623381e-23
-3.386154798963732968e-23
-6.341012570665254004e-23
-2.223971659637382670e-22
-8.160562265299569259e-23
7.184486905858453059e-24
9.768975669163800741e-23
-6.731666597146425470e-23
-1.430302069432430742e-23
1.933285174215158837e-22
-1.509905532359058298e-22
-1.490206569404495359e-22
-2.135410072543281978e-23
-5.684511175373778295e-23
-1.698244817055272701e-22
-1.241521355723793311e-22
9.408561557606682962e-23
2.603317897531339945e-24
-2.485926975346909134e-22
-4.839793447123546388e-23
-1.217240476952819899e-23
3.081560071691690314e-23
1.780968365311907024e-22
1.208871450603919992e-22
3.544387296711953652e-23
-1.981541154172633131e-22
-1.405267700207399297e-23
1.445602428629640834e-22
-3.660738544438601528e-23
6.266891546128491797e-23
4.415205629557387384e-25
2.054629696027468214e-22
2.833595808019887315e-23
9.145335979994933780e-23
-1.601189483047825928e-22
-3.350068298752421536e-23
2.971957602800383996e-22
1.849274594525875538e-22
-5.863503999929861884e-23
3.464975315285461948e-23
2.929201663995103879e-22
-1.961122858252097989e-22
-3.588878930153317885e-23
8.351798407186696262e-23
-9.905272364956345954e-23
-1.336311398449258208e-22
-8.375959066929007796e-23
-1.034079282213364223e-22
1.084991640783233138e-23
2.745347465273767738e-23
1.363305439628799522e-22
2.206800859920483470e-22
-9.382904425644895203e-23
-6.855786257120002329e-23
-5.752256339253139804e-23
-6.419138044484944226e-23
-8.164180326600206825e-23
9.351040904522695007e-23
1.918061663094247673e-22
-2.935083610754703079e-23
-1.232589049059299814e-22
2.524101488075814114e-22
2.591926914263396212e-23
-7.721798479189707919e-23
-1.673727069500420378e-22
3.726465474106526026e-23
1.414215041252634328e-22
-6.926937359652534423e-23
2.008361582182806412e-22
1.845114495975861973e-23
1.345115209718353215e-22
-4.954797029261213134e-24
-1.387325815424455275e-22
-3.187125194486846552e-22
-1.819933440204548049e-22
1.765855328314424578e-22
-1.475165575208238448e-22
-6.312974787727015802e-23
8.147204798983312967e-23
1.624866262342811972e-23
-8.407954808594470093e-23
-9.696753637071392071e-24
-2.810855690521747458e-22
-7.501465528453554547e-23
-2.037020965000788793e-22
3.235131595858764774e-23
1.175861005956580107e-22
-2.488171523574898678e-22
1.747329795339635975e-22
-1.151401572785536306e-23
8.631639574044238053e-23
-3.881919263001867216e-23
-2.955723460724276196e-23
-1.595276719355278931e-23
-1.005282162746383954e-22
1.977889531641603355e-23
-2.175976154494687696e-23
3.257308246021586052e-22
5.104717398805941658e-23
5.884586400509987174e-23
-1.147262061011465990e-22
2.468346086338493802e-23
2.048201465697625040e-23
2.137254753820370612e-22
2.218669526223230667e-22
1.050086613055462909e-22
-6.663466409161380651e-23
6.460901835081856082e-23
6.527541651611308654e-23
-1.668155741107637458e-22
4.594163338015753289e-24
-1.861728353397089142e-22
1.348111688682213326e-22
8.792723699654718359e-23
1.351005264854980370e-22
-1.184516256926304722e-22
1.827126739853539362e-22
2.413717386184472278e-22
7.065307647619339849e-23
-5.055333175072881777e-23
-1.807328247911058372e-22
1.304015783111625209e-22
-5.058195623074945632e-23
8.896627451906838994e-23
8.346056070309072515e-23
-5.864227388818469186e-23
-8.057640260515287352e-23
-1.780980329465536136e-22
8.895241640080749385e-24
-4.524846344971696123e-23
-1.303405429590780165e-22
-9.066319128849827006e-24
-2.941597665237219745e-22
4.514330574674850289e-23
5.667480626717903742e-23
7.806072326211952300e-23
-9.637127037286544064e-23
-6.194395377613028113e-23
1.671517897343404730e-23
-2.382828014262976736e-22
1.042974015539426785e-23
-4.422592800850823934e-24
-1.432965585886712434e-22
-1.128815598413748238e-23
7.830434610192618626e-23
-6.173942266952028584e-23
-1.551631399760861434e-23
8.607716727354939642e-23
-8.432640011866958350e-23
5.458711773254267214e-23
-1.145203133566373480e-22
3.785130046796297257e-23
1.138459285656859030e-23
-3.765580122402115389e-23
1.828596914291256478e-22
-2.771363857864432584e-23
1.735686207003863995e-22
-3.117827470739584430e-23
4.653583641659365421e-23
-2.046329270514867015e-22
2.844705685070410958e-23
-1.088341441672249408e-22
1.085398594524758318e-22
3.444082614182685709e-23
2.418740807772920437e-22
-3.391013542992154927e-24
1.411338579978955526e-22
-7.891590364544663168e-23
-1.316383269621558510e-22
1.009480938603128601e-22
7.921747798674133335e-23
3.731454770381796914e-23
7.250660520931716576e-23
-1.990614338374203881e-23
3.767836479136401862e-23
-3.280079484066570290e-23
1.087661130001406391e-22
-1.837049999493433862e-22
1.372300411582231468e-22
1.742740674702288983e-22
-2.487581227230019339e-22
1.119065414965214202e-22
9.432044468210436330e-23
-1.519052006985901405e-22
-1.796510832052645346e-22
1.250618901902023774e-22
1.432757505168417998e-23
-2.080676152410866043e-22
1.264941906236609230e-23
1.435237703654564029e-23
1.100369830900788490e-22
-1.518043416251172971e-22
1.144601684049831145e-22
-2.432197987230528081e-22
1.355442260045200602e-22
1.904654065471952230e-24
4.939090889824633537e-23
3.021515228124128914e-22
9.848780090237338942e-23
-2.395059362878024982e-23
-4.288089415732965493e-23
-7.511178921891869133e-24
1.872776295517609384e-22
-4.046596569346945158e-23
6.037671536760449268e-23
-7.121861900955567718e-23
5.119816268311868011e-23
3.880285535148621253e-23
-3.188190899325613047e-22
1.947962257916501707e-23
-1.826102653090251255e-22
-2.139753138504355622e-22
1.032689602818445620e-22
2.433857672547186106e-22
-2.972534442088714460e-22
5.512522461384354059e-23
-1.167863215998412578e-22
-1.464801527144608876e-22
-1.808330241408099079e-22
-1.029862540348971050e-22
6.991512101763372563e-23
-2.212006229169635849e-22
-2.598348119843207611e-22
-9.458284203064957762e-23
1.421892168553396537e-22
-6.640693765934835680e-23
-8.823928969437018706e-24
-8.609174572731482646e-23
1.319434290541293732e-22
1.421246866315951426e-22
2.174633267239734016e-22
7.842598228427196365e-23
-7.202919694892904923e-23
6.496148677533902002e-23
2.251852988344761800e-22
-6.562149717686564816e-23
1.558024683171192780e-22
1.974821245821298293e-22
3.354776130291104962e-22
-1.332816960364854747e-23
2.231514854825169455e-22
-2.225918562617793186e-22
2.527691286201971779e-22
-1.477513234270616633e-22
9.725520586948204111e-23
-5.583418541421287483e-23
2.520257201935088358e-22
5.945479975301999655e-23
9.389736972511344476e-23
1.383437303476013140e-22
-1.115477561655767635e-22
2.057239599323724358e-24
-5.489446552437538673e-23
-1.124974792228677766e-22
6.826138198309479182e-23
4.182643665171885427e-23
-1.648994988564404331e-22
1.407666264757131943e-22
-2.032000117094016957e-23
-1.009728727967764209e-22
1.989151397109870715e-23
-3.537366696117026735e-22
-2.664912662063082716e-22
-1.266438466714960200e-22
-2.538005458396351320e-22
-4.219890518207328646e-22
2.284270178686966963e-22
-4.675417973105529529e-23
6.379620352810560377e-23
7.913879257794599313e-23
1.177534772232438210e-22
-4.500137282457682470e-23
1.075340266365150251e-22
-1.445351210682169516e-22
6.806290604632891229e-23
8.029214542901292440e-23
-1.165960117483446912e-23
4.787870458059643141e-23
-2.701866776625999956e-23
-2.297730834062882754e-22
-2.249995822003368064e-22
-1.463591026656347890e-23
8.404369589645735518e-23
3.365327423282784315e-23
-1.017557201558142905e-22
1.463429138807906307e-22
-1.721754763242947164e-22
-1.014923840662700099e-22
1.173627687810826143e-22
9.732315572621488857e-23
5.789396901883354463e-23
6.171123704449719319e-23
-4.976889544543215589e-23
2.055604418784711827e-22
1.394611803500551270e-22
2.790684845963436219e-22
1.700770234374329681e-22
-9.619119590479057573e-23
1.521517140423158403e-22
-1.582815403778031137e-22
1.926617564128730963e-22
5.104300566738282521e-23
-3.506735417623414763e-23
8.204794080905431186e-23
-2.209919186525992652e-22
2.376002726926404936e-22
4.517084063647032897e-23
2.144291548236094950e-22
-9.488884258108629441e-23
-4.797272909850397177e-24
-6.732684728972332556e-23
-1.196747942218580404e-22
-1.230582325921480761e-23
1.127916685368929346e-22
-7.990678796187333867e-23
-1.171883920589066501e-22
-5.148504809766340614e-23
-7.670589918201477143e-23
-8.287592415383306037e-23
-7.070999926341403753e-23
4.775757615684495151e-23
-2.199375005975792943e-22
-5.781161957397171706e-23
-1.757286503048558643e-22
2.937927727997810361e-23
8.409905215346912256e-23
4.525669108867117859e-23
6.551028803655211447e-23
1.157131159770949188e-22
7.924384498465261982e-23
-3.655293657686333929e-22
3.679515575508301772e-23
-7.586387299942747362e-23
-1.090233165856580718e-22
-1.383403286562538780e-23
1.897976537056272391e-22
-2.756596809170707865e-23
1.082424653434948030e-22
-1.492882604666510953e-22
2.338165477303645755e-22
-4.375781784288921534e-23
-8.620687792730643674e-24
-9.010327817644824253e-23
1.559846590311411429e-22
-7.885946742743617587e-23
-1.442342757444913843e-22
-2.335145291065041213e-23
3.270162739437217359e-22
-2.035608712142600420e-22
7.716579860015530750e-23
4.322798007577178551e-23
4.016842127538733474e-23
8.803145950430396075e-23
3.551451069093945671e-23
-5.637233870534632703e-24
-7.971461040050175619e-23
-2.505205268138518438e-22
-3.870831834353743967e-25
2.646692860274990400e-22
-1.697398378792357830e-23
2.780116497334058694e-23
4.199089781264692126e-23
-1.631550353838415136e-22
-1.171837296556402928e-22
9.833526662285762599e-23
-1.139404176054976851e-23
2.911079498532423980e-22
6.907084107471121131e-23
4.150458601154064602e-23
3.815360266313416837e-23
-1.230370657013034691e-22
-2.006371172999490943e-22
-2.218035496556426900e-25
8.661057692137721991e-23
1.510835863786428301e-23
-4.141186212101792935e-23
-2.651606166223408390e-23
-1.035659767978476688e-22
7.423267323551087561e-23
4.548346673084900331e-23
-1.387335859055575762e-23
5.743459546336238859e-23
-1.667134233344841033e-22
-3.797411289508101874e-23
1.418442176953677232e-22
-2.028038556840717416e-22
4.449548835179932106e-23
1.821162707051456950e-22
-5.170798935752521402e-23
-1.156892063662486702e-22
2.167312954517440900e-22
-9.366227132108507722e-23
-8.957421210179998202e-23
-3.218115389322657284e-23
1.551747601536555756e-22
-4.960860994881363608e-24
-5.269395634040921419e-23
1.563407322001525237e-23
-3.096740007938598897e-23
9.075223805196799805e-23
1.499619241576094954e-23
1.605742345233852617e-22
-7.425440288442761181e-23
1.164093244604505883e-22
-4.057213056130088863e-23
-8.724599105510935308e-23
-2.070948674883094087e-22
1.826776880684250639e-22
-9.577844293725901720e-23
-5.393032417942598329e-23
1.524668290859989162e-22
-6.975702455846937713e-23
1.817811228885255488e-22
-6.296167336230206321e-23
-4.307060663092991927e-23
-9.006170475025668539e-23
-3.100897060572713385e-23
-8.085205314444901447e-23
2.425693043084095566e-23
-2.080952703842687089e-22
7.351787066139276567e-24
-1.054484083870745415e-22
2.635373116375857371e-22
-1.320298465114332137e-22
-2.057015281164077446e-23
-6.101966513313002929e-23
-1.886399849776627628e-22
-7.799282156849327521e-23
7.181796786542954455e-23
-1.229770727753081497e-22
6.488086362614540286e-23
1.095422106813675934e-22
9.121209541893571116e-23
1.049943251615757471e-22
1.063590958597530431e-22
6.638724725365653100e-23
-2.616879824695216840e-23
1.557716316165573415e-22
-3.078402462002249528e-23
-4.119429381652029053e-23
1.502095587841037632e-22
6.384916022200817921e-23
9.509542595667424194e-23
-1.021379660332767361e-22
1.505249702273532834e-22
1.628669087047335252e-22
-2.729600292334620069e-22
1.676099116020181473e-23
6.295494829866442931e-23
-2.034398075644449005e-22
-9.268190054320613523e-23
-1.031997730045710321e-23
1.269895289047962784e-22
1.737676633724148582e-22
-3.001584285322512599e-22
6.218522861567334673e-23
8.859411900143506165e-23
6.821493915265752781e-23
-5.276808562547145421e-23
-5.420754331735919677e-23
-1.494031547627896540e-22
-3.971412294809808815e-23
-1.385153966072012191e-22
4.562107307464906677e-23
1.097966483953179382e-22
1.258324740027905023e-22
7.738297705649801439e-24
-1.560471261429779274e-22
8.640287683473597150e-23
-1.634690603608534176e-22
2.338159761745012498e-23
1.444984148311239492e-22
7.863515065784128578e-23
5.235693250258994329e-23
1.167269046895214069e-22
-2.665552714473692648e-23
1.382100098164243572e-23
6.084899632571715109e-24
1.027518199735072278e-22
-1.717743279325731454e-22
-4.899247011504467396e-23
1.713303823172767670e-22
-2.236757902325410581e-23
-6.816465548539729771e-23
-2.298288144384450553e-23
-1.476236400110408536e-22
-7.218760172257342594e-23
-4.201621358741047668e-23
-3.527399101598987505e-22
8.255319622701382743e-23
-7.982022435490182653e-23
-1.022325219891531796e-22
9.540001451317854426e-23
-2.024596773367703922e-22
-7.023179312098857440e-23
1.816871339784360909e-22
7.860789756912510593e-23
-4.665616838853987507e-23
-2.739553299690736233e-23
-8.450557351835365741e-23
-5.529888339309963331e-23
1.488139172415771075e-22
2.203558117856055617e-22
-1.382347641583114674e-22
2.038671359422359931e-23
1.064928099745316900e-22
-8.486532251682257399e-23
2.540415913824108275e-23
4.136774303532298906e-23
4.122602853097603838e-23
1.150996041691502386e-22
9.221617780415007138e-23
2.802794174155746407e-22
1.384042587558339788e-22
2.780091932337234565e-22
1.482766181083597589e-22
-2.677052240606418091e-23
-1.328310461563943765e-22
9.146506423891899317e-24
9.741688431657763965e-23
-1.359088072045630949e-22
4.411686045882993630e-23
4.302055591428208578e-23
-1.405920603997164047e-22
-1.202930648794948418e-22
-1.356002180556990706e-22
-2.996319225650900101e-23
2.080753598671457392e-22
-1.721178019454943837e-22
8.210491986315192501e-23
1.880443672516235101e-22
-2.387610747805046079e-22
1.136495971728824837e-22
-2.580392812391216206e-22
1.577338691592323444e-23
-8.932393269988290451e-23
-1.528207242231347746e-22
1.072806567133721788e-22
-9.478508695654109699e-23
-2.328063918994053285e-23
-1.276416059104772522e-22
3.857828218530279668e-23
-2.041826104249695163e-22
-3.263181426663295244e-22
1.125929479548513293e-22
7.049404086406108486e-23
-1.091524564865002274e-23
3.328753861506394174e-23
-5.153597840325459368e-24
-2.846712893379481798e-23
-1.199836701444431099e-22
-4.429180560575618133e-23
-5.201797341694041086e-23
7.235869155695651234e-23
-1.138939763652996829e-22
2.230414720969531327e-22
2.454756342446355230e-22
6.278927922337773351e-24
-5.399345308503667886e-23
1.668894240103438986e-22
3.767762405806503295e-23
-1.144276361088671301e-22
1.414223600203473755e-22
-3.141748043204855889e-23
-1.189930795334789937e-22
2.008738155079502210e-22
-1.914343815883678990e-22
3.911903331606545596e-22
6.869101182776406672e-23
-4.001170540476106101e-23
1.385325363000416039e-22
-7.685308433606962342e-23
9.647657870219906679e-23
-1.111693874393061765e-22
3.962411306576972078e-23
8.890966649481868347e-24
5.227650583010972436e-23
1.368872344473642476e-22
-3.097569734121495113e-23
1.137453598143787536e-22
-4.790961124044517264e-23
1.968417710883167475e-22
-1.654127320284389721e-23
-3.783921753319655461e-23
-1.352199247563070614e-23
-1.132398197189315371e-22
-9.119701342565936721e-23
2.476019743308120122e-23
-2.424739306876616664e-22
-3.836584157196540950e-22
8.085495828071205711e-23
-7.084510932070814941e-23
-4.668465766874525346e-23
1.882293952688339011e-22
8.076389660749088936e-23
-2.415358590233119077e-22
1.942613477533087944e-22
-4.237109828305010037e-24
-8.654716541941297793e-23
3.977529915706584428e-23
-1.103972356246860569e-22
1.249993261801271025e-22
-9.482876319070693347e-23
-1.005632608075679394e-22
-3.401643887960714087e-23
-1.546153590275658564e-22
-1.770966531233603812e-23
6.292632857706368378e-23
2.295598256151247489e-22
6.471192536989878248e-23
-1.050330885995641536e-22
1.577795186714607377e-22
2.530919770916007840e-23
-3.530358779315750409e-23
-1.463576813725742044e-22
-2.306787078359245723e-22
2.238401278387643767e-22
-6.495034111082726119e-23
-1.506234583369744870e-22
7.536863546718632096e-23
-3.120026695607733399e-22
1.107967713998347819e-22
1.892371988159713480e-22
1.068488457232811535e-22
-1.831767945739697022e-22
1.141348540060165178e-22
1.749655704864095025e-22
9.672541570455074443e-24
6.996449719152446313e-23
-6.506982807014307794e-23
1.301591590143910546e-22
1.537892517264646820e-22
5.879210431163731179e-23
-5.520170664122419175e-23
-1.766448057401661185e-22
3.056522411098008373e-22
2.374832527901794890e-23
9.924289504343600552e-23
-7.033538081676336547e-23
7.945682325662147088e-23
1.087336027628394559e-22
-2.895828249381370945e-22
1.287246600000067867e-22
-9.326334968311605676e-23
2.290047403436660667e-22
4.700953950248597637e-23
-2.784766639183485900e-23
1.705261730142091472e-22
-2.966856426981792294e-22
-5.951264894477883266e-23
-3.837951148071157960e-23
-3.763500581695124211e-23
-1.195983095807161648e-22
-2.400058534594490568e-22
-6.468036296654419616e-23
9.144144783183814332e-23
-1.114836577314811181e-22
8.667102019103548798e-23
-1.393567315167260645e-22
6.068494939313445337e-23
-1.917128626429516211e-23
6.500357465083743964e-23
1.238292589566882244e-22
-2.279127221112533815e-22
-2.940627494497425217e-23
-1.506788122204185867e-22
-2.591901444435361562e-23
1.539553871437680151e-22
-2.789030552933464698e-22
-4.591454707524893478e-24
-8.318970482088584357e-24
1.057764503085613857e-22
-6.782185688306610438e-23
1.544384838107128361e-24
5.133686633638288855e-23
9.498182212979075933e-23
-1.744159308513845841e-23
1.203684938439442032e-22
1.684278700184666289e-22
-3.830323527884822970e-23
1.428216352291815871e-22
4.201418184198692662e-22
-2.514654364862885411e-22
-3.455437151254968702e-23
1.443987243993821197e-22
-2.497478317458136857e-22
1.462656258341120130e-25
1.051187208131578078e-22
2.305576679511205571e-23
1.641652866696657244e-22
-4.105821238861583844e-23
4.316879218108486662e-23
1.013889967215529269e-22
-4.259818248231598131e-24
-5.843583167721028178e-23
-2.650716114205999657e-23
9.816610659344924335e-23
-1.793733301844821454e-24
-3.245234333689940780e-22
2.733735757442494778e-22
-1.255627792724080653e-22
1.403239347098149047e-22
-1.763419362504419879e-22
-3.005297381951790375e-22
-6.074783933620074272e-24
4.459846076424111284e-23
4.993944804963106271e-23
4.988805576098917974e-23
-1.189961879606519531e-22
3.963566658560074816e-23
-2.863293909322580961e-23
-1.831318586514797522e-22
1.269641127804999013e-23
2.083920230725564559e-23
-1.345921989823742176e-22
-6.990233168222477349e-23
2.524018320527235684e-22
-1.169123575558719874e-22
2.693600372759535860e-23
-8.938847492500596769e-23
-6.820019614555165093e-23
2.714296670114474857e-23
7.744480935285026281e-24
-4.706929054297372521e-23
4.203167847262536846e-23
5.816566746014662300e-23
1.403405695475119258e-22
-1.305724315238551549e-22
1.868375252654910027e-22
1.091196548486247939e-22
4.288137494479751104e-23
3.341969375041720671e-23
-7.277155768507856643e-23
-2.663738336908611094e-23
3.490740531154033350e-23
1.880487010031152253e-22
-1.907332759090616819e-23
2.133621903642636605e-22
-5.486780916814457594e-23
5.445254028024951849e-23
-1.377815782388914888e-22
7.681314656599448597e-23
1.258722013667307588e-22
-1.036684097136193477e-23
1.019867207748779732e-22
1.618591481714244011e-22
-1.287713474470997687e-22
-2.045978988613100668e-23
-1.905834506733688627e-23
-3.720570144049496142e-22
-8.566457746416944702e-23
-1.277407682495349441e-22
-2.173312597816577882e-22
4.121539163920569587e-23
-1.803483749469073243e-22
-1.838536312651052136e-22
9.399365412521697523e-23
2.729746522507092924e-23
2.702975295039940580e-22
-1.310212030766304903e-22
4.791876947135145426e-24
-2.711937155891026227e-22
2.418286028986692599e-22
-4.892480555997368592e-23
-3.444582088370909776e-23
2.862194709385748900e-22
7.791925098332493881e-23
1.736698871634047618e-22
1.890609370029767078e-22
-7.147085518385122679e-23
1.169630131502480925e-22
-2.460020133135491948e-22
6.201359669861677623e-23
-3.053530570958205245e-22
4.289136727938943543e-23
1.369706240100411315e-22
-2.647415327949675758e-23
1.383793440451355611e-24
5.796793539643239299e-23
2.934163202340694460e-24
4.909890082211186259e-23
-1.626539761815737378e-23
5.600008169925904508e-24
6.506952728281578225e-23
-1.706845387007179185e-22
3.329451990599360061e-23
1.270608231275547696e-22
-1.135058657348290637e-22
7.119856495969462898e-23
-8.961983639636065530e-23
-4.986645190522314167e-23
-2.733883409501032485e-23
-2.217635605579964472e-22
-1.283536513585776864e-22
-8.451525235119019174e-23
2.072090834160200741e-22
3.712333106052662316e-23
1.530482296877084207e-22
-2.714801379716925998e-23
-1.908150928280036751e-23
2.856286348011187977e-23
-1.084434896833826624e-22
-1.472610640945949868e-22
3.246564150973731384e-22
3.391147535575678345e-22
-2.759235073218376210e-23
1.077926658357868946e-22
3.173297668637967684e-22
-1.219448177469298039e-22
5.422157129688131251e-23
-1.210277035600638225e-22
-1.516970154319160685e-22
9.539357162592555479e-23
-7.968384954043037905e-23
-1.648881916133524068e-22
8.336082679042853564e-24
-2.388247710714045120e-22
-9.996452503493760213e-23
2.026578288491696290e-22
-8.124154619328708699e-23
-7.895329471256675723e-23
-7.463744565553724133e-23
3.261204888046724059e-23
-8.423831660602300544e-23
2.351568743965056756e-22
-2.689001394088515265e-22
-3.561682809877742844e-23
-1.078261339287437243e-22
1.139965620139183743e-22
-4.972025269904605893e-23
1.468078664743760746e-23
-3.749795138633723461e-23
9.791879318721330702e-23
-1.538977042549718627e-22
-4.455449339188750473e-23
4.368081221018004771e-23
1.676148173785047081e-22
-9.857247645565656786e-23
6.921132439385539378e-26
2.648473166846752180e-23
2.987905733328045230e-23
-3.937457341363266782e-23
3.745171076343132937e-22
9.658948800375341616e-23
-1.013999394278934089e-22
1.841726816701345186e-22
2.314939491444907791e-23
-3.130765261717327810e-22
3.235556089837748766e-22
-2.926761725230386325e-23
-2.801902467308415996e-23
2.751566813234848517e-22
-3.178322347591499410e-22
1.476636677238472026e-22
-1.253206016669781286e-22
1.227157382488730802e-22
-2.426925197681594930e-23
6.129823075352243659e-23
-2.449863777802262421e-22
-6.418292656467036035e-23
-3.050660544119887676e-23
9.268503060207808221e-23
8.076130507892662235e-24
2.224141070534892601e-22
-6.624895227871965508e-23
-1.072643754853326218e-22
-7.815731874029872876e-23
-1.785275237069037678e-22
-2.574889906589916111e-23
7.905108638275708349e-23
-1.999392325247546398e-22
1.462316701497396500e-22
1.406718178148003833e-22
-1.468468993508432175e-22
2.062597274340919433e-22
7.235028130007023376e-23
-2.726236600670219667e-22
-9.451857790495088451e-23
-1.440329756903350222e-22
2.724249446810726890e-23
5.298212362474401180e-23
4.422400130744221459e-23
-5.585499006732205239e-23
1.340646011721578784e-22
-1.519589394039859469e-23
-1.468977026494767920e-22
-1.898548662850182227e-22
-1.572818626427306876e-22
5.046623341752642727e-23
-2.348598365029422742e-23
3.327518052726862248e-22
8.857544440623858342e-23
2.470714890530393294e-23
2.634676514987521447e-22
1.132084932789337904e-22
4.769268885593243585e-23
1.200164765688832388e-23
-3.784047773538402098e-23
8.879978411096276222e-23
1.893358714490872485e-22
8.928553532467232313e-23
8.783147272085713213e-23
4.550375178221649238e-23
-6.333260603113389400e-23
-4.309048393729206036e-23
-1.506541541641666461e-22
-1.330287948331345800e-22
-3.035327850836202993e-23
-1.830740908645807995e-22
-1.654175657323347787e-22
-5.412870558331733549e-24
-2.220663114496028406e-22
-6.586940621668994229e-23
2.699667706897578613e-23
-8.985076058268319025e-23
-2.247197752473175747e-22
1.296510069618257705e-22
-6.367666358341998622e-23
7.954524204210688666e-23
1.393805878159141506e-22
-6.801950211655642548e-23
1.578963388390232726e-22
-1.266666426962335412e-22
2.661514969746239549e-22
-7.062158017989410142e-24
1.860612131563378522e-23
1.243731652298270676e-22
-1.605284682593710163e-22
8.331854099933042923e-23
5.563952094767185518e-23
3.203848841986797430e-23
6.933723699984820106e-23
-1.819245367808628221e-22
6.954187504409209512e-23
-8.270135934214379243e-23
9.528944878020676939e-23
1.168725161807167772e-22
3.001431874433417280e-23
2.852651002810538730e-23
-1.211556391203802311e-22
-4.275036470356931989e-23
-3.100909726193398342e-23
-1.220568541613289602e-22
2.019350355619037239e-22
-7.006138022411583957e-23
2.255466778011982117e-22
1.262259544848467153e-22
-4.895679420148989199e-23
9.731557707513714060e-23
9.266107377103352190e-23
-2.437176284489398129e-22
1.422630992657138159e-22
-1.285730898742831951e-22
1.416068257619718897e-23
-1.000979302448671170e-22
1.362677662797734182e-22
-1.567683451793391641e-22
-3.299942521328705716e-22
-1.166115775580742052e-22
-5.291647285484204256e-23
-4.048348924314372970e-23
3.587830460278566562e-22
-1.605775054311508310e-22
-5.108696844199434590e-23
-1.259516980636407257e-22
4.611834227160434382e-23
2.693390977603566597e-24
9.808183379490587735e-23
2.549328728227554166e-23
-1.924326827446086960e-23
3.253069095861777408e-22
-1.208333458405795032e-22
4.968070915572617138e-23
-2.382721081432814148e-22
3.444398176716341615e-23
-1.198300606770147826e-22
1.016314519737311536e-22
2.055185715221515843e-22
2.990146668311562527e-23
1.069789914954170148e-22
-3.616102068115199709e-23
-2.869620005247098116e-23
-2.881496826267299259e-22
-1.315151748180513620e-23
-9.697620363204327795e-23
-6.298919380753464210e-23
5.437255215601979611e-23
4.685765633996932409e-23
1.296770338175554114e-22
1.646560763127728049e-22
1.447148364393311550e-22
7.471357491893763050e-23
2.691533447617340013e-23
-8.102166423475100979e-23
3.657938078868197731e-23
1.820949315792457594e-23
-4.849972915642675986e-23
1.740783867167478847e-22
-1.315227553995415787e-22
-1.068947884457709389e-23
-1.578287934728096062e-22
-8.380829884321765306e-23
-1.533686970668574339e-22
-3.696715466963580881e-23
1.691437293421661756e-22
2.175371762685583512e-23
1.229301309476781823e-23
-7.416858883363200126e-23
1.360885771473376756e-22
-2.030957450317330068e-22
7.633963280695696074e-24
3.144150234779069080e-23
8.699801401471508121e-23
1.683957595156996057e-22
-1.038078448397197958e-22
-6.641521785936687449e-23
-1.396908607830722833e-22
8.218588803111091145e-23
-5.044063564125153202e-23
-6.186198798093436273e-23
2.566583681431800460e-22
-1.390091373115693532e-22
9.026874633812817514e-23
-2.109166207171229184e-22
1.057995572168901586e-22
-7.505977737675775992e-23
-2.752406178332035235e-23
1.028557265249888302e-22
-1.510474419074788758e-22
4.900062983973875757e-23
5.250156102399382359e-23
1.556337559498705023e-22
9.079455370964595684e-24
-1.229317113500948757e-23
7.391158910476446698e-23
-3.143033115655280920e-22
5.679908750660767307e-23
9.619928974424390219e-23
5.107943047690933177e-23
2.126598256245600777e-22
4.020387615397634819e-23
2.772197841426843904e-22
1.906146380046766460e-22
-1.158206841612291749e-22
-1.438192740103365179e-22
-1.499087779980147673e-22
-9.214099218945908067e-23
-2.614768899024475773e-22
-1.630982828177407172e-22
8.646742036504418436e-23
8.372373485093496814e-23
2.185183952151011107e-23
1.205518848938553941e-23
2.416431169000904361e-23
-4.902552558243336006e-23
-1.256094490407554854e-23
-1.396779096383118264e-22
3.795432149600242723e-23
-1.932096340054548243e-22
1.098651445760189482e-22
2.819354829278732873e-23
-1.048097603601318099e-22
7.474652758260464117e-24
-4.598146259518082841e-23
-5.167558955570561055e-23
-4.403844738340375808e-24
-5.949615852586160514e-23
1.356960946722997191e-22
-2.193376849489520284e-22
-1.565360424826202647e-23
7.560806358422722997e-23
-4.827645433136431856e-23
9.992602963866436677e-24
1.993745972289272280e-22
3.274422774078744362e-22
-1.139140442994478505e-22
1.390366305851619095e-22
-1.379121558465207307e-22
2.227239010705455386e-22
1.211103141985814138e-22
1.121406115106402121e-22
1.277932582452950768e-22
8.136840593336300379e-23
-1.004217971772605825e-22
9.249900278812798222e-23
1.037789587713403438e-23
-4.086048745573633829e-23
5.075692192707742108e-23
-5.273518689465194917e-24
6.584479942921461756e-23
-4.894914475045283377e-23
2.357009361210968600e-22
2.397774930519428796e-24
-1.084370571696694009e-22
-3.431283416024139209e-22
-1.565085777589764815e-22
-3.437232844767335564e-23
-6.021552327878456245e-23
-3.370616646215142647e-23
-9.309357535141561158e-23
-1.302763644691076501e-24
-1.831780683632277295e-22
-1.380784027862002109e-22
-1.163842378351517129e-22
-1.251076249433691786e-22
1.889562857472487909e-22
1.121355986850048352e-23
1.137686870021754821e-23
1.528734387215324177e-22
-4.322433227883997329e-23
-1.190220590941190993e-22
-8.811483957087127764e-23
6.555985590359434329e-23
-2.017797500800809261e-22
3.339391842268575762e-22
-1.154977640890077584e-22
4.947596814999328503e-23
7.861983972733908170e-23
-1.045210348157666883e-22
-2.299053350557612321e-22
1.210187433820324396e-22
-9.004246424138879808e-23
2.389592951135386720e-22
-3.245627922422992698e-23
1.334104484581445592e-22
-5.989986145289541578e-23
-1.267338680570613473e-22
-2.419290838674870423e-23
2.737589102222700834e-23
1.343487263696046194e-22
2.244769723165041177e-22
2.120817053932785342e-23
2.892033185013632479e-22
6.379776803911691836e-23
1.662813484412905677e-22
4.105139805952973933e-25
1.346689747555442627e-22
4.383471717552706483e-23
-1.901613155134746955e-22
1.828380563190152538e-23
-6.047701834434750478e-23
-7.127117703811423402e-23
2.019770176892543285e-23
-5.525932330122902609e-23
-6.966238766582552721e-24
8.763750864382982293e-23
-7.872580291773168177e-24
-5.388383686745111579e-23
1.152297859463366550e-22
-9.012313751373312191e-23
-2.394191572693372691e-22
5.001003387892658605e-23
-9.114204100167092644e-23
-1.493543617003490085e-23
1.282536738852227289e-22
-1.621237594847248536e-22
-1.931308938628475722e-23
-3.092639105238720993e-22
2.420059429578805113e-24
4.682979476781117938e-23
-1.885138792687792634e-22
2.974056570399395283e-22
-1.812039152601535888e-22
1.715100851348375241e-22
-3.622610503327634231e-23
3.082436553549006464e-24
1.065690351570343451e-22
-9.279950683476910104e-23
-6.891857887869447182e-23
5.224950794611980697e-24
3.173944534398526538e-23
-1.760728341948961135e-23
7.691029925173305978e-23
1.570084239857042703e-22
-2.012736822112433895e-22
-5.617516663121919858e-24
-9.115436188769493282e-23
-1.759611958958144973e-23
4.534264421494666258e-23
-6.061569751745111784e-24
2.078536050054675016e-22
-6.210121699889240995e-23
-1.101209114450589456e-22
9.080616720680540907e-23
3.908673523191551487e-23
-1.487873418937547119e-22
6.945859036142872158e-23
-8.167778748787728804e-23
-4.055851072354580799e-23
-1.096362478840695328e-22
1.031638384866387496e-22
2.957717707331617646e-23
-3.986007412202199330e-23
1.252304614491159476e-22
9.999666832808383000e-23
-1.158201815334614782e-23
-4.018837833955408845e-23
5.882793024685121741e-24
1.872560916328979054e-23
-1.862151586160254744e-22
4.204315265525066790e-23
-1.445941843960866723e-23
1.146780565390119064e-22
2.432766478762775080e-22
-4.650095584757870519e-23
1.216601496893730916e-22
8.462749535704522655e-23
1.266134372955068721e-22
9.523394415674427807e-23
3.086244155585503862e-22
-1.108912153004666441e-22
4.960682367542999283e-23
2.373269213820515451e-23
-7.986819396762297159e-23
1.297839838197289875e-23
6.668877350097724253e-23
-7.746785580829396227e-24
-4.018443686767000573e-23
-4.449493598250057432e-23
-1.291344561504363126e-22
-1.258670183447763541e-22
-1.020718003820586371e-22
-1.000296801701817250e-22
-5.480284757525678472e-23
-1.330925446819300310e-22
-1.233503523482352772e-22
-2.068614195544437061e-22
-2.090505006403206482e-22
-1.814039133308380922e-22
-2.384962205730822298e-23
-2.874425510998472682e-22
1.734417818329776864e-22
3.929722250259531900e-23
7.850959009290056110e-23
2.267060347036264722e-22
-1.272109673073753085e-22
1.250949393015463247e-22
1.543208187914817257e-22
2.172676118508165639e-23
3.431790601264966627e-23
-5.323743320694670397e-23
-5.932118638877390948e-23
1.196311903728457658e-22
1.159118850867191474e-23
1.487218400855158069e-22
6.898643505015004658e-23
4.761922699505952730e-23
1.167879516094157030e-22
-1.815426135404031381e-22
4.139156265788737899e-23
-1.440061005566807509e-23
-3.546082611057385586e-23
1.705425347298875314e-23
-4.124441996097457267e-23
4.180136663047416816e-23
1.581738282945464109e-23
-2.899013933550824560e-23
2.426178918175053582e-22
-1.547175682830512833e-22
2.185435701767014641e-22
-1.108035570566347785e-22
1.756589139260598585e-22
-2.143867922722687456e-22
8.841319278722227435e-23
2.529004072522294838e-23
1.539998980388405626e-22
-4.768094607311962439e-23
2.777254951401544835e-23
4.385276695849812617e-23
-1.883397567592654678e-22
7.930522642055215590e-23
1.073645163081871816e-22
1.141511790409752487e-23
-8.730795293254147639e-23
-1.030599789247030137e-22
6.452515050590523706e-23
-9.892548507156919140e-23
8.198792335593072678e-25
-2.402656288796460905e-23
-1.001747493349676670e-22
-1.349053502753525406e-22
-7.955968088245851016e-23
1.194681942074798692e-23
-1.699014960690968314e-22
2.467942990671319049e-24
3.441346539849203016e-22
-1.620097637642975513e-23
1.804554020839743170e-22
-1.057843933169882784e-22
-8.329280779332863100e-23
9.067391338303331749e-23
3.485950120528968146e-23
-6.802647598900168023e-23
-1.232191872624682262e-22
-2.227307640538730249e-22
3.262162200803195765e-23
1.040964927037210502e-22
-2.686792203022584946e-22
1.291293815560481960e-22
3.954023427122601294e-23
-2.524418260422615982e-23
-1.558125204581656659e-23
-9.127078822284774091e-23
1.839824620164135162e-22
7.000269648302740514e-23
1.626788686506621171e-23
6.660293941803091645e-23
-2.094935444097487470e-23
1.667632629157956216e-22
-5.590184964275917984e-23
2.003831530698547186e-23
2.468533736771285567e-22
-2.151769676478124113e-22
1.268241862327400674e-22
-1.067939560819343139e-22
-2.697532991395426326e-22
-2.235682023286972069e-22
-7.168409528792012523e-23
1.598888684226797435e-23
3.034113130663121449e-22
1.746774359123444868e-22
-6.554989481730975324e-23
-1.422794743608988292e-22
4.232097663464002365e-24
1.323297635793077296e-22
-3.526308872636709377e-23
-9.706838093718556785e-23
1.366272330994189158e-22
-1.074978588857287039e-23
-2.781671244349115518e-23
2.870148721209581712e-23
1.872468888374618916e-22
8.577736794195178062e-23
1.422569136788794765e-22
-2.316205315245847785e-22
9.544801843297271703e-23
1.171831320562503977e-22
3.651002111578477520e-23
8.406367813612770467e-24
2.015259317782744523e-23
-1.170578987372205429e-23
-1.624144723635360446e-22
-2.313106619554102266e-22
9.419953460900857066e-23
-1.078811678841857207e-22
2.620741409964791043e-22
-2.277233045870384532e-22
-1.904546134330597106e-23
1.115786855156201447e-22
5.442431421006709380e-23
-5.460764813182183069e-23
-1.549711980213176460e-22
-2.013657434587153177e-23
2.155048574519702255e-22
-2.262614739470569740e-22
-1.861703354365851839e-22
-2.221764020827955030e-22
-2.567814690804000946e-22
2.383751523990488341e-22
-3.859300031115974900e-23
1.661766801374980434e-22
-1.393112938479534820e-22
3.213480736340708023e-22
3.102552651296839544e-22
-6.487010574636552424e-23
-5.172361052327242135e-23
9.869013797470447815e-23
-1.976535788671660781e-22
6.340941816599055816e-23
2.215616137176410073e-24
-7.535818286678296712e-23
2.036181252876838072e-22
9.923917221877490185e-23
-8.889508211455660229e-23
-8.259549715038331950e-23
1.628410550977179021e-22
-2.497145016886810130e-23
-1.343784182995812834e-23
4.602122948600266765e-23
-7.409435667138809366e-23
-4.594641633761353927e-23
-2.685800318678597590e-23
-1.243084748740874811e-22
5.680949369531376823e-23
-2.272666781759830088e-22
9.640463505146650921e-23
9.202313865832610345e-23
1.257589648775793340e-22
-5.097090662650670405e-23
-1.085925650770972774e-22
3.688872622660903078e-23
-1.663003363510935732e-22
-6.704563153008087147e-23
2.293039530952278902e-24
-2.427866869207742654e-22
6.366126332990361883e-23
5.299309916020769847e-23
-1.145933430622711514e-23
-3.868336143969037924e-23
-9.895549906658324675e-23
5.950228137864553468e-23
2.202878283790376661e-22
7.366145687729448515e-23
3.760643802929249629e-22
1.083394581744916451e-22
5.469305129341554355e-23
-1.730490508845576587e-23
8.302547085242665335e-23
1.759550040974496718e-24
-1.354022052267117161e-22
-1.553965936286186626e-22
6.953162162166649335e-23
-1.682147032408188489e-22
8.211564405570047358e-23
8.639589237820732569e-23
2.612018601976339386e-22
7.680652212659145414e-23
-4.044165798455855816e-23
-1.457246889211952667e-22
-1.320031145892398270e-22
-1.804586851145561384e-22
2.272092676785706555e-22
-2.067677693632765919e-22
-1.664757857340023952e-22
9.441509334292200440e-23
-4.133879700232512139e-23
1.975413276574121424e-22
-3.280597529039944293e-23
-1.980922037230945264e-22
1.909184456280049611e-22
2.256417000720818764e-22
-4.078233410608556745e-23
-1.156474783998316179e-22
-1.847425576631208001e-22
3.617978811584588407e-23
-2.987153836882421393e-22
7.297175631577092908e-23
-2.207076600884431450e-22
2.142065996662476458e-22
5.649314544442238138e-24
1.030820933663182985e-22
-7.404668797156064489e-24
-7.809237962551198994e-24
-1.588481210425266159e-22
4.949786419803053503e-23
5.298243101634735133e-23
1.222682911515285862e-22
-1.322356842342471315e-22
-1.753709749757222852e-22
1.091887117658940562e-22
3.005921106237656862e-23
-1.630848377134380338e-22
1.533576247078899197e-22
-1.927571700837432521e-22
-3.802702796310740151e-23
9.753489888114700628e-23
-1.878667226064829852e-22
-2.452454427377801611e-22
2.087984667335088791e-22
1.930798069308752699e-22
2.390340040354941449e-22
7.861744019764390442e-23
-7.550040474473265319e-24
1.765035912296181398e-22
5.563074079465461061e-23
-8.263601595845076038e-23
1.528746281234237183e-22
1.197141153459636476e-22
3.234729273993983552e-23
-3.592188041852174803e-23
-8.236210043560152564e-23
-1.774621015731755105e-22
2.406606064172377798e-22
-1.923380426072222931e-22
6.583229717865814237e-23
1.309058016369096369e-22
1.064677690114793912e-22
7.026754916932090227e-23
-1.133308546823746748e-22
2.100988412581321007e-22
8.284472594825962089e-23
2.190168181275603686e-22
-1.789825222135015689e-23
5.389429648805917084e-23
-1.316512307566845525e-22
-5.373435166005883698e-23
-1.800468112405044177e-22
-2.739811726728243327e-22
-1.038610330744163563e-22
-1.662730942101242358e-22
-3.846402873003124142e-22
1.178918149563471093e-22
-2.250598210887547261e-23
1.046793505867523788e-22
-1.003588815282760607e-22
-5.586651100987948694e-23
-1.067667431535195086e-22
1.137919667078092464e-23
-3.053847071529347631e-22
1.230689967753432019e-22
-1.371556594569063909e-22
-6.332087961497389619e-24
2.271454015936502654e-23
-9.297570652361743510e-24
-6.919033781224136842e-25
2.293587313590831279e-23
-2.099975964314528606e-23
-4.340948970771005880e-23
1.239672486402368335e-22
-4.783518508696330196e-24
9.602158457656038938e-23
1.831184178783899181e-22
2.268765297856513119e-22
1.172429334836211436e-22
1.988599323318358715e-22
1.050614939658453097e-22
-7.615190867553218504e-24
-6.502183844788051112e-24
-8.145526301153846815e-23
8.067689513076278587e-23
-2.078983533112774993e-22
6.681212482140826665e-23
1.133103698100167263e-23
8.416021487482114494e-23
-1.677501659304970154e-22
9.619695105386483561e-23
1.003036906923130457e-22
-6.678710010583132788e-23
1.875176323109105214e-22
9.934779687649978488e-23
9.199062073717240783e-23
9.123167932076803953e-23
1.447798600250032415e-22
-1.824894334881029407e-23
-1.761434360785285907e-22
6.312044562904855842e-23
-1.131829961633575612e-22
-1.750987012771819951e-23
-2.298707002677568972e-22
-5.194880781614817722e-23
-1.262041906099143398e-22
-1.450575694046363393e-22
-6.692842199035057224e-23
-4.411104953661829135e-23
1.621674420259248495e-22
5.684667042929581218e-23
-4.773565224028104875e-23
-5.672409677915315033e-23
-6.683042390334331958e-23
-2.645867298065780864e-23
-9.029437846208409706e-23
-4.794093539202151493e-23
-3.627328175285098858e-23
-1.504622661293974188e-22
2.582104684091038910e-23
-8.050094895146185673e-23
-2.314628623157338786e-22
1.067583382675581020e-22
4.774685630411025037e-23
-9.053967554407276668e-23
2.409960208011498042e-22
-1.844667612305493854e-22
6.247094535483585880e-23
1.180295499588483278e-22
2.272399371388265516e-22
-1.895979319693727645e-22
3.571006531957557658e-23
-1.053248904817684064e-22
1.735627883289435939e-22
1.330785130518247504e-22
1.580316109280474530e-22
1.407267210640863057e-22
-1.152556159001467099e-22
-2.131621996672956346e-22
2.477936696731736684e-22
4.878121421415764911e-23
1.228243614218129931e-22
8.815738158949651965e-23
3.079438736061650700e-23
-4.352636790457886267e-23
1.034669956863167690e-22
-9.248136825160956717e-23
-6.513249277540525324e-23
1.124193250090206072e-22
2.064753874353299105e-23
1.597263583405575738e-22
-2.247475141981855669e-22
-1.811734462767943631e-22
1.073912369162577625e-22
3.117193771489397596e-22
5.189328106053812226e-23
-3.361713762174235303e-23
-1.443866251160419030e-22
-8.619792777672473583e-24
-8.788298564553388063e-23
5.498652949854430603e-23
-1.865399432353438124e-22
-3.647284146489769447e-23
-1.779892068761952046e-22
-8.695063055800787484e-24
-8.684145245001113639e-23
-1.387862056594497671e-22
7.014425468017997111e-23
-5.532442620595948230e-23
-3.477768516978823421e-23
-3.017944550234643846e-22
-4.108292169764558772e-24
-5.494576916298994986e-23
-3.228818505412814859e-23
-7.487631921612703737e-23
2.427526623465970145e-22
-1.319536976910148685e-22
1.856727891290409415e-22
7.658307306501749892e-23
6.282784718351625353e-23
2.304830443437935285e-23
2.466836723036549530e-23
-3.035770760133972210e-23
1.719596583809211919e-22
-9.898244935226046707e-23
1.515833778778812796e-22
-1.358113156596141677e-22
8.825019507414972232e-23
-4.194763858517839909e-23
-9.082607696025553155e-23
2.392563097910008704e-23
-7.718975545874200608e-23
1.002695222893433749e-22
-1.380391386887363059e-23
2.616112584049278700e-22
-6.493867085668487518e-23
3.152461368231703289e-22
1.063187229649166088e-22
-3.098150643192733376e-23
2.925855323796231315e-23
-2.069662543419012190e-22
-5.672173496711985526e-23
1.305781203460231803e-22
-5.945729521108653014e-23
9.068048950430801145e-23
9.521473901545044668e-23
2.551633189177710994e-22
-5.047965635730189686e-23
-1.833893070365225254e-22
7.273356631966712372e-24
-3.239095772803793529e-23
-1.741763544144523075e-23
-5.980399368099656963e-24
-1.428535351039313888e-22
-1.001612649946306019e-23
-1.803123621695310131e-22
-2.587767994555993299e-23
3.749912267722189160e-23
-4.872042579587308362e-23
1.094864752140205283e-22
-8.776630477827374144e-24
-1.794836463733399294e-22
9.457119617107976706e-23
-3.146259343153899532e-22
4.365951653704975098e-23
-2.078016676796722269e-22
4.576308701559868947e-23
-3.756286707277615119e-23
3.314373100150182128e-23
-1.054432512752587896e-22
-4.084093837477576774e-23
2.377539783427828185e-22
-2.474619489674899667e-23
-4.260877289327700913e-23
-1.079910976268100254e-22
1.069577243102161977e-22
1.763840162998010160e-23
5.554805187575727170e-24
2.154193515936762275e-22
-1.140125761696804274e-22
3.714171312783056111e-23
1.500563544958975496e-22
-6.460334381185532199e-23
4.102689788310019480e-23
5.380840967736195260e-23
1.311886073167633422e-22
-1.037481303980920016e-22
1.060389601977317947e-23
-1.596700964411289497e-22
-4.804065090968964512e-23
2.925162097344158917e-23
-6.088848460770482753e-23
5.311362342200252968e-23
3.630289273922355336e-23
-1.065893226111250003e-22
2.176948163114053532e-22
-4.036734290078940868e-23
5.441550298789501860e-23
2.766544348475811934e-22
-1.320779819741365329e-22
-8.991990883855314830e-23
2.063823257730804952e-22
-1.888102231256785232e-24
-8.023329731650879156e-23
-1.425316560297347283e-22
2.117041347038379517e-22
2.387368320859247484e-22
2.030413936753596303e-22
5.191105542501167510e-23
6.162677411176968642e-23
-7.803512110283180374e-23
2.369610813014490968e-22
-1.343156998510101630e-23
9.448621495339599932e-24
-3.047744310848596831e-22
-2.795244935608576978e-23
-1.408955372545241807e-22
-6.636407804922002903e-23
-2.693363938030605422e-22
9.888135449680724662e-23
-1.378700330586996083e-22
-1.350238590105951913e-22
-1.408763700830516860e-22
1.909297134354842034e-23
-8.606419047348473140e-23
-3.270325914179206917e-23
-1.001023690877100050e-22
-1.372652172336056161e-22
8.495149477811315362e-23
-1.352014095757547824e-22
-1.683379155886642056e-22
5.738324236121363089e-23
-8.084116975133367136e-23
-1.926870655358979546e-22
1.649690311129133091e-22
1.178718011736685660e-22
-1.870692975476164655e-23
1.972603246497724061e-22
-1.486858693727303163e-22
-2.680799925260416921e-23
3.330716830895730164e-23
6.609132279233763979e-23
1.184679000115474282e-22
-8.316825749656303005e-23
1.746243657753108044e-22
-1.405686331865717512e-22
2.480563593628628219e-22
-1.551293017223447284e-23
-1.064406607316478264e-22
1.938720263786953507e-22
1.067379873874633454e-22
4.709115665631259231e-22
-6.517603321908938447e-23
8.850636288696885973e-23
1.817658000944462557e-22
1.659074609198312024e-23
3.112566665847234168e-23
7.596134583123203889e-23
1.435652434218447315e-22
-9.215867251215305627e-23
-5.685443388704635084e-23
-9.942905533313812258e-24
6.808871785859543717e-23
7.069651241402317770e-23
8.073305276558409270e-23
-1.453969481141874217e-22
-5.429237549669093089e-23
-1.591695903458058183e-22
-1.666570995336100221e-22
-2.743861403143603202e-22
1.527915067601637886e-22
-7.714553335134368688e-23
-6.334528268456644238e-23
-3.037011817945095053e-22
2.103607988795674740e-22
-1.881366261260271613e-22
-4.343626371655139495e-23
-5.493630350369721205e-23
-7.356469330346649930e-23
9.384778928908117776e-24
-3.389871991390248230e-22
7.899387115703311430e-23
-9.087863233433962892e-24
-2.145544425786017995e-24
-6.279855401587285354e-23
-4.996880458472395212e-23
1.359587139058610840e-22
2.103751498893121271e-22
-1.297125432222573231e-22
2.875284123819974430e-22
4.704220478165990009e-24
7.718403302347608346e-24
1.027877400628007171e-22
4.333817896166614775e-23
5.904405568152723519e-23
5.772436538119158264e-23
8.228810350321055543e-23
4.489826370119250321e-24
-3.390632101086306902e-23
1.882653531201687571e-22
-9.204109780111712523e-23
-1.752644979660619808e-22
-9.051892122976356573e-23
-1.779287718335739744e-22
-1.612420156885187104e-22
-3.178117038972760573e-23
-2.511128706812168419e-23
2.530133072282956726e-22
6.612832763467231669e-23
5.969055491879362350e-23
-2.720105481375396801e-22
1.788558481644586720e-22
3.525747716720538246e-23
1.185983727252436844e-22
-6.973665334528044754e-23
-6.118712449862742397e-23
-8.090264946938272525e-24
-9.811929692951999002e-23
5.868696954617863578e-24
-7.627330025100541373e-23
1.472379956601452410e-22
1.717403984164129309e-22
-2.508667582959789138e-23
8.819398683185080851e-23
8.740030704975008761e-23
-3.023049374878588783e-23
-5.368549889274332582e-23
7.851879427534836832e-23
2.303535671602918025e-22
-1.295695454733266016e-22
2.646117910533324073e-23
1.479171200506254231e-22
3.121063275241395209e-23
1.045173613126224527e-22
-2.560210512007725211e-22
1.256736623296364247e-22
-2.389363914012179369e-22
-9.278364341945847995e-23
-1.518701492837951940e-22
1.740220157849471170e-22
1.211488419414558662e-22
8.119210202559469190e-23
2.308645758278490760e-23
-8.046692780150410483e-23
-1.430514151680021689e-22
-5.050910670323439823e-24
2.397585626067631661e-23
-1.421320288520919822e-22
1.116197596909492689e-22
-2.140767294998737421e-22
4.276746240224500757e-23
9.470104656024827244e-23
1.690441053758240923e-22
-1.128369081214597386e-22
1.058958304097436323e-22
-1.031839109572239885e-22
-3.005882889567861387e-22
-1.283428759741523515e-22
8.553145851757193323e-23
-1.163226588949050544e-22
-1.203871285636430622e-23
-6.557147422530885800e-23
-8.187025274428024647e-23
2.114988752089220128e-22
-3.261555368665366016e-23
9.814997102194279588e-23
-1.119623398665780958e-22
-3.975722876944279042e-22
2.132691908461420510e-22
5.656710882073783900e-23
-7.621475698845046471e-24
-2.693924076297123021e-22
1.011564484061827989e-22
-8.576749326071304130e-23
2.644265188499626161e-23
1.057725062241522520e-22
4.525617177548070388e-23
-8.970445236093050874e-24
5.545240932087954086e-23
1.902864294186279993e-22
6.814934351679316905e-23
-2.023746631067318155e-22
1.419458930442299069e-22
1.999977054941506678e-22
1.260637709426091874e-22
1.004122982360840536e-22
2.113288442550786863e-22
5.416658863508035292e-23
2.034410975214951581e-22
-9.052415213912192683e-23
2.274021356100007446e-22
1.361726464340198347e-23
2.660087301349557232e-22
8.708776248711063044e-23
-1.875777533528650028e-22
1.358568671835840517e-22
1.089394769926578136e-22
8.420014527628949067e-23
-1.485841175493913989e-22
-7.913090147226820794e-23
-1.272948458033762240e-22
-7.044769052594866503e-23
1.841375547765740269e-22
-5.115658765678942637e-22
-1.092353749350019673e-22
-1.140321396759170544e-22
-2.051860147913123033e-22
1.062368305469575362e-22
-3.372589154686941039e-22
-2.356501548783101163e-23
-2.290134912116274497e-22
-7.501389070441102657e-23
-3.864329451034761799e-22
8.118214395997928697e-23
-3.355767973703404303e-22
2.426356281903492742e-22
7.778795711952217440e-23
-6.429307802774155952e-24
-8.190972124321171311e-23
4.945457935571643368e-23
-5.045172303322361321e-23
2.833910037191836043e-22
-1.487672697043925315e-22
1.424624170708498498e-22
1.884369078543872991e-23
1.075694311923714946e-22
-2.510898216294700545e-22
2.398650823412064192e-22
1.893682178721903338e-22
2.916805653847749380e-22
9.480161624690880749e-23
7.250923166034842842e-23
1.130786428739792893e-22
6.588846456262788147e-23
7.664399643682579687e-23
1.092373994370751413e-23
-6.028242135563913266e-23
-1.393815058055064370e-22
-1.087273177853559388e-22
9.936795305104506650e-23
1.844611572640061673e-22
9.611296278579065638e-23
-6.646472281821150936e-24
-9.520165744543003405e-23
-6.777985928478456782e-23
-6.637927195865353562e-23
-2.594912752398888155e-22
-9.768820460450870073e-23
3.774605300728653080e-23
3.256554899853128840e-23
1.822327051429585879e-22
-9.162975112771398148e-23
-1.440221339891109292e-22
7.117910687878390584e-24
9.248454020425349238e-23
5.141621661816814354e-23
-3.900582552182312902e-23
1.174118651283297629e-22
3.236527880341037087e-22
9.065341485080465033e-24
8.324899916265768126e-24
-2.838806734884360383e-22
1.387795043963081192e-22
-4.783389449295148813e-23
6.655986733065424275e-23
-9.224878479434877879e-23
-2.998799366425903126e-22
2.337230035183591978e-22
1.334134372408289711e-22
-1.553110696893438378e-22
-2.629386735251734497e-23
-5.824844860209243768e-23
-1.139044641612017644e-22
2.035528141870438507e-22
-2.240112908135003447e-22
7.065739034243003796e-23
-2.847184263377468403e-23
-1.089883690156982713e-22
3.422356976831940284e-24
-2.095725062899029745e-22
-2.559294769588027983e-24
-1.050615428747347552e-22
9.850138967831898036e-23
8.023309117461792979e-23
-1.273704008944115626e-22
-2.157793807508003769e-23
1.478380278360778819e-22
-1.243189734318366049e-22
1.427916348638610653e-23
1.819421743966046524e-24
4.538603058393255304e-23
3.250347333436613171e-22
-1.906614361318856645e-22
-8.757147277269510469e-23
1.613500820279772222e-22
-1.603240257526206047e-22
1.704872494498935935e-22
1.629678410890648352e-22
4.831489725859112769e-23
1.557258217259547238e-22
-3.848117539032686009e-23
-1.106155010047316600e-22
-1.811607047448269680e-22
2.304055716442581655e-22
-1.036495888744051665e-23
-2.473640151530089807e-22
-5.175003102643886619e-23
2.556846722897317776e-22
-1.176004357820244713e-22
7.511464800681619653e-23
1.061784012039444981e-22
1.093809007131871458e-22
-1.709377349085482057e-22
-7.133780006227946594e-23
1.319859799181136129e-22
-6.817181873220862113e-24
1.834271847463532986e-22
-9.105182973332733860e-23
-2.993375045150314329e-22
-8.783865586415493313e-23
3.195268711020653192e-23
-1.973113614950895749e-24
-7.488928719382236493e-24
-1.459537121770683015e-24
-7.149979551838846735e-23
1.401920527319106344e-22
3.178224652434575678e-23
1.401598904216750564e-22
8.412649575141655817e-23
-1.092675315509162746e-22
2.503587398688492685e-22
-2.727622521680336929e-22
-2.450684931531825498e-23
1.557545997909702385e-23
-1.600991139040936375e-22
2.995858974139770850e-23
-7.488344526725512123e-24
5.803218487694867159e-23
6.604034862933762135e-24
2.007344476164675728e-22
-2.236905580813676403e-22
3.748202728338908219e-23
2.939892600937596118e-23
2.711357564728957981e-22
1.104084233125629445e-23
-1.020307370500162850e-22
5.873366462715907278e-23
-8.929412675132877180e-23
-2.300255141408044414e-22
-1.068728074979255812e-22
5.848308911785548643e-23
-8.874327839252065608e-23
-1.367336204697487899e-23
-5.820269634421763207e-23
-8.088369352672821008e-23
2.931036863403932176e-22
-1.117253246582303685e-23
1.481757370706803666e-23
4.435902190607551649e-23
6.885751286226621543e-23
-1.135399907173944577e-22
-2.919501883730395307e-23
-8.040808346429804465e-23
-6.066877455241772941e-23
6.516323352149857759e-23
1.173632266336305255e-23
3.208888717893216820e-23
-2.640226373356664566e-23
5.478067997113984085e-23
-9.800809841899977983e-23
-9.569727260739945839e-23
1.086647721133583035e-22
1.111876426350950411e-22
-1.336778675853758876e-22
-2.992562919260592256e-23
-1.802148307696236621e-23
5.346924004900636028e-24
-3.406541914695584676e-23
-8.945057117643117723e-23
2.046307226462051833e-22
9.607699246034955038e-23
8.212215311904098636e-23
-1.189023188319708615e-23
-4.110858681930322895e-23
-3.459020331631428502e-23
-6.206549291083970048e-24
2.315338866171263962e-22
2.912227524925090176e-23
8.517596741540907073e-23
-4.509602237474955856e-23
7.937893294509253372e-23
-6.897900811700718648e-23
5.867779184349838610e-23
7.164457403698702410e-23
-7.563754785737003162e-23
-2.010365184836311429e-22
-6.467084938903770092e-23
-2.340672135494350830e-22
2.034011448686919679e-22
6.714151674467351839e-23
-8.743001158851785892e-23
9.525471919187929729e-24
-4.949257898468973957e-23
1.641052427842090115e-24
2.344050982311041325e-23
-1.321784403847390852e-22
-1.188609663565347500e-23
-1.600881337323247132e-22
1.464356992266064477e-22
-3.817702672291116511e-23
1.942925407708593340e-22
5.247027666722363165e-23
-5.000739388559593921e-23
-8.598352503255234970e-23
2.261110907166976015e-22
2.224695074527726824e-22
4.336525034789465692e-23
-1.477253738241712508e-23
1.390457885349406591e-22
-1.571770878390925207e-22
-1.193561134333027304e-22
1.753448664684954027e-22
-8.114706193980868660e-23
3.608865657655655322e-23
-2.509592241986045133e-23
-1.163415100642658294e-22
-1.155545912130116443e-22
3.730228263467295613e-23
-1.001125785507192216e-22
-3.406273724740133698e-22
-5.217170981272973084e-23
1.137652561245304843e-22
-1.803326234919156957e-22
3.716035326118034975e-23
-1.367963248533927344e-22
7.224472360663741020e-23
-1.353945926858923270e-22
-6.162170442528792753e-23
8.279126189936492471e-23
-1.819182156753115969e-23
-3.961627353400152955e-23
-1.516838191274059047e-23
2.974113056347980641e-22
-8.520049752796911234e-23
3.082727610177281921e-22
-1.588518921943301126e-22
-8.525522409323460776e-23
2.100306577167648846e-22
-8.331384701767068865e-23
-1.182312716468649755e-22
2.008900780375603248e-22
1.250466520789411003e-22
3.906530872023756474e-23
-1.981470268232065883e-23
2.235442203427825267e-22
1.441874210948991931e-23
9.860086767326940600e-24
-2.369405932370762173e-24
8.166079811190603412e-23
-1.374184710260279677e-22
2.071855853310517342e-22
-5.364299914888121704e-23
1.585225378437197817e-22
1.016329286537610557e-22
-1.011895987972295172e-22
-4.762207727684661545e-23
6.795119545665124024e-23
-1.055420646858766026e-22
-1.003047022803942935e-22
1.347745707691999822e-22
3.221659411977309254e-23
-1.330231191501567644e-22
-1.021669013944817194e-22
-8.658708505805639935e-23
-5.532121027552212215e-24
2.856668438651916971e-24
-2.279038338098090968e-23
-2.969287495414205908e-22
1.454285389774134954e-23
-6.900596524507233618e-23
-5.048337655863751918e-23
7.687186661931128477e-23
5.144803335545032390e-23
-2.044934939359339588e-22
-7.732402684911692875e-23
2.323537866673537727e-22
3.528160294932420563e-23
2.663100303371399794e-23
1.074695568378849683e-22
1.493447361888266879e-22
-1.589101209342496619e-22
5.059174227382296562e-23
-1.353522095144769275e-22
2.248335414847825049e-23
-2.759190950584572242e-23
6.262291393648664669e-23
-1.101424994757781124e-22
-1.906240804771557049e-23
-9.332989223847138892e-23
9.235190763698105967e-23
-8.348189366996431756e-23
-5.058259750212526552e-24
-1.674180006298658090e-22
3.702072619148972681e-23
4.293506977093782996e-24
-8.778793055418672540e-23
4.023838762514112156e-22
-6.939268048749982965e-23
-2.377768307281639474e-22
2.146109041955576965e-22
1.346367083839027164e-22
-4.625073057509140291e-23
-2.616074732362879350e-23
6.408173594881194801e-23
1.168897491863281037e-22
-1.293433498949431135e-22
-5.317678768427792952e-23
-5.844950012688572632e-23
-3.362003143064151585e-24
2.323764467153328545e-22
7.664009595871461581e-23
2.492645540718760742e-23
-2.738685409747977557e-24
-2.519996312534435793e-23
1.154327077780273676e-22
-1.006874130191287566e-22
5.248116036103855237e-23
1.394102794935073874e-22
-3.083251022217522553e-22
9.644293417534386248e-23
-1.309063260262323004e-22
1.672738865778442481e-22
7.762724407947934955e-23
1.491364135874719656e-22
-6.178955074083074314e-23
-4.561902320647225917e-24
-3.143088358929767863e-23
-6.106040537118763480e-24
2.875652874366062508e-22
-1.994081180050361887e-22
-9.237824951514068418e-23
-1.588122935849593169e-22
-4.280052296549341656e-23
1.164713996441826086e-22
1.968011079519615484e-22
-2.672728522642205154e-22
1.451632645236719149e-22
-1.285842501458865084e-22
-2.022505572628264920e-22
8.003031155624354582e-23
2.873562639283186477e-23
-1.998488636508336567e-23
2.356476593198811328e-22
-2.881070858146835827e-22
-5.876783729971137622e-23
-3.675110679114867851e-23
-8.509826790411148109e-23
-1.615976150278588245e-22
-2.740003808783960032e-23
-1.042971524057360549e-22
-6.043075422657794162e-23
1.374010372483097519e-22
-1.225063618420941723e-22
2.150612725167963894e-22
-3.799151934005216290e-23
-2.074017032060400160e-22
-6.275178387265222136e-23
1.695458687332561458e-22
2.341738943919555488e-22
-1.192096317823535319e-22
-9.924471215931057467e-23
-3.479776345525051155e-23
2.060342448997972087e-22
-5.483671150135670318e-23
2.510826119763473289e-22
1.055983565834144392e-23
-9.887851613156364172e-23
1.855752200238642575e-22
1.607997416532150626e-22
-6.495360501192377040e-23
8.431502754117602465e-23
1.546593754026799039e-22
-3.642216878810984240e-23
9.396428995694966805e-23
-3.611380632130329286e-23
-1.319752034376046596e-22
1.012600276383498102e-22
-5.249266125583080376e-23
-1.155105351401917349e-22
2.277406778339906397e-23
-4.772356884343102821e-23
5.984735138038164510e-23
-2.501786843819942489e-22
3.224739398976088737e-22
-1.663805912182681191e-22
1.026668124679844723e-22
1.594468319639151432e-22
-2.270639756306037298e-22
-9.991231181885666409e-24
-3.822125038220642442e-23
2.877071112559415290e-23
8.263755826820559389e-23
-1.271276292202626230e-22
6.238304911149760433e-23
-1.468576101101912586e-22
1.623053483004195461e-22
-1.611120086532869185e-22
-7.566626381759007537e-23
1.111313310657407229e-22
2.371359507418215785e-23
-3.056510466085708678e-22
3.168346849369375552e-23
-7.751401203449131084e-23
3.937879463884353435e-24
-1.874216709323586587e-22
1.457494576271475156e-22
1.957755642591030082e-22
3.788052860551471595e-23
1.315125418453102968e-22
7.581423381770524071e-23
2.037080347305639326e-22
2.790896472171778926e-24
-1.131894644897658096e-22
3.463823858455656142e-23
-5.103241698836364712e-23
6.408710328961063345e-23
-1.997760086359200099e-22
1.390028563251189663e-22
-1.184683171010436024e-22
-1.760980850584742088e-22
-1.268378052224926006e-22
1.418115393389057688e-22
-1.388848891504875324e-22
-1.704061376481226695e-22
1.449408637517902049e-22
-2.707346225298328410e-22
2.719117949407573632e-22
-1.606604069358210460e-22
1.128041595471418541e-22
1.343761650060650074e-22
-1.653263095309480790e-23
2.257946762626857302e-23
3.363558819919206594e-22
-1.799233124005128292e-22
1.376476180628298503e-22
-7.613750779006467988e-23
-1.420872211414094755e-22
-9.791321623417963741e-23
1.905442527939903786e-22
-1.011849923441730995e-23
4.436010100025335061e-23
-8.361673462157100700e-23
-1.362664799375837811e-22
-1.182900936303695941e-22
7.199304062767709739e-23
-3.070668072371637335e-22
-3.080035812788266998e-24
1.968349794247632112e-22
-1.206820580098931454e-23
5.289329436720222157e-23
2.526481146313781817e-22
9.395166116249970335e-23
1.455250159117113681e-22
1.345803708671266969e-22
-6.752820710261123761e-24
-1.746619572795338605e-23
-3.639563106117384130e-23
1.467187547727940725e-22
1.561566246586323254e-22
3.044424391521663449e-24
-2.277238888502148234e-22
5.771339761606446653e-23
-2.099260306403731185e-22
-2.579358094249414970e-24
1.013749694379674656e-22
3.792787895900062429e-23
-1.135172063707142038e-22
4.432088501011886187e-23
-7.380500367900781939e-23
1.285084381169607022e-22
-6.738083089553623572e-23
1.703497557161325889e-22
-8.340843825478570063e-23
5.896440000740407470e-23
-3.416554668765392659e-22
1.547409919387150278e-22
-2.585591640980775145e-22
-1.965238698294507841e-22
2.512075351583478721e-23
1.408758067457696794e-22
-7.567645041043760122e-23
1.345359892146933433e-23
7.018565493829601145e-24
-7.598208426053930773e-24
1.367748809294588228e-22
-3.021201851600770311e-22
2.334253204233257861e-22
-1.645748198585346332e-22
2.562728585313202725e-23
-7.390325941540746731e-23
-1.817592688558715917e-23
-3.003837088515053311e-22
6.240540519549392703e-23
2.795661061814632491e-23
-7.364257288448009111e-23
-1.206232048498370529e-22
3.901894254642998164e-23
2.048205498636176684e-22
-5.839177526593860643e-23
-7.213341079393606749e-23
3.307906174590538877e-22
4.261558621902567090e-23
6.427995107381039142e-23
-1.514292396733615185e-22
3.894189182421354147e-23
9.976082064271698147e-23
-1.050233640098562748e-22
3.539032061487808896e-22
5.039337043953436852e-23
2.208973834411723325e-22
-1.432581921023859952e-22
2.314822806271652412e-22
-6.722567419314463948e-23
3.902489569121546112e-23
1.037902944075203643e-22
-1.904865341850117261e-22
-4.896665307601918389e-23
1.528555657830671311e-22
-1.104285804426538424e-22
8.740784452986414807e-23
1.158796451492001488e-22
-5.905255286803974056e-23
-4.975293760273418956e-23
-1.175723780306641539e-22
-9.090474511640755346e-23
8.265574407288479373e-23
1.598428499149086186e-22
-5.909765518507907706e-23
-1.242561307760781170e-22
2.955604171163970442e-23
-1.469661364165498254e-22
-6.255248356303478830e-23
5.792204146797775624e-23
8.905389091234712567e-23
-4.314610759124785200e-23
-3.419258663862474672e-23
-1.696430392842921989e-22
9.110012470317002302e-23
-3.224605301846807037e-22
1.392244744372141177e-22
-1.118489646023179773e-22
-2.115123841146471104e-22
-2.949881027166145011e-23
-2.055771928084095781e-23
1.179018515736765800e-23
1.225753000983461819e-23
7.294131278109153468e-23
-1.252309898155053402e-22
1.253012889459762352e-22
1.219806373643049939e-22
1.365595697921486758e-22
-4.980580932532829071e-23
6.923667110658654141e-23
-8.239408909507263209e-24
-1.436127225327565754e-22
2.063777116616659099e-22
-7.524166335215429343e-23
1.775006245412858789e-22
-5.787618186822280999e-23
1.433860420240890143e-22
-7.482910963874429728e-23
-1.501803788167094168e-22
-5.478475758409965190e-23
8.949990491977283091e-23
-4.892822382830298273e-23
2.756967608624471615e-22
1.000444842032447677e-22
-3.918330970303813795e-23
-1.553470093024456635e-22
-1.326870914700299746e-22
-1.438118621837804331e-22
-1.467493369061893473e-23
6.484314725100057522e-23
-1.344589021825473766e-23
1.593941105998357867e-22
-5.769249041591344326e-23
-2.097014006834625226e-23
1.755641198044404372e-24
-4.944110661288487469e-23
1.318561451650641346e-23
8.337868757408769040e-24
1.470586638860102085e-22
2.024998848713380439e-22
-7.335255561839253856e-23
-2.099019230161094552e-22
1.212025833585706028e-22
-1.127352731125104461e-22
-9.119152385404507897e-24
3.026243250795553098e-24
9.435351343420783760e-23
-6.922595133636337401e-23
1.128435523572536588e-22
2.859559014417619616e-23
-1.933312904202909018e-22
5.227486818125348646e-23
2.234870755191630590e-22
2.702580609437557649e-22
3.544137588737116559e-23
1.734548745714344314e-23
-7.307036341057206531e-24
4.565950304201251330e-23
-1.807790902245744889e-22
-1.108945465654335866e-22
6.237532360070108753e-23
-1.250714515591585418e-22
-1.794589666672566717e-23
-6.697602766844421198e-23
-3.000591287451118964e-23
-6.783011422985912477e-23
-1.548281005102021861e-22
-2.687541511264727394e-22
2.161357800450884335e-22
-1.643928358974523244e-22
-1.224370778725477465e-22
3.647928829703084258e-22
-4.868447411713785725e-23
-1.139167367743172312e-23
7.603653480125711384e-24
6.349047091221663621e-23
1.918185205155619097e-22
-1.518293832601944030e-22
-1.645595289469230982e-23
7.035173256274535105e-23
-1.560088831700929776e-22
1.211344683895914395e-22
-2.181768645559939406e-22
-2.140805209673296969e-22
7.741328218999143449e-23
-2.553075231905499384e-23
-3.165858484080614251e-23
8.013166700362247309e-23
2.929475643597699688e-23
-1.506197283813961102e-22
1.937224258631172877e-22
-5.097467942306642201e-24
-4.574233198752900132e-23
7.517172096128200426e-23
8.695593894879274231e-23
2.777648717061051757e-23
1.671105901300030984e-22
-2.745097674443644269e-22
1.653926576845988075e-22
-1.748472781177109376e-22
1.766004082719049725e-22
5.892891118995274376e-23
5.143028291011332124e-23
1.070900541167850764e-22
-2.033789393208834340e-22
2.821809398768035568e-22
6.284072962140108965e-23
1.863124526477021326e-23
-8.349416737483536185e-23
1.419751415263215588e-23
1.628261985220101676e-22
-2.732407939498148989e-22
3.103666663931308128e-23
6.593592194066579801e-23
2.166522761260171846e-22
1.971381144351791882e-24
1.083383247027129396e-22
6.787737609163304559e-23
5.544419077286443971e-23
9.208309883653210653e-23
-8.060404331986871220e-23
2.018505536811385673e-23
-3.706749448616194406e-23
-2.185637466361683844e-22
1.644369499863185915e-23
-7.133206825741003183e-23
-3.114852984550303963e-23
-2.272279634845526743e-23
-3.106337628074766936e-22
-8.527026781929899528e-23
-1.231615415808872304e-22
-8.646282284318546434e-23
-7.271709587696143342e-23
-2.749917594405776513e-22
-2.866553356665263449e-22
4.283938408567150213e-23
7.882141487256982132e-23
1.152342792196555021e-22
1.447564927950042817e-22
-8.595272807138736857e-23
-4.299777823586504679e-23
9.265966258265329187e-23
-4.611611965305326349e-23
2.165743996116001650e-22
9.817390489398817356e-23
2.129608279015722324e-22
1.269197899407110025e-22
-1.871196938291365844e-22
4.427307389296925647e-23
3.404137755153867733e-23
2.241678491825486056e-22
-7.508426683522227147e-23
-5.587507373612671850e-23
1.024861631633387149e-22
-8.470620559472468572e-23
-4.079015646303355015e-23
1.751847163923128490e-22
-5.954191508817573053e-23
-1.354726248392919692e-22
-2.374865952961618347e-22
4.099111563541298802e-24
2.294591687431654972e-22
-7.535573465542528147e-23
5.215702309384543686e-23
1.253167193818545537e-22
-2.413046102230678713e-23
1.105840361171323338e-22
1.840027455157503468e-22
7.295659766862087424e-23
-1.274390238449347716e-22
3.904094401830979688e-23
5.946050804332255961e-23
-2.839535929952911823e-22
2.458279819057248358e-22
-1.509406652953466523e-22
1.617324890142242225e-22
-1.687451212753745085e-22
3.924279110822006056e-23
-1.594623692539732096e-22
5.351139217495734913e-23
1.425156414748483561e-22
-7.547447312614499303e-24
2.685448839717130308e-23
-1.685497645110140525e-22
-5.124284293177846003e-23
-3.730828920137789764e-23
-7.425631875241583311e-23
-6.384848007151059620e-23
-4.229041302596335541e-23
-4.176397916930127727e-23
3.097710531174777429e-23
-6.163619429718049489e-23
4.049160061639650274e-22
-4.427064557473500607e-23
-3.359452933495766329e-22
5.022234478634663943e-23
-1.616007897306850659e-24
-2.630071616551769617e-22
-1.253403595051550274e-24
1.078431702598996872e-22
5.365662828026605174e-23
-3.383767787230894866e-23
9.907429517096104485e-23
1.387601001047127039e-24
9.930185574203455948e-23
-1.065346639127111345e-22
3.166419292829387115e-23
-1.366672431022112005e-22
1.354647719941494971e-22
-1.666041773190767015e-22
1.027362614221251925e-22
-2.841056494918109853e-23
2.730640886347521687e-23
3.745311800056173071e-23
2.221655106400507983e-22
-2.272800423974936949e-23
-4.201138581670163566e-23
1.370295420547207083e-22
-8.143430221043378677e-23
1.320289925291463810e-22
1.536340787026579086e-22
-1.078040975015265648e-22
3.515216071763402844e-23
1.280848417028332955e-22
9.627942006374859526e-23
1.361806705212882602e-22
-2.188860168832296644e-22
-1.705118396071539259e-22
3.767316583529543386e-23
4.775407256036857870e-23
-4.589223870328699961e-24
-4.768164357087919282e-23
-1.069833793686953587e-22
8.812399105361046856e-23
-1.285856764904178921e-22
4.480945840997921774e-24
-3.071840484554984974e-22
-5.033070791924420551e-23
8.603471234368190625e-24
-2.111406255198455413e-22
9.410518656834166387e-23
-1.607757126280094757e-23
7.529092796333013768e-23
-1.022785654190033671e-22
1.705826325726098321e-22
-1.462512269947773542e-22
1.548030146785641590e-22
-2.467414382915772925e-23
8.206895173694423439e-23
-5.238903492851334139e-23
7.058464579476870323e-24
7.392140616442632173e-24
-4.295659538695866200e-23
-1.535251132522992805e-22
8.220541565818963071e-23
8.265156500997116823e-23
-4.325927381990525726e-23
1.269316084521287934e-22
2.388383620871442213e-22
1.054506535013549812e-23
-3.057554545030475118e-23
2.433274920597776299e-22
9.029104895654170957e-23
6.152597707169592565e-23
4.902754060102745992e-23
-3.009326150501368616e-23
8.103534539056431014e-23
7.938330757951288811e-23
8.549598182118689591e-23
-2.101177701561648587e-22
-1.646700242094026140e-23
-1.110736730991496814e-22
-1.424416583570411345e-22
-1.041369356233162741e-22
2.068883954317064288e-22
-5.110713891645974983e-23
-2.226737806929638151e-22
9.319821276893142660e-23
1.182518047081455778e-22
-3.909433129489079962e-22
-5.014583227251520368e-23
-1.074015946057687764e-22
-1.079923561177968461e-24
-1.330713160866704995e-22
-2.657557151893347891e-23
-5.891119548933308564e-23
-2.059637316766445353e-22
1.010988586097651046e-22
2.186385126907338127e-22
-2.996708226817382392e-23
-3.901660686525613268e-23
2.701669174767984955e-22
2.008090605320221981e-23
9.484561350597881535e-25
-1.559483263293491617e-22
1.083510801047878066e-22
1.665456354328233112e-22
-1.201259045320885363e-22
-8.509438385713025423e-24
-2.188604186887456116e-22
2.380790236683205317e-22
-4.004833228073939161e-23
4.167523686377275100e-23
-5.889950916891369131e-23
1.793449669219033517e-22
-1.129093341937772328e-22
1.173249426839197761e-22
1.164040307363714839e-23
1.344151014408178266e-22
-6.458848192460034411e-23
-1.362011767988982465e-22
-4.597233941563335779e-23
2.102952228762783452e-22
5.377547194505551162e-23
8.888007535058420269e-23
-1.536177923750228842e-22
2.417458253305520130e-22
-2.078225310650004989e-22
-2.712873009877836863e-23
3.567767095900822474e-22
1.001655212056336026e-22
-3.568129179856189773e-23
-8.023593399816383735e-23
-6.423714465187244733e-23
1.351190165049771064e-22
-1.763796547409326752e-22
-1.780898453065414136e-22
2.487888240315964321e-23
-4.419966661583730419e-23
3.472384242307918452e-24
-2.948672958324970082e-22
1.486752972612354535e-22
-3.071954578266898705e-23
-5.416748301706034753e-23
2.012240309865759958e-22
-2.710202107789245344e-23
-1.675794934472830097e-22
-9.056305332455425805e-23
1.992177898295830550e-22
-1.583650786646644739e-23
1.090487583945864418e-22
-1.146923342873739390e-23
3.412653718545088899e-23
-2.881145368268892346e-23
-2.947809080306390355e-22
3.243382500394948187e-23
-2.729206610954999229e-22
1.107887726424180028e-22
7.057327707493916581e-23
-2.482268534875399067e-22
-1.909289070351439420e-23
1.397491285255730833e-22
-4.429957282605687381e-24
6.259043633460156362e-23
-1.360970460621130967e-22
1.298217597422590510e-22
5.645824421576753502e-23
-3.417441945929144813e-23
-2.238948336410316247e-25
1.334301400235668864e-22
1.494749392060720630e-22
5.045494582925683464e-23
-9.145326448420102712e-23
3.036519311091116404e-22
-1.845867111278579680e-23
1.091774356846301819e-22
-8.125436272007463368e-24
4.317307090834602465e-23
-1.507039969073476721e-22
-1.517064790128965670e-22
-2.955606382205867817e-23
-3.270496787035206268e-23
3.302348857641972894e-23
-8.294432452050004032e-23
7.052846576949069146e-24
8.144647114534074919e-23
-9.151761501363515337e-23
-7.717537463172851299e-23
2.901009109322585139e-22
-1.309727900287292348e-22
-6.047420290194285442e-23
-1.521729480467633255e-22
4.614631951118518852e-23
8.591690354573045041e-23
5.433161490551488070e-23
-1.099275441706025765e-22
1.889741028496063534e-22
1.329149437815948767e-22
1.504784090009442253e-22
1.184800874996170277e-22
-9.653857509597323355e-23
-1.213625171216480550e-22
-7.758145151487712780e-23
-8.394867407782056236e-23
5.318816501842880989e-23
-1.026628555350708816e-22
1.212248823425986145e-22
3.349015385743654188e-23
-1.050843626730956740e-22
-1.580369986109481598e-22
-3.852677727127815062e-23
5.004215857196499973e-23
1.763842841776824496e-23
-1.166673387416531315e-23
1.476539141259062222e-23
-2.860976552025311386e-22
8.975776785312417626e-23
8.333149435379338356e-23
9.298902845398186463e-23
-5.611021463867527342e-23
1.901507523928589890e-22
-1.127494521031955585e-22
5.203885565363514086e-23
-6.001543374222503985e-23
-2.527747025923849777e-22
-3.731454031403186664e-23
5.328513449148538927e-24
-1.838576519194243305e-22
2.847608792755445734e-23
9.038735770432223243e-23
6.093119548614380579e-23
-7.402327846019480091e-23
2.513504649600478475e-22
-9.816483826653602344e-23
5.294984179784541070e-23
2.402015305501956323e-23
2.800459688429996157e-22
-4.421310930108544930e-23
-6.181850687142177467e-23
-1.600969727419210313e-22
3.027282063538037548e-22
7.249095464194959670e-25
-3.752530672129468997e-23
-4.410256733231221687e-23
7.428035890067960915e-23
-6.715350339530798892e-24
1.519169114230119142e-22
-3.425084666014957091e-23
1.059723906459542761e-23
3.081675226949643202e-23
4.908707423736987087e-23
5.613556785964201386e-23
-3.761673415171144264e-23
-5.709639122510225286e-23
-6.865278171599517059e-23
-2.327331177398980767e-23
1.733535008190782749e-23
-1.585140102573588399e-22
-1.301075053236687380e-22
-1.034476585056473021e-22
1.591271942786756285e-23
5.514308799434707490e-23
5.570173858508579447e-24
-4.756096752517781555e-23
8.769708186052744262e-23
-2.265643406629073463e-22
7.726665796210751262e-23
-3.822875116684874773e-22
-1.406190031401499404e-23
1.323686485331455001e-22
1.178918852987235557e-22
1.039470817381798570e-23
-9.698303652382201716e-24
8.015535914297021995e-23
-1.001470685644636301e-23
7.936269028052732523e-23
1.171222912485046230e-23
1.715543190954538648e-22
1.961462031659661642e-23
5.425500260769303944e-23
-1.356365455457205801e-22
7.930648427964825020e-23
4.022164066662903139e-26
3.520948971987199195e-23
-1.782331172255205457e-23
1.289028717925487661e-22
1.090124917670232590e-22
9.009410901680223322e-23
6.694872880897405233e-23
2.160077836381186901e-22
-2.951133421412115259e-22
3.866093056788872218e-23
-3.120979293396997025e-23
-2.112158317295967093e-22
-2.088701968787226836e-22
1.835163661775816373e-22
-4.156116605812737176e-23
-1.464508852413545837e-22
1.921780340175829171e-22
-1.857430379307120136e-22
3.020703347854484414e-22
-7.153163389799210162e-23
-4.147838729531499066e-23
-1.426036777955373335e-22
-8.443226334362814772e-23
1.063980203094016181e-22
2.567432540570581965e-24
-7.752586941653536328e-23
-5.515635304189989375e-23
-1.327807534306346070e-22
2.644912025173063724e-23
-7.430908853275647609e-23
1.593098851541606336e-22
-3.416397950408049417e-23
2.231017986923530804e-23
-9.663426079740924437e-23
-5.752178154572058808e-23
-7.076080951988362749e-23
2.219642810113486636e-23
5.025723170715968354e-23
1.498591021141942711e-22
9.958417139204944347e-23
-1.165108304590534051e-22
7.004107772998350874e-23
-1.068864695794577229e-22
1.463334268285895213e-23
3.174179181960594166e-23
-1.786782052136812057e-22
-6.895465106340835070e-23
5.550777272424745359e-23
1.127381896952798571e-22
-5.351353113020642059e-23
2.408836455070122606e-22
-2.629654692887804382e-23
1.474023055091231006e-22
2.434480175435412507e-22
1.965781919043616324e-23
-9.820852951375864047e-23
4.479522294017329189e-23
-3.308287021419258716e-23
3.401668796248429064e-23
-1.993066234542659329e-22
1.409559851941477437e-22
5.664876601437213608e-23
-3.687196509525073985e-23
-5.682458641482793939e-23
5.988351622872474849e-23
4.998758423206300671e-23
2.483237766225899073e-23
-2.928889576367013194e-24
-8.303651779245826947e-23
-4.699503442825090502e-23
-3.500463426269660388e-23
2.698089047228648394e-23
-6.175830401427478730e-23
5.074941750111764953e-23
1.083115526684493228e-22
2.044164404681962433e-22
-1.280233806496495341e-22
-2.464745828771835810e-22
3.527409148971643269e-23
2.915040047528859305e-23
-2.021843986031610072e-22
1.270486767867463188e-22
-9.895902738433692851e-23
-3.463925911618671046e-22
2.288467425692541544e-23
4.892133559043810801e-23
2.704648413551332971e-23
1.698856374152931748e-22
-2.065369309030917582e-22
-5.183055781026849840e-23
2.980043540688618583e-22
-2.504876612283277887e-22
-6.070804895103269230e-23
3.942817419770693565e-24
7.942719625962760562e-23
-1.343053244481834503e-22
1.397949794588773325e-22
-1.415438773971546884e-23
8.986249100750693502e-23
1.752245785920855206e-22
-1.816890015448394352e-22
-4.457592312754848380e-24
5.809324878138872682e-23
-4.298391623664374141e-24
-1.178387827991363044e-22
1.768409154873184084e-22
-1.837301497797984812e-22
3.087938505174743783e-23
-1.562536352667831904e-22
2.591753393090927058e-23
2.229662251392352527e-22
-8.740313391740457144e-23
-9.233662674078099259e-23
9.794729919862651001e-23
-7.048811471937053576e-23
1.240116742009024802e-22
-1.151920494344759640e-22
1.291331531114565261e-22
2.711076587818233322e-22
6.608739862183635064e-23
1.844080510416254859e-22
5.973906597332018190e-23
-2.516980306461375151e-23
1.689882408657376184e-22
5.933492892918041402e-23
2.113650809835962440e-23
5.197182941265479292e-24
2.050042522797698042e-22
-8.300697965764899994e-23
1.503007771711250215e-22
-1.676413590954617035e-22
-1.842813757053680913e-23
8.064749514022014218e-23
-2.239538220564611662e-22
-1.281013342524683929e-22
-7.829228161397229285e-23
-1.339881334655750402e-22
-1.471533658111046677e-22
-2.852890533780865551e-22
-2.613939404799999131e-22
2.099030660041194639e-22
-1.921047590977803720e-22
-7.740692090910917551e-23
1.283501155686293359e-22
-2.306080362107725014e-22
9.100114447527468359e-23
1.476229937820087302e-22
-9.988963905867812524e-23
1.497296663461783710e-23
-1.676953541381413406e-22
4.655712935251230982e-23
6.131191489208444997e-23
1.061360544310616940e-22
-2.427537826242544476e-22
1.682650419123185562e-22
7.620494449777470839e-23
5.151448767997934653e-23
-2.171841917765715904e-23
7.254185774852610784e-23
8.224756610238196372e-24
-3.792852349545519456e-24
3.028458414352486550e-22
-1.473516238337150329e-23
2.757217642030707584e-23
1.217582785675334291e-22
1.509127304995466672e-23
6.591371237054118464e-23
1.553894655646115272e-22
4.510948248460492517e-23
4.010417438435286789e-23
-1.512301381041227067e-22
1.114955869490690960e-22
-6.567346579534310432e-23
-2.565106873967720140e-23
1.759277971830730858e-23
-9.231295332696243979e-25
-1.452751094194818310e-22
-5.513190527627391620e-23
4.741037388028503107e-23
5.516277713558949683e-23
-1.973709914828230810e-22
6.622338054235518533e-23
-3.080261281711547486e-23
-2.414776865882206260e-22
-3.041640002143568997e-23
6.981193017513913810e-23
-1.780876690952335498e-22
-6.504326627681661969e-23
-3.425608145587227103e-23
4.126964241091456068e-23
3.777384671621576666e-24
7.522256509942423076e-23
-1.763186030155581340e-23
1.449385682415876516e-22
-1.850629763047937046e-22
1.144802800489070621e-22
6.700423955594373226e-23
-9.581414817976962579e-23
-7.336034621152630484e-23
1.757549204961025973e-22
4.279990995427983092e-22
-1.282207099352112310e-22
1.848634957394567319e-23
1.482928614755360435e-22
-4.017690176325919229e-23
1.891646901003278582e-23
1.040120475189498852e-22
-9.960994155144351348e-23
-9.857595596292503321e-23
7.900698027318075302e-23
1.111240895488497212e-22
-5.440788899850997952e-23
1.358981301070855986e-22
-2.126566220211133282e-22
1.480389720716086491e-22
-2.075357966592343204e-22
5.402773787093332395e-23
5.892325648094743386e-24
5.194052957429831819e-23
-1.168451793539861424e-22
-5.905309078540346493e-23
-8.505928569250635847e-23
-7.220339844214331454e-23
-1.072836934372604433e-22
-1.150311113779317763e-22
-2.350839165070227564e-23
-1.612301348568940870e-22
-2.560210118011396535e-23
-6.026474684762766883e-23
-8.163895352213870402e-23
5.273109340261262867e-23
2.659718510844907554e-22
-1.161125402539498024e-22
-1.940228272978239359e-25
7.056427504605644174e-24
1.041949344477664563e-22
-1.040855969689259133e-22
1.563286068879590574e-22
-6.112101516734384704e-23
-1.039914365159905413e-22
5.697103675459429758e-23
-1.297900993045442013e-23
4.813257833711620326e-23
-2.019229457424344834e-23
1.106693021193180929e-22
9.075070299893007980e-23
2.303261897978097186e-24
1.455729208484350845e-22
6.093561925893085047e-23
-1.730842868980318738e-22
9.744137213531778625e-23
-6.092134426410715277e-23
1.290734462212017497e-22
-1.089612199644359047e-22
7.267870136988256522e-23
-4.961329844612169283e-23
8.345921543158163647e-23
-4.146285166075207406e-23
1.264769232967630670e-23
2.206137039716802323e-22
-6.487587971304928279e-23
2.920417981013914168e-22
-4.900176348242162872e-23
-6.447540212279361616e-23
-9.491944712529567345e-23
1.586355943089834856e-22
-5.053724694179070523e-24
6.044570443906078234e-23
-7.262240577202744974e-23
-2.031328503252049944e-22
8.781163940222598468e-25
3.344024318392966571e-23
-4.379759732451860881e-23
1.637712426521996248e-22
-5.299532700051200708e-23
1.613207009039165597e-22
1.799978744771194698e-22
2.590161855862333814e-23
-1.129404459206390944e-22
-1.101629549971410552e-22
-3.773198050736393389e-23
-1.140428656456996733e-22
-1.703603605644098505e-22
-8.246856419960719094e-23
-2.760719075929905860e-22
-1.541702442200895364e-22
-1.956420901924236006e-22
-2.146073439718769159e-22
4.612204896771457470e-23
-5.036417254595820085e-23
1.308621296220873209e-22
-1.708876822489483234e-22
1.034177350630751344e-22
-1.531042682334692785e-22
1.739476549384213989e-22
-8.363378964621893533e-23
5.145740410851540666e-23
7.838868900568063287e-23
3.347627479027172079e-23
1.374271716449714579e-22
7.954354551501923381e-23
-2.593429196216280866e-23
-9.422811519395628153e-23
2.294136402882244760e-22
-3.283484626081002721e-23
-4.621490620590603067e-23
-8.217443342588214972e-24
1.555560367823014329e-22
-7.235904718222326652e-23
2.286533465093015205e-22
9.273650177565429455e-23
1.277893727826100850e-22
9.011708742004280051e-23
1.617260768852709907e-22
-7.507829190567291757e-23
1.280729829194520644e-22
2.140618632231849140e-22
7.189868446021707751e-23
-1.052172101626072041e-22
-9.444469376378606949e-23
-1.331908700426658395e-22
-1.329515515389808780e-22
1.559053143925614039e-22
1.576019339768299045e-22
-1.412630384467382786e-22
-1.714061937262391179e-22
-9.240255420299685383e-23
2.725317935152525090e-22
9.219430532352163707e-24
7.497186357744977932e-23
-9.958947476970643295e-23
6.439241201434665886e-23
1.294900096930443626e-22
-2.522650509415562827e-22
-1.373044273617976655e-22
-9.544718194816598552e-23
-2.050334325711763085e-22
-3.741460538893357407e-23
-3.087344866493622307e-22
3.120152709609464035e-22
-1.585600680754141886e-22
1.271369184092464248e-22
-5.499478053400470160e-23
1.106872595077327201e-22
-7.021840879190823100e-23
-2.659081805169086688e-22
-2.738563961665138161e-23
5.013534956976709220e-24
-1.319424790464894560e-22
9.910025902947828839e-23
-4.086989371598137671e-23
-1.707494768763479420e-22
-9.386329233789786150e-23
8.649073316672313573e-23
3.232980806521273875e-22
-4.829022299982080244e-23
3.016595170619224737e-23
1.864801410481864859e-22
1.220951377728890818e-22
1.703840804760488433e-23
-2.783800456143392060e-23
1.517111744830170367e-23
5.898430416310140960e-23
1.204290540107017477e-22
-2.117425297929715699e-22
1.735209416747255678e-22
-5.261248087898841840e-23
7.525189098916672967e-23
2.067488895873306444e-23
-2.472361323844922370e-22
1.137477252180945066e-23
-2.313768105382320858e-22
2.386367789321827963e-22
-2.376310655380684982e-23
7.105642602901927687e-23
-1.581178927736947697e-22
-8.888573170279066069e-23
-1.278696920164904528e-22
1.928782253714006899e-22
1.296148322795358826e-22
8.001474223127792122e-23
1.455587989753509100e-22
1.679563250043088983e-22
-9.699006759812653993e-24
-8.663859885914959781e-23
-6.484750514721161381e-23
6.735943243907798557e-23
1.409124714745178804e-22
-1.662369598907614907e-22
3.036529797613597508e-23
2.503578542829461294e-22
-1.710519631545297645e-22
9.959565582528465714e-23
1.218474420422491712e-22
-2.469908355044679320e-22
1.568704338782431989e-22
3.093221054284835774e-23
-4.547049413227664287e-24
1.266594784192584771e-23
4.250673932710727889e-23
-1.575823461128678655e-22
-1.597864562598677432e-24
5.499332303542520209e-23
-2.083808371920264125e-22
-1.203828310142672882e-22
-1.589948463459792286e-22
-2.700537119450288455e-22
-6.776582429588621674e-23
1.152649087309582891e-22
-7.973678504431275672e-23
3.902235911087000188e-23
-4.849970884195145352e-23
-1.366539210036128759e-22
3.812342205874346327e-22
-2.423121564335111240e-22
7.476859964019578003e-23
-7.358378441847236551e-23
1.072506214443156936e-22
1.958973887193771300e-24
6.607851757787514488e-23
4.992246418446847916e-23
1.099873973926445053e-22
-2.514581506485323225e-22
-9.349700107454957420e-23
3.040416009872547176e-22
-1.018941070911029859e-22
1.986346309706533784e-23
5.024382236609055267e-24
-4.014641088296162267e-23
6.943592793585244796e-23
1.216455007059931971e-22
2.229111510011063785e-23
-1.940161957225924038e-23
-2.153487602120864637e-22
2.145662390128181533e-22
8.818058153381406997e-24
4.938430200506369111e-23
-3.965434521706168061e-23
6.455145479641809710e-23
-4.901726872286235914e-23
3.026549947140351499e-24
-3.078443368705192012e-23
-8.910232977482681934e-24
2.089503758688024225e-22
1.142108710779002397e-22
-6.743932137934533755e-23
3.286386594087318000e-23
-1.051652768311830991e-22
1.798068967927620814e-23
-3.536111270978573481e-23
8.050987605222698626e-23
-6.624452804219573968e-23
-1.141627082534923331e-22
-3.905471313313662717e-23
4.522140672586926580e-23
-2.556463512533600348e-22
6.394530670885676014e-23
4.824645822565451686e-23
1.737242109993178196e-22
-6.289485458567226860e-24
1.114562091471845532e-22
-1.090709766734850266e-22
1.473623786754017909e-23
-8.106217488771864603e-23
1.869689196282273012e-22
-1.010812966720825432e-22
-1.288248922830953916e-22
1.299521522162171184e-22
1.568149989547109115e-22
-7.587678260459640866e-23
-1.146861479527373015e-23
3.545712951244139882e-23
7.569463843405193670e-23
1.911185212464783518e-23
1.187260749887498752e-22
-1.136883413084703474e-22
-1.043467208098684469e-22
-1.923357502197168857e-22
3.263901721085293512e-23
-9.031035964682211053e-23
-7.012545838323637407e-23
-3.912276735406430889e-23
-1.880371140999371712e-22
5.504035779372918039e-23
-1.492748084896300716e-23
1.225335594321129061e-22
-1.031042275892119049e-22
9.944401713876516203e-23
-2.835785171378619254e-22
1.742795876453241081e-22
1.955186093693926423e-22
1.882670734694137005e-22
-1.190013884211706821e-22
9.329375568757293755e-23
-1.945083613874918236e-22
-1.031547239560579493e-22
7.869064019977640195e-23
-2.222995356981259004e-22
1.192210300273742889e-23
-1.441234227580732306e-22
8.564607880879623301e-23
-1.838776949606565453e-22
1.361564771822696658e-22
1.869860082592826008e-22
1.921565644959017499e-22
2.572547429123624829e-22
-2.678625050778833604e-22
-2.226364738810358978e-23
1.930687379211916175e-22
7.279942337264486664e-23
1.722664571309423470e-23
2.731532527948467453e-23
-4.380176575555698689e-23
2.568602801200801816e-22
-2.034550331605737641e-22
7.716912452195570145e-24
-3.053400315003583834e-23
5.715915816148125851e-24
-3.700823371732397707e-23
-1.222711276118786820e-22
1.733423390986675477e-22
1.712722572417199150e-22
-6.425054592858433621e-23
1.290390185919943101e-22
1.446724274524979086e-22
-4.219338472994501013e-23
-9.234094521905558807e-23
-1.324344283817665739e-22
1.416567322164228830e-22
1.464686003858119883e-22
-1.681717967631013236e-22
-4.493538278284695371e-23
-2.965851143973971794e-22
1.310546097893369915e-22
5.084566184802989851e-23
-3.324467430254801487e-22
-4.058298174158607782e-23
-3.041035543187476131e-22
-1.137918645925585197e-22
-1.138508949310890467e-22
2.486183373733705919e-23
-1.671936967620927315e-22
-4.311923306993970928e-23
2.774383046130618301e-23
1.611792011092525264e-22
2.377417515334637724e-22
6.959533038287495442e-23
5.508929247071439382e-23
-8.019306571579980515e-23
3.989584502997114161e-22
1.596365716385528747e-22
1.639244466163555240e-23
2.241955423763427979e-22
-2.111806574549209106e-22
4.147936732293014323e-23
1.536804456565516725e-23
2.243059829564112785e-22
-1.893206136014443399e-22
5.655917098342374868e-23
-1.790586583831571521e-22
-3.063779258947698268e-23
-2.205309985049730643e-22
9.900678157635969506e-24
-3.620491079550814891e-23
2.261324175195598789e-22
-1.222593759101797188e-22
1.791075482140036659e-22
-6.445459542463676160e-23
-8.851724261215447937e-23
-4.256429209928588023e-23
1.528266588076487151e-22
-2.681095113417135891e-22
-1.977334733169923207e-22
-3.310598783200738188e-23
9.511320722542736488e-24
-4.245753694187754991e-23
-4.188489242925094016e-23
6.244186181600350023e-23
1.397413247034839741e-22
3.439408437553524235e-25
1.427232631805808277e-22
-2.022139515020887395e-22
1.135299301896283410e-23
2.060102196627005492e-23
-7.729540239234225522e-23
2.659160880374038967e-22
8.759398667905538337e-23
9.662850911337782720e-23
3.553593546973099450e-23
-2.053526174921992284e-22
7.966820118232962215e-23
7.876528190251065290e-23
-2.425142646059428122e-22
2.202861779601946748e-22
-1.705244211021126309e-22
2.655651448685099466e-23
5.605920053271297049e-23
4.272122302657832851e-23
7.967562758337751172e-23
-1.598655771795886155e-23
-1.048024115746597581e-22
2.058971377916655437e-22
6.985308336381434687e-23
2.197609479362059281e-23
8.480920295864522977e-23
9.814092905067294494e-23
1.209598770071782701e-22
-5.805581080700256680e-23
-4.147981327734756757e-24
-3.168385611096747880e-23
-1.704686199823946300e-22
-4.557663429348160358e-23
-1.931616787905175325e-22
1.867399414851594315e-22
4.548784924718414003e-23
-1.845355145526907109e-22
-1.553417421786566473e-22
-1.185856433238263538e-22
-9.959563378731380413e-23
-2.540509682512738014e-23
3.463055786663977542e-23
-6.132008528402520535e-23
1.619530633029522862e-22
-1.961317635506280776e-22
-1.515490008753093482e-22
1.112186747202001428e-22
-1.109502318955013259e-22
1.058941180399114118e-22
-3.749007204469937257e-22
1.493127929114188242e-23
-1.259313420571629837e-22
1.473252802318372583e-22
7.123391198086351190e-23
2.329444309171912180e-22
8.170525763279430583e-24
1.064084481306234225e-22
8.610786144432431268e-23
1.224774215523262454e-22
1.733044191996777126e-22
-1.232952336934605331e-22
2.697460428622740144e-23
2.603672434692437482e-23
-3.496426393026457474e-23
1.147147919686461559e-22
-7.857761317171047783e-23
5.577470419530743952e-23
1.888077053835823215e-22
-2.463552348464495294e-22
1.742503333641259028e-22
1.223523974951384229e-23
1.217384215887370816e-22
-1.145126756967437813e-22
5.163506605613612551e-23
5.737487911234138706e-23
-2.780170544988874945e-23
-1.636061782463935307e-22
1.204070702563481580e-22
-3.757993027722046800e-23
1.669930817043340057e-23
1.211186488560043973e-22
1.045889021898391794e-22
-3.346954233766009229e-22
-1.323739000621530411e-22
-1.819457171257863619e-22
1.808638557410474177e-23
9.983821995151955398e-23
1.087425889321078461e-22
-1.412803202778977942e-22
1.073190317197162542e-22
-1.143824965626664279e-22
-9.887704897646160849e-23
1.732451902083384501e-22
3.134097419986140386e-23
-2.118193189399557010e-22
3.684217521528634771e-23
2.258377558099227633e-23
3.173543311372792733e-22
2.396877830591661437e-22
-1.614659079207462748e-22
-1.192705083329204350e-23
-2.500301737781557918e-22
-7.124050291297154291e-23
1.493265393538596893e-23
-1.845733999245073566e-22
-8.547711375638332724e-23
2.047188973168641870e-22
2.117347330673579608e-22
-1.220253569180959183e-22
-9.491583527548157610e-23
1.175606529159581103e-22
1.069956405419262167e-22
-3.626890805264658688e-22
1.376602644765147059e-22
-1.025431589333684743e-22
-1.977144181923909730e-22
3.893666413353308576e-23
6.397171225957741697e-23
4.923390677309332434e-23
2.029100672761291968e-22
6.948851354430759750e-23
4.415365970843265052e-23
1.473411773333238742e-22
-2.275403645373023129e-22
6.400854210561954182e-23
1.327485398535991950e-22
1.558695618517613258e-23
-1.019474711914689477e-22
1.540638368626831248e-22
-2.289677262237984499e-22
-9.827889629685161015e-24
-1.500939431634425470e-22
1.344427339459302901e-22
5.687849815526110250e-24
6.214889613289893220e-23
-3.358282432247802277e-22
-1.579711379407962120e-23
-1.248676628489696302e-22
-2.070237175740217101e-22
1.040236120099474758e-22
3.709025035750948148e-22
-1.958738266075385731e-23
1.570788384895996398e-22
-1.661278962250849946e-23
2.604097659860423277e-22
-9.378018953381183540e-23
3.438034135434362079e-22
-2.967817162220326818e-23
1.441162470692402111e-23
-5.335173683831298344e-23
-2.136053791135238033e-22
-3.892193426590931151e-25
6.637266235293197155e-23
1.208373256625836761e-22
-1.737604832117922901e-22
7.796871472316438421e-24
2.474041322609569565e-22
-2.496088804252570796e-22
1.046726646302551836e-22
-8.919525206667688920e-23
-1.779420589379693030e-22
1.640578025835426669e-22
-4.408625325598247917e-23
-2.714270927703462313e-22
-7.146079141071216297e-23
1.344268873260829653e-22
-4.680341752375197891e-23
-1.316047084738450478e-23
-2.440668438611700961e-23
1.183106166340749685e-22
1.402869956148024368e-22
-3.788266640109708010e-23
-1.465652167357517154e-22
-5.215771545168174149e-23
1.447416194094274148e-22
-1.844743227582957286e-22
7.755889042166536078e-23
3.752937453472390480e-23
-5.178141217634968435e-23
2.416187840361884879e-23
-4.550426625386806837e-23
-4.621173799802401460e-23
6.151421475720664755e-23
-3.657052786159549115e-24
-1.508890281716448458e-22
8.732200418923909691e-23
6.506877496098903452e-23
-7.027946097652218980e-23
-3.578795949453875483e-23
-1.282269062341202776e-22
8.266460352745981273e-23
-2.533987952443468988e-22
2.676962734511913123e-22
4.405013190764359269e-23
-1.142579807793545868e-22
9.139007402215365358e-23
-4.357093119516117851e-24
4.610017068356545295e-23
5.435582407750151500e-23
-3.411645115074789358e-23
1.602933377290096656e-22
1.667600550407190396e-23
-8.516313289255989025e-23
9.684919933508427286e-23
2.360508767840908342e-22
-1.775769964052710559e-22
8.668677566211761329e-23
-1.080335921793906817e-22
1.568845910947733617e-22
-4.578237338482179062e-23
-2.524045891183678484e-23
7.316616900040047548e-23
-7.812698911420636675e-23
7.297410352218554055e-23
-2.848402433182488451e-22
1.277878018828732667e-22
-2.244302526362641665e-23
1.463843764582104066e-23
-8.986522644881160970e-23
1.542351701224774587e-22
2.649219663954775351e-22
1.832784048759381302e-22
2.426989557800700039e-23
-4.534057991203910932e-23
-6.738204224987930625e-23
1.496909356841704448e-22
-9.114749901376472241e-23
-2.286331557288922485e-22
-1.331081488561001304e-22
-1.452247479374715285e-22
-7.207648708142783613e-23
-2.314285471583378064e-22
-7.062800263705775389e-23
-1.253475406579653690e-22
1.040488451007109680e-22
1.658859908414904888e-22
-1.409635929353432476e-23
5.665462057241387813e-23
-1.998720151781609672e-22
-5.725199026563897835e-23
8.793773120742728391e-23
-1.037237043902814378e-22
5.516227731347038151e-23
-1.081349341957232655e-22
-8.448451629018092398e-23
3.113514136530823919e-22
-1.031192580280214607e-22
8.543559570997357460e-23
1.062569284192277058e-22
1.685560077100264468e-22
-3.236255431775769113e-23
4.154809658876047596e-23
2.034740005993017650e-22
-3.362602522381964394e-23
-5.460509744072231314e-23
-2.754964986001335311e-22
3.041360519758716489e-22
9.951169075060118873e-23
-7.614712854801080241e-23
4.089220467272821261e-23
-1.127121068243745241e-22
1.557109078368184962e-22
1.446602152310419390e-22
-1.404464563675815992e-22
-2.724457828596249955e-23
-2.576917060141515656e-22
5.933690773001725093e-24
2.360992655179499051e-22
-2.243132953459312272e-22
-2.549710146570145381e-23
-1.805234672545765814e-22
-1.001104034189213522e-22
-7.287115490962734921e-23
1.040691994482687104e-22
-4.655791007662987106e-23
-2.011550577472445404e-22
-1.223495327853012791e-23
8.670865406954763372e-23
7.263311056149957169e-23
1.625471695332435165e-22
2.191069076141135717e-23
1.352631008408477792e-22
5.078067305486376271e-23
4.661212215259154465e-24
2.149062825335945453e-22
-4.401928106981717333e-23
-1.259797922723750536e-22
5.127286395335738747e-23
1.617762405362653603e-22
1.874981868626684343e-22
6.059913133210583443e-23
4.958623846087626458e-23
1.523506863830416442e-22
1.322935664805792439e-22
-1.207779435967198671e-22
-6.882948152267227108e-24
-1.896564195321627110e-22
-1.740592137279084957e-22
-2.930368713067579000e-22
-5.446005830097268569e-23
5.135750477742742174e-23
2.691695359614513822e-23
-3.143420841723175159e-22
-7.842713274376721854e-23
1.515622932301539673e-22
-1.457251687505092727e-22
1.427988590013489627e-22
-1.613113636346776801e-22
8.337588822187196621e-23
-1.736328552163207926e-22
1.276703317528445563e-22
1.293823703367431231e-22
5.590719450500320724e-23
8.869876904940738516e-23
-1.693921338414858575e-22
3.006459587307352057e-23
-9.447027629486777727e-23
-1.560302014926160293e-22
-1.131053516850291655e-22
-1.003864273468941904e-22
6.536056507119387324e-23
-1.459373305791078784e-22
1.545939196887723566e-22
1.613117476015099737e-22
6.600047400707799499e-23
2.187302334408190018e-22
-1.073618630863801234e-22
2.164539749662457939e-22
-7.555131925189216574e-23
1.184152876540962071e-22
8.018278410068784468e-23
1.476577112411587214e-22
-1.036253341747790127e-22
1.418582466734151140e-22
1.046601179987431724e-23
-7.756395031452575117e-23
-1.847254723363029848e-22
1.813171144842475416e-22
9.349361523325714634e-24
8.621941386876412359e-23
-4.373848251229983843e-23
-2.774135824831507184e-23
-2.312050046860095249e-23
1.677529234085927934e-23
-1.046871569945318486e-22
4.605953370307418106e-23
2.259984456818552822e-23
-1.063272958313427254e-22
-5.349804739543732464e-24
-8.740052644411289144e-23
-1.878961151051000405e-23
8.463903234551709801e-23
3.132378252693529188e-23
6.396893302557600387e-23
-1.003559549743712815e-22
1.805786368550377002e-23
-4.275636611920228591e-23
5.882919343514355660e-23
-1.066953441704802584e-22
2.762839571133892876e-23
-1.623074726132646837e-22
7.368275136894709428e-23
-7.352087477531867917e-24
-5.042419304675947015e-24
4.076977323231978375e-23
-1.095804537949956574e-22
-9.608772923946110765e-23
1.413847646365048376e-22
-9.043257504137404315e-23
-1.023369078765535364e-22
2.058675714711604981e-23
1.624180306681090268e-22
-2.305198409940475959e-22
-1.603421036306459132e-22
3.350148970303581217e-23
2.438285840293854736e-22
-7.008348959429233185e-23
-2.834193489649745772e-23
-1.150707026051718353e-22
1.292359999856862543e-22
2.671011098600255833e-23
2.928190324245528791e-23
1.535688867246979276e-22
1.679705169802438078e-22
-1.657732240408971582e-22
1.460692441542018393e-22
2.933513186258298421e-23
-4.497443522915831826e-23
2.009349302935794388e-22
-1.004206966078572698e-22
-8.742523151640960913e-23
2.510820181656518986e-22
-2.845510922990226131e-22
7.614112098697320399e-23
7.379014420884084829e-23
-1.496473962381838407e-23
-4.322416603745338642e-24
-6.324533668286389197e-23
-3.972396299915119478e-23
-8.428068653412629100e-23
-5.860748914295520386e-26
3.753299100092106724e-23
6.048915357803690553e-23
7.053001993706615938e-23
-2.140843881163216214e-22
2.463601554376865976e-22
1.211483996279965768e-22
-3.507571138886722167e-23
-1.524395028116158993e-22
-6.130868608798825866e-23
-6.162805112411072542e-23
-2.749549281231956962e-23
6.051402651810340769e-23
1.770876329464370993e-23
7.701793246976125590e-23
-2.223152277716648877e-23
-1.198852794478884837e-22
6.166992755960761032e-23
-1.943505110589613420e-22
1.044541290272085827e-23
-2.193344553937378926e-22
2.983165738930030856e-22
7.672715951947662080e-23
6.876116035286962428e-23
-1.828097869953515360e-22
-9.876586680379130308e-23
-4.318978718985137111e-23
3.489782013291855726e-23
-1.108324821045307538e-22
6.547198760106360710e-23
-6.927243541697065127e-24
1.075900383675242560e-22
-5.828637996188046605e-23
1.829005068809862931e-22
5.933858403950055875e-23
8.886095100171854431e-23
-3.307016639978112698e-23
1.186806094407468705e-23
1.815158796972014138e-22
-1.433532999983400379e-22
7.765996164560678484e-23
8.254248753776870223e-26
-1.383074469431016250e-22
-2.391043503622859110e-22
2.524297261149219936e-22
-2.228677031035730836e-22
3.952646482001519357e-23
-7.240065522854940952e-23
-1.243184285739086974e-23
-3.468289363526564062e-22
1.530636229336574857e-22
1.533913032075208943e-23
1.192835848667800454e-23
1.168303481565965328e-22
1.202084984003886766e-22
-5.752940941803064249e-23
2.007800641805558276e-22
1.301818427939855271e-22
1.196386872743847184e-22
2.747996641408847485e-23
4.702295976476167938e-23
1.037856517566697574e-23
1.459436629704031013e-22
-1.401391682111349424e-22
-2.335749407460034793e-22
6.694424963328849549e-23
-8.737925099341454224e-23
1.624383991946307504e-22
-7.042020999993333773e-23
-1.650191252769840337e-22
3.159919240456794138e-23
-2.335105993503989785e-23
1.982554915762022773e-22
-6.360097535056788540e-23
-1.526458395190976869e-22
4.206071216105883186e-25
-5.412325181237293865e-23
-1.857667715839500740e-22
7.413055611834570221e-23
1.902944626537422570e-22
-5.452087156926673159e-23
2.194838361330545503e-22
-2.316067668768606246e-22
5.696686433492080366e-23
-1.072134709107085697e-22
-1.138114538422396375e-22
-8.033996913780687733e-23
-7.449980942286614988e-23
-1.343700320573942087e-22
-6.139329556845688769e-23
1.067664067437283230e-23
2.159017376015654761e-22
-1.618338315961155148e-22
-1.077414127718287843e-22
2.714618712525631887e-22
-8.395118205581537361e-23
-7.317268093288863418e-23
9.629508855779460845e-23
1.447258403596370873e-22
2.713346973701788612e-23
-1.772190498982976993e-23
3.118373598694855817e-22
-1.381841658740645015e-22
-1.954270082239044715e-23
1.101300101382814756e-23
-1.415502525368854404e-22
3.131284379442172607e-22
-1.601535113239363081e-22
1.842351896684104974e-22
6.198418152967632505e-23
2.012599850488529241e-22
-8.218634432311596876e-23
-7.547745324208539853e-23
-8.344699979248474554e-24
1.359144712984281285e-23
-1.643408801725337784e-23
-1.746600755211230030e-23
6.717979766802409138e-23
2.029941145792780812e-22
6.006805267469181717e-24
-6.443256009503725241e-23
-9.927124923472874955e-23
9.987529231579182612e-23
3.186920277471039262e-23
-9.405693866169665527e-23
-2.006921139990844219e-22
1.369775178072072804e-23
-5.494149616062014493e-23
-1.663562993053726602e-23
-4.726828405557524280e-24
-1.638583450807558434e-22
4.364907025382479652e-23
-6.702683208068232443e-23
1.212494726957812704e-22
-2.722421420364464141e-22
2.596710121284083028e-22
-2.863049192862156705e-22
-3.858662038584392325e-23
9.258713734416448720e-23
8.759436514613430175e-23
-1.660560178484147312e-22
-2.193715784816320326e-22
9.845029826808950066e-23
-1.532053990405196584e-22
1.820138921614468080e-22
-1.598177994325858230e-23
-2.373415856294069755e-22
-1.131566653289594633e-23
8.715064347983527393e-23
1.257852406142221715e-23
9.518946887987032743e-23
4.641794848854322308e-23
-1.802599254660780313e-22
1.160171295668300454e-23
8.581852591765135019e-23
5.711594634130015464e-23
6.561786528764174623e-24
-9.941233725491418759e-24
1.133239603830464317e-23
1.756370426762074288e-22
1.533443537010607200e-22
1.760780337742244749e-22
4.856792067748410377e-24
1.676520070374320197e-22
-2.717078577359251316e-22
1.820143906173179094e-22
-8.877204888934838809e-23
2.338793931743881639e-22
9.217592935930295385e-23
-3.735267833835120861e-23
2.199087825507845672e-22
2.522746406746715639e-22
-7.827027124649240467e-23
-1.207959855458318598e-22
-1.835491354140042780e-22
-8.226677350906371684e-24
1.148861989633982046e-22
2.693639523418760043e-22
4.151071784428529362e-23
-1.276878800415530435e-22
-1.599323313276255888e-22
8.780114090720332009e-23
-1.523295761079664594e-22
-9.946834969589387088e-23
-1.467230746172136499e-22
5.406854502552708013e-23
1.930558933540974680e-23
-1.951717583097627480e-22
-2.791637870558852612e-23
-1.561281822880101865e-22
-1.609189773656855679e-22
-2.552635235560476937e-22
2.152974090583686459e-23
-1.457192139619853090e-22
1.017571374735405777e-22
-2.031742955955772342e-22
1.616870795309442201e-23
-1.779306268297433018e-22
-1.483697548486551488e-22
1.732366313660444071e-23
1.445540444980874159e-22
-2.705769140695990591e-22
1.227817856450945301e-22
3.187598249246645846e-23
4.349261029152328836e-23
-9.591546731048119288e-23
8.031095013704569393e-23
8.070968925771890509e-24
1.109530182059396692e-22
2.713995809354243145e-22
3.208026001351648835e-23
7.119559544960980353e-23
1.611104914569992368e-22
2.076158685727583809e-22
8.636034094706587383e-23
8.988114045950095636e-23
1.491315636282679395e-22
1.162546226192993335e-22
2.637102397637362642e-23
2.677392404566483921e-24
2.614741131604736050e-22
2.619623018183139595e-22
1.781502961141982304e-23
2.548243128675221473e-22
8.316028714888238708e-24
-2.944851087137256606e-22
-1.555256288340387123e-22
1.527487659475380696e-23
6.938083556955601953e-23
-3.062114443428262485e-22
4.192665452470920930e-23
-2.117437997557300116e-22
-1.522950349009150259e-22
-1.083550889648188671e-22
-9.154214967271866606e-24
-1.685393336217243919e-23
-1.393391454649644392e-22
-4.795111862544292551e-23
-4.399250117365545050e-24
-8.700974669469109537e-23
-1.360264903237628394e-22
-1.630840049096678113e-22
3.869111518873685576e-24
-1.137707838754010224e-25
-2.501678020780633950e-23
2.201478352841288486e-22
4.722633827375308833e-23
-2.295280966041065654e-22
1.624612904857347229e-22
-1.451209854382304567e-22
5.205172930894795879e-23
2.117544423704856608e-23
1.479219734782947319e-22
-3.487860767066884872e-23
-1.266220982175992024e-22
3.967445719886007360e-23
-1.656790348277532672e-23
-3.663700420930063016e-23
-4.904339041267949627e-23
6.924380223772563978e-23
1.827005186031933995e-23
-1.332173217703619834e-23
2.088893516811867278e-22
-1.296800573314477755e-22
4.902483086906776588e-23
1.979991218459557818e-22
-1.448803205917794405e-22
2.048089720855970419e-22
1.428807989317581287e-22
-7.077471765249521121e-23
-1.109106485169926136e-22
2.037522986901795291e-22
7.519414709897587144e-23
1.451287929911388484e-22
-4.156600314211279739e-23
-1.129149417170081598e-22
1.333776139284465454e-23
-1.136665558487697147e-24
-9.622981759171418142e-23
1.329974130994362686e-22
-4.923239375448582294e-23
-1.969022953124972415e-22
-1.117125320397496484e-22
6.600379330807173243e-23
1.000250069919197040e-22
-2.027718098998097156e-22
2.053285119143553437e-23
-5.358511783337358104e-23
4.400278695929590718e-23
-1.230302367992414945e-23
2.023760150713391938e-22
8.256416068590140437e-23
4.867201066972828466e-23
2.338685610422981682e-23
-3.574214438530430480e-23
-3.568302971449346700e-23
9.086697358955022948e-23
-8.736517889787814155e-23
-1.338250594443984658e-23
-1.349402284834174725e-22
-1.672707612181969670e-22
-4.265664528773584063e-23
-1.018234630597892586e-22
-3.602750392575676958e-23
-8.564533986584800078e-23
6.192379506178236496e-23
-1.576685464342315614e-22
-2.004800495422133665e-23
3.475938383605908764e-23
1.542982233464014861e-22
9.906177607277075344e-23
2.882276776955818785e-22
-2.276667764543164271e-22
-5.118711754416940495e-23
-3.938419640263420139e-23
1.424510005506584330e-23
1.709109952237615824e-22
-6.866545733434161919e-23
-1.482824181328340055e-22
2.538288699585850138e-22
1.891519209762579837e-22
-1.603564491606748558e-22
2.202203108140927565e-22
-1.916258337159405761e-22
1.556671704654749556e-22
3.157207593936072754e-24
-1.576052289926866753e-22
2.047729832018494531e-22
-2.326436521785231516e-23
-7.390053656871427009e-23
-4.420727722912112946e-23
8.586629058168286713e-23
2.212425532203391550e-22
2.965376373861967442e-23
-3.551782046394933846e-22
7.371760225692634524e-23
-1.181927661033097189e-22
6.526695555789556910e-23
-2.691689649868474083e-22
9.010003576946934564e-23
-1.764118617155793349e-22
1.192658503179928726e-22
2.911146966981600761e-23
-2.337218206223462595e-22
1.032564285582153950e-22
-1.288467754372511698e-22
4.857485591566791572e-23
-5.606572693457911241e-23
2.288565461746673879e-22
1.142457371851614854e-22
-6.475922996118542994e-23
-3.597252910337174016e-24
1.960675950404710960e-23
7.064172081214316636e-23
-6.768800279405315617e-23
3.326088453462429523e-23
-1.955127984210069582e-22
1.146667684791601056e-23
1.490008725512524660e-22
-7.993081191373135360e-23
2.340745701942238317e-23
2.612510806859101925e-22
-7.872529700575859385e-23
-8.128804345472269980e-24
3.052104414975086102e-22
-8.530249475550199845e-23
-2.549606713633916930e-23
-9.138908554634161671e-23
-8.024087417176239051e-23
-1.624672298982326664e-22
-1.351779927363848971e-22
2.309618491829230948e-22
-2.184304979336596974e-22
1.201436934519217595e-22
6.279158057861740112e-23
-4.221288028253387334e-23
3.397168564013449003e-22
-1.098975746804104696e-22
-1.807274101122100950e-23
-1.673228012468145955e-22
2.926574096418947400e-23
-2.722445429898507550e-24
-1.851797019408023566e-22
-2.640212075256458832e-22
1.441967282810696768e-22
5.840790267205450152e-23
5.581371083210375617e-23
9.502017485542287011e-23
-1.018898029470523942e-22
4.628478024627389478e-23
1.684403683369655247e-22
1.244111739934603505e-22
2.997236925559787930e-22
2.448928644346614238e-24
1.111124969127081355e-22
-2.115860907220936354e-23
-2.837629668728442111e-23
-2.995655465374186973e-22
-1.799204455223373090e-22
-9.610742616961477991e-23
1.537140473522175446e-23
-1.483157790007133969e-22
3.127270128669367054e-23
5.449586356207364312e-23
1.022833841787121503e-22
9.995872593008723976e-23
-1.024303282436096935e-22
1.530043527320494371e-23
-9.809922367990486958e-23
8.035733017816728069e-24
-1.134984557144693257e-22
-3.566556651356005905e-23
2.395840637271586283e-22
-2.420716702579489410e-22
9.689143310833189772e-23
-3.626914924877873166e-23
5.272043558025836421e-23
-2.530778686617559739e-22
1.648511351470296786e-22
7.577826615457637909e-23
3.915154678934858075e-23
1.862453338541454141e-22
-3.725295459677675226e-23
-8.102000955123282790e-23
-2.764085324491882451e-22
4.716945332597103234e-23
-2.372016531339599362e-22
2.870221644586021977e-22
-7.255854208386410403e-25
1.388314976555287672e-22
-2.964027062739945423e-23
2.704721079313243770e-22
-9.198959205623713818e-23
-1.675082949977757478e-22
-1.656452709299430306e-22
1.633180287672246922e-22
-7.357450473749624939e-23
-5.508723316514062363e-23
1.749205563957476526e-22
9.776899036551819508e-24
1.198690045925021665e-22
1.773472051244755992e-22
-2.234871620618580522e-23
1.350882599205279344e-22
4.722167796815621192e-23
4.000111358987399281e-23
-1.426566330670450891e-22
-1.437114834439299956e-22
1.031392973539092942e-23
1.487230411077242335e-22
-5.874370889815798151e-23
7.329709127593081736e-23
-7.729891795315087610e-23
-1.329429648179407753e-22
-7.783084942464908429e-23
2.652324958550700591e-23
-1.558541774198515750e-22
8.353647904564804673e-23
-7.116907616532742796e-23
-2.451268470800574429e-23
1.668893656273264188e-22
-1.198589381779873884e-22
1.163100369286523337e-22
-1.195990553764493506e-22
8.683563204197192650e-23
1.688679479812924172e-22
-1.087336007885345571e-22
-1.589160211053700141e-23
3.229389358041077940e-24
-2.214165638653797120e-22
-1.896290013398896341e-22
-6.287458918406279227e-23
-6.403547812986831402e-23
1.134049763088248757e-22
-1.371114760348998865e-22
1.135737500539809140e-22
9.501137978161604146e-23
-1.009032575048430957e-22
9.922955076193777844e-25
9.719970836932090076e-23
-1.546984181349250067e-22
4.143876361387680227e-23
2.251642302693361423e-23
2.069920646590100588e-22
-1.446120148767553157e-22
3.182878263425702003e-22
3.105337307690826481e-23
7.451905552399241137e-23
1.143691913030245143e-22
-1.318843174939700498e-23
1.072165057132322748e-24
-1.168991867718918663e-22
-1.431587581092332515e-22
-5.411278385992371987e-23
1.094151422543308959e-22
1.241600061464229584e-22
-5.074011378732467604e-23
9.953538297103865014e-23
-1.653280773357386803e-23
4.702126090564307476e-23
-2.019027582995462304e-22
-1.145614380158884322e-22
-4.477383794726060673e-23
3.169990454080146669e-23
-3.813318680659679419e-23
1.068449376610650323e-22
-4.246702417369119859e-23
1.733844025721784793e-22
4.256763321791763159e-23
-3.207458570219771050e-22
4.732582133484806797e-23
6.354807453624142804e-23
6.510320326795855186e-23
3.845678225659434271e-23
-8.141275366876411024e-23
2.319237916891161961e-22
-1.342526686736896722e-23
1.161240370093404951e-22
-2.078690145010180315e-22
-6.757578183258584523e-23
-3.257463568750249333e-24
5.269614744279968637e-23
9.771143668182586822e-23
-3.950243793208842773e-23
-2.928760035308752006e-22
2.510672193039544013e-22
-7.396680507893002067e-23
1.607451752894279607e-22
-1.415423814631582546e-22
1.893501425881983042e-22
-7.357043431893154658e-23
-8.939423258676528892e-24
-4.523194550102969958e-23
-1.516451784954471673e-22
3.020446810878094209e-22
-8.435020266225466990e-23
-1.085155740578990390e-22
-9.086282100290117661e-23
7.736081260579321382e-23
-2.013595986847567428e-22
-2.613373402492733092e-23
-1.825064547630986731e-23
-8.895406150112774073e-23
9.795761811318339573e-24
1.803262334868225161e-23
-7.955506658101054588e-24
2.008331461301565506e-22
-3.509902190800813550e-23
-1.425445511694890945e-22
1.900461656025592118e-22
2.536827839652696747e-23
-4.896695660908311135e-23
-1.989633757072438790e-22
1.397804636784421634e-22
-2.287613257990649334e-22
5.223407023373568414e-23
3.499074538683191332e-23
1.378406821601186527e-22
7.746521534338676724e-23
8.688984249054396773e-23
1.632382711971406045e-23
6.125236343311516923e-24
-6.940600936150238353e-23
-7.327791433924907576e-23
-2.146330245351043909e-23
-4.994553507667409268e-23
4.163740630506968737e-23
-1.701522497559834427e-22
2.485920105165352935e-22
1.161867802433129465e-23
1.793079089456673222e-22
-2.338829029248859953e-22
1.495225129600592664e-22
-2.034410067328509519e-23
-8.111619384996754452e-23
-1.277750029374778155e-22
1.470354938939773981e-22
-7.827774777690669765e-24
6.213425712544311131e-23
9.124286278726716665e-23
-1.138179622714668579e-22
2.648416690799064216e-22
-3.336816145793936985e-22
2.073998402312419263e-22
-5.174785773550041500e-23
4.006132645574639848e-22
-6.413118973162923367e-23
3.253086894963750997e-22
-4.693629947215341886e-23
2.358597026433404071e-23
-9.358180255972837142e-23
5.757214502309531145e-25
-1.457486148455642706e-22
5.160365340621857767e-23
-2.519837038932733497e-22
-2.475641194077773171e-22
1.337329114282880296e-22
1.411721044767062746e-22
-8.647349604462368004e-23
-1.344269715292534888e-22
-4.476564476496836717e-23
-2.093591262056403828e-22
-5.950085363333117086e-23
-9.915555869252639478e-23
-2.179499694960798350e-22
-3.941528693737339951e-23
-1.140476867119158289e-23
-5.925682634606750499e-23
1.548127785000599815e-22
-1.377594931185560879e-22
1.508068417336830522e-22
1.483592993512601791e-22
-1.094932168264000995e-22
1.013093159737991072e-22
1.161444355739006057e-22
-1.708795764474169708e-22
-2.391312855640907155e-22
4.356537878827655912e-22
-1.317482715732303719e-22
1.360191198925625512e-23
1.232660835086093014e-22
-1.764393888691859522e-22
-8.265603072228364038e-23
5.126482645670827825e-23
1.315752006667025492e-22
1.003956909614944391e-22
9.544105990702422981e-23
1.233896592941388822e-22
-1.313058617310579457e-22
3.578668850704877864e-22
-1.331892398326559952e-22
-9.587366660706892107e-23
6.743798307554427751e-23
-1.574487674604234003e-22
1.413845287178002911e-22
3.180646355207424509e-22
8.122907441260305867e-23
-8.095178844765569877e-23
2.554291114277773495e-22
-1.326954524502448708e-22
-1.963561477025255874e-24
1.463532514344195888e-23
-2.053898640990209118e-22
-5.725907180093424646e-23
-1.023335972796046509e-22
-1.130825158810328995e-22
5.556554194763830688e-23
-1.985972275665293288e-22
1.945114000520159370e-22
-3.103901277026182212e-23
-4.531495202057344845e-23
-4.005755736022925935e-23
9.122830957124619487e-24
1.065464191032388217e-23
2.956609668722291753e-23
7.407798962990812769e-23
4.221568507759090828e-23
-8.241891520103904201e-23
5.211435807098837191e-23
-1.478649193230124549e-22
6.657262733059050988e-23
7.072660177420749460e-23
-6.397472388155107658e-23
-1.618545364223062088e-23
-9.798029278043537442e-23
-8.353660580512591889e-23
3.629323264733918681e-23
5.926481577061689887e-24
6.776073201384997886e-23
-1.800313678905943327e-22
2.461935370025830087e-22
-7.570111872268704057e-23
-1.902931216153657782e-22
2.644442309704384043e-23
-1.361641566718584024e-22
9.753325159158724417e-23
3.547086025023928646e-23
1.594296361531901064e-22
-1.055597695447696165e-23
-9.311919052181507331e-23
-1.568609308790262007e-23
-3.385276185230346469e-23
-1.773000413091301369e-22
-1.307782187330926757e-23
-2.327509248340718570e-22
-6.718208289275626998e-23
-1.832443380333710296e-23
1.682801747513364428e-22
-7.342374274038013236e-23
2.677271064034694116e-22
-1.030102789994046766e-22
1.192360755144011189e-22
2.724373024146657583e-22
-3.926245089520504510e-23
8.555238897227591968e-23
-2.516304790925351778e-23
1.349077410250455831e-22
-2.871863361064026953e-23
6.491195345972255677e-23
1.272941986818716908e-22
-6.629016530404784191e-23
2.518813020524048569e-23
-1.363416330414624717e-22
-9.123947583967544564e-23
2.056522596214775467e-23
-1.366355016986776418e-22
7.137290112397667444e-23
5.254345942061364771e-23
6.202985342219144586e-23
2.084612807857151563e-22
1.359544516687974016e-22
3.326228244021834713e-23
4.713257928613480621e-23
-5.961006020967736760e-23
1.605854100518977795e-22
2.619212197741357021e-22
-9.846567102114119021e-23
1.664224225633251118e-22
-1.945193305132537918e-22
-1.903404386614614314e-22
-1.012427611389608568e-22
-2.084223632736072048e-22
-1.291381796934515120e-22
5.800966275037739194e-23
9.140153079668333642e-23
-1.754392204119522606e-22
5.111241447142345176e-27
2.058459954836989267e-23
-1.815553945024214330e-22
7.635674643954564269e-23
-2.387820851092900460e-22
-1.361802481453177257e-22
-1.304032986932581351e-26
-6.515854509316182902e-23
1.658419568988321041e-22
-4.475286882172731146e-23
-7.596782381018104555e-23
5.009192431362633758e-23
8.027542626083797797e-23
4.256663464894903455e-23
-5.589474290124870402e-23
-1.528806498309447197e-22
-7.109808134968519117e-23
-1.600939877177659948e-22
-9.817081675662405280e-24
-6.664645297908543988e-23
-1.396257029843366013e-24
-1.358233836764102367e-22
1.154188785581701854e-22
1.055817649272307212e-22
2.281651843119405187e-22
-1.174131892477767652e-22
9.838348346004612508e-23
9.148741677707386978e-23
8.857740618319843131e-23
-5.863774463697306475e-23
2.890544690336980595e-22
1.696744082867274972e-22
1.394719688080810786e-23
-1.581409597554296055e-23
1.842363852461625192e-22
-4.726015978031732937e-24
-6.795672588139394001e-23
5.207080655527115801e-23
5.054227027371532756e-23
2.617878015233051022e-23
1.650328635849191203e-22
2.161103072931556896e-22
-2.661873020207503879e-22
8.482441906230084766e-23
-3.102998095186138979e-22
-2.231495533492899929e-23
3.751658051180522116e-22
-7.611018929697493409e-23
6.820526784362205073e-23
5.927853608320063245e-23
-7.512099651262497951e-23
-9.223224702587053289e-23
1.965730892485487221e-23
1.077528759841179427e-22
-3.460145839807771311e-23
-2.952065928186370198e-22
1.511666753384236028e-22
-4.139066395980395743e-23
-2.223607864622826532e-22
2.581861102476213544e-23
-3.303047547404922849e-22
6.414384219131551628e-23
-2.573866192317989771e-22
7.718387756525555130e-23
-1.852840468095096136e-22
-5.273838924102967136e-23
-4.952701791269288466e-23
-1.593972362262140677e-22
1.379549932037031755e-22
-2.781223437617390849e-23
7.963876763275754261e-23
2.004274365186271938e-22
-8.865378833923129707e-23
-7.160985159729123695e-23
6.243735714136431111e-23
6.255108602829558010e-23
2.924135545927514749e-22
-4.533943467087021106e-22
1.327537566340583848e-22
1.666609473916844789e-23
-8.598220736376193548e-23
-2.439459293010631844e-22
7.274958401580203506e-23
-1.876156968234980723e-23
3.053368428319245821e-23
-1.754537492377782919e-25
3.902592619920831364e-22
6.712163599018504440e-23
2.938717726002256529e-22
-2.839377972372407252e-22
3.240014465771570356e-22
1.683548823432905522e-23
-4.986920323037034074e-23
1.440186075680852320e-22
-6.086706953761697573e-23
1.849754822210518532e-22
6.287241505718287701e-24
-4.513990824266160258e-23
-1.823849435627430965e-25
2.443193718790212393e-22
-1.422175725826404511e-22
-8.195042486538314961e-23
1.628228977002588955e-24
-1.643649094392487939e-23
4.124611860154117687e-23
-2.874058656901547571e-24
-7.610954256980990549e-23
-7.760780194107951550e-23
-1.256722572722355659e-23
-1.257536035715536242e-22
-2.039897548588010129e-22
-1.782944744116358962e-22
2.458010536542883781e-23
1.057140382227855206e-22
1.537067552678216919e-22
-1.236609431988531107e-22
-5.750889403676582962e-24
-1.367533091212713433e-22
-1.526233112789632661e-22
5.045834825784809045e-23
-1.662461474423851879e-22
2.041637366451875266e-22
-1.573267452412632307e-22
9.606654686985166294e-23
2.862800150578177501e-22
1.577623667782353916e-22
-4.013302754307189483e-24
-3.042573473934626574e-23
-3.648018860788516780e-23
-1.714935593225931225e-23
-4.425554645711611470e-23
-2.727537266538682821e-23
-1.138482342290769840e-22
1.289870845864964290e-22
-7.678990092168558225e-23
3.489232831556480001e-23
-1.207448286251092161e-22
4.328379808455406090e-22
-7.162035842301541174e-23
3.303630153326311134e-23
-1.248162820780026108e-23
1.800574001250055214e-23
-2.890946051618555471e-23
-8.364372731953164533e-23
-8.454155793874745638e-23
2.954241391737630130e-22
-1.740691949561575784e-22
1.378540651353637557e-22
-2.286646544920556372e-22
4.374084541059409184e-23
9.134399848502221355e-23
-2.383595660910820029e-22
1.344618908371758026e-23
-1.730038762914697848e-22
-2.920568140054056121e-22
5.747968246639565669e-23
6.984888536251212865e-24
-7.914169831818603834e-24
-9.548005337594832156e-23
1.994042311358720651e-22
3.221149586287797968e-23
4.661866392467549516e-23
1.043102594663120390e-22
-7.272162664713290754e-23
-6.463551262126142123e-23
1.905509407916353484e-22
1.376398297609074302e-22
2.089178825868352820e-22
-9.873055296569327443e-23
-5.153424476921203965e-24
-3.907010702502960635e-23
1.050583808303525084e-23
6.463583381617595935e-24
2.148917624743715061e-23
1.973176502631396490e-22
-1.819899306620461928e-22
-3.257259943144838816e-23
-6.341432966981722665e-23
3.065973929902583903e-22
-3.337200078766444004e-22
-1.694999946568754473e-25
-6.125396664251216614e-25
1.375669812421248407e-22
-9.604950421791217112e-23
-1.865714464334433915e-24
2.208682332145748765e-22
-1.545769631521199693e-22
-1.127483938195206138e-22
5.060623007211960033e-23
3.167987347635454609e-23
-1.264258538243410722e-22
1.209935980568215683e-22
1.950788039375897664e-22
-6.112864753900533671e-23
4.295385688978758610e-23
-6.531607018423923467e-23
-1.697725561321447818e-22
1.756820293775962690e-22
-6.438539776637373772e-24
-5.365454479565122678e-23
9.042976387209904438e-23
5.086604246581380890e-23
-9.750201188901910652e-23
-5.015451132435544840e-23
-1.338915413437782246e-22
9.638004725665800552e-23
-1.624705686627600448e-22
-7.010257943468878493e-23
4.260544336140109727e-23
-2.215642171950308770e-22
-8.994381602012201912e-23
1.947263837212476164e-23
-4.890594388728986674e-23
1.759818164289190595e-22
5.403548335573067276e-23
8.164026977188659667e-23
5.825174724434449653e-23
1.320322829928363204e-22
-1.450168535336810069e-22
4.781453151589312393e-23
6.079005236546581018e-23
-2.217120579278200212e-22
-3.628973874828695577e-23
-2.092267177270170387e-22
1.768091443925456256e-24
-8.750841049686258176e-23
-2.263862256313321896e-22
1.920341699599522198e-22
7.771574311129498539e-23
-1.331279998162837989e-22
1.903072667589250222e-22
1.963484017127435297e-22
1.334840209161933912e-22
2.123383565168497982e-22
-7.124964644291085035e-23
3.071893636267581714e-22
2.750421009130705004e-23
-8.822928985434982361e-24
1.016671164506905597e-22
-5.513450468852404173e-23
5.565867358988414541e-23
-1.080159121419459974e-22
6.727092732556582598e-23
-2.793337648281892804e-22
-8.350823704673915570e-25
5.188113727011934306e-23
-2.047620893679872793e-23
-7.391027232321430189e-23
5.295032842847569097e-23
6.691042474658877929e-23
-2.827613261180200293e-22
4.229030504511481460e-22
-3.250879243296123270e-23
9.316296909955666167e-23
-1.183096675450264518e-22
-9.410144912445555299e-23
-1.632920003867838278e-24
-9.613036983179686988e-23
7.576280387796182130e-23
-1.796439524454954520e-22
-2.417195646909327517e-23
-1.349551084813599590e-22
4.875111412157714887e-23
-1.843196445652696260e-23
-2.586589472007232564e-23
6.879315573847710010e-23
-9.463897099049893015e-23
1.654429064443978621e-22
-2.005532793559053221e-22
-1.155290844455928536e-22
-1.216168174789984709e-23
6.062451743174038607e-23
9.941177813015624147e-23
-7.048928807414898294e-23
-9.926395391704980916e-24
1.844744547138184972e-22
8.122039152085254230e-23
-3.278652490226536198e-23
-7.351810334077902489e-23
-1.144573245252894457e-22
-8.673572744411975918e-23
-2.499361666434087881e-23
-9.439454374561970080e-23
-4.747724779714043238e-23
1.016422193251869558e-23
-3.159406451547889135e-23
1.716079877810464366e-22
-4.516730097131008324e-23
2.111174686797381055e-22
1.837043568073926226e-22
2.604685172677430600e-23
1.171435643768428300e-22
1.447277613017136418e-23
1.125058367365607408e-22
-1.819856343607527330e-22
-1.027310868751690022e-22
2.916359561425336706e-23
3.467701481837086338e-22
1.818988396311563501e-22
-4.087422524871316371e-23
-2.630720811351000945e-22
-1.304484716432879891e-23
1.150327554205357294e-22
5.241460241999682283e-23
-1.202723241791828424e-23
-1.359076059296088538e-22
-2.439741879180526042e-22
3.104348542226123535e-23
-2.732213984173573342e-22
-2.021560503512652713e-23
-1.383966779991601681e-22
-5.305456459802567260e-23
9.634052857213702825e-23
4.327013122774835130e-23
8.348781686193131213e-23
2.096753952689259944e-23
-5.967128448921308179e-24
4.056302681699721228e-23
-6.696978661843607733e-23
1.420630984847192122e-23
-7.498532657559973755e-23
3.804077223678916017e-23
-1.204181141972843545e-22
8.789775472933087816e-23
-9.240380968508270420e-23
1.212335860674128953e-22
1.690469416358403048e-23
1.360684040323459520e-22
-1.863200281353106366e-22
1.650651277472941718e-22
-2.762532389368093397e-23
1.215582495660380486e-22
1.116717473633762396e-22
2.504823337698186347e-22
1.460130625549331302e-22
7.624948198268521274e-23
1.926511340129222937e-22
-1.063212244092687394e-22
7.050099517547055562e-23
6.200923560532245106e-23
-1.696069708493389307e-22
-4.405798106654672612e-22
1.108886795430671651e-22
-1.665171202494982862e-22
8.937842729832522822e-23
3.030804042247044862e-23
4.522128983424906251e-23
6.624646567844290141e-23
-1.556321019707551791e-22
-5.576975618307581191e-23
-2.445341530143272275e-22
2.711732001969106142e-23
-1.977156960724422219e-22
-1.464075374924492073e-22
-2.788873026514198976e-23
-5.596946981827117796e-23
-2.906368716291398480e-22
2.087819079396804197e-22
-5.563702773630076724e-23
-1.173899948229014211e-22
1.285003607703160122e-23
1.425716636502349909e-22
-9.233979919043071194e-23
-1.954114651003256090e-22
1.878977504706106058e-22
9.310588510431704602e-23
1.379905746334449850e-23
1.373852095633135577e-22
1.836553197265260347e-22
-4.246686039026393405e-24
-5.973671700519759413e-23
2.969616579869543137e-22
-2.591820987019319487e-22
1.708588742621323694e-22
-1.760512511581416807e-23
1.105548183187279693e-22
2.211509115373383155e-22
3.278276087142401077e-22
3.216822615863211445e-23
-1.063373080386108604e-23
5.426576432683279974e-23
-3.603212116031141532e-24
1.261696673508801347e-22
1.581866376644525299e-23
-1.199746504856272268e-22
-2.548326577800302814e-22
8.198436688621639339e-23
-1.018708909968148928e-22
-8.817782097696535071e-23
-3.597558871263175186e-23
2.062273209862598284e-23
1.009385946176104282e-22
-9.841381298311722180e-23
1.231151780798355007e-22
1.543319596121512399e-22
1.557592141392730550e-23
-1.318664761993356130e-23
-7.562044756321025820e-23
-1.115477559268910604e-22
-2.637271714566247489e-22
1.469185991373717293e-23
-7.895807225779402938e-23
-8.214731362936498216e-23
-1.206203352050522825e-22
-1.749020677908707336e-22
1.531804690697905109e-23
-6.365262582758701218e-23
1.388759346508972908e-22
5.616589688334548968e-23
1.082716043271731427e-23
-7.813410873132665935e-24
-2.537617750603392384e-22
-9.101163448500850373e-24
-2.481723667568571975e-22
7.946258500339199200e-23
5.921063852694341950e-23
-7.006104990864135566e-24
9.366014790686506305e-23
4.822631388190192199e-23
-9.443222202424160454e-23
6.891123871446232304e-23
1.730774230840232724e-22
1.651255524306762563e-22
-1.133569459967256379e-24
-7.781499558273867631e-23
9.812198665610503125e-24
2.451296753222559098e-23
1.681341670006306309e-22
-1.514669288107917509e-22
-9.074614910955804531e-23
-9.895941836144540416e-23
8.122141393982776012e-23
9.624215146875440764e-23
-6.201702741826843317e-23
2.674462281630173971e-22
3.228976920420168221e-22
1.600773575824341020e-22
5.044600517639774935e-23
-7.584108156635572140e-23
1.032441953143960960e-22
3.540018112544615841e-23
-1.397019934231225512e-22
4.014217680038972509e-24
-1.385595522438260784e-22
-1.061009878940335076e-22
1.098919493446506629e-22
-3.346137529722716354e-23
-1.944739654652059315e-22
4.052420314636755118e-23
7.235507456047735606e-23
-1.683488931932941508e-23
2.055322790735682692e-23
1.386358201082083132e-23
1.729865928147769638e-22
4.764594364893192810e-23
-3.022963857048301323e-22
4.357895028479267858e-23
-3.754876082548862347e-23
-5.775794883754566155e-23
1.376913510608712375e-22
-1.756374348703358745e-22
1.199832371560335922e-22
-2.295855674336817921e-22
3.744785132796506222e-24
-2.641887641240604443e-22
8.661046316911825260e-23
-9.844196144953418856e-23
