-1.986730426330089447e-24
8.067563152276703009e-24
1.709810388173344041e-22
1.969884229994737500e-23
1.229035260777374269e-22
1.821402839388021852e-23
4.237718196689366840e-22
6.785357510251396572e-23
2.090675942030138436e-22
5.358557203299815315e-23
6.937548278905144758e-23
2.743591579250980601e-22
1.422571807493594380e-22
7.977473957509901031e-23
2.161025966514369619e-22
-2.151252734530582793e-24
2.275248278317108993e-24
-7.581309945438524628e-24
7.105948346384652940e-23
3.959119463071266540e-22
1.919623758097497905e-23
1.338403847291816519e-23
7.692386197433821989e-23
-5.055622158960114604e-23
2.918443642576982071e-22
8.312602706366077272e-23
1.686485225046343331e-22
-1.141966562164247409e-22
2.429568033666064930e-22
-5.784014520115563541e-23
1.085961051963910400e-22
2.310984970807824029e-22
2.233749949952500311e-22
-6.554182760028053289e-23
3.623638602106598006e-22
9.957693524495036060e-23
-8.373633079907392021e-23
2.215726679116998724e-22
9.005346503953427982e-23
1.450056673469380060e-22
5.379249292788086532e-23
9.109757628240802250e-23
6.192647054706909898e-23
5.961392175711581392e-23
4.096269641845637485e-23
2.425153630773285095e-22
3.397788553342287947e-22
2.132494283401877108e-22
-2.294026202796291341e-23
-4.563458604628167669e-24
2.039573488218717762e-22
1.004147017708670183e-22
4.205141841730262137e-23
4.468144766596186251e-23
5.982909383115865092e-23
1.045344849397349613e-22
2.567284106580520601e-22
-1.323222105937689016e-23
1.946266862210068642e-22
2.164550440460812369e-22
4.311179097352994620e-24
1.458955434475321780e-22
-9.443883841264012271e-23
1.129195262106534461e-22
-1.179497764400424620e-22
-4.472729734270329927e-24
1.592468748653865295e-22
-1.940920579162744108e-22
1.747040122822948850e-22
-2.129987516933227063e-23
-2.110797807541742291e-22
-1.346121742194937222e-22
-3.471464457836225508e-23
-2.070951992300971407e-22
-5.891227194363677017e-23
-1.297341888063919818e-22
-4.456272716481131590e-23
2.982181722460702964e-23
2.269518126088477074e-22
8.744169615885260036e-23
4.272379176184815543e-23
6.258947962492168873e-23
-8.862400773750689887e-23
6.894647708631096485e-23
1.864636927757923056e-23
1.030955659453849804e-23
5.251492619847119718e-24
-1.681802907410717294e-22
5.792726348542690858e-23
-9.649297056596461996e-23
-9.522662101111590944e-23
-1.882093398734720204e-23
1.223279601586005087e-23
-7.986013274491021982e-23
-1.258767281872754798e-22
-3.755966470073590855e-22
-1.003900576148385855e-22
1.867963672874665522e-23
-6.504616170621378536e-23
-1.640547246682466935e-22
1.241850561123755359e-22
-1.791592315370782998e-22
2.508142995314618930e-23
-3.087747798130563978e-23
-2.249009222241208299e-22
1.506398742799415755e-23
-2.710179089919115448e-22
1.529247696609297515e-22
1.876799160345019657e-22
-1.366234462528145856e-22
-1.980098200671835124e-22
-1.690560627602993254e-22
-7.722315761788914998e-23
-2.026472160745806035e-22
2.626865253535451054e-23
-3.162710332186306728e-22
-2.669415534338878787e-22
-3.571497568372245176e-22
2.741302196030776886e-23
-4.178217227290215816e-22
-5.610958171377043979e-23
-1.460862989083501681e-22
-2.176350220080022402e-22
-1.465355278155513359e-22
-5.876662301010332255e-23
-7.531332436811975963e-23
-6.689640638956379623e-24
-4.048439270990251191e-22
-1.411901090915490986e-22
-1.261089325851993206e-22
-2.557562059567499324e-22
-2.317018072492597094e-22
-1.030308739792722178e-23
-1.341619040751668166e-22
5.425433350780287411e-23
-1.480080014004492099e-22
4.863104798429653975e-23
2.262566415409227412e-23
8.837794378673064782e-23
1.423283116949861084e-23
-2.119630539827857631e-22
-1.135191318238723224e-22
-1.031190542958454937e-22
-1.883666342920323566e-22
-1.819137708205610967e-22
3.466787116579134164e-23
-9.214903290758126216e-25
-1.343303216855127895e-22
1.207558158190347499e-22
-3.577424860393377205e-22
1.723103989880700369e-22
5.095006766975937556e-23
-3.511613836458772445e-23
-5.584784004625741905e-23
8.400312670132279958e-23
-4.680312625969642875e-22
-1.304418815318730741e-23
1.121118747532543674e-22
4.622979780537306198e-23
-8.121235336147497012e-23
-1.921871760570654237e-22
2.834374784118504811e-23
1.164101211798118327e-23
-9.171884615558847604e-23
-7.430403852730703339e-24
-1.426117249238277166e-22
-1.280861053743303375e-22
3.857570612011782732e-23
-1.065313663863606941e-22
1.043045153518039189e-22
-2.816629382631698477e-22
1.604801295401169160e-24
-4.012191896498822274e-23
6.411527533246274904e-23
-1.836103301898006218e-22
-1.625163459904773968e-22
2.359492696156270942e-22
-9.245953783689673561e-23
1.110836582224282832e-22
1.233888430765831587e-22
3.507018913684899999e-22
5.039007828888785476e-23
7.242825794488691023e-23
2.453427079444666596e-22
-5.017146085992660556e-23
1.881819319399051691e-22
3.132830193911990887e-22
-7.797377777368188661e-23
3.936568485655014717e-23
1.184946733626958782e-22
2.499334737019210533e-22
-5.798215622680056873e-23
2.081801687487320553e-22
1.759629202127943434e-22
5.233200176751972126e-23
1.591851748118235716e-22
1.121935440782910564e-23
2.620348928736094787e-22
8.661745945798098153e-23
3.562091662723840287e-22
-1.676703296834443905e-22
1.316995636617420434e-22
2.843132464740378455e-23
3.154249140024435599e-22
8.320469466969237054e-23
-9.958930321972823039e-24
-6.849189121110250817e-23
1.549122611721252115e-22
5.419934975642379927e-24
5.167116908532708667e-23
1.516813718881212153e-22
7.673747515161407907e-23
-8.666178622948252261e-23
4.142681986606299830e-23
2.915506031072883617e-24
2.335500965633809098e-22
1.417358845005337606e-22
1.461792371061215379e-22
1.725618899906924186e-22
1.872716844839887549e-23
1.378080434690716127e-22
-1.033853628393317884e-22
1.765294226284034265e-22
1.632703955163114060e-22
2.581895632981379361e-22
2.260610973289390388e-22
1.909637111626060731e-22
1.611834448628531223e-22
2.848011766636819787e-22
4.681633561987870923e-23
2.512320697697472213e-22
2.060582252987330134e-22
1.706368139820936672e-23
1.369260298672595936e-22
1.230138808107341114e-22
1.109272657935384353e-22
3.989305143315115456e-22
1.065456714667050629e-22
1.105319952440957994e-22
3.985765142358045242e-22
-2.979176025224953940e-22
2.474172327682169279e-22
-1.689808820844123968e-22
9.586613572390402466e-23
1.499375495541638249e-22
4.850063862743342506e-23
2.182239265310088517e-22
1.307207953965566336e-22
-6.659389393077207429e-24
-1.186973211635820806e-22
6.296540886806256985e-23
-6.135681781633706660e-23
-1.900786442245672215e-22
1.349811648105868568e-22
-3.600861132946103005e-24
-1.196866528845666889e-23
5.961321879851051076e-23
-5.891811181068855222e-23
1.200198722232488042e-24
-5.474708322517733198e-23
-1.267814635381484146e-22
-7.368989696890287730e-23
3.748971822479062139e-23
-4.140499298793059814e-23
1.405188780739722503e-23
6.897797777687218483e-23
-3.866381517560854112e-22
4.104544721701651418e-23
-7.838101131376202984e-23
-8.527172534557163707e-23
-1.610942199590213752e-23
7.519799119308925205e-23
-5.812129117528255170e-25
1.093391668513447320e-22
-3.706140605468706790e-22
3.828154482783658830e-23
-2.398435576998533345e-22
1.997668185537263047e-22
-8.200113589586616400e-23
-6.016389414594491144e-23
-1.643781333531877889e-23
6.120240125023211644e-23
-1.080775018593484433e-22
-1.028064680535679868e-23
-2.084779947302123668e-23
9.155969668921014149e-23
-2.048905228612149614e-23
5.001147117142598152e-23
4.497318242185745965e-23
-3.207428374973296855e-22
-5.991208075138225767e-23
6.401951852346488910e-23
6.603339273967515776e-23
-5.256544419530994031e-23
-1.933111163094029668e-22
-1.996856025153087364e-22
7.659081658194017336e-23
-2.506087779147744645e-22
-3.076427978063304124e-22
2.247195105704557116e-23
-1.588765455531726915e-22
-8.959303868836439386e-23
-4.088250441004099403e-22
-1.396646725136619953e-22
-8.153512661862631393e-23
-1.166737042562787461e-22
-2.525200215041070903e-22
-1.887952019551616166e-22
-2.072812946088440064e-22
-1.578612451303392062e-22
-1.480709589330885944e-22
-3.066592366951169070e-22
-2.223101005293419572e-22
-2.028740605046772551e-22
-2.213097283017414040e-22
-3.251772301820895335e-22
-6.775969216398794292e-23
-1.186689367850948459e-22
-1.460848283341377221e-22
-2.035086830173759464e-22
-3.416556543531050170e-22
4.689784410874579233e-23
-1.278764411181609887e-22
-8.773242437119717189e-25
-1.786394559010301403e-22
-1.820041723126644923e-22
-1.015172436520901868e-22
-3.010368099868049665e-24
8.637409852343199713e-23
-2.078902669403967204e-22
-5.789674735689586233e-23
-4.145395952574984215e-23
1.731108479264886553e-22
-1.869808953518036769e-22
4.140373033596209391e-23
-1.841041919997314474e-23
1.927032356640478344e-23
-2.056282051267225664e-22
-3.725387221182859698e-23
-7.619778546951633847e-23
-3.310324137040070350e-23
3.681563817186360680e-24
-4.968701065936658248e-24
3.524794626904214755e-23
9.122109008541624358e-23
2.155112677978193445e-22
-2.073651284187362364e-22
1.437013055765391629e-24
-1.620913934442609382e-23
3.697506656482730290e-23
-8.384254880147853425e-23
9.223739271434645332e-23
7.982910247247854457e-24
1.976418440531356357e-25
9.886510574678642449e-23
-2.605008927988217058e-22
6.352146761592054176e-23
1.454919496406896014e-22
-1.768205269369194630e-22
-1.799035702245640389e-22
5.951975947365050402e-23
7.951109292570139310e-23
-1.859252374070225947e-22
-1.241582653923183015e-22
1.166650826121775528e-23
-1.867429846791737502e-22
-2.219373941857407363e-22
1.543402161835785944e-22
2.220449580696529702e-22
-1.915403455016764769e-24
1.592446263875021795e-22
1.250164600780073727e-23
1.908512944786501870e-22
1.067422655954991389e-22
-1.536545580657751022e-22
-1.517194714900506571e-23
2.228087441000503493e-22
-2.262011402288252265e-23
4.219387023363714704e-22
-3.712091584119600486e-23
1.932818131137876713e-22
8.103978196308678458e-23
-2.453618383767665633e-23
1.447292022467095661e-22
1.649116851748500833e-22
2.603087305879752747e-23
4.743660607625117573e-22
6.489023001237890558e-23
1.591562770133666897e-22
-1.371885228219152696e-22
1.649115622599195847e-22
1.850979310735710465e-22
-7.683175655876839698e-23
1.615679046574450530e-22
1.791788618059823597e-22
2.546051959821972380e-22
2.377714738565168205e-22
1.108289252555080561e-22
1.464233448584802827e-22
1.474006153224804362e-22
1.582450449447573297e-22
7.852847074533545125e-23
2.094097837068555811e-22
3.644726507411246960e-22
1.608452378402198420e-22
5.842716712742495061e-22
1.993431257286309103e-22
2.634832423889052764e-22
1.949959871905827032e-23
1.135569904790553375e-22
1.125704630085239115e-22
-3.644330199532888359e-23
-6.440686089297163431e-23
6.522824962804606811e-23
9.364993033653826497e-24
-1.034497909953133112e-23
1.240812221117724271e-22
2.820663002431205820e-22
-2.058432366334998562e-22
2.329863289098348171e-22
-1.052837790630687171e-22
-4.854338150053169911e-23
3.299071238229608886e-22
1.392277106038381023e-22
2.436128254616653830e-23
1.611048935117367408e-22
-2.981349305392912284e-23
1.464561283719174510e-23
2.106850535740683503e-22
7.457487967464119754e-23
-1.256052554734629094e-23
5.285474351218144440e-23
2.622566938710135903e-23
2.160257389358166268e-22
-5.125973396045750831e-23
7.050484276690340879e-23
4.492396306410472790e-23
8.809664955561092731e-23
1.243377969974418371e-22
-6.938498560735986527e-23
3.913136670280832382e-23
1.415886859793011228e-22
3.160301500996290803e-23
2.207361404681383400e-22
-4.516562116932261556e-23
9.931939556083569861e-23
-4.579906706618992871e-23
-2.648311389595283283e-23
-5.483284257767499539e-23
6.398514775758852088e-24
1.794198265962955147e-22
5.886860690756305488e-23
-5.385649439413255639e-23
1.701425059704541433e-23
-2.057392243949592228e-22
-9.399191124633487966e-23
-1.618426184810464014e-22
-9.627770337352557314e-23
2.308677722611337684e-23
1.149661092856139597e-24
2.837090119681515863e-23
-1.426814180496463637e-22
-4.367698482552720674e-22
1.659303557625355912e-22
2.046515609878509246e-22
-2.720945510036930632e-22
1.559889318336560314e-23
-8.706007951145112276e-23
-1.010187380317904296e-22
7.072880976774917161e-23
1.591448693388203624e-23
-2.969825069897634200e-22
-3.925857267720701813e-23
-1.795333930507232246e-22
-1.287505546481599521e-22
-1.696415449609020535e-22
-1.168074046129369169e-23
-2.613525810689388811e-22
-1.606242369543265313e-22
1.733475916537991842e-22
-2.620784275427972063e-22
-1.154058610868073476e-22
-1.055573277782407706e-22
5.562624977535664309e-24
-1.736651469859563348e-22
-1.647401200484239462e-22
-1.453499900570777726e-22
-3.070561008557362220e-22
3.332932497074034883e-23
-2.976253664881060346e-22
-6.301622247918875966e-23
-8.631751909774814659e-23
8.992970244101304390e-23
-2.644990117472609278e-22
-1.949856474025669420e-22
-3.065385891098873303e-22
-1.553658182763846953e-22
-1.092194564189749922e-22
-2.285938049690425994e-23
-1.817186431156533102e-22
-2.079215279528338636e-22
-1.448989940869457309e-23
1.109405527633407421e-22
4.328347763982862576e-24
-2.839532287280292092e-22
5.912325148252865864e-23
-3.196160759269590307e-22
-1.454303011461582288e-22
-3.554371882566135854e-22
-1.113458042710551216e-22
1.487007180305905749e-22
-4.159970477269210420e-22
-2.030940826875397462e-22
-1.495135108340076637e-22
2.872294414950919892e-23
-5.733551791608814965e-22
-5.923896853245343705e-23
-1.416866039804856083e-22
-5.349828417363559878e-23
4.982904470499315893e-23
-8.170999677083486931e-23
-1.398610321325763791e-22
1.172207200997022871e-22
1.043792001826871621e-22
-6.749488087086710840e-23
-1.991226818168897984e-22
-2.316506299259754201e-22
7.881520867316093255e-24
-4.884235258537517885e-23
2.010168753382516087e-22
-7.498677030712968233e-23
-9.540220056683272268e-23
-6.273928199925203893e-23
-7.895083700635904676e-23
-7.548206664749546711e-23
-1.182534846576763297e-22
5.508629722156555735e-23
-2.343573327481830606e-22
1.061089095629247149e-22
4.756576868405627600e-23
-6.228368496374105636e-23
3.322839154985608670e-23
3.082113286494234279e-22
-2.578210017247488952e-22
1.277340772202607972e-22
6.919328191649464806e-23
1.106013263279311761e-22
-6.400281315783180958e-23
2.234722232728598169e-22
3.128325973104106385e-23
2.678484859811235322e-23
1.093713929422103449e-22
6.817241547619379266e-23
1.321875229733293253e-22
-1.429743653705094070e-25
2.083046920999016826e-22
7.934595534220977471e-23
1.530178028269027017e-23
1.371625304785410536e-22
9.036825096498707726e-23
-4.351943204313912971e-23
-7.162799316959688128e-24
1.640043635934760410e-22
6.425993039856929417e-23
3.672261944725074373e-23
9.710043988139985513e-23
2.876079760969434203e-23
1.328855681836117509e-22
-9.655339871694889221e-23
3.163890574040848288e-22
2.937430208076960231e-23
2.781539417625750735e-22
3.772779057220086015e-23
2.565813234642835363e-22
-3.025442409718707892e-23
8.641722223574233681e-23
1.445987695143019882e-23
1.948006418543818289e-22
5.702810156453209736e-23
1.868193424679914263e-23
2.701176424921315886e-22
4.078461213741608334e-23
2.562667605280129365e-22
-8.477463456546175038e-23
5.126182910726309534e-23
1.704647015198682018e-22
1.817361208990891525e-22
-1.254231162048755829e-22
2.194177382280164036e-22
1.137153235973965945e-23
1.059389545923697202e-22
2.796786499057434375e-22
1.455302469940757787e-22
3.046225605538865189e-22
2.314093850785683689e-22
2.113624916825599822e-22
8.803936031251532673e-23
-2.504265715226418110e-23
1.592083087725113347e-22
3.243875638844862368e-22
3.195713055591019280e-22
1.355406200652193350e-23
2.289109411994107668e-22
3.206904764013803919e-23
2.650481560317311254e-22
1.741907175984149240e-22
1.877065082947067103e-22
2.784333591897582904e-22
-7.201339749031305480e-23
2.181671048607693343e-22
5.465454142664511330e-23
1.747410473543993177e-22
1.073276093159105999e-22
2.389091730781369060e-22
3.917887026286654954e-24
1.906347668090472569e-22
7.282171945506768217e-23
2.856551099007091011e-22
-1.780324105014615580e-23
-2.322823866808430259e-22
-1.395947088142429554e-22
2.530990078384351207e-23
1.291738170525886358e-22
1.883079716951899937e-22
1.144150356759735262e-22
-3.825669193386345772e-23
2.003120873914223990e-22
-2.362074923704784482e-23
-9.830181469795924076e-23
-3.193094755433206969e-23
1.655330311754549297e-23
-6.740702255526179168e-23
-6.349676065974847137e-24
-1.489421794861343185e-22
1.397994256847492700e-22
-3.015804668686561684e-22
-2.162716359444547999e-22
4.908985038837845806e-23
-1.961220473901562534e-22
-2.837671881764107686e-23
-1.045077818943227517e-22
-1.927291668971670697e-22
-1.727520925384102723e-23
-9.961880606502624885e-23
-4.979104065513819639e-23
1.228721647844532307e-22
-2.604768382006905784e-22
1.016225076088818190e-22
-1.534090408289513352e-22
1.810821339285147025e-23
-4.605911194819267306e-24
8.181676135026671795e-23
-2.182354910174821055e-22
-4.178792938068481787e-23
-8.341134328774570022e-24
1.617305573823823389e-23
1.915830570116555786e-22
-1.380176231651304499e-22
1.357706095685146125e-22
-4.385118616249148096e-22
1.192087608914299218e-22
-1.485637626545464795e-23
-9.245735837870418016e-23
-2.617698690596293638e-22
-1.750196057467312697e-24
-2.576285880691440236e-22
-1.630201456398478126e-23
-3.895517296034623572e-22
-2.761082524970911311e-22
-1.450221280597889584e-22
-8.417935365073697470e-24
-1.253325217448678372e-22
5.971044055171885876e-23
-1.404406032632987588e-22
-1.539114271940178726e-22
-2.933258467448616759e-22
-9.237210299272032628e-23
-2.421972372749751965e-22
4.028970276950496764e-24
-1.540750641841136697e-22
-1.678367099568568482e-22
-3.119066613361526896e-22
1.360315028931951318e-22
-1.414847416459871548e-22
-2.583043162905639484e-22
-6.661916054557791763e-23
6.626180372483977701e-23
-3.630216837469822235e-22
-1.691980392627834547e-22
-2.658082595418704885e-22
-5.979466560039938284e-24
-1.996456767587389856e-22
-7.746512224418490539e-23
-1.872053621638643403e-22
2.021519412328316239e-23
-1.724140916206566384e-22
-2.738894065894158933e-23
-4.236798345724841943e-22
-6.551082747497656462e-23
-4.502303128799286280e-24
-1.989903733675401073e-22
8.799721535784575948e-23
-1.908880731624876242e-22
9.840113232098771876e-24
-4.260847812558624805e-22
-1.949472258080706580e-22
9.128867569101953193e-23
-3.134929691924143100e-22
-3.208157686034024196e-22
4.198369434225960755e-23
-1.750302317424315761e-22
-5.735295145512636118e-23
-8.211586072965868996e-24
-1.597263296406658916e-22
-1.497427730731227626e-22
2.068079614373814768e-22
-1.298117441835139343e-22
1.748898499710649899e-22
-8.388493103600874958e-23
-3.237159770742260370e-22
3.699105750381784503e-23
1.138148819033128550e-22
1.068239437246475752e-22
6.042586570896098707e-23
-5.454717799494688394e-23
3.865130433688449543e-23
1.771993205088083878e-22
-3.478835123247706956e-23
-1.563478137829500239e-22
8.375271478147956553e-23
-1.356275667286614702e-22
2.691947725345188525e-22
-1.018036259705088013e-22
2.416815369426437828e-22
-5.295587664755897556e-23
1.386390121568020165e-22
-1.109805937556861307e-23
1.266410657435433122e-22
2.252405761602355671e-22
4.707127239180876840e-23
2.910939550986839567e-23
-5.949405854119256107e-24
1.164532989595117303e-22
-6.232947749062878789e-23
3.257733617753665107e-22
-3.202709481452674663e-23
2.480257452666692674e-22
1.760474058231139153e-22
1.896533270565122507e-22
6.196341481882287126e-24
1.433768225050817514e-22
1.960735550710070985e-22
1.492040134119518293e-22
8.268616929218992883e-23
1.010653255436124080e-22
5.979447811895735202e-23
9.106340644547069592e-23
2.004236469610235240e-22
-2.005687152078684077e-22
1.089918730581224415e-22
3.208261750883217124e-22
5.792007250640017421e-23
2.332318438875610265e-22
3.324571701108427716e-22
-2.830500653882007735e-23
1.549314182453022492e-22
1.178422146529460886e-22
6.056192053014959336e-23
2.510255852562135859e-22
-9.799017937644870722e-23
1.141806992527021111e-22
1.035919060773406201e-22
1.113902981682750553e-22
2.557049881451025797e-22
-1.777830357401788027e-23
-1.384273750570435669e-22
1.440851488674658516e-22
-3.766876822964407878e-23
1.455526153361115577e-22
-6.502907888628886520e-24
-1.212922542492527096e-22
1.757058722511605670e-23
2.361780246466731011e-22
2.852854171894918770e-22
4.711565827430648717e-22
1.673643952766822450e-22
5.181740182897294648e-23
1.782329161505367106e-22
2.084476821484851668e-22
1.027377915213557911e-22
-3.603975663352335426e-24
1.574053681016164034e-22
1.116510123761910372e-23
2.452073837054004756e-22
1.711569013551382273e-22
1.673461877845257810e-22
3.846695269489043018e-22
1.131509649551212424e-22
1.473329519294153069e-22
3.241216615689625921e-22
3.479080262305912523e-22
2.310738861357331997e-22
8.821955593083739671e-23
3.808660156762267156e-23
1.587992478962116792e-22
2.120161556441055879e-22
8.257186710613469633e-23
1.548802080857282953e-22
7.113132800745764205e-23
1.898256656961789290e-23
-2.417359614893871023e-22
1.161277597100795738e-22
-1.675868936186279829e-22
-1.025381514977483033e-22
-1.766965253255220092e-22
-5.456309511086811659e-23
-2.587248949981013496e-24
1.120655219859503104e-23
1.008575818281451163e-22
2.748282550360960670e-22
-3.082082016925826603e-23
-7.978538237697182506e-23
-2.842279735432573863e-23
-4.208599378944516433e-22
-5.300631991732842595e-23
-1.277953572096834077e-22
-6.132682286983678131e-23
-2.342529903764751506e-22
-1.342030574789668485e-22
-1.467689740367587034e-22
1.170747814793008305e-22
-1.156805348213111755e-22
-2.971526581689949563e-22
-1.066209170917248660e-22
-3.230054750333625990e-22
-7.138060958222218042e-23
5.336083351053849196e-23
-1.559786613257091650e-22
2.442777655618199443e-23
-1.700366034976910665e-22
-1.790522915399657523e-22
-1.229212233797728955e-22
7.170619685929146632e-23
-2.100052793802674003e-22
-2.674210969835075669e-22
-1.773674171592734352e-22
-1.093801835941905194e-22
-1.380838326035516262e-23
1.937088966675297489e-22
-1.930745541889808088e-22
-1.122891544400286163e-22
1.343110391929007039e-22
-3.435109376547658214e-23
1.364257155514537334e-23
-1.296332554844270857e-22
-5.821070873801273422e-23
-1.122757319153785594e-22
5.346855152784266909e-23
1.318436824009027894e-23
-2.405534621801568412e-22
-1.530136704596701007e-22
-1.466505792237728619e-22
-6.577302626539028547e-23
-5.733288281259548723e-23
-1.526812554237604638e-22
-2.595818033239270380e-22
-8.628033907260829704e-23
7.594187909973507869e-25
-5.762339944914695889e-22
-8.265892841834905271e-24
-1.890856242780889554e-22
-1.243322991828304950e-22
-3.516597222693986197e-22
-1.355946739096196873e-22
-1.405445729070337338e-22
-3.598767857420585406e-22
-2.573199140853475367e-22
-8.226707432253042163e-23
-5.320789871527578221e-23
-4.723883359433593798e-22
-1.079973223102317090e-23
-1.607064360054310594e-22
-1.880682847311817587e-23
-1.852444742681234281e-22
1.178680703266986231e-22
-1.853435332434270522e-23
1.275766764912435679e-22
-3.248151034580101565e-22
-1.976055203804110016e-22
-3.617526202903263042e-22
3.402396625967178326e-23
-1.107255709760436625e-22
-2.292444563247193439e-23
-9.573798126537357695e-23
-5.684613186817434631e-23
-1.628677909695667593e-22
8.336192182825760592e-23
-7.685053780172772103e-23
-9.486749093777918149e-23
-3.310524256921646059e-22
-5.305905915871095003e-24
4.473272208030673462e-23
-1.578715893294845996e-22
2.290430568349253783e-23
-7.947118812127527679e-24
8.673466920957322546e-23
8.792287327354706410e-23
1.693547616214762244e-23
7.868918346712566436e-23
-2.991628289962859960e-23
-6.296699748588613636e-23
-5.823427364743330104e-23
1.034706579001943442e-22
-6.603097078470844776e-23
2.606815229445404138e-23
3.123238836702396811e-23
-5.187123761440642544e-23
5.845160018476079698e-23
-1.551438516614414854e-22
2.767367599672252235e-22
-9.134488809767947573e-23
2.856491912545684860e-23
9.896570102894490677e-23
5.187233364488590266e-23
6.473046419385315361e-23
1.459123788406692283e-22
8.202408468700552494e-23
1.188962407648722847e-22
2.879976001945134606e-22
1.012736233475258395e-22
2.152913273564619325e-22
1.426866297995629970e-22
-1.091069229784500969e-22
1.873245053160477258e-22
3.072621000781916559e-22
1.680277533909117200e-22
-2.633484918620999730e-23
2.499163936230814043e-22
9.890907470151932799e-23
1.886039860662261613e-22
4.511068249024630968e-22
1.278611310777714952e-22
8.569717359908755490e-23
-1.405800578111535100e-23
6.406956511705951035e-23
1.755384013453443967e-22
-2.252744948293341209e-22
3.098049974838764982e-22
1.533835069328129592e-22
-6.787079308405271904e-24
2.086442506048200583e-22
4.624795874676463233e-23
1.402237425499231717e-22
4.228596694981726844e-22
4.244165936905080598e-23
1.573763908792821677e-22
-1.724363484702718159e-23
4.713096046309114264e-23
-4.955697341523444400e-23
1.347171741438454576e-22
-4.782377704784524817e-23
3.608449030502189979e-22
1.650074839760480249e-22
1.838516159235133781e-22
1.670270558750110248e-22
2.156012046350786155e-22
2.707428515363456428e-22
1.556040718038694994e-22
9.254013552624220845e-23
-2.457010430221136377e-23
1.823542247593693187e-22
4.294775612391254934e-23
2.308764271587291183e-22
7.201820712916810677e-23
3.807730133760601810e-22
-6.324345488896088677e-23
3.353347317637423133e-22
-1.241060351025949864e-22
2.552718163599359882e-22
3.545051567395387561e-22
-1.438221997404842670e-22
-3.070023416161968711e-23
3.052747472532054257e-22
-1.183990674806923398e-22
5.070913805078266183e-23
-2.479291219216768447e-22
1.677946905849598785e-22
2.306571460224607065e-22
3.306637220010650212e-23
1.350274814119366231e-22
1.801074165540186015e-22
5.943008026570853571e-23
1.470559133272091600e-22
-4.287019995146312674e-23
-2.627467209804343446e-23
-6.271932468208481158e-23
3.396628474121519985e-23
3.053371161956398333e-22
-5.716643360333729570e-23
-8.769839807080351626e-23
-1.094667757653149612e-24
1.418065042469824365e-22
1.324486265088582739e-22
2.536637274424867394e-24
3.529397538356483198e-23
-9.559941084442261539e-23
-4.485220566390975027e-23
4.280701422658502995e-24
-2.458716797789295758e-22
-6.564984227635434722e-23
-3.913751208964006602e-23
2.619846439877323661e-23
-6.185013370987550056e-23
3.348105438303572046e-23
3.580789201002303761e-25
-1.189271475418693647e-22
-7.368614841530130803e-23
9.250520066512675722e-23
-1.269491526509373642e-22
-7.882334959121541297e-23
-3.363007837239493303e-22
9.651722920293832458e-23
1.054104365290429965e-22
-2.044913275296145761e-22
-1.159985500526023307e-22
-1.822660683443839904e-23
-5.052538713575316449e-22
6.268157601970377064e-23
-2.601574025937818047e-22
-1.284979566891209908e-22
-2.170366301041938663e-22
-3.525746769707703359e-22
-4.046949114838236726e-24
-1.742795653247868533e-22
-1.763833725663347712e-22
-1.217189467756149908e-22
-1.788675335666378918e-22
-2.886864456854079247e-22
-1.500517987033220260e-22
-2.131280742415713390e-22
-2.100638927577576599e-22
-1.744766381655238665e-22
-2.075581350162318375e-22
-4.784078624561660602e-23
-1.937304651189613602e-22
-1.832439808117197877e-22
1.761266856088943521e-23
-1.717897381083619671e-22
-2.828651547349620786e-23
-1.522276455530527550e-22
-2.159310997750465881e-22
-3.926854147603573719e-22
-3.947134151410914839e-23
-9.256488479311745831e-23
1.579090373665932420e-22
-2.922773482275493642e-22
-9.397607563812421975e-23
4.151698798389796337e-23
-1.622130742259184264e-22
4.227370892474757113e-23
-2.120019123369451257e-22
-4.547879769188484464e-22
-1.326784911891736000e-22
-1.202127384563883318e-22
-5.855177280025268287e-23
-2.994163745886543649e-23
4.175165629881253912e-24
2.516238241810471660e-23
-9.305662849332261766e-23
1.153194270554080726e-22
-1.679714137415001056e-22
-1.970220781405103022e-22
-3.104741327461735976e-24
-1.860483311590922927e-22
-2.969928540764201026e-22
1.961330103929420979e-23
-7.527237832973109033e-23
-1.344099675896728747e-22
-1.866921639417189588e-22
-4.386445127115433200e-23
-2.525570396370865365e-23
1.063823834354116230e-22
-2.761254405094609137e-22
1.220638839035913907e-22
1.520446994742908191e-22
-9.650316446108716666e-23
-2.484380640780776251e-22
2.225538177997754165e-22
-5.535603652646701292e-23
-1.591806926516710346e-22
-5.047185572383009333e-23
9.178930553044366102e-23
-1.387379650550887719e-22
-2.060570799222096317e-22
-6.528593180878171711e-23
1.557585867857549057e-22
-2.302084866487969995e-22
2.888281519673522122e-22
-1.122115414061585415e-23
-5.890258036447694191e-23
-1.941450170027568762e-22
1.624584786054594270e-22
-1.268426820292052610e-22
-2.202903121072833332e-23
3.002504886701313706e-22
1.991294966993448238e-23
-1.133662301648602449e-22
-1.609546500114134975e-22
2.727677459900565847e-22
5.104179086477766981e-24
1.466784237598277596e-22
7.086097556232088161e-23
2.710878296871428438e-22
7.289452425822132915e-23
-8.285403281239081995e-23
-1.449783346773801239e-22
-3.438883805834307711e-23
1.369773658475924996e-22
1.452165521649654322e-22
2.713656413196348331e-22
3.587569856445598503e-22
3.491999158236966475e-22
7.856296079314098692e-23
1.251704216977685178e-22
4.199506694142317671e-22
2.772755012191206580e-22
4.359619993926291266e-22
1.555168975336456998e-22
2.756645835615875610e-22
2.259629237633348423e-22
1.929706086538586962e-22
2.897897186444600593e-23
3.282851020189150283e-22
1.621889038457384186e-22
2.066468801918727569e-22
3.456247948751013459e-22
1.585812606561013552e-22
1.635878222769569032e-22
3.269013476273197631e-23
2.210444364695077391e-22
1.857963817053803538e-22
-2.980201859516582410e-23
1.843738719122583793e-22
3.007322425546429597e-23
1.600183928661478366e-22
1.281127559168004475e-22
-2.739236361829020179e-23
-8.631895192968067303e-23
1.924027217873717883e-22
4.356625007976077312e-23
-1.624843652763936240e-22
-9.596915570158406977e-23
-2.226976641663192484e-22
1.284363639672965137e-22
1.355214326479399290e-22
7.921172264696082975e-23
1.649523211065705322e-22
6.932136588358208317e-23
3.051833291456687408e-22
2.310932643670826604e-22
4.095122629088334652e-22
-6.949044121492390188e-24
2.519542366173763011e-22
-1.769167372355842026e-23
9.861807138351290549e-23
1.561001383733946014e-22
4.372628500721704243e-24
-3.940079721949560663e-23
1.860992250556811564e-22
1.486615816754563632e-22
1.141094197151012825e-22
1.214876785733645333e-22
1.744872614547635817e-22
3.332504109992281367e-22
-9.917678914346493111e-23
-1.207546457338169622e-23
-1.435863581232943231e-22
1.434254081176342856e-22
-1.790741085451330782e-22
1.397952400587538951e-22
8.204921584452622277e-24
-1.135331154681403476e-22
4.811157879474322966e-23
-3.871559723390101670e-23
-5.357673209860013335e-23
2.103574274248757810e-22
8.115708327393426091e-23
1.406800145419906113e-22
1.711775187586966258e-22
6.808612425914374106e-23
2.075747992618191191e-22
-1.392816309600032486e-22
-1.329750641553963238e-22
-1.425683669962449807e-22
-1.192802273595123724e-22
-3.957917053623801211e-23
-2.490473047228374974e-22
-1.641004227726788311e-22
-2.155159189586850255e-22
-1.396126199742777393e-22
8.176444244581441522e-23
-1.137621971976350279e-23
-2.127521028728616671e-23
-1.865655404984792006e-22
2.131214628889502650e-22
-2.337984743532784542e-22
-1.187839076941924947e-22
3.158718162842285364e-23
-2.836696050702693121e-22
2.716899394676818622e-23
-3.877086648262362263e-22
-1.926589420097499204e-22
5.852502574549919732e-23
-3.518488545755777674e-22
-1.733837280409984451e-22
-2.252373553467053067e-22
-1.024920983941020922e-22
-4.139045098379863054e-23
-2.689913177937758582e-22
-6.543153004805446561e-23
-2.568975415852244215e-22
-2.223875085577302633e-22
-1.240011578995473547e-22
-2.363111573795545016e-22
4.852074391754938206e-23
-3.188029111596572620e-22
-9.572376574500453032e-23
-2.161504761383451549e-22
-1.876308986806095514e-22
-4.565824533431948013e-23
-1.976830351736160473e-22
-2.399296565756558033e-22
-9.236253214692091204e-23
-3.220767048862122649e-22
-5.023759717737827780e-22
-3.631275528259975407e-23
-1.603652402745450819e-22
-2.048309573329777920e-22
-1.427813003444996872e-22
-2.351626753745919325e-22
1.522124187719218131e-23
-1.839594679210045762e-22
3.761378554490056101e-23
-9.646829096610125352e-23
-1.177896099221012987e-22
-9.629268990220360146e-23
-6.157457315621582110e-24
2.566238555341681526e-22
1.513295942669227708e-23
-2.418839730285274011e-22
-2.057219912247166681e-22
1.149507497036454284e-22
-9.066566307631519042e-23
-2.793523900316187385e-22
4.223730589833531487e-23
-1.695144743406234823e-22
-5.271101652633073979e-23
-7.163741114993560568e-23
1.505898832760480344e-22
-2.258699343455982721e-22
-2.607079176279197816e-23
-1.063452653937581317e-22
-9.465639523092057265e-23
-1.084302935198919009e-22
-9.833252976904177023e-23
-1.436639096669046546e-22
1.331525717263338976e-22
-4.176461345533251364e-23
-2.012047041242077673e-22
7.429978872385264518e-23
-1.755358330091474669e-23
-3.502971737837170764e-23
1.273655053993480202e-22
-1.969899368618122698e-22
-1.619718650369607207e-22
-1.049131523886403877e-23
-2.004869831750673609e-22
9.346780310772476827e-23
-1.557727764317524306e-22
-5.049474827354075736e-24
-4.261307736442767066e-23
-3.158977824027662887e-22
4.518139643967670715e-23
7.701282586467867242e-23
1.198066581614566072e-22
2.463806472562963938e-23
-1.233695845823020178e-22
2.065288794068938710e-22
1.608233790107588838e-22
1.857444041620261034e-22
2.568493030191920011e-22
4.396762242592473147e-23
1.533269282530925575e-22
1.690933915683458713e-22
1.219884293638597638e-22
1.975327743444004804e-22
-1.186200969064590970e-22
8.474064813641904004e-23
3.465282331664716984e-22
2.977507254315893185e-22
5.619347501238467193e-23
5.330708332120675508e-23
1.840798241581015032e-22
3.069531271518599313e-23
2.454383724686696059e-22
2.808537114030187229e-22
1.192477944694209614e-22
1.542762355435899864e-22
1.925303950641519690e-22
9.880629151921338677e-23
3.258995544999022284e-22
5.700037533681875810e-23
1.393363166229558033e-22
4.157191153819040880e-23
1.308757807455681426e-22
3.720654211343749818e-23
2.180401774422734971e-22
3.242918060544350700e-22
1.621463974542357387e-22
1.029552959201852616e-22
2.102747662467606560e-22
2.884731681817943271e-22
2.425589034024755788e-22
8.627459075408954619e-23
1.286285750490926049e-23
2.539025457023299165e-22
3.933192302777997976e-23
1.456471176903746086e-22
2.988223048479465366e-22
1.742372398439724968e-22
8.191585037276641783e-23
4.026144217565505380e-25
1.934334061697152304e-22
1.486011082943293854e-22
-1.599282725988106900e-22
6.890130143559217325e-23
1.667325779567102571e-22
8.185215003723296879e-23
-2.544624586658184171e-23
1.307305522498709501e-22
1.651450188794352043e-22
1.377714846400870641e-22
4.694861927763183209e-24
1.513691918561578858e-22
-6.824663587916459949e-23
2.699157466195640565e-22
1.615939930790180421e-22
9.093409570364780415e-23
1.140505424456611327e-22
1.843528640014101368e-22
1.964274263574457331e-22
7.988140396534896132e-23
1.658234448366360880e-23
-5.407855417225350847e-23
-2.601377086687708592e-23
5.204753324492300229e-23
-2.908802752427280533e-23
2.344879993123054229e-23
7.730616283027630408e-23
2.187259493349539021e-23
-1.006260189457546111e-22
3.331126626820916141e-22
2.190266640921103285e-22
-1.560753280661876060e-22
9.947073343771833181e-23
1.543438074536032441e-22
1.539087504549225564e-22
9.010476383217729609e-23
-2.874524543976060703e-23
2.955403684334384439e-22
-1.039252391377173214e-22
1.391258585117205563e-22
-1.111906843256268120e-22
-5.099871309081910970e-23
-2.094518561819423149e-22
1.005946427147152383e-23
-2.321156809546729361e-22
-3.970450862261882485e-23
-6.650239603368631092e-23
-2.118511493112614365e-22
-1.733523943536812257e-22
-1.940587547814114486e-22
7.171114822360473814e-23
-3.954097389464892417e-22
-1.979979223051681311e-22
-4.007172838975348851e-22
1.494067796655668425e-22
-2.448065716107887298e-22
-5.422527863784809587e-23
-7.843917460193347506e-23
-1.804478507152502684e-22
-2.330352554876928235e-22
-1.838578023910220666e-22
-1.083510243579905463e-22
-6.927184535509951514e-24
-4.043349420365109832e-22
5.537571814953449340e-23
-1.465433734649448241e-22
4.673746793377964257e-23
-1.170502175653291434e-22
-2.276038969150899136e-23
-5.620500435785587328e-22
-2.168765844542573668e-22
-1.809506399443885955e-22
-7.448801687218615435e-23
-1.396855213049170777e-22
-1.275663421750559030e-22
-5.213762720790142182e-23
-2.218398342763977957e-22
-1.679480472366631406e-22
-1.090585271091400828e-23
-2.225671338797782008e-22
-6.063657383281452458e-23
-2.218786732489427312e-22
7.878158552639780245e-23
-4.505290325495733888e-23
1.063188224798146930e-22
4.713875324241509776e-23
-9.500634840161166472e-23
-2.760649004258326298e-22
-8.524644400644420946e-23
-2.843013083611789096e-22
-4.400617329033568547e-22
1.292885674060727360e-22
-1.218981396500645307e-22
-1.889413905250476780e-22
-4.087576967409349294e-22
-1.863718788179907515e-22
-4.626065052279068610e-23
3.379837965108542879e-23
-3.039863588754668696e-22
-7.649741304294696826e-23
-2.279836634613573695e-22
3.999617971091129569e-23
-1.104722118383106428e-22
1.348079642110649971e-23
-3.023069986518240712e-22
-7.046205144563654118e-23
-1.268128117491238673e-22
-2.138468074829724726e-22
-2.577143636059429832e-23
-2.403622619172350642e-22
-2.056812239857476059e-22
-4.932275409846867771e-23
1.382471044571548913e-22
-3.775645225015424184e-22
-1.023860110859814824e-22
-5.671496817507943492e-23
-1.948641989694862061e-22
-2.164303861688428154e-22
5.836584858955336252e-23
-2.112889112899173702e-23
7.927066897498031360e-23
-6.764602005593437725e-23
-9.476098306964238592e-23
-8.665907803290873389e-23
-1.577741308998484344e-23
-1.581948307080493724e-23
2.170765230827179813e-22
2.263968815400493947e-22
1.493468395743798932e-22
7.618636935142481663e-24
1.195971743503003915e-22
2.762093721265750610e-22
9.058805738624396899e-23
3.387887834552479229e-22
9.052352764973757570e-23
2.930178443886729194e-22
-1.745465740847650808e-24
4.256890826590695866e-23
2.235737378219059680e-22
6.846410896676042474e-23
-1.163712011078083925e-22
2.847407064326448563e-22
-7.390399002305800643e-25
2.423324722064607291e-22
7.675517054402503824e-23
-7.008089576970960503e-23
2.942609367375027863e-22
1.150478827074273830e-22
3.380729513734269017e-23
2.044515136301372995e-22
-2.529655886357838816e-22
2.492891749398378941e-22
-7.362239131247221923e-23
1.218952054993290623e-22
1.565356580060170019e-22
1.250534327018711391e-22
8.056028008454588988e-23
-1.654405109989755684e-22
1.116374394183117561e-24
2.990319630447003869e-22
1.654941586071539889e-22
2.575579830326811436e-22
1.492035931260041380e-22
1.594961367375538964e-22
-4.638560688485422859e-23
7.847971419573983036e-23
1.115631617101513902e-22
-1.670986266564218245e-23
2.703210049449225619e-22
1.375768155218008179e-22
1.905743390886406643e-22
-5.115956535307970820e-23
1.279265116587496718e-22
1.671496622626172491e-22
4.079539393859479333e-22
6.628721219663034979e-23
2.726091830681113514e-22
2.896486874204845480e-22
1.837988572945185493e-22
1.894124404646253991e-22
4.374410334855875040e-22
2.735789226061980519e-22
2.727133353096547589e-22
3.294171955443598217e-22
-1.358797657672076998e-22
4.380007630479201566e-22
1.247245854646704670e-22
4.772176989732293844e-24
2.130460675496763705e-22
1.272836678165695561e-22
1.070596387976735202e-22
2.087294264571001211e-22
1.916665185670278632e-23
2.661508636550979447e-22
8.467052087642174383e-23
1.205094410854326683e-22
4.496988500874334816e-23
5.567428451030481541e-23
2.079823787742201477e-22
1.137228887503566305e-23
1.544695600723845934e-23
1.254584331239377105e-22
-2.472370607514804724e-22
-4.120740567982372360e-23
7.131405333485449345e-23
3.082392043900471784e-23
-1.507780557893469242e-22
4.559859013295887471e-23
-7.478491752882474363e-23
-1.425615484394649196e-22
3.042911240407853511e-23
2.091056856160100614e-23
-1.139553921682195434e-23
1.430930600674714279e-24
-2.547142934808935058e-22
-3.327016496753400203e-23
-1.364993230472747188e-22
1.642072773336825874e-22
-2.696157828606938251e-22
2.708981345280736300e-23
3.738274070468786565e-23
9.003548538029298420e-23
1.595807895721099131e-22
-5.582253902413139059e-23
1.967845867522726730e-22
-6.376610341446189045e-23
-1.184282973512537344e-22
-2.265888458141392390e-22
-1.218449289046886620e-22
4.473507453876477746e-23
-1.071039352449619045e-22
-2.069962978807820194e-22
-1.488592296451769992e-23
-1.207579244428379654e-22
1.289679098563784973e-22
-1.265490300683490449e-22
-4.792872973188750335e-23
-2.466065835227415337e-22
2.420937774595894298e-22
-2.805788642940588577e-22
2.048583615902050218e-22
-3.265551082126378080e-22
1.354544587015095426e-22
-2.468794608940895181e-22
-4.715292098730813867e-23
-2.910105421422851588e-22
1.236162835410238384e-23
-3.122137287693755378e-22
-1.597856796326742295e-22
-3.120365774483659310e-22
-2.778870455260686276e-22
-2.563511399913026085e-22
-3.496583750361017572e-22
-5.855712172041344716e-23
-2.033403727321578738e-22
-2.553026803006526817e-22
-4.228648249903436895e-23
-1.214241869550895383e-22
-1.681441954030002220e-22
-7.377594800023622678e-23
-1.865890832440694396e-22
-2.471247531122726870e-22
-4.590136873763261892e-22
6.072228480139670928e-23
-1.226586784364712250e-22
-2.360543225484003332e-22
-8.030750394571092970e-24
-2.377812287766660484e-22
-2.403984049214483902e-22
-1.648406119073697641e-22
-1.220230876943244162e-22
-5.923248721645701804e-23
2.019185601053390804e-23
-1.692296179638116177e-22
-8.161829669794583258e-23
-1.515703138350865119e-22
-3.706479891878597152e-22
1.356078793321634774e-23
-2.676774842891634206e-22
-5.306820394581866108e-23
-2.029518078180862594e-22
-4.654104747693025988e-24
-2.568439224664809598e-22
5.315601609280221184e-23
-5.811634568502793913e-23
-8.187135201134579767e-23
-8.295668814283995865e-23
9.617902360932954657e-24
-1.169588497703373104e-22
-1.481007044892449489e-22
7.224050740899596927e-23
-3.926077769019930618e-22
-9.863721583277704731e-23
9.002429615400898860e-23
-1.824218575792452283e-22
-2.074355463620701481e-22
8.608003434456161456e-24
-3.744897818049417693e-23
5.524501239970725714e-24
-2.540185153850369629e-22
1.006386643716970954e-22
-4.004996762352002794e-23
2.206250648991588231e-22
1.581131711397728118e-23
1.157985463316786526e-22
4.619900434860554579e-23
3.375829115642923446e-22
-2.603187266052388736e-22
4.382259834830099780e-22
-1.706600011964066828e-22
6.229457618773794680e-23
3.187238980571497938e-22
4.162287014487709870e-23
-5.479733927870274231e-24
-1.155396223246726272e-22
1.274404898812729399e-22
1.116668684527892984e-22
1.784381433836968514e-23
1.989273722127409549e-22
-1.904225631934741198e-22
3.086549978748331981e-22
1.723218252199318112e-22
-1.986084967197162494e-22
1.901520130808514281e-22
9.189360913109837965e-23
5.778026381580633721e-23
1.494206539518253748e-22
9.850245591224658290e-23
2.532887479423581111e-23
1.406488947520447856e-22
1.447330784546887191e-22
1.031901155704731333e-22
1.042718176541339332e-22
1.554072510128547215e-22
3.615901536937601975e-23
2.570986958750023563e-22
-5.573171888626171255e-23
4.299339598578213707e-23
9.407009738032031040e-23
1.919080394569786464e-22
-9.993292671365764520e-23
4.011749141794146305e-22
-7.711876828383089364e-23
2.577846868871838706e-22
-1.352734067346431835e-23
2.470466047090032501e-22
2.576154091161560484e-22
1.808438787940282164e-22
6.124619233919495474e-23
1.683844907319932936e-22
9.864058615191940376e-23
1.187825625172886960e-22
4.871294602779504576e-22
1.751169658783560548e-22
9.935181774290682352e-23
3.096221833995913798e-22
1.758414971199218294e-22
1.767025055504557590e-22
3.257986479519857275e-22
3.501221898772528942e-22
1.118107263472123897e-22
1.488513193755628661e-22
-3.690859511679200892e-23
1.738519850639598880e-22
4.183464304773093094e-22
1.878159763886766066e-22
3.841684701270583249e-22
2.350735455233450510e-22
1.618535205629362394e-22
8.842056851015042460e-23
1.579104464002063396e-22
2.660524383197490647e-23
-8.596038405787104462e-23
-1.467707590314213893e-22
1.058694586760255082e-22
1.393813327025355690e-22
4.644081146969441973e-23
1.034039906789446847e-22
2.390507372266589370e-23
8.768575970875934014e-23
7.086244607440953257e-24
9.895748794699319536e-23
3.565178929056444245e-23
1.184996771848985950e-22
-9.565411223309775875e-23
-1.967858453165416923e-23
4.333142819601171780e-23
5.269609955451577249e-23
-1.140099065853198041e-22
-2.766318894546902639e-24
2.975545320220903439e-23
-2.091351862558832300e-22
2.451882178806465786e-22
-6.792334947886231312e-23
-2.788624433759798234e-22
-1.212588788919712472e-22
3.082008825138252178e-23
-4.173664775601614262e-23
-6.730789562156383392e-23
-2.991326406870489596e-23
-1.583099768062311792e-22
7.196199382572964706e-23
-2.183693457927054328e-23
-6.338874837333834534e-23
8.957248106931841692e-23
-1.491913844447543416e-22
2.683327589779832001e-22
-2.480941027626239739e-22
-1.796624322523938831e-22
-1.885668867584741698e-22
6.027326375281220741e-23
-5.592293436158381112e-23
4.639342492250960350e-23
1.293265370914197348e-22
-3.810879718959402931e-22
-6.304735713912770840e-23
1.696077077124503897e-22
-2.256544527010488432e-22
1.029469794623253058e-22
-1.598785366051434183e-22
-1.321663372842008052e-22
-6.781244551655465632e-24
-1.451488993245091627e-22
-1.706103329408728460e-22
-1.644070792387962092e-22
-3.650938874446405262e-22
-1.333585413639274796e-22
-2.027626847811183158e-22
-1.739497187187994964e-22
-6.579915479579711011e-23
-8.708298058222340463e-23
-1.025672307306133287e-22
-1.637199510317371893e-22
-1.496957417079046689e-22
-3.614901428904672399e-22
-1.699414712916290307e-22
-4.065180118278749914e-22
2.671985287210679543e-23
-3.187539183596981344e-22
-3.184545975139149711e-22
-2.317334220206724741e-22
7.461715937296402805e-23
-3.860574500797397098e-22
-1.448677791469253922e-22
-1.286271889721469793e-22
3.197927893909000266e-23
-1.744879141597318047e-22
6.520586930975952750e-23
-3.894655364784956481e-22
-1.831474838119456289e-22
6.005489623342651890e-23
-2.798070432006153959e-22
-2.042567093727236513e-23
-2.523423680430749071e-22
-2.243960615959129302e-22
-1.069028175304332623e-22
-1.289829269065749163e-22
-1.994246258723861802e-22
-1.324719838173199218e-22
-2.251227219666092552e-22
2.375084581656227390e-24
-3.187455899408575705e-22
1.897359357640582494e-23
-3.688468929896667908e-23
-1.977997088631634119e-22
-6.794053532682270050e-23
-1.364913426692538767e-22
8.119289250606521976e-23
-7.609254769037666221e-23
-1.555204561113377180e-22
1.272130498184088251e-22
6.648974628609531656e-23
-1.042799745011192279e-22
-1.430795934941172797e-22
-1.220820769534079225e-24
-7.965417237842264468e-23
-2.062317046720633498e-22
9.436140643512878169e-23
5.421111247042079571e-23
1.860241848660642997e-23
7.886573472178454127e-23
2.120663816546292861e-22
-1.478777576427591111e-22
-3.593482088481844889e-23
-9.839106734492529543e-23
1.110231261336663117e-22
2.423539036463243246e-23
-7.325687546014235036e-23
1.382015192067840073e-24
2.271196785599370501e-23
-3.584676729655722214e-23
6.822483063982699974e-23
-1.478268963802212577e-24
9.918143709023553610e-23
1.290973810368961884e-22
1.031687774662942499e-22
2.500220680699968238e-22
9.808964202050868483e-23
-1.964340089731192406e-23
-4.825532176809346070e-23
6.397399847573209874e-23
2.504728793090406671e-22
1.005287381225957926e-22
6.139958181481929471e-23
7.355713895964314962e-23
2.509203123613206130e-22
5.978150557864902147e-23
-3.214622260431193531e-24
8.960937059234131437e-24
1.453685801298953093e-23
3.529544587344944201e-22
2.038465707714274572e-22
2.279486705069334496e-22
2.937959997547155042e-22
1.210928353395231485e-22
1.971998483900999872e-22
1.068654126177975708e-23
2.784046651748560707e-22
4.036835358466946617e-22
-5.904370097165157465e-23
1.136087564242843381e-22
3.078317629170273292e-22
1.902141990735920408e-22
7.068264082119682149e-23
2.960792411633987245e-22
1.239550420999615184e-22
3.317025618117079637e-23
1.311550827344029918e-23
4.773592688519459995e-22
-7.214393731187264997e-23
5.643699656544200442e-23
1.309862543975901476e-22
3.413757088068845368e-22
-2.215520881773339978e-23
2.180683141756794468e-23
1.163847006453107024e-24
1.099258781984062455e-22
2.567254319342515774e-22
4.537866048723549235e-23
3.950661418458387772e-22
-5.497681655174509701e-23
2.096297286499050844e-22
2.217762267962564668e-22
1.638500508775442390e-22
1.353478902535521042e-22
-3.409691023410985652e-23
4.550943949723675871e-23
-7.236491988055626096e-24
4.156379333733166775e-22
-8.061318236995830602e-23
2.168970231611709105e-22
3.032506679180715813e-22
-3.009541822864352536e-23
2.275850947903795065e-22
1.122680975478646541e-22
3.001446135937556304e-22
1.007139395624096115e-22
3.879419622914725747e-22
9.212450380221429700e-23
-4.278515091236253147e-23
-1.195223650382613150e-22
6.183769226230973927e-24
1.452848044814522872e-22
1.462419417091906870e-23
2.579140026070454522e-23
1.058805267912302877e-23
4.220917180340455895e-24
3.622632735490605984e-23
-5.463958547023914872e-23
-7.547219546290569837e-23
-1.767086591966601317e-23
5.363793406830087521e-23
1.515344418851429989e-22
-2.440900819351804995e-22
1.843305317351402786e-22
-6.418225985734888250e-23
-8.526066036049777100e-23
4.381651503236371635e-23
7.351966626340023602e-24
-1.007372392077917599e-22
5.902200183601422449e-23
-1.533630241189362255e-22
6.960220422297396683e-23
-1.312798614941668945e-22
1.193730277060156896e-22
-3.865657013072578231e-22
7.568966201047963493e-23
-2.278080758448770298e-22
1.277903310817526432e-23
-1.008220349715720210e-22
-3.855402538981266604e-22
-2.144685674776459471e-22
-1.821225533206522714e-22
9.396806694719408649e-23
-1.538056864848434591e-22
-2.077562146261096554e-22
-1.298709684374566911e-22
2.077094047132215484e-23
-6.422970302021069170e-23
-1.067700103674782569e-22
-1.771494111017981271e-22
-3.179224239006300180e-22
-3.219405327744343367e-23
-2.479895781683201619e-22
-2.593506131390862518e-22
-1.679601817283315360e-22
-1.186555745696157452e-22
-1.970962771874193250e-22
-2.236768343752963086e-22
3.247100009696671459e-23
-1.644168020349852010e-22
-1.522528479855740045e-22
-4.093661078448773148e-22
-1.368248867913467458e-22
-1.226380050602912525e-22
-2.476338754223931994e-22
-2.024217599473704595e-22
-1.062139060371931955e-22
-2.254078529294120821e-22
-1.727076166273397103e-22
-7.167434486885556381e-23
-1.719316968081866908e-22
1.259112962183865982e-23
-3.591033712861948216e-22
-1.853200956264700119e-22
-1.862574246542182016e-22
-2.560296402221149025e-22
4.251701967839859567e-23
-9.716275543872651132e-23
6.274391661347179490e-23
-1.688825085410273716e-23
7.809532306536682883e-23
-1.222645906514842904e-22
-1.401551776772407713e-22
-6.338995599714207737e-23
-3.067621665104355179e-23
2.299457715186226679e-23
-6.443446831375562893e-23
-1.946952160816506338e-23
-1.287376048829423149e-22
8.506111353970243876e-23
-1.691734486715968118e-22
-3.289521731719472383e-22
-1.543867057470632505e-22
-2.329998432246638205e-22
-1.431521381973409513e-22
-1.055477846828874269e-22
-1.002842819834286313e-23
-1.043679847764301382e-22
-6.153916982614894448e-24
-1.635063955667353250e-22
-3.154347345578521934e-22
1.629244894683669239e-22
-1.114557915457831353e-22
-6.071195817702366194e-23
-7.095913828746587537e-23
-1.695340399833620932e-22
-3.883679092982554328e-22
4.182401490529699672e-23
-1.283641389963174967e-22
1.000208760408475828e-22
-8.785737693862179822e-25
1.977598697543456878e-23
2.740991535888812018e-23
-1.103013300188842540e-22
-6.846907846142050184e-23
-1.527719828104323834e-22
1.903091086499918773e-22
1.089700916878933045e-22
1.406426977795067347e-22
-7.759521144067388201e-23
1.847945035252051406e-22
-4.336423428606784963e-24
2.452594150421628700e-22
1.396799626520664483e-22
8.200521566538754667e-23
2.297262054476927827e-22
1.540599668710151464e-22
2.944759800018299845e-22
7.257567859673461324e-23
1.063272120080061179e-22
4.749784549515404025e-22
1.185342093166904317e-22
1.625843330259655775e-22
3.050746711319562211e-23
3.587795007075513690e-22
9.561059833329928851e-23
1.596271240435769677e-22
1.191727936444467961e-22
7.291457645630844707e-23
-6.693806493381718562e-23
2.780401921540327736e-22
-2.657544391632731128e-23
1.645863338491935683e-23
2.331299271023836808e-22
3.390117171366902689e-22
-7.236940979417740072e-23
2.128550911843731784e-22
1.455839857310555901e-22
3.213336443120438846e-22
1.458424709949750933e-22
1.482850002071595087e-22
1.923003391704227809e-22
1.396568730294606390e-22
1.002750793022495634e-22
1.540037469451798096e-22
1.799191870559447924e-22
3.935351475551295593e-22
4.243322096828784916e-22
1.760310527060858417e-22
-2.018297039247476685e-23
1.235447776420241251e-22
1.132560336771545146e-22
-1.823484313095447204e-22
2.248698858089177412e-22
7.365846525632213979e-23
3.948957113544357757e-23
2.581117380529255064e-22
1.955701981880973585e-23
7.237900719795309147e-23
3.973465795510799392e-22
5.372002700573710267e-23
4.685570582367814580e-24
1.260992110194487197e-22
5.504397185542264960e-23
1.068239845442320329e-22
-4.269752288460477226e-23
3.354607659324451672e-22
-6.893312295109800567e-23
1.996918667945103891e-22
-3.568481480409382567e-23
9.740849503314012533e-24
7.991993736531553234e-23
3.281631795113463085e-23
2.301682212230521990e-22
-1.183774309367766376e-23
1.953007569931850449e-22
1.573569990662586584e-22
1.612854482324111121e-22
8.642894143350300873e-23
-1.272674624738929982e-22
2.766506451002604936e-22
-1.206735025225414884e-22
8.624439725168690438e-24
-7.139011530642671299e-24
1.431175094196614960e-22
2.588009417319138376e-22
9.314814012508071006e-24
1.126348754218573492e-22
1.109264039742872364e-22
-1.717565808942701847e-22
-1.451490539640387867e-22
-1.504029823548547342e-22
-5.314463487564519172e-23
1.635114524728322543e-22
-9.994922969678608024e-24
-1.235389593735737355e-22
-3.539294816496724576e-23
-2.585769513308481338e-22
1.001395912377355420e-23
1.721804818994294743e-22
-1.216233109444804992e-22
-1.518058113691186846e-22
-3.056098349191121476e-22
-1.921037467708017248e-23
1.194943902193050459e-23
-5.238130723122466888e-23
-1.516528153597141535e-22
-2.264251162855341887e-22
-1.305501965025561114e-22
5.440127192682326718e-23
-5.486564232607431576e-23
-6.248770841988996227e-23
-9.487827812788860274e-24
-2.609587895346140779e-22
3.428851586169301200e-23
-3.447376037070848653e-22
-2.599156230477469570e-23
-2.923938924347038129e-22
-1.513176655988646251e-22
-1.390674020213422416e-22
-2.363994305964497720e-22
5.467520882521935091e-23
-2.778676644750392385e-23
-2.433713544929031989e-22
-7.773446233408244170e-23
-7.436651107097186329e-23
-3.760607894000286646e-22
-4.040011221768967814e-23
-1.371014144996146465e-22
-4.204967502715257390e-22
-1.284183439044577458e-22
-2.318889558865850288e-23
-4.498991330889016555e-22
-3.751653079007215725e-22
-3.235032408993054621e-22
-3.031997038852349422e-22
-4.731827984044700591e-22
-4.287841616898419149e-22
-1.919677733768595630e-22
-1.904118170214206922e-22
-2.046556973975324261e-23
-2.552251176988647489e-23
2.809785175248165396e-23
-1.796935629153463400e-22
-4.539214108833103427e-23
1.387933067039702944e-22
-1.436588248387553958e-22
2.866813106416870108e-23
-1.342801335322727248e-23
-2.040329362053992455e-22
-2.303081384273427112e-23
-4.385312748751831634e-22
-3.777547034298477984e-23
-1.130201412759390910e-22
-2.272293175981175275e-22
3.031127417592808713e-23
-1.608257373506710617e-22
-4.539629332157907760e-24
-1.378033181272637794e-22
2.330524977448448998e-22
-1.440560363709689946e-22
-1.523425804382295909e-22
-5.850706173807924111e-24
9.315626976626231657e-25
1.175166671192410986e-22
5.939309842371319117e-23
-1.803155171367430915e-23
8.022879945883654959e-23
-4.204695310100901208e-24
4.633613704080489187e-23
4.398622273380565251e-24
-2.043656347398019748e-22
-8.086397946888569300e-23
1.150533953205144192e-22
-6.515902620743950782e-23
-8.523424819289741989e-23
-1.234178334199250105e-22
-6.982663701198176164e-23
2.307246329357960649e-24
1.288951660400057399e-22
1.289835737957047640e-22
-1.992116042863493880e-23
1.141615007724101310e-22
-3.838236178253755387e-22
5.855487842357542629e-23
-1.182484867174010314e-22
-8.757599066647495251e-23
1.648237663812040317e-22
1.281659172594898117e-22
1.779784257929191606e-22
-6.527175137127371915e-23
9.216401344970057916e-23
-9.155412190815890720e-23
-4.148515952672098480e-23
4.803022938233707460e-23
-4.783666504060084971e-23
1.343567250889740318e-23
1.510563763688080764e-22
2.215557504304354920e-23
2.279891028241362644e-22
1.587102459251992799e-22
1.652014673839587399e-22
2.813659078871028689e-22
1.281486541855063254e-22
2.743218532855550380e-22
1.964618779662374276e-22
2.479054170595279278e-22
3.345218693982621938e-22
1.705696301925206047e-22
3.739064140431107311e-22
1.331534014199734085e-22
2.969235174085312905e-22
1.536379252143553193e-23
1.342195989204062628e-23
3.645667016704334245e-22
1.527115069684700483e-22
1.213363934211000058e-22
6.798353646920231648e-23
2.135943294000965730e-22
4.968897008760543365e-23
3.222870238966509461e-22
1.313834889659944693e-23
3.213956003630996666e-22
-6.474217788781649113e-24
3.830320397731098585e-22
8.308620029179405191e-23
2.874017314249698707e-22
6.445836154602632439e-23
1.345185450073067197e-22
5.130000111137674352e-23
2.196302262503463518e-22
1.224331525009518967e-22
3.385543827133315953e-22
2.408374635007368334e-22
1.682726830161709815e-22
2.298991580233144572e-22
7.467646819218911898e-23
9.278160585578450593e-23
1.091297985941911635e-22
-1.340479929154634342e-22
1.021097028095014691e-22
-1.402687141130001252e-22
3.522326859763700461e-22
-3.400833710144175465e-23
2.410748323089329476e-22
3.016613825981369773e-22
1.331039095577372647e-22
-1.416812428437061411e-23
3.957117346532364099e-22
-1.513910019540210064e-22
4.471147224225508487e-23
1.162993277619254234e-22
-1.404872865552968389e-22
2.633816722498276254e-23
-1.612068732894695748e-23
5.367645545035337974e-23
-1.083810448597927495e-22
-8.457138586676235185e-23
8.340191613287820947e-23
-1.711800862331993848e-22
-1.741603751688377872e-23
1.083683096706206145e-22
6.862139382318633288e-23
-9.158087940246135952e-23
-4.490515162614145177e-23
4.218009283374735944e-23
2.125364520925348403e-23
-5.810190954653568119e-23
-9.635684818950755821e-23
-9.009545288175035217e-23
3.887110436134267644e-23
-1.672249079491066141e-22
1.720082027449326189e-22
6.493421711179716514e-23
-6.533380137213184110e-23
1.478313804105495013e-22
-1.495049167605835316e-22
-3.002344598464807250e-22
1.743373815593818920e-22
-2.478798310174863698e-23
4.551568225729041016e-23
-8.416204742281087044e-23
4.319467727154301109e-23
-2.505808143646129281e-22
-1.533185016653827976e-22
-9.631586027075896033e-23
-2.008222861780504028e-22
-1.842492117113852855e-22
-1.519665269839799931e-22
-3.752919645204622647e-23
-2.901639636229519257e-22
-2.758858470520143025e-22
-7.949734135483563848e-23
-1.098949365527819740e-22
-1.500973065385606527e-22
-3.185754311973403873e-22
5.491039102259178738e-23
-1.906532333070287641e-22
5.219094050834559979e-23
-3.772201904531079504e-22
2.912281240154490373e-23
-1.012214448948726249e-22
-5.012621962246908181e-22
-5.890922380527305357e-23
-1.481398959555917271e-22
-9.318803003723908163e-23
-1.822016934901258690e-22
-1.446943565328697451e-22
1.040195072316643844e-22
-1.388629466024951153e-22
-1.067121736455414171e-22
-3.848655421093617969e-22
2.131129545170969310e-22
-3.966224241351639425e-22
-1.968423659388210730e-22
-3.279296778938008980e-22
-8.522693298432698476e-23
-1.143141844069353352e-22
-3.139850394123731826e-22
-5.256078716330782016e-23
-3.158182153319691742e-22
-2.677159363691261536e-22
-2.222710751768326471e-22
-1.886122327450531133e-22
-1.508092863391862497e-22
-2.300518296785925764e-22
-1.941556222916657501e-22
3.309372140450695896e-23
-9.166626404251265739e-23
-2.591533555053195880e-22
2.554590833749845982e-23
-2.245088944832356658e-22
9.965670056945996227e-23
2.076111564534410595e-22
-8.143125179235315443e-23
-9.697315227831979440e-23
-1.199248841513672838e-22
-3.018709617079440089e-22
-4.290791775439259216e-23
-3.502917283088187237e-23
-1.216118999276702565e-23
8.927457827449358648e-23
-1.179681897954983790e-22
-2.232313348534579000e-23
-1.057604030587481718e-22
1.070487666858554090e-22
-7.313522874396236805e-23
-1.817361396660795487e-23
-1.171389853867980769e-22
-2.463053508047622564e-22
7.475125129990037005e-23
-1.807427958185773498e-22
-1.508587615692751000e-22
-2.277787975984245041e-22
1.855194401958738109e-22
-8.603288760721560482e-23
2.984332812011903331e-22
1.322148177244066092e-22
1.426191990856438736e-22
2.063842605739646708e-23
3.539525708210378533e-23
-1.185401084304234992e-24
2.269184566073338318e-22
2.731374153777618919e-22
1.112221168924005265e-22
2.680522085091037687e-22
4.629152916438586847e-23
1.695485012754711120e-22
4.110650321725380295e-22
9.022652466764346822e-24
1.665245811703160313e-22
-4.227084852523600271e-23
1.660669695279764813e-22
8.158545172729231419e-23
4.729517675177360379e-22
1.225418279798977454e-22
-7.027032826374785422e-24
-5.316104960732478467e-23
3.814751166499864651e-22
8.737935685876468061e-23
1.873439590097669365e-22
6.617140459993131799e-23
1.158389064465124105e-23
6.640145457408865687e-23
2.284744873027117977e-22
6.291519085482700801e-23
1.379291126638831908e-22
5.132406303749321482e-22
-8.193146109099932059e-23
2.841764656509640067e-24
-8.283184370036656303e-23
3.064332388723184199e-23
-9.912431122766123334e-24
2.399796371091713455e-22
1.831659292369527329e-22
-2.340961651019120909e-23
9.244722029611986120e-23
-6.013751284248346659e-23
3.240104169412918931e-22
4.455581499643825857e-23
9.490097467696512431e-23
-9.225889656999458371e-23
2.923300892335164991e-22
2.973630849195661273e-22
2.413321245416408208e-23
3.232456900025523948e-22
1.138518076090631956e-22
9.649075902187710969e-23
2.263616772733096864e-22
1.359466075345976763e-22
4.129353496669811258e-22
6.485493600574368549e-23
3.901226475261569341e-22
-9.410163645564168762e-23
4.816147618786553083e-22
6.884080208602100029e-23
3.407709753560382073e-22
5.191800993864435426e-23
2.273419865931811353e-22
5.928896179336063105e-23
2.007636991703494955e-22
1.172497932107029831e-22
5.270665843930662855e-23
-1.579247996986521530e-22
2.588712251506520079e-23
3.770045581223846126e-22
1.266590096148944677e-22
3.715900111807323747e-23
2.777437996452702575e-22
1.663333692026752234e-22
8.573773776321518678e-23
1.903301292734355068e-22
-1.169549607424048479e-23
-2.352879923930796279e-23
1.693049935365172799e-22
-1.698795941959499469e-22
-6.510025212863288318e-24
1.707772418100090421e-23
1.118613209995714175e-22
-1.494410244071554169e-23
-1.750193610180436402e-22
-2.075071755067827542e-22
-1.207715944441007013e-22
-1.855047381559777666e-22
-9.954731437848797976e-23
5.917916295690369273e-23
-2.629510924374918475e-22
-3.565910969494558619e-23
7.346565727720699600e-23
-3.762572076593959774e-23
-2.132007237535425537e-22
-2.983460677771108208e-22
-1.464055509529842897e-22
-2.106814217494785351e-22
-1.488645021742983006e-22
-6.155437048397273877e-23
-3.068697129703838196e-22
-1.026890177937547012e-22
-2.674391193174539182e-22
-1.601168777710737341e-22
-3.215758996460054033e-22
-2.594712710925734138e-23
-2.494911294741869244e-23
2.032523407878521850e-22
-1.624430881235577868e-22
-1.626318133937044380e-22
-7.096519521210248715e-23
9.763732256625140011e-23
-2.296285240172606180e-22
-5.912041965550380463e-23
-2.657258743697204149e-22
-1.014934175140094801e-22
-2.105748005759012464e-22
-2.354840561008443770e-22
-7.942450683197093063e-23
-3.706035037758213386e-23
-4.500444545782882899e-23
-2.754196661960157988e-22
-2.964202253549117885e-23
-2.933436978956673458e-22
-1.046271242673625025e-22
-5.615401332671660467e-23
-2.258730740253304524e-22
2.123671375580903732e-23
1.293527911584541623e-22
-1.162859180212420685e-22
-2.158283585877724709e-22
-4.070537324290437110e-23
1.681898751318114052e-22
-1.712331804871322949e-22
-2.079768931158845405e-22
-7.925051036433087678e-23
-3.754669974297373973e-23
-2.796126417858289234e-22
-3.347360506281583098e-22
-2.536412576965478660e-22
-1.610092438920319789e-22
-9.623996738951703512e-23
-3.351120707440080879e-22
-6.184976538495960764e-23
8.327089814992988208e-23
-2.462090380922828389e-22
-2.445634522513182657e-22
-2.763449210275895785e-22
-2.143825683016982401e-22
-3.034254419317739425e-22
-2.141140101963252849e-22
-3.907792615245071481e-22
7.050656003256384123e-23
-3.113205930795408992e-22
5.580892703653992017e-24
-2.495114866753851913e-22
-1.278852155595618789e-22
-8.077332648054095410e-23
-2.567840358113630978e-23
1.053112558965225539e-22
-3.583413460725350997e-23
-8.268750707612967016e-23
-4.957437961516384017e-23
2.639134033187566230e-23
2.446023298864333456e-22
1.234116610573116283e-22
1.017690980782084817e-22
-1.906312301554946630e-22
-4.617310256725594728e-23
-1.309494602861918659e-22
2.560331274943657497e-22
-9.658587988662275901e-23
1.415699939181774801e-22
2.166484699239418448e-23
-1.378211894124821196e-22
6.215482710686554068e-23
1.173251009005291384e-22
8.913787745074866473e-23
6.508432953287663917e-24
-1.375624221596894454e-23
2.346047569576955851e-22
3.052751535057900743e-22
1.459926280529115089e-22
-5.006118275351858602e-23
9.169738614299814202e-23
1.427156521616320564e-22
1.116482286118781597e-22
1.453675579836843632e-22
1.118185415567598944e-22
7.468014213058472932e-23
-1.440762313121791827e-23
8.677033190722950322e-23
6.961542281410535238e-23
3.283671781325106324e-22
-1.846496208136832513e-22
1.301989457369029548e-22
2.850359276413739135e-22
5.082123736110850879e-23
3.024070198751733840e-22
4.110975269099503888e-22
2.670892650196672215e-22
1.268280193756152228e-22
-1.708334601341912373e-22
3.842131204977131938e-22
-1.642276919740604651e-22
4.320356157146982806e-22
7.638303077111333182e-23
-9.624182623180773472e-23
1.729299482166503544e-22
2.073101080179474350e-22
1.152646567472744330e-22
9.022138819299249079e-23
1.669400818494063766e-22
4.019677212798043858e-23
3.460407601914343631e-22
5.254516859011381500e-23
7.204490864910303500e-23
1.706199959070057575e-22
2.970299501644799487e-22
7.756000293062735456e-25
3.255717874952212666e-22
1.692655509832132164e-22
1.369214367175024005e-22
2.007922042662975957e-22
2.409416788246020968e-23
-7.634948285078163756e-23
3.192115115736711934e-22
3.521234528998742895e-22
2.447733892454410964e-23
1.565699760960072753e-22
2.504920518760590804e-22
3.234090709818013523e-23
1.963433173456501446e-22
1.580976938529094650e-22
-1.329358445715204283e-23
1.638248195579048207e-22
1.667916679460614354e-22
-5.997427992649394826e-23
2.418706837980582752e-22
1.801817740807799892e-22
1.446904029052563560e-22
1.955290464585351225e-22
-9.048701416636849237e-24
1.994699313456498416e-22
-1.499657475488977377e-22
-1.953956831901958262e-22
2.534930153464915427e-22
2.370154335984990793e-23
-8.911186392624005958e-23
1.326152992108914575e-22
-2.709098361374067552e-23
2.841413811625016179e-22
-2.730214804677966336e-22
9.176857113296339637e-23
-6.108625217981431568e-23
-1.036887936097669743e-23
-4.446792743969585315e-23
-4.469957480229025522e-23
4.732396810454601555e-23
-1.320599476786363496e-23
-1.871216189697014853e-22
-1.906818095918858965e-22
2.103609423803325176e-22
-3.422473073756662742e-23
-1.930887310278857316e-22
4.939186837604903873e-23
3.580813851930931952e-23
-2.338887100896991257e-25
-1.023043969579301381e-22
-1.348527614235892350e-22
-9.377854493651891124e-23
-9.546492140923926091e-23
-2.864355154761244269e-22
1.282025011866916005e-23
5.779366847672790589e-23
-1.232995845728540339e-24
-4.369963543761283500e-23
-1.141887738413909056e-23
-2.114194499838590184e-22
-1.216274905089767413e-22
-1.867574209659586406e-22
-3.986411996117863661e-23
-6.070078558603766083e-24
-6.973812954023905587e-23
-5.162055099155249522e-24
-2.003109523242974141e-22
-1.222729400727812808e-22
-1.663004419771718835e-22
-4.527668913932112566e-22
-1.080034905057703031e-22
-1.170389248788700627e-22
-2.423480946310367611e-22
-2.971894975470885517e-22
-2.437683859020280976e-22
-3.675301084616716537e-22
-3.334824547366389375e-22
-1.344100189515552260e-22
-2.063336877792561094e-22
3.660677272326570980e-23
-3.824243827785801764e-23
-3.393542508625570378e-22
-8.086172927055306560e-23
-2.503639033469991905e-22
1.418104739115440618e-22
-2.849701490106306268e-22
-1.289997505563770764e-22
6.776316532910990352e-23
-3.829544611619509280e-22
1.283472025297304666e-22
-2.175620554096512629e-22
-1.812674472884819533e-22
-3.429719532171268857e-22
-1.637736109685583835e-22
-2.364949617451191853e-22
-1.402424523544024359e-22
-6.270334715685101301e-23
2.008211670267584275e-23
-2.232959083395036265e-22
-4.890681740465779742e-23
-3.295724447415333980e-22
1.258786989058055405e-22
-1.226286612141967450e-22
-2.447738643704213972e-22
-2.198661525670524205e-22
-2.854420170871940727e-23
-1.602574332470584904e-22
-1.991969940191532887e-22
6.319624795857962416e-25
-2.035629604004476683e-22
5.763223782663102633e-23
-7.133391693013586296e-23
-1.387721311034768543e-22
-1.376079795447922058e-22
1.971802348276041360e-22
-1.833892975120178344e-24
2.883125805623565432e-23
-1.351643090567735999e-22
-4.361622460989685585e-23
9.756347610855614605e-23
1.755482292510431043e-22
-1.578894225334061472e-22
7.097810584302394402e-23
1.521388257340427203e-22
7.771816247300080448e-24
-1.298524811750577740e-22
3.129927687375746661e-23
1.130359457134673909e-22
5.882499220933434459e-23
1.349791690367916728e-22
2.080146019451059539e-22
-1.618623430134082426e-22
3.302921690901447338e-22
2.646883259290496993e-23
9.809605739595230048e-23
1.031774981994866620e-22
9.288714562512695951e-23
1.302642668167221168e-22
-6.629790536126959017e-23
1.455164473499160358e-22
-4.736808998733114483e-23
1.849463220871691550e-22
5.329207280710956487e-23
-5.990066899922594852e-23
1.330905660749974290e-23
7.511553659637724849e-23
-8.452287050613394850e-23
1.747776428377411780e-22
1.901225975890229325e-22
3.779432342996045188e-23
1.314427111549079318e-22
1.268830608516711586e-22
1.491337937205236934e-22
2.011681466001661578e-23
-1.773905693413845654e-22
8.387866836710271386e-23
3.811606333469514903e-22
-1.584455806380306713e-22
1.999865411766405493e-22
8.495621362865599435e-23
3.437191854463657911e-22
2.646818170081798895e-22
3.835377323473186092e-23
3.615825368245043357e-22
9.819602024179708448e-23
2.127898651901094061e-22
6.030364032174465997e-23
1.467060674773318216e-22
4.345370894206484051e-22
1.062777622855715095e-22
2.526934480841220558e-22
1.395257435517636436e-22
1.736907848166820714e-22
3.073865396246075252e-22
2.802494529148322997e-22
2.558558355034750404e-22
1.063993428001606664e-22
2.462281228245244624e-22
1.846403688653666361e-22
-4.593063865999259041e-24
3.584663460560612479e-22
2.383092970182005910e-22
2.546063409331010341e-22
3.150529587435177416e-22
-5.546313271502057141e-23
1.474159102295180883e-22
7.241019243683849500e-23
1.423518618149340572e-22
9.546868307066109239e-23
4.979492260998207731e-23
4.560776284447673367e-23
2.222484641494173486e-22
4.493325881378426665e-23
-6.713078385341060861e-24
4.840019463699210649e-23
-2.529122834673346261e-23
5.746215216479466314e-23
-4.934601317031000793e-23
-4.298354028706538514e-23
1.053014551375053026e-22
-5.675393096628082697e-23
5.246550296296834235e-22
-1.422520063243795827e-22
3.484706559461669241e-23
9.663918450833903602e-23
2.361013140594667742e-22
-1.319397904593473178e-22
-2.266708417941016763e-23
2.510085652203595752e-23
1.391367113959124017e-22
-3.595971775143976749e-22
3.242236373216505778e-23
-2.970912193363476642e-22
-2.838305592179348163e-22
-2.705296293255168528e-23
-1.689361829072574019e-22
-6.163670440816535333e-23
-5.358577751532397771e-23
-1.137358447558870620e-22
-2.950788770555532824e-22
-1.292320358921808115e-22
-6.411481303482576173e-23
-3.056268440176544555e-22
3.134682894290187320e-22
-1.866644808292568762e-22
-2.166635492092134680e-22
6.477161495010627865e-23
-1.373837636336446768e-22
-7.060997815829446540e-23
1.510330594256169193e-22
-1.712874303590770527e-22
4.330062403356503591e-23
2.811610524119975480e-23
8.238566785984584823e-23
-4.752554190305597107e-23
-1.059104503939499720e-22
-8.590290532298000527e-23
-2.402243619699768550e-23
-8.691352139576541898e-23
-5.612688041344573522e-23
-1.961977233695612723e-22
-6.870317207503577272e-23
-1.608481314998347488e-22
-1.546225297067767216e-22
-2.502619113492868681e-22
7.570575160274849342e-23
-2.940591668775111393e-22
-3.261627640881699676e-22
-1.484395882325703639e-22
-5.509194370318863369e-23
-7.098101570572238369e-24
-1.881867498423057507e-22
-9.069469869261577763e-24
-2.733092264242912575e-22
-1.951015549673458476e-22
-1.993142258201789955e-22
-6.465168505156198575e-23
-3.572335789450837917e-22
-9.316078321381558588e-23
-1.784777145745040687e-22
-3.535740139457389187e-22
-3.106133664287993918e-22
-2.754589391859866985e-22
-1.604801852323677825e-22
-1.664713482509097998e-22
-1.289919935812837261e-22
-1.043628717304362380e-22
-7.589421716711639491e-23
-1.937519942662533389e-22
-1.339871872118224242e-22
-2.939185166275288356e-22
1.436543748225626267e-23
-2.722716300412332016e-22
-1.397394115754135582e-22
-2.371113951697288600e-22
-1.639326775227462120e-22
-9.221267128417698905e-24
-7.153134435463447330e-23
-1.396767055687704646e-22
-7.217085041064680947e-24
-3.717335355127734858e-22
-2.154075496596346759e-22
5.343528334242055982e-23
-1.732234707356173579e-22
-5.577601977016348257e-23
-1.555309109663962835e-22
1.553857908937841595e-22
-1.449089392477268015e-22
1.439704769955215667e-22
-1.017042511655303678e-22
4.037174441252174594e-23
-4.184407117348199403e-23
1.284625986240208868e-22
2.179800045861357080e-22
-9.997829806611559707e-25
-1.346173730966168352e-22
2.912951003432061063e-22
-1.896484546863743493e-22
3.293134899039280237e-22
-3.904783895490617105e-23
-7.232434523565710904e-24
2.786295985124250772e-23
-1.987544118380171289e-23
1.322674945509175189e-22
5.062430710119282644e-23
7.967999818626692193e-23
1.943767514543708244e-22
2.793349090929187028e-22
9.687512460206306312e-23
2.534824761522089038e-22
1.871978759646615474e-22
1.266154095113450555e-22
2.284334249677090602e-22
7.768466454860655458e-23
9.187300435744124494e-23
-2.381875436949023491e-22
1.188682235944651708e-22
1.843103949468947447e-22
2.625370762626612876e-22
8.341362919941011722e-23
4.100430796201908279e-23
2.021828100540956788e-22
-1.005110469349381416e-22
1.206916874695625891e-22
9.378307348062732234e-23
3.850524411453178050e-22
-5.035731768533099134e-23
6.323357020932471421e-23
8.084140660053273293e-23
-1.274164195971942381e-22
1.335990593300305887e-22
3.213529463908788248e-22
-4.596997242706348241e-23
2.246264450977777520e-22
8.613357246607300280e-23
-1.254488316339509223e-23
1.585802873146654736e-22
3.652006259767131179e-22
-6.652157712976708576e-23
2.458169255913134513e-22
2.546340838622071120e-22
-4.791936920109897719e-23
2.232314582155372338e-22
-2.999942079203693415e-22
5.454893809173848512e-22
1.636305046384888910e-22
1.324567037371701089e-23
9.632101923375841506e-23
-9.777347449455693109e-23
3.615228747695353664e-22
1.248266110828736996e-22
1.959997949177671406e-22
3.217182664255362385e-22
1.611448789673635300e-22
3.231585433785718641e-22
9.894376207890099066e-23
2.113045817006781809e-22
3.504713810600991085e-22
-4.041532248419772364e-23
1.503903046232091379e-22
6.249309898980579393e-23
1.335119953020511800e-22
1.499953918989450140e-22
1.862035688586889260e-22
1.474298757680253485e-22
2.439057353752976868e-22
3.117852882092043986e-22
1.329761637794905659e-22
1.446760581310550936e-22
-2.465463127006811091e-24
5.954205836480604539e-23
2.067873321138580073e-22
9.822661907443491902e-23
1.121916143651706802e-22
-4.706590263271664200e-23
1.371785721024628370e-22
7.959672455753357137e-23
1.489248931494783651e-22
-6.956024976909741617e-23
-5.461122469403215165e-23
-2.338077350560050818e-22
1.734667401091267448e-23
-1.248276564643839871e-22
-2.771317228898266710e-22
4.161522067678893655e-23
-1.697576612447816596e-22
-1.039359830922027015e-22
-1.328789371803655431e-22
7.073677253085202010e-23
-6.832106319014309735e-23
-5.042031959124464636e-22
-9.667023914384945384e-23
-1.141869751801152297e-22
-1.112767244039284963e-22
-1.419027161075070539e-22
-4.232273035824784331e-23
-1.752568269402816574e-22
-1.087530470104021787e-22
-1.830274093740962493e-22
-6.263848114531863053e-24
-2.174212189443636016e-22
-1.062942813656366896e-22
-1.412328781871694467e-22
-2.111348016647608480e-22
-2.613483146810987339e-22
-3.760830822377498577e-22
-1.984028881261033111e-22
-4.420065702338338284e-23
-1.005963235568400872e-22
5.286943112178239450e-23
-2.428155409111374665e-22
6.369117244675903514e-23
1.920219455272095191e-22
-1.201534920922063520e-22
1.710459623614488981e-22
-5.231103975227131055e-23
-1.608002485430457192e-22
1.156785293987371443e-22
-1.715380156698186453e-22
-1.369217806913572526e-22
-2.463426199616912446e-23
-6.847709001989875060e-23
-9.656122178569554432e-23
-3.117966320381543156e-22
-1.189251885143614043e-22
-1.532887311519403255e-22
-3.543473041568698690e-22
-1.587208714016139543e-22
-1.761163279272070289e-22
-2.686856841126150478e-22
-2.179002205222905783e-22
-1.773940314909185662e-22
-1.314945086142398613e-22
-6.394094717066997930e-23
-9.202012834983357436e-24
-3.036478058464155861e-22
2.447342041121221371e-22
-2.613758485109411273e-22
-3.638415550212702041e-22
-2.231593161039895271e-22
-1.055435215934360095e-22
-1.742189752829960416e-22
-2.736718938665237404e-23
-4.703149967526913385e-22
-1.397553345439473315e-22
-1.075999060278463089e-22
-3.449744243751241100e-22
-1.220297680087562485e-22
7.758011878033528371e-24
-1.041071633871502966e-22
-1.576034714472014138e-22
-3.170270593208476372e-23
-1.240041837752815717e-22
8.993284203193704914e-24
-2.712435123556549636e-22
-2.459426856993689204e-23
-7.732281175607408510e-23
-1.516109633461664140e-22
-5.636979290397109069e-23
-1.479103714987534492e-23
1.287397492917458470e-22
5.733274079223909531e-24
1.111379086191484198e-22
1.266314518899893428e-22
4.673571626946634452e-24
-1.817383153168290688e-22
-3.617750488614181741e-23
4.304132015774564336e-23
2.204446754859343939e-22
1.399818053813628745e-22
1.377638467262827210e-22
-1.283691677983212561e-22
-9.858616250754171311e-23
1.462761864484998133e-23
1.741117736074426929e-22
7.512031943769674048e-23
2.945628821752736135e-23
2.003402606655163911e-22
-1.141927704206199080e-22
3.042303464819264016e-23
9.234469284901697333e-23
1.848043311083725545e-22
2.677249521845939025e-22
2.972946720439351287e-22
6.307577367077144960e-23
1.433368518023216635e-22
9.841772800201685678e-23
1.957942977539486259e-22
7.564944477252801448e-23
-9.947178309793219469e-23
3.016639074000577292e-22
-6.253757857448291775e-23
7.747692540127546711e-23
2.939896228378096104e-22
-5.477663236828937634e-24
1.606948228913952853e-22
2.161081186096800364e-22
1.326328310510077868e-22
6.291278842541618303e-23
1.813291771783403968e-22
8.470137651792103872e-23
-2.623121874808832648e-23
1.775758994432566630e-22
1.408912921059596663e-22
3.773175575396361160e-22
-1.078252323202491787e-22
-9.114646391624975233e-23
4.994256836990668809e-22
1.489058802596833461e-22
3.674860198167841985e-22
3.031055871641233101e-22
2.461601236910101710e-22
-1.698598130778252692e-23
3.449734740144636790e-22
-8.038771181589588512e-23
7.981084762282283127e-23
1.002423954960653892e-22
4.724142535084001363e-22
1.366528864471645431e-22
1.269591550398146663e-22
3.541559144070554287e-22
3.912286851766338777e-22
-7.138624430679593269e-23
2.302472526977043556e-22
-2.151183281050799601e-22
1.549889787620460357e-22
3.480144339925038193e-22
1.820649559592945913e-22
1.401329682444961945e-22
1.372977830586525739e-22
1.625738114303022917e-22
-1.934408276586285091e-22
-1.132331694200935553e-22
1.079358238601408932e-22
-2.565601889003708580e-22
1.379002370727498220e-22
-2.018913345817006120e-22
-3.857761816190606717e-23
-2.154730395299751444e-23
8.343142167197908434e-23
2.169676909169863128e-22
1.121823675145172314e-23
-2.391287802673282357e-22
2.616399901164422652e-22
1.052888257355376170e-22
-7.436919472249099174e-25
2.390232370116459910e-22
3.097046330503603090e-22
1.382335180347096220e-22
4.842494858319436470e-23
1.309606125476356148e-22
2.558613515949829501e-22
-1.249294686025361277e-23
-8.854023932654548440e-23
7.269702963547414981e-23
-2.194904223628511966e-22
9.231311604325112972e-23
-8.243224380463690572e-23
-1.067119599255177025e-22
-1.260547634834977015e-22
-4.940621325280402535e-23
-6.988896905782893323e-23
-9.060525753997293336e-23
3.592366211286885731e-23
-7.388888605428958023e-23
-2.065265445724673766e-22
-2.662689844899185242e-22
-6.932876037734614183e-23
-1.948944719235440854e-22
-2.853565018386263297e-22
-1.335059792100031908e-22
-1.171309111463011947e-22
-1.246239648126934598e-22
-2.125538414251189962e-22
-1.213518500718241910e-22
2.061578734188565881e-22
-3.240367783775065535e-22
-3.444854168708220675e-23
1.021755895697238967e-24
-1.940594790853930101e-22
1.373329680326536446e-23
-1.142541599944949409e-22
-2.190143413724340361e-22
-3.285427802968201906e-23
5.091656560958808046e-23
-2.446677271792787266e-22
-5.384373875212619735e-23
-3.859040291066359177e-22
-1.303349967973693950e-22
-2.392138994036173330e-22
-1.488885932473772435e-22
-1.229786086611393936e-22
-2.124158052059043305e-22
-2.638190386595184891e-22
-6.535949028722447358e-23
-5.242874830511613492e-22
-7.703934089896906314e-23
-8.925446203910222275e-23
-6.678332930875974725e-23
-1.411450576049863469e-22
-1.898558961447389570e-22
-3.131282288346817304e-22
-2.174164889281522650e-22
-1.598714899437837449e-22
-2.302800407978820186e-22
-2.135364829521280791e-22
-1.809752812329977234e-22
-2.557402685651803127e-22
-3.110975505064163914e-22
-5.776316106112283000e-23
-4.433735038311705128e-22
-2.260984022918883925e-23
-7.339526089538557283e-24
-1.360576200513089898e-22
-1.081648727123187580e-22
3.682299480062256223e-23
-8.301779585418569308e-23
-1.522189657492750464e-22
-3.256095938018768830e-23
-6.800146256219765897e-23
3.081439803364948868e-24
-1.122649244542276192e-22
-5.557186056331599658e-23
6.163468135970084107e-23
1.426393033577540693e-22
1.214861688208420955e-22
2.340950757091769154e-22
8.149168861202828684e-23
-1.230974974642860095e-22
7.443936186729430599e-23
-1.226372438084555376e-22
4.597227305834819395e-23
-1.058573260394319840e-22
-1.719987758853059451e-23
9.878734328341234076e-23
1.120557234057165051e-22
4.373336498079601355e-24
3.205550958081960751e-23
1.715599938178641526e-22
1.114789213261031736e-22
1.710869125486023500e-22
-9.066232395441795736e-24
-2.086152440065098811e-22
2.107575670557544966e-22
-1.912676824000183967e-22
6.885975240262782653e-23
5.226671680562570831e-23
-5.431379717010889447e-23
-9.979290941223139180e-23
-1.009688305429443509e-22
-5.891861342275439182e-24
-2.406178274701210573e-22
-2.216354706027330557e-23
3.283065156923736151e-23
4.737712079611376386e-23
2.747507256927810618e-23
8.694540739394195381e-23
3.041434201927180497e-22
3.601234534899953649e-23
3.024513906346719155e-22
5.352441521161509526e-23
-6.650722964369807551e-23
2.736925481586150874e-22
-8.044027799530581018e-23
2.547671280277798015e-22
1.248026984582280548e-22
1.311488446747014346e-22
-4.801048189156114125e-24
2.400486048734700248e-22
1.874359522090184778e-22
2.944433295865058740e-22
1.319801866788669786e-22
7.621275201182585308e-23
9.718417875310635329e-23
3.770071923446036683e-22
2.246438267563436754e-22
4.733364757721292478e-22
2.828055363653025496e-22
2.723842966301441797e-22
2.628065913561310243e-22
1.376991052180898661e-22
2.195358999122127935e-22
2.214813282471244539e-22
2.574672369410143998e-22
1.390121027998900174e-22
3.776432352312214827e-22
2.905374101191173096e-22
3.158484882459292720e-22
2.497342697226913526e-22
9.374862311471178344e-23
2.966723574959654740e-22
-4.496910475541432483e-23
1.916084290083803514e-22
4.131690350644607652e-22
1.074700355155255228e-22
5.236807954361540231e-23
4.861352218013702649e-23
5.249887584347622041e-23
-2.274555854750781961e-22
-6.643134496795857837e-23
-8.481042737456903461e-23
-9.873287439936810113e-23
4.029884389717721847e-23
8.975180380374080187e-23
-9.138091955705114720e-24
1.803326282684074978e-23
1.057420054753180127e-22
1.184750860627320320e-22
9.884773760884989383e-23
-1.346706952310656993e-22
1.108679684223333263e-22
-1.435372503130662294e-22
3.548169830197501708e-23
2.602464579690614555e-23
-6.815237170421194121e-23
9.184989222094169108e-23
-5.865165234698272143e-23
1.845393580327061884e-22
-3.431061188346415168e-23
1.674050056353702188e-23
-9.824186604827928942e-23
-3.237791166095311499e-23
-9.998660786702303282e-23
-3.709047811348817316e-23
2.931261178018620085e-23
1.179706764757971927e-22
-1.789231354069292988e-22
-1.362380488815841976e-22
4.621493035832641720e-23
4.992101991121048168e-24
-8.306177108469823019e-23
-5.710364970227957268e-23
1.464862943514673492e-22
-1.577821634703237511e-23
-1.264134615353906555e-22
-3.325784723620927588e-23
-3.004017816810976234e-22
1.570985013888330949e-22
-9.295160930209535381e-23
-1.851017822463253035e-22
-1.461461350467664344e-24
7.353548890604275344e-24
6.840875405602128425e-23
6.238358203511929212e-23
-9.003070343136546287e-23
-6.803787787430827166e-23
-1.312242409691465856e-22
1.393366426186282907e-22
-2.221957495234341113e-22
-1.369435207641288482e-22
-2.872596048075674569e-22
-5.151019855765186283e-22
-3.170541821117291770e-22
-9.104915080547116849e-24
-1.267455053384708306e-22
-2.030903155763622404e-22
-2.971723561437482745e-22
-5.805926295391424305e-23
-8.353118114690945338e-23
-2.138680820254711440e-22
-9.360306410253868392e-23
-1.612805936299423107e-22
-3.434141620653222367e-22
-1.209832313643656774e-22
-7.596838350946410670e-23
-2.900020797152094396e-22
-3.041863882465415766e-22
-3.194072921916294514e-22
-3.236243266722732199e-22
-2.738374566554108697e-22
-3.609096459561484335e-22
-1.979652545321116483e-22
-6.476123540196463597e-23
-1.845926776211393308e-23
-1.743778044612100901e-22
-1.198027841055833733e-22
-3.530714345972008186e-22
-5.513602006571396180e-23
-2.274536960394589670e-22
-1.121149707472751353e-23
-2.188922234996815440e-22
1.377953462907439803e-23
-7.799998439526660109e-23
-1.465858319761825952e-24
-1.838137428327903601e-22
1.453840520308790686e-23
-9.405584871516563748e-23
5.978512037142224145e-23
4.034941432137583166e-23
-8.386411590626247720e-23
-9.044395436007350332e-23
1.463198301783313932e-22
9.141573776527975277e-23
-4.722094773919304460e-22
-4.674360346045969850e-23
-3.404248996866749656e-24
-4.992450113147490763e-23
1.049172041216299973e-22
-2.039497922764582625e-22
3.059290823906531229e-22
-1.664559915623781777e-22
-9.799048623610582328e-23
1.141292996543366991e-22
1.104979133736547413e-22
2.679092951274427350e-23
6.693804372733207357e-23
1.563299954650692601e-22
-1.394989246861090258e-22
1.505616985172302837e-22
8.458310399994499323e-23
3.957761440578671832e-23
-9.986066639814830524e-23
7.280045978242500062e-23
-1.566675105873445805e-22
1.022684612695745051e-22
9.020605406004446078e-23
6.654956180876994609e-23
2.619786283428142279e-23
1.184192125775329784e-22
2.937461476743526407e-23
-8.525227980536568983e-23
1.028458535622658555e-22
2.017108819832790345e-22
3.749724998668780919e-23
2.514846065235293235e-23
2.960630724094075242e-22
1.153755885666744387e-22
6.524128718569822459e-23
1.313726637893589492e-22
1.274325741744935468e-22
7.705025045807986634e-23
1.488460890230864549e-22
1.522419726269541680e-22
2.540532430480625632e-22
6.001122098206313270e-23
1.685946729038589117e-22
1.679242656877138464e-22
-4.858289208277782462e-23
4.554949810824342511e-22
-8.029568942504807657e-23
1.423257685840977060e-22
2.453539997775243882e-22
1.009954229025114232e-22
1.400693151522077172e-22
5.061325014523784280e-22
2.036408781861936229e-22
1.160236853925453353e-22
3.951721865744908500e-22
-9.074475321729012077e-23
7.641229017726490974e-24
1.157003786965754171e-22
1.483658920211773518e-22
2.454150964376378827e-22
1.863597528709670237e-22
2.167515881523450012e-22
1.437448018455118272e-22
1.066006205124281413e-22
2.019291267829060653e-22
3.353342119150411283e-22
6.867823228163182070e-23
3.310712236991555888e-22
8.221015477020225722e-23
2.383590047209838209e-23
5.865475697361775790e-23
1.924173672465320682e-22
-7.591666902898107707e-23
3.135506677685744603e-22
3.841729603125327518e-23
1.991231340755706596e-22
-5.616621242140505933e-23
6.348439506051566233e-23
2.192007516145857662e-22
-7.316970542682112394e-23
2.747128736486248490e-22
-1.647084261517532622e-22
1.682433837874159740e-22
-1.209628810186094869e-22
7.710443000616027427e-23
6.377859858021503066e-23
1.225722307334655777e-22
1.114155942998154591e-22
1.219922077151490232e-23
5.141751348087440458e-23
-4.277498772439200840e-23
3.411634657381133940e-23
9.035262071720746266e-23
-3.591164856511628801e-23
-1.780890175709814002e-23
4.681170020171086016e-23
1.651546296344520572e-22
-2.816991842794302955e-23
-1.813765834471422946e-22
-1.098407960185711712e-22
4.256707673001118654e-23
-1.187081520831073827e-22
4.230785840188153591e-23
6.311020495106779886e-24
1.479621580056171749e-22
3.505379434744679216e-23
-2.416250525611431636e-23
-1.842738310197036693e-22
2.725918856342261582e-23
-3.730964141028894858e-22
-1.854656742325525001e-22
-2.348192296114936132e-22
2.234433137265309187e-23
-3.194171481335185450e-22
-2.357930843092591617e-22
-1.931814559188338276e-22
-2.034567299580337576e-22
-3.699469741567338287e-22
-1.369487635755573185e-22
-1.042944631108041414e-22
-2.449437069489135940e-23
-1.739938664361279185e-22
1.276561076776295024e-22
-3.855729779079437756e-22
-1.869645344934317545e-22
-6.761291225994305116e-23
1.005610596918564631e-22
-9.686389392182842165e-23
-1.976394291239333390e-22
9.004400220935548262e-23
-2.053308913386992391e-22
-3.900762281798356774e-22
6.331198353055287963e-23
-7.966736844212822982e-23
-1.277611080960140068e-22
-1.669885678411577899e-22
-1.080156421061048827e-22
-2.655646561592521124e-22
9.800680270222455697e-25
-3.703850632133653526e-22
-1.311740667885006903e-22
-7.458087885849779245e-23
4.269722258378684671e-23
-3.919089842978173432e-22
-2.164408501312158387e-22
-3.635280011691004910e-24
4.150546913122740258e-23
-2.520178662857628228e-22
-2.448281257483748249e-22
-2.429691425982446682e-22
-1.330898965043784702e-22
-1.113785452241948667e-22
-6.731191267660557693e-23
-1.871690066950365526e-22
-3.811947524748239771e-22
-1.471352946704666318e-22
-2.104840243681001737e-22
-1.094131601452883174e-22
-1.815457483502408275e-22
-1.717831697792741913e-22
-7.946421903098863555e-23
-2.566050687997482015e-22
-1.282597457043135373e-23
1.598742342744068623e-22
-2.642809846846007766e-22
8.102078879659221382e-23
-3.093309183735612657e-22
-1.628435082320032703e-22
3.308363931876619207e-22
-1.739338381754507911e-22
-1.647021019060009103e-24
1.580009720541007628e-23
-1.692682555326849022e-22
2.183607129729857483e-22
-2.417899865878999186e-23
2.486496006791753259e-22
-1.184126438476129842e-22
-4.716247166785674051e-23
5.425812582542182327e-23
2.517747827659154998e-22
2.246660115980156447e-22
-2.440258419393614775e-22
-7.710811802647886921e-23
-1.223169476539151905e-22
1.274772059006635503e-22
-1.329979985022895357e-22
1.517817002400740396e-22
-1.961501045168002157e-23
5.973941642425590055e-23
1.905077416008829478e-22
5.997771277300711303e-23
9.117660497942615547e-23
2.117678111513657848e-22
-3.355854972006375665e-23
2.727719707557522989e-23
2.071682860782208765e-22
2.836524789119060078e-23
-1.366895575197355273e-22
5.388175352053981165e-23
2.041120733884504046e-22
-6.790359789928110729e-24
2.737219700069829111e-22
2.947005190759471702e-22
2.746716789638136641e-22
5.278727938860503876e-23
1.101109350639045593e-22
1.956536295544835110e-22
7.709584252263667770e-23
7.102866021342221066e-25
2.986711069049408976e-22
-5.809012158869558548e-23
3.563904802192487716e-22
1.852435278146383352e-22
3.753872397422481664e-22
2.231087890811748458e-22
1.898565930698128768e-22
1.388157834536168168e-22
7.726201245710889692e-23
1.044510494629951145e-22
2.886850040186502640e-22
4.802688591863631710e-23
1.393274759030406660e-22
8.039151497602308820e-23
5.608917547021645231e-23
4.181447300123979590e-22
2.055762253469947805e-22
2.560967316170523085e-22
1.365852720782802404e-22
4.297014396022167322e-22
1.505792073217795840e-22
2.874670952478601227e-22
-1.514901887968945246e-22
4.600119294570233490e-23
8.406267675469974731e-23
-2.228945587222383060e-23
8.957275720020861327e-23
6.775741072153009034e-23
-3.541850204611797941e-23
1.147350502451758759e-22
1.960427893790223111e-22
-1.090356396227683617e-22
-2.534508208839432792e-23
1.092811023677724561e-22
-1.374168087192217751e-22
7.727196484144819726e-23
5.610862851931941094e-23
-1.112888103495050167e-22
2.556908674631757715e-22
3.550894268871691365e-22
2.687467328078236673e-22
1.501137738275175499e-22
1.461339397940926566e-22
2.806599969145383622e-22
9.747458567112293102e-23
1.482649728903548404e-22
1.289423081596489336e-22
-3.080720061102694345e-23
1.611872928436856766e-22
9.940591391461442460e-23
1.677324688964108761e-22
3.599906733694187444e-23
2.525688709897182155e-22
3.524907895610367123e-25
-1.645696890386850415e-22
-6.339534290923461579e-23
1.528502098398336240e-22
-1.170478176749006695e-22
-2.557981968473799598e-22
-9.895948600888346653e-23
-1.708721704927513460e-22
-8.556502440561122082e-23
-2.227554491959456133e-22
-8.921660376698811954e-23
-1.492707277549971113e-22
-1.588048651275582923e-22
-1.133763669827361633e-22
-4.730339183341278816e-22
-5.154402481431849039e-22
1.974703805645784511e-22
-2.583561411178462665e-22
-1.858879114936405268e-22
-1.264078511471569931e-22
-2.275976055155374431e-23
-1.065498582525756661e-22
-2.244886293866345416e-22
-1.387140252779760639e-22
-1.552644227972156425e-22
-9.246447245578555432e-23
-9.254510496201561392e-23
8.999188816397246042e-23
-2.565628424532065528e-23
-2.489167044850665481e-22
-8.841593525388162031e-23
-2.876179617799902691e-22
-1.188374756849429857e-22
-1.308904105035560099e-22
-1.523556732067855447e-22
-7.585198463432167925e-23
9.720046682410531798e-23
-1.956110934680200388e-22
-3.027207092062400178e-22
-1.724386786290936165e-22
5.272182899645659515e-23
-2.973091338905216589e-22
-8.260111969742925716e-23
2.855319641475500722e-23
6.266229707861445988e-23
-7.545064658525550944e-23
-3.449951383529252273e-22
-2.731072762817855234e-22
-1.202660653787983670e-22
-4.191835962542118417e-23
-1.723156358693554372e-22
-5.408406819761198362e-23
-1.815077930360402748e-22
-4.463326962105413730e-22
9.939678210370840144e-23
-1.546099991864068117e-22
3.611675283189906215e-24
-8.231720107367841485e-23
-2.727236046039887434e-23
-2.092130577394076779e-22
-3.359653694196877687e-22
-2.165644417431218748e-22
-8.595043433176357741e-24
-5.493176817821408300e-23
-3.071703919566685839e-22
-1.056098818218586787e-22
-2.245440152656737893e-22
-1.945898354497750023e-22
-2.216086176490274555e-23
-1.113027447069723892e-22
-3.020440104775839166e-22
-1.503301140374648029e-22
2.024606912445079276e-23
-4.325689649215544308e-22
-1.019169350343472763e-22
-4.003615348774399413e-22
1.172798459446851233e-22
-9.529174021227360100e-23
1.433791817468165972e-22
-1.504767230472632775e-23
6.678247656384212589e-23
1.067003998650153082e-22
4.010255298307039653e-23
1.793947470024351404e-23
5.490525532391636928e-23
4.947415851920192207e-23
2.721163043908045613e-22
2.106721418171125136e-22
2.877972496740426540e-23
1.034206093806350074e-22
-2.438770849761583358e-24
-1.254308840374131476e-22
1.245048715546675930e-22
1.557336573005394612e-22
3.829344694659597085e-22
1.787234180131658131e-22
3.829097019743800871e-23
1.903084427717856033e-22
5.770526904971353757e-23
1.908372353656200736e-22
6.440643704696399939e-23
-5.080623357255676693e-23
3.582450304014095992e-22
6.598846038575376746e-23
8.187474918376727841e-23
2.377919984300984975e-22
3.548826358313165445e-22
8.363609773330544159e-23
1.744880177974585524e-22
1.262642310265162465e-22
4.847884793098193127e-23
2.478966656268048450e-23
1.029450774025733164e-22
3.520292853635067144e-22
1.853597656071489942e-22
2.494421476004681003e-22
1.697316094727460558e-22
1.296901468219025004e-22
6.119286575985996357e-24
-1.361039785935756280e-22
1.591607374240767182e-22
8.805544456243792012e-23
-4.100377402950764527e-23
3.320850153524202316e-22
1.179416114828286387e-22
9.826930277982805401e-23
1.020025622815805537e-22
2.209874711855393936e-22
1.556777986694542006e-23
2.193566244675979222e-22
4.723439241300201618e-23
-4.468769984016479530e-23
1.569128227878099157e-22
1.540209234868573101e-22
5.818620259467294285e-23
1.266811031683656611e-22
2.524750219199483797e-22
7.709109095300718919e-23
1.598393733462021512e-22
2.479546176612447775e-22
1.514495147176819519e-22
5.349873953177022702e-23
1.421084212420505884e-22
5.053983861689715264e-23
1.724697267343446027e-22
1.758508328461253387e-22
4.476309982340041102e-22
4.650825362182434211e-23
1.086138015509026186e-22
2.746731234096670756e-22
5.819426519197514582e-23
2.593293033079960361e-22
-1.313363441702862411e-23
8.934836438005199069e-24
2.180904320347718889e-23
1.916264187487811119e-22
1.753577040498218044e-24
2.768732846479432515e-22
7.015302948447076690e-23
1.999785833194036236e-22
2.972317525862086150e-23
-1.526725687190250439e-22
1.835212870266466759e-22
-2.706200252822033973e-23
2.580340243239240676e-23
1.289134720155118269e-22
-2.498418093115045404e-22
-4.107921112246781671e-23
-7.426044506017796946e-23
-7.472097546305834628e-23
-1.093064332108336797e-23
-1.953184283857662453e-22
2.450882288036804797e-23
-4.770893342382775768e-23
1.226209244715773318e-23
-1.803048356168507590e-22
-1.827375034596503198e-22
5.580106499342713794e-23
-2.495353849121358056e-22
-7.139353525359530192e-23
2.446051504924971297e-23
-2.856953779597223842e-22
-1.025681504047118127e-22
-1.343532270548898720e-22
-2.105977733499814980e-22
-1.410101449182561221e-22
-3.039460838228080517e-22
-2.142957942013610443e-22
-3.059288661782666577e-22
1.180543062118189240e-22
-2.040517188019181565e-22
-3.836744644985048335e-23
-2.653074427953517030e-22
-1.114952085962948251e-22
-1.987197688411228498e-22
-4.686685575287567466e-23
-3.407721539858093267e-22
4.021795148446063631e-23
1.161657675548624712e-23
-2.349288946682522148e-22
-2.785119316062943845e-22
-1.716044752258804450e-22
-7.057458332392418970e-23
-3.198566629387387776e-22
-8.792358084274558193e-23
-2.156525038423186774e-22
-1.177559230209491408e-23
-3.494934624573214931e-22
8.073244852310796177e-23
-2.079589288849196481e-22
-1.245089674434322196e-22
-1.633694687097490926e-22
-1.029754155185498477e-23
-2.978837833387759338e-22
-4.926193596128659217e-22
1.869371164070240044e-22
-3.311676097241055693e-23
-1.615473233234499853e-22
-1.425326892123508634e-22
-6.763600089665924463e-23
-6.087628517294037938e-23
-2.014020200537996880e-22
-9.644163782909967848e-23
-1.315025015695539400e-23
-3.581771049520933427e-22
-1.639826233114397437e-22
-1.479644752067188799e-22
-2.925239847387592778e-22
-1.699918692715186690e-23
1.007631427960979621e-22
-2.078199891191656359e-23
-4.824746267966791395e-23
-3.398828720072779501e-23
1.022601504088281031e-23
-1.657699233530995888e-23
1.837549854284175456e-23
-2.554429112341751080e-22
-1.905868945531511385e-22
-2.083939120758025258e-22
3.671061022447422100e-23
-8.423512139393199333e-23
-9.295008796206284993e-23
-1.892655970584981529e-23
7.353242161831533939e-23
3.582694349560408813e-24
-4.872175772182441363e-23
-7.614597556935125536e-24
5.591567965923762235e-23
5.201171502935987896e-23
-9.398759436053894507e-23
-8.972659682584811282e-24
1.286852425615044726e-22
6.683371783185852949e-23
2.345850940508752191e-23
-8.042722654488275647e-23
1.002800073311089066e-22
-1.221622993772550874e-22
6.068679225960077750e-24
-1.401049867738332134e-22
2.109445269227238637e-22
1.249637075503395177e-23
1.348524469047398676e-22
9.492688253392253261e-23
-5.940527343501757232e-23
-1.669422109706315394e-23
-1.267657652277177917e-22
2.212678433430421262e-22
-3.487142689098777954e-23
3.128244623943139747e-22
1.782000398806953901e-22
1.692877855324929030e-22
7.897968686895402781e-24
1.266168364309720510e-22
1.780492285111356757e-22
3.451345378691787543e-22
5.382165048417126588e-23
2.269142056749345985e-22
4.589667318178055316e-22
2.969182504345815048e-22
2.604533434555425246e-22
2.999301946477303011e-22
2.348273836622996036e-22
-1.563089375442507862e-23
2.985082164105981967e-22
9.206201969865816977e-23
2.432226423787147214e-22
2.788846377150612684e-22
9.980995477375974755e-23
3.626828222620584428e-23
3.266324569188512314e-22
2.849341200250727577e-22
3.372121673733256008e-22
2.910794005900790994e-22
9.743802668072896092e-23
2.123883259088612705e-22
2.093569486174666289e-22
8.067151248596297008e-24
2.640532322285126877e-22
2.537893382635093726e-22
5.802377074743919502e-23
-4.426117838523274634e-24
9.817759079600570423e-23
-8.811013816586964939e-24
7.023529038829316118e-23
8.232975965684535544e-23
-1.112211082738621943e-22
7.824799016191615457e-23
-4.795697366592440573e-23
1.256600843182256792e-22
9.400713262992889770e-23
1.025212580761067299e-22
-6.813704962902700109e-24
1.670087535825233773e-22
-1.968109892602731167e-22
2.434476790870578245e-22
-6.821513878830695241e-23
2.718605919752659653e-22
9.445207815237680661e-24
1.406438718245892318e-22
7.005098413062575893e-23
3.434799457179936458e-23
6.936920476014710429e-23
2.812170482376161793e-23
7.830269384242810116e-23
3.087948720351519039e-24
-1.573842175231274269e-22
-2.131085917699989806e-23
4.905591822303081685e-23
2.434465324158973228e-24
5.012551488266339768e-23
-1.019730311291843827e-24
-8.336744216197699740e-23
3.953626541760253682e-22
5.684652053491686585e-23
-7.627631238983252535e-23
-6.913742480060777007e-23
1.386324608689105991e-23
-7.658239168785333375e-23
6.697121589426311717e-23
-6.570502471495344986e-23
4.545824211811886941e-23
-1.755776503036698073e-22
8.864014650478925986e-24
-7.690463471913580109e-23
-2.152267001221615272e-22
3.617614191293483440e-22
-1.690375708193606226e-22
8.278616822486969965e-23
-9.333726718182406366e-23
4.154387218905497495e-23
-4.001150200371949695e-22
-3.478289794036553342e-22
3.561370765303635745e-23
-3.812727962270686718e-22
-6.702866972229332594e-23
-4.394506121894874695e-22
-2.960862382426749516e-23
4.450813731448309140e-23
-3.611721055142284631e-22
-4.004534282218762142e-22
-1.648327900916224603e-22
-2.345921924529621342e-22
-7.012561894635622769e-23
3.602061084000054825e-23
-3.538617515405152856e-22
-1.677888199495650091e-22
-2.196783810227769291e-22
-1.097893484664096350e-22
-2.376348875710242469e-22
-1.456169858023454934e-22
-9.509305108015530741e-23
-1.938535463261963240e-22
-1.043183896027805642e-22
-1.545586982659165533e-22
-7.846742269035575095e-23
-4.220877852802522114e-22
-1.107581356020734051e-22
-6.249237189849401437e-23
-1.337676232794358864e-22
-3.239184471908069046e-22
-6.299779067330476789e-23
-2.863359910072574387e-22
-3.008269867269892236e-22
-1.627888910145695908e-22
-1.599975022814372993e-22
-6.356571673471859691e-23
-4.439814068597861029e-23
-1.051345983404366494e-22
-1.227529165213041621e-22
-1.558422215962800021e-22
-7.208790978932892198e-23
-3.171928663195080084e-22
1.287097222536330729e-22
-1.408642552996346134e-22
-1.903673739076883554e-22
-1.111559980072342567e-22
4.671250430847046026e-23
-3.433857813708567729e-22
-3.592003824938652027e-23
7.236819510924670599e-23
1.200712371470596962e-22
-8.820824265161691202e-24
1.924461035996911020e-22
-2.178538933144119558e-22
2.162512376686460957e-23
2.977721030175263827e-23
8.268729527459259920e-23
-8.782099622200373051e-23
2.470972341112623594e-23
8.751768639520202574e-23
-1.829905710706278816e-22
-7.914361334102141025e-23
-8.106972315955304519e-23
8.824939422584372909e-23
3.882117923547397353e-23
-4.110571286963832839e-23
2.485470145515755298e-22
-7.596871300346512277e-23
1.228475464886590606e-22
-3.633283638506933823e-23
6.003924821300489901e-23
-2.326798639167438363e-22
1.051678589234101470e-22
3.691155944784817077e-23
2.576074355419159279e-22
6.502631966483724603e-23
-5.892105204933004627e-24
2.027487045461607010e-22
1.281006561299689875e-22
1.659595926468501978e-22
-2.459602724824172775e-23
4.587587429016789786e-23
6.353225063867748797e-23
3.003041808814844584e-22
1.437834710949777958e-22
2.160668892877573414e-22
3.472169661530911910e-22
-1.177973183604086690e-22
1.529658713136819952e-22
3.160051917761758840e-22
-1.466230138488576834e-22
3.179026220416538180e-22
3.127698374884063738e-22
2.615320697702187292e-22
5.287568512278493969e-23
1.371752574180864759e-22
1.688943057671095703e-22
2.115643934531403974e-22
5.654688412901979004e-23
1.905445440414793648e-23
2.065545643529908831e-22
3.551007698805795967e-23
1.204429020040190825e-22
1.683998286527698369e-22
7.236307164162714206e-23
9.391970191810215057e-23
4.072218355963123768e-22
4.571885909356243325e-23
2.009507380698304891e-22
2.722830638337960233e-22
-9.315021422373345330e-23
1.442189507610941117e-22
3.573808978101028753e-22
1.236536660704613261e-23
2.920914411971058558e-22
8.011532906418218554e-23
5.363987052311365456e-23
2.916650999440979525e-22
1.727801022625876479e-22
1.863462368626694424e-22
2.364834224345296821e-22
2.275691995153864278e-22
3.343114890265192848e-22
-1.621192930924261980e-22
8.425253181452497250e-23
2.028545023122339003e-22
-2.219892281720415136e-23
8.293787949313500629e-23
1.571664359760751162e-22
1.524963825122412597e-22
1.061191434041314945e-22
1.430274336424311068e-22
-2.358275123148445875e-23
1.133308599655099023e-22
-1.578703548708658913e-22
4.605807270119001493e-22
-1.889701735644236667e-22
1.109958388270872630e-22
-1.740742227087120959e-22
6.281534346138132268e-23
-5.704531967256619743e-23
7.305682107860514715e-23
4.415266793091047756e-23
2.466198465450947507e-23
-1.667908124354119410e-22
1.996760447533666971e-22
-2.495984295582867959e-22
1.741749310937381533e-23
-2.144473095305711853e-22
1.275205166776468320e-22
-1.589471726079884936e-22
-1.423535686779731724e-22
9.743219804505445704e-23
1.125304482805940695e-24
-2.062650067381299848e-22
-5.544744381828396094e-23
-1.416940232014300617e-22
4.487574171778093072e-23
-9.411581426119431245e-23
-1.492652935923034750e-22
-5.507081601426311735e-23
-2.970756485762467770e-22
-1.827542469495359763e-22
-2.035651447985766866e-22
-1.541109159450001058e-22
-2.216765586179413679e-22
-2.014562024680486747e-22
-3.133248306299967125e-23
-1.302655786035479082e-22
-1.496095516606055377e-22
-2.309491739100633579e-22
-6.352129652810502316e-23
-2.377914111560377924e-22
-2.435811633401755344e-22
-2.027067556584871280e-22
-6.310516949673184701e-23
-8.498385094984251663e-23
-1.241255962114439869e-22
-3.739293049300588220e-23
-1.608627557897804109e-22
-6.004708366867237261e-23
-3.204988179412750617e-22
-1.316927477959080701e-22
-5.010197226360002048e-23
-5.535021061762709761e-23
-2.240934897614209426e-22
-1.699968375804284775e-22
4.176216761848855113e-23
-1.064442879423805847e-22
-1.216596221867015421e-22
-1.066749548917747532e-22
-4.417560990050369432e-22
-3.491903054741620335e-22
-7.040588515736933692e-23
-7.670643070284837966e-23
-2.108970538428505440e-22
-1.950378006569240192e-22
-9.278629384990529045e-23
-1.618778075868346249e-22
-1.448460696260129424e-22
-1.975763465937030629e-22
-1.173985535137430557e-22
-3.543609759475734552e-23
-1.785864111421900273e-23
4.516828436815828886e-23
-3.574915371984958781e-22
9.354774706875724954e-23
-1.976368641082845946e-22
-9.956602377697105541e-23
-9.210791054119766639e-25
-7.203604578589714719e-23
-2.212062439091555794e-22
-1.132668267708573021e-23
-1.019014964808059328e-22
-1.246940953485630678e-22
-8.173888456393181786e-24
-6.721781445449229432e-23
2.723683888202371160e-23
-1.363441670954036691e-22
-8.787170945531236524e-23
7.256935884174363056e-23
-4.034044469223644710e-22
1.039104765880828551e-22
-3.966318722648503420e-23
-2.457552290894658260e-23
1.464797206871999917e-22
-6.106368477475147205e-23
-8.288325270393418097e-23
7.656690116438803558e-24
-5.200598042685570223e-23
-1.203866667700777303e-23
1.202394224203741286e-22
6.535698861577582697e-23
-6.635204783628141053e-23
1.990964635557205476e-22
-9.360561521334687250e-24
-4.041946741882380641e-24
2.189686263675517340e-22
2.103220017921442889e-22
6.829035641448328267e-23
3.777251311753417339e-22
-2.010935519363267072e-23
3.177286991819515325e-22
-2.970751947815953137e-23
2.776860784680436646e-22
-2.743839831471865226e-23
1.241748465538136044e-22
1.695452355444411812e-22
1.723204976349108425e-22
5.535824504143530867e-22
1.659441384291779261e-22
1.097673684535076506e-22
1.119712418969638895e-22
6.335209999468401008e-23
2.073874612127203504e-23
2.717535547222525744e-23
2.107947028360965912e-22
2.575427735604009578e-22
4.050441039531640064e-22
1.517348312203446877e-24
3.069354239714148052e-22
4.691550551614986490e-22
5.333953632253602403e-23
1.212413281279077669e-22
1.926090776582015066e-22
2.165455153308415219e-22
1.400455311033820065e-22
4.875352256834296796e-23
1.724412566137703124e-22
4.165286519999109893e-22
4.096790450939871792e-23
-1.571579756327276724e-22
-5.072155495043927466e-24
1.086308363026265444e-22
1.277993361842325373e-22
1.018336769859427214e-22
-5.873984555016698366e-23
3.352600691699333342e-22
2.302210802244084318e-23
-5.501414192299819812e-23
1.079849364930452097e-22
7.444404897915862005e-23
2.967914463044439437e-24
3.956159972401603772e-22
6.293286695989862196e-23
3.620232275016384632e-23
1.286925101082339761e-22
3.077034330415617046e-22
9.243480422500880762e-24
2.342263426469603891e-22
1.699563141825754590e-22
1.202429632840423772e-22
9.839358747497243138e-23
-3.654757627368669249e-23
2.513383794645175913e-22
1.895866756430343212e-22
3.880517951780674289e-23
-1.196655119173985858e-22
1.348983174849092438e-22
2.149644541331297253e-22
1.463261612560127135e-22
-4.268820343219711104e-23
1.057597789931033912e-22
1.048675350770326588e-22
-1.721378797375587706e-22
5.969969508189393082e-23
-1.330412067050818247e-22
2.973171441387394906e-23
-1.621873031726417061e-22
1.486260046232551342e-22
-1.003555332234278794e-22
1.206906566734315351e-23
1.969157328542679039e-22
-1.140961641611437658e-22
-1.369693439622090521e-22
-2.990935195975459793e-22
-1.628110659944777363e-23
-1.091245945673054229e-22
-1.246512425582365799e-22
-2.474570748642858963e-22
-1.936940679596804340e-22
-7.501481865291247027e-23
-3.092728152614463505e-22
1.102495336708687275e-22
-3.205116134646066002e-22
-1.297411544641968446e-22
-7.668039333994299422e-23
-2.837915063884810950e-22
-1.111627818231012962e-22
2.474371232715638162e-23
-3.115548176820144507e-22
7.191961759318079351e-23
8.762852818541424476e-23
-1.026182968329953348e-22
-1.040098177164155321e-22
-6.234886192945305575e-23
-3.114757719772162544e-22
-4.802449804558499326e-22
2.464497613836983120e-23
-4.372988102213032856e-22
1.698718739983693935e-23
-2.859420404314533556e-22
-1.028085123984172796e-22
-3.784641946027099334e-23
-1.630993733407529020e-22
4.495071673810605865e-23
-1.761891337570822282e-22
-1.645149478896556652e-22
-4.176614374095621446e-23
-3.383805658008380536e-22
-3.107652389608366668e-22
-1.133467481056109383e-22
-2.799767299714795697e-23
-2.985167272896039986e-22
-2.179383339115390471e-22
-3.087090646263149950e-22
-2.428574180043011415e-22
-1.880663590039647964e-22
-2.852179346521662586e-22
-2.922683147990569786e-22
-1.322795090564479036e-22
-1.884694860533896990e-22
-5.619918240599662254e-23
-1.099673320152108447e-23
1.173522108459238680e-23
8.716017412005622169e-23
-3.172555648305698791e-23
-1.608492636131838766e-22
3.418325131604355030e-23
-9.400707592564411622e-23
2.871774718182102342e-23
-4.082278557411107979e-23
-9.418335148927798685e-23
-7.475948883208174010e-23
-6.023376873677275881e-23
-9.549203748441669683e-23
-7.158084986991513427e-23
-1.578536762471966765e-22
-1.793856797033964780e-22
-3.335655114840382013e-24
-1.542396639722615096e-22
2.273210410783719945e-22
-1.668297402158520474e-23
-3.995503302096179525e-23
1.270594979555686679e-22
-2.473393190376443062e-23
-6.605918327530510134e-23
5.201001431619394386e-24
-3.028938208385123255e-22
-2.692931202367646863e-23
3.794051503133998541e-23
3.129747048913889830e-23
2.022511359328874939e-22
-8.996535557926302789e-23
1.387887530160355916e-22
-6.588641370139999380e-23
2.776787556348698171e-23
1.608782568986802722e-22
4.773725972907426938e-23
2.134069869675347013e-22
-2.490554092297198090e-25
2.195164406688116258e-22
-9.211999249610611811e-24
2.485730284387538117e-22
1.931979169385736528e-22
-1.620950082841458559e-22
4.643106216014894218e-22
-2.958753091505764581e-23
5.529057713861409100e-23
8.776701971971754692e-23
2.394282752879878943e-23
3.847974007062244802e-22
8.684269422523479990e-23
-8.867456245754409943e-23
3.795094464796447592e-22
3.561259718777921236e-22
2.829849928902635039e-22
2.201315705235802483e-22
1.444386685362883439e-22
1.079506164082815070e-22
3.533219081847391433e-22
1.303652447330649153e-22
3.504596304805960777e-22
-8.862929148896251791e-23
2.203503602840290048e-22
1.091608276321253601e-22
3.097753898931717444e-23
6.407870192077036020e-23
4.106977954551275787e-22
2.145275800012225497e-22
-7.260411539966710330e-24
-1.425733811236628390e-23
1.258494921161243663e-22
2.005429603922559602e-22
3.270021307867677637e-22
-4.092319681360780831e-23
3.853858677625900929e-22
-1.562973682359216635e-22
2.409154067823496662e-22
2.148363647639265337e-22
2.750650257451616457e-23
1.898431418110005873e-22
1.011127416111623107e-22
3.580251129348326402e-22
4.567913582771479507e-23
1.057364890200484390e-22
1.286722899378686788e-22
8.986028754255817319e-23
-1.922663262956891069e-23
2.050275936952977543e-22
1.224038094463245615e-22
-2.894504833562568935e-23
1.390428711144561394e-22
2.469499944641413583e-22
-8.265627305702961668e-23
2.866915902766499495e-22
1.577380806872634662e-22
1.922216226071867451e-23
-1.939173790801749241e-24
-2.163722276781378472e-23
-1.825996407695601817e-22
1.274903160087794625e-22
-5.556304015496235022e-23
6.490402919351376287e-23
1.321526334624494200e-22
-1.019180820911749805e-22
4.823134249073004728e-23
-2.109140994448803772e-22
-9.183932388487756717e-23
4.880125924486087327e-23
1.441799847587750767e-22
1.589251857064489192e-22
-2.351144711349810005e-25
6.666267717540814475e-23
-2.184945617319335614e-22
2.539252932703053751e-23
-2.830609818403887268e-22
-1.848025424496412209e-22
8.041682431005752847e-23
-1.645269601412088281e-22
-2.580891052267329539e-22
-6.657024044311327333e-23
-2.468456711166581430e-22
-9.967231939279743732e-23
-3.156989168996712705e-24
-3.235287308962619229e-22
-5.803871638890201471e-24
-8.771412521433887144e-23
4.146164078238723733e-23
-1.313446099160976469e-22
-1.090203870751583884e-22
-4.234570232839776471e-22
-7.939722437806252405e-23
1.088786604442596762e-23
-1.276636047426710440e-22
-8.547123952970408110e-23
-1.628766835060814328e-22
-1.293940395200786516e-22
6.344469414673538757e-23
-1.155204923773961512e-22
-1.631827293221728569e-22
-2.846286359112546120e-22
-1.426212106592567932e-22
-3.198542103955289501e-22
-1.659355206669082951e-22
-1.529852511389103186e-22
-2.823799183368854791e-22
-2.657321066746806209e-22
-2.872324770701101447e-22
-1.042670995427323247e-22
-8.704354483952463044e-23
-2.040800731955246219e-22
-2.649866869473470150e-22
-1.632500311081652206e-22
-1.199966130617572100e-22
-9.456695203185864912e-23
-6.590049638938443879e-23
-2.653637227336678061e-22
-2.934172409582994640e-22
-1.027190362676428686e-22
-1.999246544264820351e-22
-2.176866666743948280e-22
-1.001996628129062571e-22
-2.040359902719348338e-22
-9.022298897900039628e-23
-1.337926579384837214e-22
1.067876768249344810e-22
1.415786996012400417e-22
-2.440775134005370523e-22
-1.573425639922862793e-24
-2.797523531716791276e-22
2.810447354791038133e-22
-1.438872952046787151e-22
-6.578062693062230121e-23
-1.811500633975595754e-22
8.147823291889621271e-23
-1.758235698764898082e-22
-3.819757571319772508e-23
-4.287089179820857711e-22
9.351225035311605846e-23
-2.049497266142994012e-22
1.097952630262798842e-22
-1.695788755257189993e-22
1.894907021276162513e-22
-1.500628488867130262e-22
-4.163594715104317456e-23
-1.097056863118137536e-22
1.005633379276854508e-22
2.413875430310584094e-23
8.458526667482395040e-23
-5.630098639347984344e-23
2.965159540544419421e-22
-1.819292506325060743e-22
1.187258585154156777e-22
8.379117212547761200e-23
5.982450621745554445e-23
8.256684170054144878e-23
2.181721590245523657e-22
1.486719761799221141e-23
1.246914434700599609e-23
1.659649450040921443e-22
4.483996293934858038e-23
-2.499480957971808175e-23
1.659033721538299501e-22
1.883360188797833978e-22
6.201463473427070733e-23
1.439303929897048530e-22
2.138141132713850916e-22
3.436607949631738588e-22
1.384505637133802419e-22
3.624741870786024895e-22
-6.328074736472682735e-23
3.070332477997686208e-22
1.666742188066551443e-22
2.065308204718333466e-22
2.788846514348819052e-22
-1.785426401898899201e-22
2.138604016859697581e-22
1.034648165591085811e-22
-2.249894631418637471e-23
2.273346073540757737e-22
9.116267402448693171e-23
3.224532759641537214e-22
1.257591543833397867e-22
-1.733940766429841900e-22
6.376866227608430978e-23
3.227410901574060066e-22
2.243610863950422569e-22
2.357766790149114089e-22
1.408068852008814453e-24
2.089055397962636629e-22
1.002806137697193678e-22
-5.337444350046198402e-23
3.665386482725238265e-22
1.032956867950285644e-22
1.511996479461560478e-22
8.443022218811407027e-23
2.440798873503544512e-22
1.314729359256116504e-22
3.817591524197269533e-24
5.184740156293747902e-22
1.595010851912709332e-22
3.132666766397264211e-22
-6.341385927359765060e-23
3.300661089236533192e-23
6.868619861525620692e-23
1.193249529982898883e-22
1.677343649287811161e-22
2.867103873076511536e-22
-4.552274733294393227e-23
3.679896507284767630e-23
1.801749107640972807e-22
2.123493693640137499e-22
3.467918597023850880e-22
-3.077578369342985306e-23
1.982417495540728542e-22
-2.414609717248128212e-22
-4.505489290998103661e-23
2.391895910702939967e-22
9.699689320678546772e-23
-1.193186616008858218e-22
7.198459241204201593e-23
-7.819801950417480074e-23
2.271884441902683117e-22
5.104141766175204990e-23
5.983134372503419775e-23
7.959208755309969011e-23
7.707574759118020075e-23
-1.317332479290136858e-22
7.695843788379712414e-23
-6.397270072077655442e-23
-2.166606614304195574e-22
-2.996520513573251699e-23
-1.912707535692188237e-23
-1.047019272891267482e-22
3.274175565545226594e-24
-2.404105238648058934e-22
-2.574718384568325845e-23
2.139702038687798745e-23
-2.511766312833420558e-22
-1.234817272910085497e-22
-1.453462782727418259e-22
-1.518520332852316825e-22
3.693678302085164119e-23
-1.618281875215760479e-22
-9.002894453468570908e-23
-3.641263629452994070e-22
-2.728882074747938290e-22
-3.467827902468627540e-22
-6.739428239444841854e-24
-8.385497327819847637e-23
-4.727500513126330329e-23
-1.711668714333321769e-22
-2.877786124166129222e-22
-1.944705534176558163e-22
-3.167150775771875264e-22
-1.728822011107779454e-22
-2.581315306333836670e-22
-2.198392797315896867e-22
-3.332996590485873021e-22
3.883672749482684582e-23
-1.151729183824542865e-22
5.803089422412072167e-23
-1.495546602345676678e-23
-6.088941212257083683e-23
-1.046639269338728412e-22
-2.874029493311201952e-22
-1.311397526166265040e-22
-1.941648777211323841e-22
4.454972410486661990e-24
2.963577711735363024e-24
-3.267431698637643985e-24
-2.418971890058186983e-22
-1.552655598294728852e-22
-4.058854785210794352e-23
-9.133642887770282381e-23
-6.003739916203009434e-23
-2.130490567405201157e-22
-6.116428030159031420e-23
-1.926905070527178729e-22
-2.307764617811394666e-22
-1.171435351193649240e-22
-1.685436482954447998e-22
-1.215402804008963336e-22
-1.046453135562042781e-22
-3.600739493636144823e-22
-1.982654508665997706e-22
-1.388570413452512838e-22
-2.221583163946215816e-22
-5.475352505769260099e-23
-2.121251401998606984e-22
-1.794509518860120189e-22
-6.452655247375183677e-23
4.602174642637472304e-23
-2.555239646568524230e-22
1.241897154376805829e-22
6.497385735804328938e-23
-2.725548632865554690e-22
-8.627538574947049361e-23
-9.377937006822345600e-23
-6.722595705889919198e-23
-1.957626075888238915e-22
1.060165561957399451e-22
-1.697841373245624178e-22
2.225699797994354159e-22
-2.002472776644864277e-22
6.851246083622769800e-23
1.291585318831301299e-22
1.336655144409676948e-22
3.172781467848987244e-23
2.009826012864428243e-22
-2.617313549099315954e-22
7.775536053091964732e-23
2.202589034425425380e-22
2.902027197762235412e-22
1.651576896958326046e-22
4.362163707086979812e-23
6.957628306979023643e-23
1.162232176027140488e-22
-4.180489103423940542e-23
2.827524462715285475e-22
-2.659052412885434435e-22
8.385515492335927414e-23
2.106579288351602995e-22
1.678857598738510072e-22
-1.938026077300518482e-22
2.656064333915997379e-22
-6.612630287891598894e-24
2.915003896473444853e-22
3.236709945300542657e-22
2.310798583288047972e-22
2.027883919778239049e-22
-2.733305614684158294e-24
2.293733895072949361e-22
-2.035161336285127529e-23
5.137805158372223179e-23
2.708623862007525193e-22
1.221063581819764534e-22
1.474070943437681899e-22
2.791228588848870506e-22
3.480984032802211542e-22
1.230851837067437107e-23
2.500322953279937936e-22
-5.576874367438280622e-23
2.545928348656342946e-22
1.377987839733441833e-22
3.589001071192727713e-22
1.420251664766166385e-22
1.262552003997235453e-22
3.283317442946997609e-22
2.656595634725294281e-23
2.902534794970918904e-22
5.266419807957266390e-23
9.938163126953970104e-23
2.393503603121288952e-22
1.402931844616372577e-22
1.003029782355108738e-22
1.356004367481773714e-22
1.678290202324735687e-22
3.105637598104947943e-22
-7.789054443249512874e-23
1.208129605822680383e-22
1.279544718091809122e-22
1.409165860537891751e-22
3.031606735363191025e-22
2.672077891710994781e-23
1.927226320243306037e-22
1.227495728756675124e-22
6.070044267176699834e-23
9.961961577885380083e-23
9.368283808790911909e-24
2.245050552307505802e-22
7.277505634105226433e-23
6.565949433071506908e-23
3.632598979410275634e-23
-1.099965014348457862e-22
-2.739566687286131261e-23
1.067290222768736309e-22
5.504311569997017595e-23
2.314254076372565033e-22
1.432144988967474249e-22
-1.796786816626934556e-22
1.766007504128292098e-22
-1.983633266808563530e-22
-6.913647416422210287e-23
-1.350350652232075479e-22
1.112003541387793122e-24
-1.102308899729829126e-22
2.929906865234077611e-23
1.397887855056733991e-23
7.435094339601704906e-23
-1.495900610077847145e-22
-2.455471567390643650e-22
-1.160864501642351545e-22
1.437538448404728061e-22
-2.615575725098441424e-22
-2.176661247061049927e-22
-1.295894960653454743e-23
-2.055533505021094547e-22
-1.648023366503062498e-22
8.955974821182358622e-23
-2.423427136645936500e-22
1.152160111315388225e-22
-2.313953046901609813e-22
-8.359209916518256675e-23
-3.194230080558997458e-23
-1.065715232974643449e-22
-2.190569539796140520e-23
1.556747655478879579e-22
-1.503403862568019281e-22
9.746547704601984967e-23
-2.470045362312669647e-22
-1.399477954032069835e-22
-1.027935711212541838e-22
-1.768702754845770652e-23
-2.970524243414859669e-23
-9.406223709762073271e-23
-3.660128853693265308e-22
-2.200071654773642284e-22
-3.484258961685388732e-22
6.950607724726840538e-24
-3.776492199698291378e-22
4.841621782750165416e-24
-3.596793404428516430e-22
-1.012651365513028105e-22
-2.377296629180783159e-22
-2.372571526058069857e-22
6.052837967397367581e-23
-3.009095688245359504e-22
-4.836743234378499406e-23
-4.132299484870665975e-22
-2.768230552502722661e-22
-2.800537448028540585e-22
-3.895219603845713131e-22
5.126727555982608285e-25
-2.981957700710416175e-22
-1.870833726764062709e-22
-1.365224400509653734e-22
-2.245496186453929242e-23
-2.240977956095781244e-22
5.376192044485223661e-23
-3.050478459987297297e-22
-2.419154516971578469e-22
-1.692067295996366454e-22
-2.705116386382658076e-23
-4.478116221763595377e-23
-1.863687911418081413e-22
-1.387310767190080704e-22
-1.091964247762915236e-22
-6.648432095354681887e-23
7.484192571509932410e-23
-1.563407231951928964e-22
1.859002752218869613e-22
-1.119826354500963232e-22
-1.049585036369802981e-22
-9.226120734082719254e-24
1.883243070603186238e-22
-1.857814759374402287e-22
6.284669918477880049e-23
-1.937220848154976120e-22
-1.891060831630910147e-22
1.369087331250875859e-22
-1.473144607927331939e-22
-7.154875718861519110e-23
6.789958700126441074e-23
1.771553450019601568e-22
-3.182704799232939895e-22
4.316244507041556234e-22
-6.889510536988972129e-23
1.713746568942880537e-22
1.455249583053874396e-22
1.953192855082485624e-22
7.433826757894482866e-23
2.589815279955832843e-22
-9.837653028355851199e-23
6.292174497869774674e-23
2.365052131247827647e-22
6.592310939402216607e-23
-5.226115026463139314e-23
1.148890767070787272e-22
1.271848814034605800e-22
1.675449900264799450e-22
2.395392146578230496e-22
2.768255285873236319e-24
6.632359739233925547e-23
4.798003990303883033e-23
1.088081607043380546e-22
4.571424969157966749e-22
2.797029588048442889e-23
1.477300654557696490e-22
3.080705605315833832e-23
5.960473553395934258e-23
5.912229684803021143e-23
1.137189771435120794e-22
2.147341376486458344e-22
1.621834866910140532e-22
1.779749100866707967e-22
1.494601236978761319e-22
1.626521203101513354e-22
1.212787125188015909e-22
-6.926003734680737358e-23
9.954497774142903765e-23
3.209666986644680310e-22
1.882670997853499655e-22
1.282357192774903232e-22
3.459918599325462670e-22
-1.309760092998630533e-22
2.222068022241792717e-22
3.465635438268966969e-22
2.581745239741018569e-22
6.003999605352837557e-23
1.185089449858117252e-22
3.133419581788409996e-22
1.085958144289543159e-22
2.802830150131558413e-23
1.099151280881715123e-22
1.409795211768657574e-22
2.012315574234327227e-22
2.651558113793577375e-23
1.560672527562637908e-22
4.022577000659880559e-23
1.837512596322326420e-22
2.326708449089063804e-22
1.033813297336493453e-22
1.339561259836837127e-23
2.738888208339864728e-22
1.051124067178571506e-22
3.498551421999700064e-22
2.537013020368794565e-22
1.364801258805725201e-22
2.129155979872960339e-22
4.759386383726222877e-23
4.766956136570449085e-23
1.257902394443146377e-23
-8.726639588552437496e-24
-7.760641063948106976e-24
-3.866468770293490294e-23
1.493417741580505408e-22
-1.478699712089840351e-22
9.548390464515773224e-23
-7.505998974004985137e-23
1.272422878438675337e-22
-3.530269495870237469e-23
-2.372458953162241728e-23
-1.858263378217641345e-22
-4.221588309298861961e-23
-5.982939756827600797e-23
-1.958414729231745580e-22
1.601157865639753473e-22
-3.916356387012350698e-23
-1.383577816916818344e-23
-3.030193391623087380e-23
-1.872319668962616067e-22
-1.670329949373194446e-22
-1.557012633315165964e-22
-8.235833156897578604e-23
-1.870621389283744230e-22
-8.203679006651359832e-23
-1.895815730979001285e-22
-2.575817680803800285e-22
-2.410473185329392380e-23
2.964608382622031350e-23
8.754120233624214201e-23
6.154755096433729682e-23
-2.833002041766515555e-22
-1.845999165102309784e-22
-2.810043052539148000e-22
1.560699847940449198e-23
-2.398256707416268150e-22
-5.847139049800143766e-24
-1.502170935736216806e-22
1.123739139608480927e-23
-1.275214437904018262e-22
-1.235977121442313496e-22
-2.427317995073061809e-22
-4.108961296332623176e-22
-2.674683908836057613e-22
-1.092784175872564552e-22
-2.413580489556462331e-22
-2.180601028441101175e-22
-1.061811222148646529e-22
-4.037753595337259551e-22
-7.384365228211588352e-23
-3.489187477402827056e-22
-1.496430986228147088e-22
-1.265451941945249061e-22
-4.899463442081748267e-23
-3.064958841144926312e-22
-9.658206843887978108e-23
4.690375765165793369e-24
-5.357054491501675488e-22
4.648063157814744527e-23
-2.074416257807296071e-23
-2.774380981153228969e-22
3.876243391263527206e-23
-1.626121958013355481e-22
-1.376354590834735050e-22
-2.030499246244251470e-22
-1.408725014517572943e-22
-2.639570694155244650e-22
-8.908802844744186353e-23
-8.729209330995715986e-23
-1.346801667785339136e-22
-1.029826204138207732e-22
5.377687309287889789e-24
-4.800382073627744522e-23
4.041998196124621962e-23
-2.767747861740657513e-22
3.511371561084839965e-23
-9.147417110794908900e-24
5.953908511644542414e-23
-2.625844760568821721e-23
-1.175157879076746012e-22
1.071023137103164487e-22
6.020838959818416860e-24
7.902657842059323255e-23
8.864548501435676287e-23
-8.122591996100445028e-23
-1.003228554965920086e-23
-8.619344575949790035e-23
7.987600316678552886e-23
-7.296267626476341425e-23
-1.028351974149814607e-22
-4.310175313685266222e-23
1.200370547984478373e-22
1.658579618275181015e-23
5.615647564578893755e-23
2.047473490796171640e-23
6.454059166529904368e-23
-1.215951149618914242e-22
-6.343210913510435295e-23
-5.707284954939747195e-23
5.384990581432923998e-24
-1.613835470733558380e-22
1.271302464464930933e-22
1.933917060798869471e-22
1.893569405292770950e-22
-1.541250510038120293e-22
1.735972301863239119e-22
4.495434156007928356e-23
1.133081539785608837e-22
6.405821911729261373e-23
2.804401907770604887e-22
1.499975533029419330e-22
2.038646519817721752e-22
1.980849443182223664e-22
2.775172669243319256e-22
1.554879855456006953e-22
4.121849862944837760e-23
4.187210904785697955e-22
2.073072514507766247e-22
1.308061454841412422e-22
1.452844743446016930e-22
4.641070454753429176e-22
1.972144159017137986e-22
8.557927628803667361e-23
2.588901199543774735e-22
1.986341660525364877e-22
4.708491483360847115e-23
1.113311232978495229e-22
1.731539675840473119e-22
5.754656913196250389e-23
3.840597866310863321e-22
-1.379610440854679141e-23
2.778177042100246310e-22
2.743498352849513108e-22
3.790994865935249472e-22
1.239613939507273331e-22
1.360421856918563407e-22
-5.886166042553128625e-24
8.465445879963440946e-23
8.332795504514894879e-23
2.111277313447310623e-22
1.439841484304414281e-22
1.730074160595707627e-22
1.656651341800634767e-22
-6.653349963842016155e-23
2.046488084560225045e-22
1.138413524753114705e-22
-1.713939550994996266e-22
1.802549150496627601e-22
3.010552738116715537e-22
1.774662657823681227e-22
2.478523736212748441e-22
5.535267502699635194e-23
1.268561366091508147e-22
2.230029943561643539e-22
1.821420944842979826e-22
-8.337264043231076107e-23
-1.086388761287324314e-22
1.223379167319926856e-22
-5.564641956439291911e-24
5.740662730764606490e-23
-6.853151316643854994e-23
-1.014447648575455894e-22
-1.309382873819195403e-22
-1.623152103446673919e-22
1.587218321114476435e-23
-1.844638824027676932e-23
-6.095778569400016017e-23
4.147375181317592206e-23
1.197350743419974123e-22
-5.606067070290913653e-23
2.570541483729944548e-22
-2.550564882279182861e-22
7.484554698492054379e-23
5.220067127115647835e-23
-3.014237029064493404e-23
-1.968601150638103537e-22
1.396550772578967778e-23
-1.247597534677616305e-22
4.362193191541844707e-23
-2.585652882379140409e-22
-5.338647727736839483e-23
-8.406602792614595084e-23
-3.017710588627782632e-22
-1.628215791474701604e-22
-1.542927680311672903e-22
-1.404063292428657290e-22
-2.015037084138254651e-22
-2.421678107634860763e-22
1.601918192862187636e-23
-1.721303652400582342e-22
-1.510557815411348840e-22
-8.975391603542424669e-23
-1.019513035965168384e-22
-2.014893256620506571e-22
-2.004846018182229133e-22
5.289321528528618373e-23
-2.180489163835993252e-22
-3.447549710454074329e-22
1.343098528321593089e-23
8.500139616944805427e-23
-1.057403594617491869e-22
-3.807470685132295211e-22
-1.201444567608729880e-22
-1.760568592575082382e-23
-9.512762238362902887e-23
-4.616302200026198669e-23
-9.712990015250815259e-23
-3.677859605667274648e-22
5.715665109607472743e-24
-3.648240258262976408e-22
-1.490185481628079876e-22
-1.487641397217470791e-22
-3.107148249654018173e-22
-4.866842671300992977e-23
-3.290315155704944570e-22
-2.971706995471895143e-22
-2.069762454602054064e-22
-2.036936214307022106e-22
-3.527594649545782469e-22
-2.513818694811648494e-23
7.767547258420669859e-23
-1.178381905530237140e-22
-6.004311332784012519e-23
-2.420747247176741535e-22
-2.489664388644019665e-22
9.683975482014811486e-24
-3.389235360599187308e-22
7.867848759232521185e-23
-2.080072151651329557e-22
-2.564559771539010001e-22
7.090895833317062591e-23
-9.487298060845793876e-23
-1.593213826243380790e-22
-1.679905310450793635e-23
5.138484456796835660e-25
3.333894371584634039e-24
-9.154572957878730767e-23
-7.920409089906688326e-23
-2.296588414637514288e-23
1.207287469658981661e-22
-8.111443160352613745e-23
7.739192877232405876e-24
1.218460587249080015e-23
1.591746903981128461e-22
4.373796620088472234e-23
1.361669447874057367e-22
1.721664236687478490e-23
-7.281860463226920827e-23
-2.402396291457498126e-23
-1.145866244604239825e-22
1.098543858641635008e-22
6.781336047786721925e-23
-5.376700996170346500e-23
1.722831282845195703e-22
5.570545241839212510e-23
7.563973930951053368e-23
1.980407164593533797e-22
-5.169594893294554153e-23
2.330416343796195754e-22
1.515916899789805680e-22
1.970195400230172596e-23
2.938855710153863036e-22
1.344812229795454436e-22
3.342210592345592520e-23
1.451575260625717025e-22
3.714750541846586737e-22
5.703057520800022208e-23
-1.210334676532732709e-22
1.602305139953433280e-22
1.767204152753150079e-22
2.127294959159028561e-22
4.288293637910992091e-22
1.448530403236531852e-22
5.562101728840435358e-23
5.748590782256832074e-23
2.439419072183118028e-22
1.624775205207447332e-22
-4.979911762504800831e-23
4.765149623317609199e-22
2.187485991899932692e-22
1.386357713207527474e-22
2.105182810090004892e-22
1.256025265694679758e-22
-1.151173045740689084e-22
1.828653102145650127e-22
4.320981140934686540e-22
7.839963633384854089e-23
2.290021904608472441e-22
2.207438939637181948e-22
8.509964134789243547e-23
1.935410790527115121e-22
-2.907641705821374344e-22
3.664328876681570607e-22
6.117376022005128311e-23
3.256472693447922956e-22
4.769170210201481068e-23
5.953391234222491048e-23
1.910499618161661122e-22
1.665047978786069898e-22
1.714388102908477763e-22
2.697382104126206145e-22
5.746685824007156419e-23
2.066073179420524132e-22
-9.074620275291833216e-23
3.316246770223486676e-23
1.233897193016217288e-22
-2.828657833236365241e-23
2.417360517067400548e-22
3.167960110869664763e-22
2.096353253860987835e-22
-6.673030062739642369e-24
1.607699972324693363e-22
-6.916264338707748808e-23
-1.066507556814156186e-22
2.508830515507898049e-22
-6.202064790894916903e-23
1.543554799727414539e-22
4.923270968393546432e-23
-1.620210261488541405e-23
-6.374696945999205523e-24
4.752761528485149597e-23
-1.696272244168250452e-22
2.044806855185492852e-22
-2.335197589372903326e-22
-1.465991683589716522e-22
2.728534793080315423e-23
-2.885448043443105225e-22
-1.833031029892854159e-22
-2.257151758337355066e-22
-1.204340032469801920e-22
-1.244054355773341288e-22
-7.563349187986324334e-23
-1.336055061242646188e-22
1.752119716378213147e-22
-5.883774543270293685e-23
-6.334861930497591484e-23
-6.391341171254216806e-23
-1.641558698008860838e-23
9.683604375889791084e-23
-1.405334774974661460e-22
-7.830544019060816166e-23
-2.120134007227320634e-22
-3.122545634114768150e-24
5.442292376061383156e-23
-4.820429575038091142e-23
-2.858140852407229339e-22
-1.504371642462433011e-22
5.837362524765906693e-24
-1.890817535586120275e-22
-1.160588978503723021e-22
-1.447977664307548381e-22
-1.239628116073422822e-22
-3.265871458014966540e-22
-9.602006597834339725e-23
-1.761290518218698105e-22
-1.148773015926873225e-22
-5.899178271961066083e-23
-3.252203528719846386e-22
-3.664629379355948437e-22
-3.856320191351146325e-22
-2.511961979652854754e-22
-9.014706901985758725e-23
-8.877424761302957676e-23
-1.036001897701966502e-22
-3.489784107524387162e-22
-2.817948331135256165e-22
-2.576271978036288260e-22
-4.564724635384033706e-22
-3.596419359243726080e-23
-3.471930986293636186e-22
-1.833372091972949085e-22
-1.295094651667772174e-22
3.118989222298369872e-23
-2.878114043689012774e-22
1.262344862274348187e-22
-3.311824479051011221e-22
-1.341219648874985304e-22
-1.116754876858095079e-22
1.122293379964959745e-22
-2.312812149188966004e-22
9.850852597740166603e-23
-1.961656741601593233e-22
5.844035353275697693e-23
8.031703406972813294e-23
-2.485149297076255150e-22
-2.637445435497772027e-22
4.027583833225544027e-23
-1.933207618932410579e-22
-1.315621668515603897e-23
-2.613398504693331058e-23
-3.212493384805386942e-22
-9.148729828320121676e-24
1.508798474531534235e-22
-2.351616639881113866e-23
2.147804271845578369e-22
-7.940349137485050477e-23
-1.320660786931353722e-22
2.091720588122566585e-22
-1.764053905061701690e-22
2.117614867622746862e-22
1.025683664733243867e-22
-2.348858738951553670e-23
1.130956490400235513e-22
8.184208044130268035e-23
3.687262295146341869e-23
1.405993642234995320e-22
3.301601906706337563e-24
1.790953034531807106e-22
9.311768808813361610e-23
1.499533783682366136e-22
-3.664535699469981126e-23
4.092553535398240517e-24
2.160362993053089753e-22
6.200129834888075148e-23
1.123352205976015065e-22
1.137045190044130320e-22
6.713268433002130015e-23
2.394620415578346701e-22
2.170554634976932391e-22
1.502897144248103803e-22
-4.376738400703743967e-23
8.110751756005895234e-23
2.283266481292571931e-22
8.707283998144054440e-23
-3.609497972939076376e-23
2.472478556029285977e-22
1.485409000523961672e-23
-7.129892645260743316e-23
-1.474376869691282301e-23
2.316227348438688194e-22
5.613937044177182677e-23
2.032022113035739376e-22
2.165111720285086001e-22
1.962763173516751376e-22
3.351067211323028451e-23
1.037728286770823576e-22
2.330137282499525325e-22
2.386034833223338135e-22
1.023978136680321860e-22
3.232392241870925911e-22
2.379437832100937546e-23
3.235039077317110940e-22
1.581159550432585370e-22
2.819284980194192320e-22
-1.527996758562853689e-23
9.113176324533869611e-23
2.700695975827909689e-22
1.243037721033193566e-22
2.590854307912965830e-22
7.402455716250956733e-23
1.974777696681097787e-22
3.838329370652346196e-22
1.388665811627746121e-22
2.946951496486103946e-22
3.308634040857889563e-22
4.773089093878800008e-22
2.627267070662458192e-22
1.294776447427835059e-22
7.962669769384621998e-23
2.520392695443121680e-22
-2.015078988722983113e-22
2.144249143234226392e-22
2.408999996815413833e-22
-2.797136202603861534e-22
1.172059990724724869e-22
-7.422728078703370155e-23
3.389282684517737285e-22
7.430914316744579080e-23
-2.017753286896694460e-23
-1.128669182212565013e-22
-8.980686607986126070e-23
7.699322695995614379e-23
2.333035884767786989e-23
-1.302332014967717120e-22
-5.570015722212757505e-23
-1.512846760546100437e-22
-1.133545005516787797e-22
-3.196422151157189543e-23
-1.646824724946320399e-22
-4.388042669819155795e-23
-2.475543438352398518e-22
5.610987091279409318e-23
-1.471778399280433657e-22
-1.505267984162754104e-22
1.942494662049242806e-23
-2.983569828791849726e-22
-7.805739305258732208e-23
-1.583241092041579555e-22
-8.158519563196484679e-23
-1.264267092657878505e-22
-2.759025143361810832e-22
-1.099923311944129115e-22
-4.349497145073454621e-23
-9.854854643265055078e-23
-3.216373995808667307e-22
4.632289000821275838e-23
-4.192367720354456785e-23
5.051710624880803195e-23
9.133694088518703318e-24
-1.493978948036061684e-22
-1.162729946063948521e-22
-3.494792940995625847e-23
-1.391325557647164058e-22
-9.907345619705556967e-23
-2.019658750081910075e-22
-2.276126576191899078e-23
-1.068841309648227985e-22
-2.919272163544189002e-23
-1.835695045325046980e-22
-1.930124360669785154e-22
-3.681758845496212478e-22
-7.113190395742679674e-23
-1.981950108422640486e-22
-1.039773087282002061e-22
9.947682937376273446e-23
-1.227402084983427351e-22
-2.318053263127854676e-22
-3.444557221773591773e-22
-1.598184581522469452e-22
-4.851625839303762083e-23
-7.913324317596039232e-23
-2.453677241435781046e-22
-2.921867687568614535e-22
-6.330976619564665069e-23
-1.048689660122653419e-22
-2.369622525161030157e-22
-3.319913443991857556e-22
-1.705240318737442542e-22
-1.910092395547268424e-22
-2.307283634772741396e-22
-2.807983884048137941e-22
-3.987078689959033251e-23
-2.066515732825601008e-22
-2.494921604577237279e-22
-3.666163840318151268e-23
-9.346063618124792667e-23
-1.937206288693987678e-22
-1.163691036444429110e-22
-1.092511465755780508e-22
-1.217891283378797809e-22
-1.295411587153795573e-22
5.591816979354379660e-23
-1.639949155820597016e-22
6.555907011117373830e-23
-1.338534377379401574e-22
-2.015794926566213066e-22
4.222621352266732447e-23
-3.794700644798206848e-23
3.050902502717945534e-23
-5.040977618693644611e-23
-1.453052634266876879e-22
8.176427967566955823e-23
1.093637791548680171e-22
2.436858092649878461e-23
1.583581998242404215e-22
-8.913193896873464516e-23
3.021750194230076616e-22
7.332818480552873009e-23
1.383658311687640730e-22
3.205308496237294055e-23
1.257129462146364425e-22
7.561383968249042522e-23
-9.673952103349855673e-24
3.530922768598184635e-22
-1.347711471589079841e-22
-7.794085910724013531e-23
2.179919052331393445e-22
7.422338748224890260e-23
4.853077663559660666e-22
1.632234789301610184e-22
1.162396660583037457e-22
2.453078482032292182e-22
-6.626812473156921400e-23
2.264886632889484683e-22
3.065354089335628268e-22
1.997406833467800738e-22
2.622797802972745938e-22
9.482645761935579061e-23
7.582148911121526151e-23
2.135850505863018470e-22
1.139690667705434691e-22
3.406195936925135250e-22
8.908297189626367163e-23
2.285095746962368993e-23
2.425689642532541659e-22
1.341546591467179770e-22
2.638519505275459090e-23
4.569131044624095145e-23
8.749493865703809533e-23
1.276848630792435080e-22
2.491202515297946010e-22
1.310516445556985572e-22
7.756633701682400072e-23
7.684926268324892894e-23
8.400865096938008847e-23
2.124542620995897340e-22
-1.559530168643640978e-22
2.156227364634803333e-22
1.281135663348184227e-22
3.923673530906629841e-24
1.832288668016687792e-22
1.403947325294283476e-22
3.039339403329838843e-22
2.535393479696831027e-23
1.280303216302523073e-23
3.460751285826107570e-22
3.432819284017165095e-22
9.129330925354121950e-23
2.828582419329346890e-22
1.118527304373445619e-22
3.182062780236032544e-22
-2.814258370978723064e-23
2.707167491934107598e-22
-1.738541069591916787e-22
2.512688281222192028e-22
1.569238830395956759e-22
-3.218555659510641513e-23
3.493216151223478930e-22
9.626046459427826961e-23
9.664910712908339125e-23
1.017585203006492810e-22
8.939010562282380944e-23
1.528117187801613044e-22
9.972321841406871040e-23
2.634944066270195324e-23
-3.944907706501168968e-23
9.447916431920470302e-23
-1.350617329567462664e-23
-2.260381521369632521e-22
-1.032237807148371185e-22
1.041386798135070691e-22
-1.178610628188046803e-22
-1.558578831724903445e-22
-1.834152496530970806e-22
-2.071693979026469712e-22
-1.897614987233303795e-22
-5.584876616975290191e-23
-1.014890552445434490e-22
-2.460821523338994320e-23
-4.782816201529046017e-24
-1.672214095091599430e-22
-1.610771760424153422e-22
3.067390405316072691e-23
3.924456734782056984e-24
-4.741645120685876001e-23
-2.119499353739418169e-22
-2.941414778322517464e-22
-5.737826919044241316e-23
-5.002036836280658404e-23
-5.851141975152338925e-23
-1.815724421663536514e-22
-1.325427455244403220e-22
-3.519395186129017585e-22
-2.089618802977346144e-22
-3.075747068000376079e-22
-1.298109839078493534e-22
6.551210140524543665e-23
-2.934515225390074011e-23
-1.544728258569653683e-22
-1.418313462798891021e-22
-3.032196336974666047e-22
-1.428372266533484723e-22
-2.867210664198867056e-22
-1.339524257158722908e-22
-5.026102043327518262e-22
2.709427498928002641e-23
-2.768178414051955736e-22
4.533974474479883316e-23
-3.834706367771384926e-22
-2.300442647120621829e-23
-2.288733413705496354e-22
1.150866647627123405e-23
-2.516451081567867221e-22
-2.642592478016264127e-23
-2.003095049952320370e-22
-1.279836153612033070e-22
-1.323313129079127774e-22
-2.587887312998904429e-22
-5.873059961503536693e-23
-1.834201229955368118e-22
-2.422249385023528646e-22
-1.736664089847132312e-22
-9.540138282649017754e-23
-7.880486882582248529e-23
-6.311949914670563164e-23
-9.750411533671696006e-23
6.379218064824504944e-23
4.722768696905025790e-23
-2.148088648859820319e-22
-1.737208693630075721e-23
-4.428538064584195113e-22
-1.693441044193129087e-22
-6.833628908078993119e-23
-8.772008799664776324e-23
-2.065501945425398306e-23
1.519189212626182753e-22
1.499345374844958537e-23
-1.287488896856076855e-22
-1.203566055353391913e-22
-2.298486225051762417e-22
4.897702312349701830e-23
1.454720658907482592e-22
-1.072126999928520681e-22
3.501120478934831685e-23
-1.999916221131057224e-22
1.364063842848130721e-22
-6.915152053348974579e-23
3.276779017628291930e-22
1.678151227263652526e-23
6.967991980859213174e-23
6.892198484159082514e-23
3.807523703677375309e-23
1.016385220182134731e-22
-1.261787206364579083e-23
9.302438241466085314e-23
-1.082420730019342572e-22
4.659294567331471594e-22
-1.077077632927384840e-22
8.793165104793852407e-23
-6.481711080726007873e-23
2.634372406836920146e-22
9.775092209541491199e-23
2.276186394386330555e-22
2.583597836468716038e-23
1.233080334210565621e-22
3.900464708201440990e-22
2.278072156453338074e-22
1.063670373521492444e-22
8.511532163439480281e-23
2.342810749167501288e-22
-6.858375143591961899e-23
1.922711192973907171e-23
6.401386863195899544e-23
3.061459971479538842e-22
3.305335691528204629e-22
1.908759811669777070e-22
1.813407793599689186e-22
2.462601104926620154e-22
4.184914897267560743e-23
2.831332235677325816e-23
1.729521418410845311e-22
8.642199209841156267e-23
3.247630048698809662e-22
1.460568245775852528e-22
1.293375963409058486e-22
2.472450550241790400e-22
2.320223819808433801e-22
1.018751840934552586e-22
2.036378734387175671e-22
2.384079736730094296e-22
1.041930064436110590e-22
3.492712839838101290e-22
2.778773133260051155e-22
2.892248507222160739e-22
1.367736292938961874e-23
1.453431570083090827e-22
6.727390297447962133e-23
1.444932326248483425e-22
1.048989671229558407e-23
2.771034550212509628e-22
-2.062453574644592820e-22
1.302532726209666923e-22
1.739260193741053480e-22
-3.126530296597673218e-24
4.092605819719870776e-23
1.288727279357105327e-22
8.234884048845601765e-23
2.074244996424720992e-22
2.719731625802286609e-23
2.360748508800851748e-22
-1.580086342887605616e-23
2.527172656281868385e-22
2.722024705980318562e-22
-2.130610653476912461e-22
1.950530448170519086e-22
-9.325215296902574590e-23
1.403562513967068911e-22
4.205155168755489552e-23
-1.747001834520193312e-22
1.206681478913983197e-23
-3.085123131075758196e-22
9.647105589533816165e-23
-2.141609037239837529e-22
1.905287529064564664e-23
1.126993158741310069e-22
-2.691029650280304236e-22
1.059991133851611323e-23
-1.190985482008372953e-22
-8.226628912396857526e-23
-1.043174300756671424e-22
7.301306508882515535e-23
-3.268522562827520522e-22
-1.143099833412818682e-22
-2.614596628727724193e-22
1.427641851249113823e-22
-2.468067550972773188e-22
-1.010259094114346267e-22
1.192803233146883031e-22
-1.548727530208288631e-22
-1.922792028978988771e-22
-2.713069568091946206e-22
-6.091823508308581052e-23
2.111808880579859300e-23
-2.405503327071493391e-22
-1.504748518473810340e-22
4.754026288003863048e-23
-2.063986159740065982e-22
-3.253680531440372466e-22
-3.941299396474550755e-23
-3.486093531146228306e-22
-1.139717087548863160e-22
-1.433899163883273773e-22
-1.765780890265084321e-22
-1.894449820051079266e-23
-2.338025807176154481e-22
-2.239323397821672343e-22
-1.045039676124933157e-22
-1.957683952114110636e-22
-9.127746015980397906e-23
-1.824004905021743635e-22
-2.873490976384714439e-22
9.323184135747313828e-23
-2.969296809604790977e-22
-1.829464211272351034e-22
-2.678314632674419096e-22
-1.284109985945796682e-22
-7.859950818145970487e-23
-5.139013433883078339e-23
-3.703242462036280473e-22
-1.463644818473077591e-22
-1.988685665315223766e-22
-1.110975166364078935e-22
-2.048382903405482835e-22
-4.122857791282947882e-23
-3.014655113704797009e-22
-3.035409847496161817e-23
-3.157983935628343923e-22
4.556618570274902506e-23
-2.895377799426701818e-22
-3.101458301029367351e-23
-1.482591625300054328e-23
-1.210323778860113482e-22
-1.012359277315651798e-22
-5.856631887769791833e-23
1.417326139514822590e-22
-3.087457161646008379e-22
-2.408459946190306546e-22
5.629200124671059466e-23
-1.276306775013910652e-22
3.832965074257991476e-23
-4.390127778600044380e-23
1.803678181721265823e-23
-3.651832824118769323e-25
-7.393374286067254056e-23
4.056960527545945785e-23
1.315728195141863383e-22
6.934648880267462098e-23
-9.442893729679088801e-23
3.010589301065987871e-22
-8.751864684108165586e-23
3.951398268644910709e-22
2.126290767715808604e-22
-7.231920741898915867e-23
3.075631255069413493e-22
-4.437005413469780130e-23
8.381557729352644454e-23
-9.860326931236151293e-23
-1.293811334361602087e-22
2.008501767847940813e-22
8.123282801318187669e-23
1.702401218716720564e-22
1.319479010836835392e-22
1.775724971537998337e-22
1.478292765188389610e-22
-5.246646819196018932e-23
2.069673971538527838e-22
-1.056258767993689903e-23
-1.062493988949066900e-22
2.600685565148220204e-22
1.921791663073503782e-22
1.757243791505698073e-22
1.947190936241468155e-22
1.753798975269981362e-22
2.742977992400205606e-22
-1.119350115232108104e-22
5.072002626751170803e-22
-4.774219206865959958e-23
3.833863993830615790e-22
9.459478611108486012e-23
2.006751094084229245e-22
1.630818333664974780e-22
2.796361130151813149e-22
4.271181514525735544e-23
4.813289273620110106e-22
1.892921207247419844e-22
1.808544367482230828e-22
8.117398507313718077e-23
-4.681506590756208959e-24
1.417210350598356887e-22
1.794588907933993525e-22
2.183766615495185926e-23
3.741060938380867752e-22
1.257366697499395445e-22
5.882712136714097385e-23
1.600949623968099932e-22
8.932727259616458300e-23
1.764060223192054944e-22
1.254753544680993309e-22
2.118840973984264612e-22
6.506703904512561500e-23
1.294209950256928791e-22
8.701049523552509980e-23
3.261744493799069323e-22
-8.786501382758355798e-24
9.255044258947444138e-23
1.723195088395079994e-23
1.259832505147452127e-22
-1.078710224440197831e-22
2.578765037668714248e-22
1.373414481238972042e-22
3.185634971886217530e-22
-1.115126624582322199e-22
2.331173322119554390e-22
-1.139087990439120129e-22
-1.015443821207816944e-23
1.260754064376189183e-22
3.497351710184665549e-25
-1.277342686020956459e-23
2.751502328402890773e-23
1.028596131615964898e-22
-7.546653744634362558e-23
2.202452794372256151e-23
-2.198856696470113566e-23
-4.029395430775320174e-23
-4.004631145141048733e-22
2.109140353084795008e-22
-1.116147870841858243e-22
8.738951237240501835e-23
-1.899549278611660312e-22
-1.264926953717344127e-22
1.478322456978266067e-23
-9.860087242596795642e-23
-1.642687144632815869e-22
-1.454428472485078458e-22
-1.537258585165148877e-22
-2.433321251924208571e-22
-1.608841615894753107e-22
-5.241553930624930993e-26
-4.226380224099069684e-22
8.954841416978257712e-23
-1.577920205754053415e-22
-1.355035390512019743e-22
-3.183778805484319569e-23
-2.854145178548865517e-22
-1.764639676617717204e-22
-1.320763166321850951e-22
-7.437849247792123740e-23
-2.832232787363687393e-22
-1.838804215320862296e-22
-1.928533918832091981e-22
-1.139698067848154237e-22
-2.403432579153692888e-22
-5.773733145516327662e-23
-1.939813301427551138e-22
-2.218282872387673653e-22
-2.663176095713611614e-22
-1.587928852914841088e-22
-3.251342716411922899e-22
-1.323684776293848903e-22
-1.284105520413333188e-22
-3.216958342290818465e-22
7.871520731512908878e-23
-1.889337014538776520e-22
-6.560599960742978826e-23
-2.975306259853549345e-22
8.259628837142202397e-23
-1.191320061279830214e-22
1.360078337025117388e-23
-1.658220045901400188e-22
-1.330334643640109101e-22
1.047572528667126304e-22
-2.856570079312138850e-22
5.416676876899854164e-23
-2.808951230161733536e-22
-3.536707399199153923e-22
1.086198586656685062e-22
-2.996209526694021524e-22
-1.630783248182852535e-22
-1.616263483343267430e-22
-9.016442109276889352e-23
-1.950170471150623547e-22
-3.240654843950836252e-22
5.534561424262394796e-24
-2.829483921852997768e-22
1.305151409019739174e-22
1.304917508493331197e-22
-1.806501108167499121e-22
1.148063207436766070e-22
3.006253824282633624e-23
3.570913334563394215e-23
-1.147361417335027755e-22
-1.658420903454523181e-22
-2.736172980880102553e-23
1.171690494990596709e-22
-6.013803769508451099e-23
-1.349438892940012000e-22
1.800355209818182701e-22
-8.534598804143962285e-23
1.222041635671545477e-22
4.577551624683265663e-23
-1.985903242023984163e-22
2.212116643293619680e-22
1.101641189591169869e-22
1.116849455303453423e-23
9.120749623459144680e-23
-2.998876047338274652e-23
1.147290167996670493e-22
1.002864611788443264e-22
2.684218135023176238e-22
8.269594316360583072e-23
2.602327117252264266e-22
-1.053310881541577077e-22
2.884973633296155508e-22
1.249035177967077678e-22
1.932208200146816039e-22
2.016157785226211890e-22
-3.797814269083817181e-23
-1.280367273222060913e-22
2.053830017191914493e-22
-4.791882820693881028e-23
4.522533519280566334e-23
1.925459438069050994e-22
1.015424915557486098e-22
3.421443649098834299e-22
2.616812718610406852e-22
3.582800270099493502e-22
2.183408129494026006e-22
4.754726796030307401e-22
2.877122223807093078e-22
1.731556609198833762e-23
4.129616399066110581e-22
6.876436251134677266e-23
7.042936117573976295e-23
3.242141727197124107e-22
2.119657141945139433e-22
4.224290576070552441e-22
4.451585515791093551e-23
2.315077034648783983e-22
1.658163949598520895e-22
5.646153779596996847e-23
2.044053610305411386e-22
1.061343487944172926e-22
1.445260105472841984e-22
2.099871834978840070e-22
1.526940143576547750e-22
7.894168556182150619e-23
1.121602385111299781e-22
2.574771559820291352e-22
2.300541854369790645e-22
-8.782078655221287539e-23
1.760236227423601825e-22
-3.832828593502284289e-23
5.945898056463474161e-23
-3.648832841820317804e-23
3.979076052306829836e-22
-5.899799096864597694e-23
1.663554792252104906e-22
-3.320650960841401950e-23
-3.036653213173698856e-22
1.098652653326803639e-22
4.379089817113986308e-23
7.077896848163362518e-23
5.895649483497376480e-23
-3.113783109170283622e-22
-4.997430942450200392e-23
1.174420717288004014e-22
-7.868295755816727208e-23
9.117864034850758930e-23
-2.896720229089574989e-22
1.813468783129686260e-22
-1.449207085408863101e-22
1.551837729975549028e-23
-1.451720758208329243e-22
4.287371747494662390e-22
-2.428334773607464528e-22
1.428508503718052711e-22
-4.182435235668507490e-23
2.431154227028284157e-22
-1.299041935254537628e-22
1.656797239918720489e-22
-6.824449257219092532e-23
-1.027351481055023773e-22
-2.026469693906836518e-22
1.140484115511545700e-22
-2.353240939034034533e-22
-7.112720928855911730e-23
-1.539550140513972855e-22
-2.956673622597005973e-22
-7.201731599090357703e-23
-2.218538239395182067e-22
3.901247614170720256e-23
-1.914193517251711960e-22
-3.214762805280153723e-22
-9.446460252973165849e-23
-2.112761123605285550e-22
-3.036038221915530307e-22
-2.881822378576035312e-22
-3.910742424926568426e-23
-9.598636357917342626e-23
-2.683285391320616111e-22
-1.950413350265276709e-22
-2.068004711585449475e-22
-1.693088374259920698e-22
9.113070222558057304e-23
-1.008263672008918391e-22
-2.813162992040740885e-22
-1.267411612910747119e-22
-1.794874480665818380e-22
-3.473411367000086136e-22
-2.531579976565559163e-23
-1.224351514953627415e-22
-6.116489590517897935e-23
-1.809626447368485854e-22
-2.412889799847635993e-22
-5.446711703246027427e-22
1.209644682607673195e-22
-3.888675507094707439e-22
-3.535247143410027094e-23
1.414091520111932242e-22
-2.681650305530379109e-22
-4.969889102709619593e-23
-4.056112172388024504e-22
-2.632745791164156935e-22
-7.226136875775337147e-23
-2.728497617907886288e-22
-1.286153712465154002e-22
-2.665596002618717048e-22
8.391381115781725724e-23
-2.517855527996748673e-22
-7.769857396481491104e-23
-1.316185752731898177e-22
-1.313236312316405865e-22
3.633735815786448720e-23
-1.728428286660516959e-22
-1.287968935354470727e-22
1.057325774646704865e-22
-1.098245444641955286e-22
-1.567131563150107714e-22
-4.895482290394556213e-23
8.660178619534241774e-23
-6.449715211394753213e-23
1.674258692261916307e-22
-1.459639514198217102e-22
-3.558356441582293707e-24
1.997959500707085619e-22
-9.580291844711467502e-23
9.505538444360045477e-23
5.756120014556029266e-23
3.694386603813096085e-22
2.350359813715906409e-22
1.546717515878456386e-22
1.594001429955890140e-23
1.542459422085305325e-22
2.755016185944149533e-22
3.053409360473932626e-23
1.779725964520602119e-22
1.177947141874507741e-22
1.542878428617862351e-22
-7.264262671711613457e-24
8.495951562923379409e-23
1.807458297066475355e-22
2.794038212151698575e-23
7.718297971245975543e-23
3.240522479233967849e-22
1.018427771953784912e-22
4.229927291657102383e-23
5.107943297390253094e-23
4.528407540986231291e-22
1.249828998777091853e-22
-8.454947539211204393e-23
-4.085635648829775044e-24
1.240230642726397105e-22
9.699938166709099022e-23
2.198245731334725920e-22
1.661903887440050030e-22
8.197633407736829023e-23
2.446232505484943746e-22
2.268399787268406219e-22
1.165237489544338882e-22
3.593035371241696392e-22
2.174491106324943273e-22
2.136158546952997235e-22
1.921864369778096289e-22
-2.521529293376177263e-22
2.178834942337859894e-22
3.063346688789292265e-22
1.772587640959707508e-22
2.255907395282849390e-22
3.808032346954481625e-22
-3.034233608987569701e-22
1.547212225983735725e-22
2.432455316145792929e-22
-3.913442052552745825e-24
1.565273119952685700e-22
1.858572980372558522e-22
3.877098921103175581e-22
3.635758651947950114e-22
-1.014632662678302392e-22
2.375070959762546496e-22
-2.628175173744098611e-22
1.744218712092337983e-22
6.669916354857133798e-23
1.304593938347494807e-22
-1.040459262955046002e-22
2.634364263712928288e-22
2.501527977171086992e-22
-5.314791571773527683e-23
2.267756350951897962e-22
6.701615531145036443e-23
-3.554594535574786647e-23
8.710074422741605848e-23
2.119776145688800029e-22
1.247057208335335986e-22
-1.299717165769533618e-22
-1.091186416214716688e-23
-1.893945484765840483e-22
2.746238692808421221e-22
-2.832181731709644066e-24
8.734210755572562838e-24
-2.912649458843194016e-23
1.377844595080986112e-25
-1.216989023217479330e-22
-8.273120293524776153e-23
-6.011175484142725415e-23
6.075979295446668440e-23
-2.399480030372925254e-22
-1.166425404679145731e-22
-4.454858439824190929e-23
7.929594677366271933e-23
-1.479822364521691451e-22
-2.218697114322624666e-22
6.054734106119034319e-23
-1.029408966932401803e-22
-1.411490732049800001e-22
-4.201877935237040496e-22
-1.214788557301583393e-22
-1.806888511233763288e-22
-2.360708610388141476e-22
-8.142755081368646787e-23
-1.408351007935285682e-22
-1.916772749290963404e-22
-8.092349344401039662e-23
-3.735525498469163951e-23
-3.194050504399371539e-22
-6.530952946663485431e-23
3.110840330216084974e-23
-3.026412538342886587e-22
-2.894584839936649215e-22
-1.110397404187394656e-22
-1.589252189463906956e-22
-2.382673773421176448e-22
-1.291730361172447902e-22
-2.884960600264723026e-22
-1.894083820564882979e-22
-1.470039074882513286e-22
-2.749169951196530617e-22
-3.232090858801010719e-22
1.035675631844236545e-22
-3.222148877554658485e-22
-1.587974592685505421e-22
-4.643769677847887916e-22
-7.898732951882942450e-23
-1.031814008418128703e-22
-1.847811218691189350e-22
4.202611489472591220e-24
-3.197527716152262966e-22
-1.782281700712230469e-22
-1.518783639319103503e-22
-5.528934992898071900e-23
-1.318493565975803522e-22
-1.253136855423693127e-22
-1.632392838449624532e-22
-2.232490180976681240e-22
6.002029587164826797e-23
5.460099645224425830e-24
-7.225514124220198130e-23
-1.504847891325976308e-22
-3.364798374337104954e-24
3.721779952507766709e-23
-1.541648156698521002e-22
1.340248343084959478e-24
2.237646678485177296e-22
-1.139805422531707639e-22
-2.425183149372074240e-22
-1.146137963593601277e-22
2.299656001985648986e-23
-1.193642594727503637e-22
9.152717283369516740e-24
-2.495651775841433665e-22
1.533313063078731572e-23
4.965781324219395422e-23
-1.299472834218437416e-22
-2.264624522020294676e-23
1.854855692764189045e-22
6.242061008200574009e-23
5.151269839252700122e-23
2.424689745820648817e-22
1.331902657241580169e-22
1.081929587248335955e-22
1.289539154258554887e-22
1.157696020448184158e-22
2.585395640036246697e-22
1.751270399769542125e-22
9.707437314492154423e-23
1.400075881296197491e-22
1.554011598939644571e-22
1.772599657199310279e-22
-1.147563153144688764e-22
1.349981867853167134e-22
2.953722601862393438e-22
1.611880805956015033e-22
1.970829627658352390e-23
2.224881137369405807e-22
7.432918111770062793e-23
-1.174987272115237811e-22
7.608857202863923718e-23
3.451993350642710377e-22
1.877611835328633637e-22
2.005166393847153697e-22
5.106836447028393735e-23
3.130463268032872112e-22
1.006966436535892069e-22
1.168181039118303382e-22
-1.688544312372141539e-23
2.453097874252301082e-22
1.727126832311983128e-22
1.317053931780714067e-22
1.271086629683044793e-22
-7.752943349881789243e-23
1.746445166984680809e-23
2.700639342157136623e-22
1.421925161351446659e-22
2.509172288407472070e-22
1.722780023673890677e-22
7.180045506766001278e-23
1.226463611720231444e-22
1.414227425206290849e-22
1.362400274643704530e-22
1.642913918386085338e-22
3.497477568763074081e-22
3.236606158216120367e-22
5.959563251087641070e-23
2.148530109093198390e-22
2.454376488549097392e-22
2.104192814847141336e-22
1.581881712463130241e-22
5.052656118401888148e-23
2.791864487712878217e-22
1.500181571947186614e-22
1.972048185814824662e-22
1.679001300652425116e-22
1.888646992040929271e-22
-1.762660926655454120e-22
3.171669710774193482e-22
1.580837488408324140e-22
-1.022789575305755045e-22
1.366618620103691732e-22
-9.758610098344670057e-23
1.422081649610502328e-22
3.413032889685434169e-23
2.637508462274507958e-23
9.743691174940463476e-23
-1.033074738303795730e-23
-7.433209240135414198e-23
5.692727985070023395e-23
-1.369924482125408322e-22
-1.168942237747418424e-22
-1.338143877531833059e-22
-1.573479318291551477e-22
-1.502075733976208105e-22
-3.170730966381184430e-23
-9.649761554719832355e-23
-1.376831854862382928e-22
-6.508489893866146792e-24
-2.054602444858274382e-22
-9.433328485053777249e-23
-9.314583870466896432e-23
-2.940854454972598894e-22
-2.278865881766708406e-22
-1.652767354700146912e-22
-3.004385503447011271e-22
3.489212018427258864e-23
2.699663635257951392e-23
-2.077910566402569552e-22
-1.346597041280231224e-22
-1.763684527303897380e-22
-1.051532907963197539e-22
-2.731709318561557602e-22
5.042749863697576644e-23
-1.354656189782109044e-22
-1.228022067621749532e-22
-2.655183127628610559e-22
-3.922777875251017889e-22
-9.412576930358869858e-23
-2.988935212950342886e-22
-8.824722453024708496e-23
-1.192923076442400118e-22
-1.492054406382088302e-23
-2.596844916279207113e-22
-2.038016917493362179e-22
-1.656721487146390005e-22
-3.635029195389377415e-22
-2.595258469662411871e-22
7.579046743180102191e-23
-1.270026139092382586e-22
-6.567490925529834238e-23
-2.028460642374074279e-22
4.037738457036387685e-24
-1.481549000519824233e-22
-1.470052599704497463e-22
-3.509841933558824387e-22
-2.148270450665969309e-22
2.102092090841515249e-23
-2.648896644049280634e-22
1.082153935587612604e-23
-6.398850241859809716e-23
-3.163216022127171106e-22
1.424406468269664305e-23
-1.376036270850237097e-22
2.175609301630158151e-22
-3.403623314309192898e-22
2.530110715988562642e-23
-4.031598961689555923e-25
-2.492994107660789678e-22
-5.744922761176756540e-25
-1.114608155679734511e-22
-4.860392061181882705e-23
-2.714518310845380209e-22
-1.532034009967634211e-22
-2.542340521490308512e-22
-2.272157712018797495e-22
1.888208293721704860e-22
-2.993760166323909692e-22
8.058970366304490235e-23
1.363482076572403612e-22
3.780063079685739918e-23
2.448620087782599404e-22
4.637246091052592805e-23
7.760479824919786864e-23
4.511266151405308738e-23
-8.490536986158611328e-23
1.760148655116373213e-22
6.291995499367897697e-23
-6.869051411101884568e-23
1.056746824011813541e-22
1.150245427754743492e-22
1.402889896337474315e-22
3.441906905830099767e-23
2.307645384393341045e-22
5.697322143272705761e-23
3.059772095028940137e-23
-8.045191081769644469e-23
1.513879842745442953e-22
7.797618636242305528e-24
1.430022083446465926e-22
6.677115023923866656e-23
-7.700287633741122331e-23
2.594075923561949210e-22
1.511396366101726214e-22
1.094385467081176488e-22
1.508579335464907120e-22
3.187658658155961139e-22
2.466545998408592346e-22
2.012727169306050650e-22
2.529922612482029811e-22
3.321051622628974848e-22
7.628253335481678455e-23
3.944800741804303506e-22
1.469941517793323434e-22
2.666747012034537530e-22
1.869866303417088265e-22
4.304029778761412717e-22
2.373607659109121304e-22
1.372195125105395588e-22
1.221230812502591486e-22
5.025079668226579956e-23
5.052073581717735906e-23
2.106224285969301396e-22
1.255749884208552468e-22
2.895154661624743712e-22
1.054297438714246206e-22
-8.005348078038147418e-23
1.599043729193127583e-22
-3.434959230867873782e-23
3.730917299091934594e-22
-5.010582052735426976e-23
2.644677715202513458e-22
-1.004934361671041670e-22
3.777087123858039202e-22
-6.437675173411525291e-23
4.279081748868868007e-23
3.186647195696081495e-22
1.233715243654803608e-22
6.231991792061547658e-23
5.315063344004096089e-24
5.288311052385825203e-23
1.368105370342227673e-22
2.098337108234204789e-22
9.947601262347257155e-24
2.335743071394734233e-22
1.488804508583785571e-23
2.267334126591143760e-22
1.504045078073945204e-22
-2.296905183146934126e-22
9.815815499805479653e-23
2.111243950527771516e-23
-3.039789677856334068e-23
-1.374197971232391607e-22
3.161223868864647507e-22
3.180512198258901794e-23
-1.173077639179291710e-23
3.720765488396795584e-23
-1.342731938194757092e-22
8.560905429557430866e-23
-3.174575014456610438e-22
-6.483011935304128424e-23
-1.905585113582407657e-22
9.946400244783951695e-23
1.304881527271889285e-23
8.503063465840540785e-23
9.944131899442495495e-23
-1.707016564511588908e-22
-1.024547149771402031e-22
-2.353143906400574829e-22
-2.656064533772584411e-22
-3.265126447980189094e-23
-3.332742173986695106e-22
-3.205693174315770726e-22
-2.201099752227755981e-22
-1.050151838422887831e-23
-1.703688051814332992e-22
-2.127109453267764949e-22
-3.354289715067521494e-22
-8.279080264852661046e-23
-2.768928129716059347e-22
-6.002384879621627915e-22
-3.235902892515351331e-22
-1.846571513493520695e-22
-1.230552314517134403e-22
3.904534884960296892e-24
-2.418676479865944623e-22
-8.283317486409755132e-23
-2.061877985692842796e-22
-6.232615468564049796e-23
-2.080925871819096394e-22
-7.805336628447927503e-23
-2.604777934405254404e-22
-8.873639361791542853e-24
-6.545135125680814486e-23
-5.301145804630235961e-22
-1.410702325917685572e-22
-2.387508013417286392e-22
2.113003090617202833e-23
-9.351413265430131152e-23
-2.566628918036792268e-22
9.395584513638784428e-23
-5.987261848225012850e-24
-2.381975483386378354e-22
-9.386810022931445118e-23
3.150828704227036715e-23
-2.391680625270660425e-23
2.297010659537363545e-24
-4.819012587114596331e-23
-1.025533804364895811e-22
-2.323610712900044901e-22
8.921598406339958480e-23
-1.176371860875188537e-22
5.523166600911891617e-23
-2.782753065627459248e-22
-5.441941344894679907e-23
1.695125275364235400e-22
-7.405432832001125990e-23
-4.848172191219352670e-23
-1.996401816287760909e-22
-1.719060783683082077e-22
-5.654692566670100432e-23
-9.508515288351994533e-23
-9.159137688333165964e-24
-1.405706709745486790e-22
-2.590668138904200239e-22
-2.743305469908143273e-22
3.422985331960325996e-23
-3.336629917605231329e-24
-1.711404626300873590e-22
2.200187377035815067e-22
-2.584728460971696378e-22
2.343717680451648207e-22
-3.333319955691873148e-22
2.433258960291239517e-22
3.562166135705263647e-24
3.704542218590527437e-22
2.579986406500031221e-22
1.473250470776360404e-22
1.764406926464881687e-22
2.468487286563391273e-22
5.454522747410256934e-23
2.936316609885381052e-22
7.808903664988435685e-24
1.099201798682014056e-22
-1.296176834559399818e-22
2.390618968414719911e-22
1.199752476047274804e-22
1.137775968333458537e-22
1.698384707679528116e-22
1.332324405896452268e-22
6.104466380130695669e-23
1.654545950762265343e-22
1.985196247095982924e-22
1.131892450141121172e-22
5.148655138722496856e-22
1.866223052023181859e-22
1.557112332228555626e-22
2.395092330593379703e-22
1.529163703606766412e-22
1.939776249286150789e-22
7.348077708969191208e-23
1.458029041881833437e-23
2.392581440572591894e-22
4.661939137808077818e-22
2.395563798297892511e-22
2.979710417306581402e-23
3.167304626329522066e-22
3.165378698790361781e-22
1.678710035599203043e-22
3.078863954989992752e-22
1.194642384776621301e-23
2.683534122955238557e-22
-3.322644984596785228e-23
2.970016780453762420e-22
2.757144339857243523e-22
1.849998993892837483e-22
1.648447011942773143e-22
-1.339660613264063097e-22
4.349861463942005820e-22
3.837397879376299779e-23
1.370010566103110069e-22
-9.074118386702810676e-23
1.547561165755676325e-22
2.411503236306920456e-22
1.450469267632783126e-22
1.280526560633893550e-22
8.015242297833956738e-23
-1.666353949494802073e-22
6.441458978750502357e-23
-1.424184067348938185e-22
1.919058253322098274e-22
-2.333614569930903395e-22
1.143752559346881100e-22
-5.104107547989780456e-23
1.287921542796076049e-23
1.727015438497465530e-23
-8.989083466320659368e-23
-9.588662084675937257e-23
-1.974743663138985301e-23
-1.301340056263771859e-22
1.958454768652878341e-23
1.299343347470264898e-22
2.832869327708100143e-23
-8.942337757757433735e-23
-1.492189226241466849e-22
-8.899122975121957866e-23
-2.488037198108036094e-23
-2.740668933769139019e-22
-2.953067746476627963e-23
-5.667948987687864402e-23
-2.078322210538647121e-22
-4.156974227358229613e-22
-4.939578120217320094e-23
1.738064573353650311e-23
-1.549991615690063419e-22
-4.374209704957929073e-23
-1.851701019941116396e-22
-1.086474766762312208e-22
-5.735092396564916386e-23
-2.573479136151300648e-22
-2.600812896425842318e-22
-2.589297579028691561e-22
1.425102440538546003e-22
-1.077442359685730082e-22
-1.539379411526875213e-22
-3.828791583472858779e-22
1.881766355717427049e-22
-1.779920029878019311e-22
-6.721822371420953484e-23
-2.071813405771434378e-23
-1.136014541623390128e-22
-2.542146196965242294e-22
-1.481055074878619761e-22
-2.149292261600779886e-22
-1.491153029753763438e-22
-3.144203577837133730e-22
-1.577511524810347652e-22
-1.652734077802028501e-22
-4.067489190498410825e-23
-1.368567139668519530e-22
-2.514112391507838749e-22
-1.540922930064373669e-22
-3.085877811945054448e-22
-8.676812489683319170e-23
-2.032641517034224937e-22
-1.786142734009314532e-22
2.238700730860433681e-22
-1.365463169232798290e-22
-1.308742564136005784e-22
-2.073443790562076736e-22
-1.653674838910334468e-22
-1.715834549183618074e-22
-2.459325855399835752e-22
8.428466513472515939e-23
-2.516192447826777346e-22
-1.794080879171383661e-22
-1.455979792749057255e-22
-2.733097581372465810e-22
-1.560593801011861845e-23
-9.153797887026219393e-23
-1.854425859221120552e-22
-8.851869341760116508e-23
-1.916907804345199222e-23
-1.375541427899248917e-22
-2.518968345817165389e-22
-1.144900512866066415e-22
-1.413423431683332532e-22
1.581095968978081655e-22
-9.783045204874958995e-23
1.238322107099198027e-22
-1.012958518790180206e-22
5.804103834931258038e-23
6.707379901446282584e-23
1.080986629843581827e-22
-4.913909000810192425e-23
1.833255337306231868e-24
8.872472027582352133e-23
1.001611064119178734e-22
3.551648338084536878e-22
1.346669096272328351e-22
6.945994246964706749e-24
6.749131138472745719e-23
2.567336766278690866e-22
1.984355788313877509e-22
3.544888434242135639e-22
5.105210476570597573e-23
3.913145012335134419e-22
1.321715541222223782e-22
8.023959963381182792e-23
2.102495773957619809e-22
3.408447746101405472e-22
1.678411958475742201e-22
6.079531334566689107e-23
2.750359073814834532e-23
4.728368746012848848e-22
2.721197694763519942e-22
1.486613960913138893e-23
1.225623373721834923e-22
-2.525930159271158237e-23
2.196842520225127696e-22
3.210970441995086090e-22
1.169812379077019774e-22
1.652296975284840480e-22
1.340139881619492080e-22
1.967605126275175947e-22
3.000048844795911248e-22
1.444484445588929737e-22
1.520775573381621545e-22
-7.451456539435919709e-25
4.801228877082192544e-23
2.041239156785468300e-22
9.208308010867280056e-23
3.183680654484606792e-22
-1.702772373925657453e-24
-5.009384257025587272e-23
3.124874873648844370e-22
7.040331398480913406e-23
8.240065110995548614e-23
2.624528483105210017e-22
5.386076651391595310e-23
5.235791778335161701e-22
1.924658288657385417e-22
3.097027689985245012e-22
-1.321415825203963406e-22
1.345255863966995609e-22
9.443918569701752172e-24
3.252862306882748503e-22
1.204487804727481799e-22
1.788754698057078740e-22
4.123868653094375567e-23
6.349919224518455200e-23
1.222923006550344150e-22
-3.316531026814804186e-24
-2.256706096819968845e-22
-1.749433546717000074e-22
8.774751470039277510e-23
-5.639876526533207359e-23
1.159779837783046031e-22
-5.543387335145623694e-23
-1.295136327586074738e-22
3.150595359354984474e-23
-3.188766800379452641e-22
2.876577980077543645e-22
-2.729679166930040748e-22
-2.615031005250444168e-23
-2.063400328023628684e-23
-6.998846424647418631e-23
-3.363970933396190202e-22
1.804199894344597691e-22
-2.014380554190577444e-22
-1.938806387584657809e-22
-4.537071731744936588e-23
1.336133688029573106e-22
-1.691331452769892315e-22
-3.667399559024879606e-23
-1.932890257626733841e-22
-2.131357802405960409e-22
-1.584626692539239276e-22
-1.883615763737644262e-22
-3.802180036655806488e-23
-2.646489807434135870e-23
-1.682942522151796428e-23
-5.795297132942610265e-25
-1.031921122981702163e-22
-8.676413302761573206e-23
-4.433237560484305005e-23
-1.000075690863754691e-23
3.172562230757059136e-22
-6.728637548993582801e-23
-2.673346239943266356e-22
-9.928202982426915418e-23
-7.900555075475568276e-23
-2.693310516495698373e-22
-8.582860865521927464e-24
-4.069879623883052796e-22
-1.493789428142413525e-22
-3.473916982985228895e-23
-5.138334096201478782e-22
-3.157984504184730992e-22
-2.642501211084675587e-22
-3.078770647665790623e-22
-2.684646173177070711e-22
-2.718543210960151936e-22
-4.118199654821795901e-22
-1.759788743766884642e-22
-3.768740810708028604e-22
-2.735844503631101844e-22
-4.035986832886156691e-22
-3.058107921814267124e-22
5.528913695263497483e-23
-1.644545237468583006e-22
-2.244286951352479733e-22
-1.213741541186305758e-22
-6.673781547689891976e-23
-1.633833247868874989e-22
-1.528799564518910387e-22
-9.416614889237241147e-23
-7.928947529713332383e-23
2.133303811151400264e-23
-2.499797704008847709e-22
7.990241998198744191e-23
-1.151979915568791439e-22
-1.091719261262309611e-22
-3.564213118989486651e-23
1.500281410403898929e-23
9.200650236519517172e-23
1.852424483318974109e-23
3.081147353639324614e-23
4.824981542408271347e-23
-8.079749225619946944e-23
-2.043929604942624356e-23
1.504670306354622091e-22
2.538811631886787095e-22
-4.407838547287237156e-23
2.727591690138592900e-22
1.475697925499796307e-23
2.888947416631224214e-22
2.129989062706345780e-22
-4.362165923987903671e-23
2.852442959924517403e-22
6.721424236660363092e-23
9.931724666391383755e-24
-4.125966529090099028e-23
3.146235590185812420e-24
1.038528504456664542e-22
9.428591429938367996e-23
-1.079159943869834558e-23
1.566102211501083061e-22
-9.071394977437763108e-23
1.096136851540567377e-22
1.203094852083259100e-22
2.250384707670822546e-22
2.603904662329898227e-22
1.045895987758111791e-22
2.454907989578962808e-22
6.445367441321720480e-23
2.782069648783332406e-22
1.682843264140017970e-22
2.310135634819764119e-22
3.947069675490105055e-22
3.565027599047006511e-22
3.139059755956475075e-23
7.831485506628730126e-23
2.548539912936219941e-22
-2.153198105779009439e-22
2.692884299910846836e-22
3.341601567592773194e-22
2.226245065570092369e-22
2.709453764665586383e-22
-4.449961521620575760e-23
2.338047180457314271e-22
3.867902045735341317e-22
-3.051693682402256687e-22
1.094656673304280026e-22
2.761606371466854299e-23
2.742766350084858208e-22
2.369349803763315059e-22
2.151603694839582135e-22
2.697821747858039123e-23
6.225845856784921623e-23
-3.728712962755915519e-23
1.270388894931956371e-22
1.009571365447718610e-22
2.588720047277450919e-22
-1.386621732546480038e-22
2.162799719137923679e-22
2.696324411004805403e-22
1.595736524940641728e-22
-1.789244207017866419e-23
2.804576237398050151e-22
-1.023445006878485522e-23
8.902199607948195504e-23
3.035493702244707132e-22
-3.460626679211348211e-23
1.480767657156962254e-22
7.517265405332778097e-23
-3.975085206794872049e-23
1.443520447501912389e-22
1.482128389357202243e-22
-7.326119607890023502e-23
-1.079353579073450116e-22
2.412984377354992163e-22
-1.921241046523265395e-23
-3.779191208484989361e-24
8.778958202711549625e-23
-1.087415105012170992e-22
-6.531171263201564704e-23
8.962026566037882271e-23
-1.883934213092390807e-22
-4.110514188514909348e-23
3.705846125679964748e-24
-1.109619934175616502e-22
-1.359776730920359084e-22
-2.801492122312468197e-22
2.230057734705388925e-23
-5.844326615449643449e-23
1.019665637141040376e-23
-2.307935532881974485e-22
3.447412636425271310e-24
-2.543110908041547554e-22
-2.555826464766457815e-23
-2.913146959798439497e-22
-1.624925504712708159e-22
-1.791448722106609211e-22
-4.447894458526616074e-22
-9.620177294293653478e-23
-2.422613582675609025e-22
-3.454996466922484436e-22
-6.279594950294942628e-23
-2.317407384586623933e-22
-8.740459030330065034e-23
-4.059164915910834414e-22
-1.595851916370803500e-22
-2.599532063584775403e-22
-3.922156439168926889e-22
-1.038726798242856518e-22
-1.715093785334739810e-22
-1.639348070418556179e-22
-2.590460953518873058e-22
-2.940564946111728390e-22
7.825192199953374954e-23
-4.176707192355102221e-23
-3.175804607985879656e-22
3.696891071701337638e-24
-1.110212004569776450e-22
-1.328214214078696404e-22
-2.092666844638039138e-22
-1.698042758865843523e-22
-9.248481528903925722e-23
-1.256030168441179308e-22
3.783949344151936175e-23
-8.972417566774614329e-23
-1.510815824552938944e-22
-2.371744068122043980e-22
-2.199699456234189704e-22
-2.150230844749570919e-22
-3.978564913390361409e-22
-3.607674367187319697e-23
-2.603500832454618420e-23
-8.561494612735997922e-23
-1.532528165252773240e-22
8.445478645618427000e-25
1.569651343274353816e-23
-1.115267330637350212e-22
-4.286107112899843600e-23
1.008841648863177947e-22
-1.148461833730066528e-22
3.775104139880996931e-22
3.449497507851780557e-23
-1.093562067678150532e-22
1.436329457739704314e-22
-1.709082620634857045e-23
-1.088704143921657576e-22
7.115292774042887681e-24
-1.089735715131302411e-22
-1.022107468741905122e-23
6.625857368179964683e-23
-3.717727053853595691e-23
1.006107086663380980e-22
-3.109751975717381117e-23
1.936461700648512409e-22
1.607404466048563565e-22
1.197703305199012982e-22
1.046600017231482011e-22
2.076317303357465232e-22
3.484743423964033874e-23
1.066568910692504784e-22
-7.412774657220582207e-24
1.273785625054222832e-22
1.497408253166517433e-23
1.237815906942705696e-23
2.638927589955078660e-22
3.060004360592364184e-22
3.471900727473195830e-22
-1.355492519242900768e-23
1.840059542417324300e-22
5.849562319610756984e-22
-2.073762716579696023e-22
2.753317484501902947e-22
-9.589863490017796140e-23
4.932533361817961219e-23
3.464614700974688359e-22
1.396593511222508303e-22
3.899218074672372113e-22
-5.457120702050206286e-23
4.210567540597679748e-22
-1.748403768238542106e-22
2.510425181239677906e-22
1.460625030183155095e-22
-3.874748811540903601e-23
1.773042074769980634e-22
8.665020437505810079e-23
2.928217814100483554e-22
4.007157520312121817e-22
3.134286222468005475e-23
2.846346121085705560e-22
1.274166353188124701e-22
1.133980839827777816e-22
2.791934324098358636e-22
2.617665741537836298e-22
1.242708048002208965e-22
1.080250709109228339e-22
1.861909464764490201e-22
4.228527322841657638e-22
6.371848302079314375e-24
2.657887279296060181e-22
2.203100228021588698e-22
2.480290929847433476e-23
2.113696006838628033e-22
8.402380468412354468e-23
7.756891322397403409e-23
2.514352763659895292e-22
-3.460083324637696975e-22
-5.699046971373175532e-23
2.099114996306638060e-23
2.622255497420474182e-23
1.024994624407943212e-22
1.173835628665559295e-22
-1.518275793827302892e-23
1.956859806368156429e-22
-1.662889844900120805e-22
1.613754140176024231e-22
1.063203049948860755e-23
-1.627192178610236345e-22
1.797947648984092155e-22
-1.183860831609988702e-22
1.007698523470032268e-22
-4.502525428053076223e-23
-2.818998362344176188e-22
-4.519594943260710658e-23
-3.194002631939494989e-22
-2.331371646158785020e-22
-2.564852453533001009e-22
1.982629433021041991e-23
-8.907601804670821176e-23
8.913706180953114467e-23
-2.741510985119584498e-22
-9.436807458450012773e-23
-2.962706553632531340e-22
-1.367819749658307070e-22
-1.705800210381667839e-22
-2.640503856298258946e-22
-1.518845780400506857e-22
-1.360139128172280433e-22
-1.572332808909607731e-22
-1.197878376719521600e-22
-2.931881914949763263e-22
-1.008808169734252272e-22
-1.606453493137697263e-22
-3.054245734858760286e-23
-1.997108854565200831e-22
-6.098136323937474044e-23
-3.775375529365160524e-22
-9.315621709698016078e-23
-1.106806215837607242e-22
-2.135228803454928095e-22
-2.566751852181678004e-22
-2.858700632556863766e-22
-1.353044298025394661e-22
-9.088840761990334092e-23
-6.686604010859596458e-23
-2.505687651796453843e-22
-2.857735090631618556e-22
-1.175098507730617184e-22
3.299830742653913915e-24
-1.716216819347018409e-22
-1.342324317981953567e-23
-7.238621883706576452e-24
-2.108300175701758920e-22
1.920742467116436541e-22
-9.226823291171002189e-23
-1.518339232700275629e-22
-1.932473642522936416e-22
-1.330026532310560604e-23
-2.020920417539465962e-22
-2.254333600956046125e-22
3.208948819545376045e-23
-9.910052896090033396e-23
-2.769368648509687076e-22
-1.643313436273477213e-22
3.420362578464988522e-23
-1.241646606230804103e-22
-8.576565710154774089e-23
-3.806658760933942048e-22
-2.289655821850955055e-22
-1.867323923864151734e-22
-1.071403900265526361e-23
-7.594332839376675734e-23
-2.052053470209706224e-22
-2.255703075215835886e-22
1.105278064355308843e-22
-4.343696637677365546e-23
-7.489966046900903990e-23
7.312011197095314787e-23
-9.197336290706602318e-23
1.657785381645169112e-22
6.400154197386284271e-23
-3.298442933516340465e-24
1.087367129041597022e-22
5.567715692868938336e-23
3.078691466629998603e-22
2.430252536528398545e-22
1.068621235858514987e-22
9.683093089729982447e-23
1.650231591075992972e-22
3.708494584565007684e-23
2.648673508297434046e-22
2.744827447093232061e-23
4.774431546223905437e-22
2.410267444827239043e-22
1.721634391262912134e-22
-3.780367910134477511e-23
3.942311846333151997e-22
3.079917954973453226e-22
1.297094016475307773e-22
8.878051001180949096e-23
1.726858651602841644e-22
1.552675635492489570e-22
3.249575717961125765e-22
1.455772716363505805e-22
3.075324883030049660e-22
1.020497444262052920e-22
2.316936499254135492e-22
3.254998639132521356e-22
-4.563709648250959466e-23
3.321759740860256297e-22
2.385184157682579199e-22
3.143251945381095367e-22
-2.609068913662546015e-23
2.820912678696616480e-22
-1.414100710444727378e-22
3.260802736570604126e-22
-2.348061016315527486e-23
2.039909986607586804e-22
1.233231362926717053e-22
-3.873539519795295142e-23
2.338155084270295245e-23
2.790456032281748826e-22
8.519016677896349970e-23
3.178492434272788798e-23
2.071865588493757706e-22
8.120782083357878809e-23
2.742208117857496822e-22
1.673587010306091942e-22
6.020101054299349103e-23
-8.117077367120001868e-23
9.822133463469759406e-23
2.043449679149023762e-22
-7.386012998941312573e-23
1.257739081456174966e-22
1.360523906998432013e-22
-1.963937621741940939e-22
2.052176458528921142e-22
4.698784531994394893e-23
-1.172682579343644940e-22
1.383524116747702365e-22
4.432238597088763032e-23
2.063752723232373252e-22
7.153223011567973496e-23
5.763583396790009279e-23
5.907212259865820429e-23
8.289102214098998428e-23
-1.239653513412068958e-22
-8.943834003369189150e-23
-8.476569057053418740e-23
-2.137903159624670146e-22
2.602412035544749030e-22
-5.718552720722070106e-23
-1.077281819789854101e-22
3.303013598585238859e-23
-1.363286103085049170e-22
-2.085242967273728741e-22
1.560538449202647070e-22
-1.026109303390838169e-22
1.307875174760883866e-23
-3.474045337394452538e-22
2.775217365384169169e-23
1.486653191105196131e-23
-1.733618297980192099e-22
-2.602593571100183886e-22
-2.185072368426498864e-22
-2.497519110550592175e-22
-1.490292552433712732e-22
-2.222476164739635247e-22
-2.323098958354058273e-22
1.121794167435463885e-22
-9.532265965883923671e-23
4.200235664297116769e-23
-3.336300631736261827e-22
-8.649387045614664570e-23
-1.782367676550414283e-22
-1.986510866742843015e-22
-2.772394663288388440e-22
-3.414030825457855249e-22
-4.499162661375387909e-22
-3.004614651164830563e-22
-2.623964224685980756e-22
-2.338105465308663645e-22
-3.120192844455621295e-22
-2.047382335359501697e-22
-3.716886812418553743e-22
-1.142840611452973979e-22
-9.465193426650997570e-23
-3.314773965179637542e-22
-6.322776298564413152e-23
-1.059601683515702056e-22
1.788028525687920475e-23
-1.460002021198532462e-22
-1.624704949698698169e-22
2.066898268465658325e-22
-3.396258625303778451e-22
-1.916386953771087695e-22
-2.121429552849621385e-22
1.872014095165384549e-23
-3.105492138542577436e-22
-1.862092804131483893e-23
-2.844660635930547764e-22
1.281236660917741586e-22
-7.886111237062212135e-23
-9.136032097728822768e-23
2.118032821932915405e-22
-1.033825657901189235e-22
-1.469223201941615517e-22
2.282003452719782860e-23
-4.019023392070126175e-23
-3.017472333378037773e-23
-1.619472509729955138e-22
-9.847167065606294430e-23
3.874373062207600688e-22
2.061238765538385373e-23
5.936974678255391178e-23
3.131100924583986011e-23
-9.395290744361734508e-23
1.719567628895349899e-23
-2.837817319914659103e-22
2.023679348878498893e-22
6.338786582713687915e-23
4.112401878559097749e-22
-1.651983565013429094e-22
2.887606864705950266e-22
-3.500641360472863070e-24
1.431572711970835263e-22
9.063749016930420976e-23
1.451708679412247061e-22
5.015170553036427803e-23
1.078234236073833280e-22
3.909528408555701516e-22
1.679661859037345674e-22
-1.642036105460908286e-23
1.469198376446400707e-22
3.491904012139198787e-22
5.560446106662009357e-23
6.349987127606693001e-23
4.287772481419035506e-22
9.731982668196730580e-23
1.518934477021575243e-22
4.238073063167996384e-22
-4.987788739141426748e-24
1.076645711117684285e-22
1.925524111697096120e-22
3.757255484774107004e-23
2.937126507375640933e-22
-7.319645993237955992e-23
5.725059045656606606e-23
1.016249087778681563e-22
2.724946382854318067e-22
1.842475389963694403e-22
2.715524013056997399e-22
1.784707831004757480e-22
1.948694642856004563e-22
4.144540240217453406e-22
1.224370694931552737e-22
-6.738268332573011190e-23
3.648152891613520289e-22
1.177632725486114926e-22
2.120951877433895816e-22
7.629610400819912956e-23
-2.219405796215134569e-24
6.439933979810321102e-23
1.977007912749498429e-22
1.678433461912662693e-22
-3.942897650325025354e-23
-1.697377202621525581e-22
3.620013871564064261e-22
9.960091060733020302e-23
1.380965932488131330e-22
-2.925534675349479001e-23
1.322469826357418328e-22
5.818819251024375268e-23
2.927388915956098618e-22
8.073897764738480155e-23
1.053526410815116779e-22
2.590071999109092456e-23
2.175550080811998854e-22
2.774857860733195517e-23
1.219614759243076198e-22
-1.354202538874590741e-22
2.615921875805619052e-22
-2.877614426517938904e-23
1.401561044456738864e-22
3.631200340516025264e-23
-5.244372973907156892e-23
-6.593377676869680909e-23
-2.665325829192947736e-23
-1.456769941134264856e-22
-7.132875007374986486e-23
-1.330287706258914409e-22
-2.633115366095188079e-24
-3.091637085700988492e-22
-1.766117729055993493e-22
-2.131764574887140899e-22
4.056884200883660535e-23
-2.558761568609106393e-22
-1.621477625586144910e-22
-3.263862398301396253e-22
-1.576189274009759154e-22
-3.399612718640534098e-22
-1.895812536733378759e-22
1.517967690222070361e-23
-2.193181793952212877e-22
-2.320033365125571619e-22
-1.592097628104033274e-22
-2.815824867835107544e-22
1.054958192435410371e-22
-2.498731287416675384e-22
-1.128701137893956539e-22
-9.907007990467723748e-23
-1.636833110521936098e-22
-2.620591386681711608e-22
-1.563579762124279271e-22
-8.247583220809304533e-23
-1.719924063555642538e-22
-2.877530287870308267e-22
-2.235395823792414341e-22
1.452413889674119005e-23
-3.471109383354425889e-23
-4.297827496520667983e-22
-1.788024377183341841e-22
-1.597566346682559576e-22
-2.978500546345618284e-22
-2.014676115492430994e-23
-3.366066160640623858e-22
-2.608035822859947955e-22
-2.562298344975465520e-22
-3.338162863371481735e-22
4.209545385459309228e-24
-8.663923774698724621e-23
-7.467889587513658107e-23
-7.224313297148689781e-23
2.251286175848637330e-23
-1.224948851852071719e-22
-9.051027179570726673e-23
9.947896008205792055e-23
-3.550671155689548372e-22
-1.838321918234254423e-22
1.749237654022405389e-22
-2.409708520009139522e-22
2.249542732664076905e-23
-4.862858541346605445e-23
9.894836758987458783e-25
4.434371774526975258e-23
-1.162438002452985801e-22
-8.144975195838883576e-23
-2.858327225952080386e-24
4.659049576473935008e-24
3.409066694107561121e-23
-1.112099823961563577e-23
-1.479755052126002251e-22
-1.050122286206664953e-22
-4.472795567930151638e-23
-2.289549259234231442e-23
1.780894087960403728e-22
1.856342701851507064e-22
1.037519809133636214e-22
-1.151893581103435772e-22
7.480588426505258250e-24
3.540953676820322219e-22
1.059006425469896755e-22
-5.536307557832774163e-23
3.698818227351431620e-22
1.480316974930754418e-22
1.152291829531988775e-22
1.632645932799035855e-22
2.618808581804827020e-22
4.163829988508661093e-23
4.475001026038857362e-22
1.156869745782973643e-22
7.468329628150474267e-23
2.209594244881769252e-22
-2.818237348982514205e-23
1.010504833332107816e-22
6.450125693825396625e-23
1.211040716576200200e-22
4.070099949640186310e-22
3.198089451684986857e-22
1.962155584284676600e-22
7.905769381660446352e-23
2.145374830956428108e-22
2.213548583804641491e-22
-2.843314804812209495e-23
2.474958993543028167e-22
1.407224476828583155e-23
2.708494198758971114e-22
3.436134637884473409e-22
2.197271815620236372e-22
2.337808650321281984e-23
1.989882897116450349e-22
1.165216711049317650e-22
2.713090977487405163e-22
8.236695054488111536e-23
1.416387904339511909e-22
1.106564877104810545e-22
2.111103645339561829e-22
1.179768398700983006e-22
-3.758746111633098647e-23
2.371775525052095742e-22
7.232993931838800257e-23
1.599358856216910730e-22
-6.265213934872791808e-23
2.078363540332451652e-22
1.231324482879411984e-22
1.028104193666571319e-22
2.350559097478405674e-23
2.777170902868583957e-22
2.981368796601713770e-22
-7.105782982400471315e-23
1.398841264219618114e-22
1.209376208863229229e-22
-4.225201062518383411e-23
-5.481685803856024378e-23
1.497863673842452270e-22
-3.288540066031600252e-23
1.023946719527248031e-22
-1.022754503300406578e-22
8.959206120899091436e-23
-6.737210592918311931e-23
2.155598255068046209e-23
6.984312472832420599e-23
-4.494104864233773935e-23
9.666929650732252934e-23
-1.219950606424113329e-22
-3.535672884607369770e-22
-1.319331598788308603e-23
-6.937331329947629271e-23
1.239357827473266442e-22
-1.418673507833865830e-22
-1.940679059102918572e-22
3.477269378406043179e-23
-1.045713445749016175e-22
-3.479929775904938251e-22
-9.872258207053317879e-23
5.637900512156875520e-23
-7.227342605306687582e-23
-3.777268232239248266e-22
-1.130302513153474136e-22
-2.435274964466757282e-22
-9.024460633404380087e-23
-3.606810649038739265e-22
-2.371194545922185278e-22
-4.499117983022028235e-22
-3.113558200961996175e-22
-1.089042160534828261e-22
-3.420216874863170096e-22
-2.324953216076011055e-22
-1.855320313138904652e-22
-2.879964854198703415e-22
-8.501638956328146850e-23
-7.416417724343909307e-23
-2.818206573801799086e-22
2.243437193106385062e-23
-3.195727157683116209e-22
-5.634176640107815702e-23
-1.716208075511388127e-22
-8.404119460196419163e-23
-1.676184089515206909e-22
-5.394834258709899846e-23
-7.886685090822955988e-24
-1.240135951409045459e-22
-2.895386481181683634e-22
-5.753735537919002346e-23
-1.249971567945129619e-22
-2.329007232460990641e-22
-1.767109180206106792e-22
-6.337990430972712912e-23
-3.135095974739217636e-22
-6.106701350646274281e-23
-2.538368954222777197e-22
1.432434946105048422e-22
-2.466754392489746707e-22
-2.339963821705527560e-22
-2.746542989522946597e-22
-2.244514065615579578e-24
1.735865593965322220e-22
-1.162917149902000819e-22
1.414922758467542361e-22
5.794772437611819048e-23
7.391743110502544988e-23
-7.437684771798342364e-25
2.694585470801026454e-23
-1.353458365306288404e-22
3.283001431809686858e-23
-1.593894096902103295e-22
-2.068448601997503340e-22
1.698782491225134431e-22
2.096782647534400564e-22
4.265140663336421938e-23
-1.714912211073379052e-22
5.777029022249823457e-23
-2.345275593591410900e-22
-8.519826912325805606e-23
1.694612176141388609e-22
6.710922143584837049e-23
1.248341934360524745e-22
1.082978579593138514e-22
3.367843960594088257e-22
-5.002473942782416570e-23
4.384885187146799647e-23
-7.315779249857113955e-23
3.215488381610687962e-22
3.245917673854506010e-22
2.716987436238869002e-22
8.366915916018495394e-23
2.765835607861368888e-22
3.705340765604640849e-22
-6.963563267058044214e-23
2.343062252927466741e-22
2.571151751026362433e-22
3.324140112820314856e-22
1.468239160997267085e-22
2.902919695539682700e-22
1.274646133182023745e-22
1.672297482634065986e-22
1.177766002853732089e-22
3.422826244781454404e-22
5.064934550032166398e-23
2.008563481497562861e-22
3.567310785261404133e-22
7.998725131090524885e-23
-1.850994102762326318e-22
1.630539812020047524e-22
1.155938375037725137e-22
-4.517844879937397867e-23
2.918279302294635695e-22
2.745068049084596669e-22
3.787381578217400042e-22
2.315414980211772496e-22
4.909051658617335194e-23
3.930595956263251207e-22
1.438310742593360229e-22
1.642152395867813778e-22
1.647692922593279405e-22
1.704246744057640243e-22
3.083006241258395415e-22
4.259420135374293728e-23
2.239255401431548913e-22
-1.830438886764445103e-22
2.986152459901606015e-22
-1.009801084353743153e-22
5.115952600292676562e-23
6.275534182753883850e-23
-2.409872868335239045e-22
3.111936811411844287e-22
-1.707248750849751875e-22
-1.586532240540889610e-22
1.329724487582500862e-22
-2.822475019285578238e-24
1.933151589245938609e-23
-3.817344498681377050e-22
4.922261706756992712e-23
2.137449101402536589e-22
-5.808821478140852216e-23
9.052343846070233236e-23
-5.821136762150426727e-23
8.371874074824530735e-23
-3.282796024710717549e-22
3.469117513069742109e-22
-1.549081890049752459e-22
8.353939376444765600e-23
-1.262916516350835541e-22
-3.471050592175616885e-23
1.160994768881729186e-22
-2.751296340827511277e-22
-1.417549450085969919e-22
2.085217086065807421e-23
-1.073878968369955300e-22
-4.917545735533761354e-23
-2.368258287531333821e-22
-2.141687409413892485e-22
-2.501353506293498810e-22
-2.315507185109195023e-22
-1.041440306115306500e-23
-3.324588377858430101e-22
-6.302469758179745303e-23
-2.300022180360234087e-22
-2.412333718955485491e-22
-1.934635336945046825e-22
-2.305863196172164299e-22
-3.622280022149472777e-23
-2.467506994463279299e-22
-8.390305372154661293e-23
-3.258447775226117338e-22
5.058424189928765803e-23
-5.705186565719342419e-22
2.355168417539297162e-22
-4.394845632226962993e-22
-2.837605395843201251e-22
-1.957382547216311540e-22
-1.230920185517426947e-22
-1.649286315712776473e-22
-2.731267100144947368e-22
-2.423086033366507366e-22
2.914548181274843012e-24
-4.601906883109088721e-23
-1.159006523398208396e-23
-4.298240117339392635e-22
-2.878074109384170357e-22
-8.238152980915885756e-23
-3.751146744319300639e-22
-1.663123786493436264e-22
-9.690441517783205017e-23
-2.057351687163286088e-22
-3.310653027387009199e-23
-2.875557366616993069e-22
-4.865632808263882818e-23
-2.218493658103579600e-22
-7.866500992346271224e-23
-1.340102836659974301e-22
3.266987912011821301e-23
-1.533117276851892498e-22
2.029629001124884932e-22
-1.709360252827292482e-22
-6.171630267463544980e-23
1.300873678278427021e-22
2.742366295770909849e-23
-9.668277209527499413e-23
1.234076523133770449e-22
1.071939942098093666e-22
2.259660485934480613e-22
-2.506972532402246457e-22
8.090612189216827186e-23
5.029934437520194472e-22
9.199017461670625017e-23
2.503475188261816091e-23
1.728437451398791171e-22
-2.170037352634627957e-23
3.453328708935868998e-22
1.497390443206634181e-22
2.060502786712408041e-22
1.167358860737817265e-22
-6.888993733581565306e-23
-4.318154146364719221e-23
3.911876202670825501e-22
-2.576848411444113397e-22
2.693003234544457056e-22
1.981323599736006562e-23
1.543177942335175361e-22
4.095569986898597000e-22
5.338839567179879349e-23
3.894218576961158215e-22
1.484233978353265830e-22
3.617817299733860952e-22
1.907347006401485931e-23
1.639839983038993815e-22
-1.708783656917500699e-23
-5.082416711236452856e-23
6.147189680553016318e-23
1.623962330615694104e-24
2.993659953048059513e-22
2.250349494364107820e-22
-6.904970510842830649e-23
8.106068868929032282e-23
9.470995536926713160e-23
3.216268471272724417e-22
1.436446793707517412e-22
1.872842961197021420e-22
1.029618896758224948e-22
4.252738738684407644e-22
1.653440806309802972e-22
3.218276057051733656e-22
2.425721876076874059e-22
1.938863890292754306e-22
7.719978315402882300e-23
1.429359721888685040e-22
2.929045902340759930e-22
8.347495832725116335e-23
1.859255055478884810e-22
2.032539773895129740e-22
1.390082606207528781e-22
3.056934524301699890e-22
2.153291426518437403e-22
-1.300160159847676915e-22
5.220657226135694483e-23
5.814949422771150632e-23
-1.319308541636289254e-24
6.552443848603951549e-23
-5.201334385748377872e-23
8.147973176298104447e-23
-6.257237479805031477e-23
6.358299543810377138e-23
-1.203866626661716460e-22
8.752603830145261413e-23
1.746844552310287810e-22
-8.523098914818631482e-23
-1.013884211366332960e-22
1.641068603477825360e-22
-5.050518154343618180e-23
-1.138350005061615022e-22
6.104554293079041155e-23
3.124595023979939823e-23
-1.337574905076657138e-22
4.635945001907265254e-23
-6.396938551574846048e-23
-1.307368407734950530e-22
7.965694418546773657e-23
-1.285123268543096211e-23
-5.254899733110682304e-23
-1.533951533960851064e-22
-6.725254905501966802e-23
-1.347427298349018222e-22
-2.978960491339984812e-22
-1.561251222527244618e-22
-3.245314305477986332e-22
-2.707943936295615013e-22
-2.289407752391381052e-22
1.977893297156074159e-24
-3.157169248337804150e-22
-3.243187973495907134e-22
-2.121403332271066655e-22
-2.954358423346977002e-22
-5.627598499244665782e-24
-3.944945178575111497e-22
-1.717122447127185345e-22
-2.045953538751954639e-22
3.385005206990949704e-23
-3.185051483709167993e-22
-3.177203672443450836e-22
-2.638848288362491261e-22
-8.978395682161355596e-23
-2.586468037888124533e-22
-2.971097791709890735e-22
-3.406607863198735925e-22
-2.786639173289534732e-22
-1.445660431346710290e-22
-1.779046477796380640e-22
-1.427139293021962508e-22
-3.002856714775064868e-22
1.587187141971190103e-22
-3.008302168152543125e-23
9.682763420747686741e-23
-3.539585128877271501e-22
-6.840781812609464778e-23
-1.958281781838800383e-22
-8.531847789786846627e-23
-1.940335915670795657e-23
-9.733919054480787119e-23
-2.375803709858642578e-22
1.629019372255730826e-22
-8.928815379212023241e-23
-2.485074853349321613e-23
-1.197641603604030018e-22
1.435594708852780266e-23
-3.667527147241195520e-23
-7.771425070553533581e-23
-2.168738527061883287e-23
5.297916035856424445e-23
-1.384450651621920791e-22
6.270082464399047612e-23
-3.848267754740720849e-23
5.701507897524522553e-24
-4.569259593975711014e-23
-8.058829386475423906e-23
-7.283982152630529989e-23
1.683745857541403592e-22
-2.712598457051689082e-23
1.086710188316188882e-22
5.863378142866700129e-23
-1.540280391289575267e-22
3.696538285255615836e-22
1.968179938904567130e-22
2.347882728181913746e-22
1.605401708713658283e-22
1.732509112626291425e-22
1.318387492247973404e-23
1.880213561133183763e-22
1.796166411731167476e-22
3.130352922098685507e-23
2.346624154886287456e-23
1.773044038686378087e-22
-6.155771833682724970e-23
2.453896396243800254e-22
1.577661130886429955e-22
2.696369029093365506e-22
4.003086592267317386e-22
1.962235376550702505e-24
8.202024277484514624e-23
1.439932355691445348e-22
-3.035724324182003323e-23
2.093661769225805686e-22
2.392602154297832549e-22
3.202651205381645783e-22
1.037529281698013166e-22
2.273276273260170178e-22
2.360847423682873068e-22
1.303755011776379217e-22
4.397790460619891219e-23
2.130129761503596371e-22
-5.504430172381893380e-23
2.760390482955220518e-22
9.416382673277520968e-23
1.119025428879576207e-22
1.889928360204273765e-22
3.023245228113147141e-22
1.840592627906321814e-22
2.055307773154908466e-22
3.661501642638945279e-22
8.863766944750791140e-23
2.161079087656357795e-22
6.584762079960579937e-23
2.246033263305973303e-22
2.808001928363758405e-23
2.790813169165639598e-22
2.190234800020403904e-22
5.207686146804453340e-23
9.084553693285766916e-23
1.202649671146739998e-22
2.939463894785855689e-23
8.156562361178918075e-23
1.973946824336477209e-23
1.576484195982003566e-22
7.430465934799267615e-23
-1.403867279198204191e-22
7.458467171759413190e-23
1.137792532402555980e-22
7.044713645835008210e-23
3.249513287826490032e-23
-1.739174307522949002e-22
7.146362754573153713e-23
7.738606404993897650e-23
-4.487055744855994615e-23
-1.106873942815105535e-22
-4.625035310847546791e-23
-2.102865571353726310e-22
-1.071375047986676070e-22
9.654212890198291424e-23
-1.109258458100645568e-22
-1.453910494992005735e-22
7.362807128634375712e-24
-2.160789981174012981e-22
-2.485225055273311507e-22
-1.733390481812285839e-22
-3.045557686953225849e-22
-2.253176458686439291e-22
-3.038675506261076274e-26
-3.715889939889504437e-22
2.831527792420148935e-23
-3.989861305249502762e-22
-9.887164675425271246e-23
-3.266072006838258391e-22
-3.726168897070871963e-22
-9.457003255306540196e-23
-2.141766923319244996e-23
-4.104718840544813592e-22
-1.226169545091729682e-22
2.699984789276698978e-23
-2.159326350840708649e-22
-1.053420543167248178e-22
-2.546513103834736752e-22
-4.208988935001496132e-22
-4.009730281181031743e-22
-2.506014601915386127e-22
-1.618581386368079929e-22
1.230620765095142672e-22
-1.262680628053938365e-22
-2.110698534068032827e-22
-2.756075124356236578e-22
-1.252350844740301874e-22
-1.257533059490036802e-22
-1.542123693318155709e-22
-5.420614763474492148e-23
-2.216405687622028676e-22
-2.343505046751257816e-22
3.097517922153346625e-24
-6.247421944448731245e-23
-4.866627511812082372e-23
-1.812249227551899357e-22
6.142987841655784820e-23
6.273933267799022934e-23
2.823246542134428640e-23
-1.574393462626135918e-22
4.990285344678554052e-23
-8.647267910048321392e-23
-2.187636604168754684e-24
-2.734437406816871304e-22
-1.684273175203051133e-22
-1.704140176660025469e-22
-3.433603587482975207e-23
8.511922522545913975e-23
-1.341055833731361210e-23
4.856333989677436995e-23
2.609978658671143613e-23
-3.811610829086858940e-23
-3.299089553139029650e-23
1.372508706086213240e-23
-1.560293831738819507e-23
5.257558176209554895e-23
-1.187450265238201668e-22
4.788421202941957724e-23
1.318802707541203181e-23
-1.099129096233276746e-22
-1.348618531817117674e-22
2.104187237644659372e-22
1.511787504112704385e-22
2.360948955268339755e-22
1.389732347038446382e-22
2.342495912307228679e-22
2.394397355585863590e-22
-7.607651275643890767e-25
2.481098587816660705e-22
1.390656683421102493e-22
3.602040249011655772e-22
2.901541634412386052e-22
3.237857957862359719e-26
2.638464177422383311e-22
6.685788764236611569e-23
2.003453982501164365e-22
2.609699468040114020e-23
3.045613428423818144e-22
2.314789433023874344e-22
1.593216049521306959e-22
2.670951383960446239e-22
3.554552609871845846e-22
8.598033586430411031e-23
1.112136427709866538e-22
1.824378554052104650e-22
1.146558510563021320e-22
2.904080824671912936e-22
3.018131122022655978e-22
-1.276389422690652052e-22
9.692595242147670475e-23
2.274467537169502816e-22
-4.794688512787586907e-23
2.274681844312631344e-22
1.829590795255481985e-22
1.892877940788423158e-22
1.841046562571245456e-22
2.219816833092403315e-22
2.711829369613763727e-22
1.396515814923607035e-22
1.992451475334935222e-22
4.140050160706704168e-22
1.277651619095794230e-22
8.278045782181826128e-23
3.072145239259621005e-22
-8.491894622628494403e-23
6.307024568117980246e-23
-5.998411240070877988e-23
1.046247833708164259e-22
-2.710961200166695555e-23
2.044291275331940104e-22
2.275436659764453086e-22
-1.705055322268187154e-22
8.875883846362389430e-23
-1.596931295062539464e-23
1.853341143073105044e-22
-7.895670993675935846e-23
-6.630542450466276656e-24
-1.185160475530860664e-22
-4.617168711142939278e-23
-2.369547500203153301e-22
-9.360588080426653658e-23
-9.677860917438031558e-23
1.947181483605228478e-22
-9.872254960233779161e-23
-7.460463791519756681e-23
3.199408949685383456e-23
-1.364810175428563389e-22
-4.873727833846847584e-23
-1.837455309746771216e-22
-1.795104541020380886e-22
-3.490096443237349138e-22
3.259422463752982382e-23
-9.950779337994824469e-23
-4.321332240131889663e-22
-2.665339153311614436e-22
-1.873238263278850812e-22
-4.755039973007918705e-22
-1.303055462924092940e-22
-2.122816989173837894e-22
-2.072230041671699113e-22
-2.005181578351128422e-22
-1.085110045482535119e-22
-1.942677451786139316e-22
-6.256649671814124699e-23
-1.784920212699844464e-24
-1.402598093874436110e-22
-8.073641403155522586e-24
-9.749946567071396199e-23
-2.734655943249006084e-22
-1.382057306077264868e-22
-3.658732217932284075e-22
-3.557679857650608960e-22
2.528242152020056653e-23
-1.401449326822504256e-22
-1.857255232830878752e-22
-2.495088006471016148e-22
2.518914286719672530e-23
-3.531318990876152644e-22
-1.975697322679261092e-22
-1.046593476220031843e-22
1.231080781544008298e-22
-2.110936845996023974e-22
1.112529251887736728e-22
-1.171553176267075850e-24
-2.854813623072103385e-22
-1.806862017224548363e-22
-2.749355076973005530e-22
-2.698207657045427697e-22
1.185103387308014625e-22
-3.164011283096737345e-22
-3.551909268468382919e-23
3.840052970533130470e-23
-2.242162915450917988e-22
-3.158057571935201932e-23
-1.540117665725469898e-23
-7.465153080720970984e-23
-1.635052498149790532e-22
-9.539751322113468776e-23
-2.336296143813275294e-22
-2.309617748615635814e-23
-1.504320987196384492e-22
2.277127792187302853e-23
8.429734170872602800e-23
-3.552928096019152102e-23
1.057874625271258071e-22
7.808428619326507637e-23
5.016572580405703292e-23
1.638661633845324893e-22
1.094539282481077009e-22
2.854734870730897100e-22
1.916569643236478783e-23
2.872776242509269086e-23
1.749727032387091711e-22
-2.883489784187938051e-23
1.840317327739723627e-22
3.134953134422183832e-22
1.549498772852424862e-22
2.513901473702510460e-23
3.433349127240898314e-23
7.080209164344168958e-23
2.670229695160255843e-22
2.283570415449206352e-22
3.447923866977468623e-22
3.677549281540264050e-22
9.319117611664133503e-23
5.932316563414869107e-23
1.674347403545479623e-22
2.095571767301750560e-22
3.456039111295930307e-22
3.773256595534877375e-22
4.033770771908188928e-22
1.629674857150194792e-22
1.701761215567410040e-22
2.619405312332168563e-22
5.112668700934659489e-23
9.965062283705044099e-23
1.127786009591702690e-22
1.373850809889030647e-22
3.202107994491046367e-22
1.867856407404510377e-22
2.205452122209412613e-22
-1.195949367147143168e-22
1.340857669415617141e-22
1.739946997723814479e-22
2.284413305909880502e-23
1.018234285330768394e-22
3.215937210856442812e-22
8.122857896679579716e-23
1.923672268588124419e-22
-5.825721298214900678e-23
4.148830331271311807e-23
2.549401613578072028e-22
7.925613320454128518e-23
1.681814037903285426e-22
1.108252788853140217e-22
9.919375473436213245e-23
-1.280774365037113749e-22
1.795458333810127325e-22
-1.105680104135560242e-22
-7.470167726710227505e-23
1.354285976546546387e-22
-1.321303153870406272e-23
5.315586785468320370e-23
4.669907080297155771e-23
2.240239133412884330e-22
-9.715227391543163932e-23
1.155179313676798750e-23
3.262833254911216750e-23
2.018048413707787593e-23
-1.298899687084923695e-22
5.112057926203972698e-24
2.730008670850758130e-23
1.507122747544687910e-23
4.123559540986686957e-23
1.393667585028276886e-22
-2.846786372187913295e-23
-1.510795898632623080e-22
-2.717146789112558983e-23
-4.033682693888466197e-22
-1.732794171747725529e-22
-1.114874959254241838e-22
-2.567546120600754553e-22
-1.633292651319807901e-22
8.546211215218191398e-23
-4.217306878240878940e-22
-2.676045968559159065e-22
-3.307356389647565482e-23
-3.164325309282344627e-22
-3.559442422888173536e-22
-6.098505618689068378e-23
-2.208790225746308004e-22
-1.178379724917509439e-22
-2.801460819952023306e-22
-3.830990838578572431e-22
-1.427098315982690298e-22
-1.148856382367530760e-22
-4.778902304764707597e-22
-2.406372865008026514e-22
9.387580145886312442e-23
-1.763491071391510315e-23
-2.869130324817334340e-22
-3.881780822017995297e-23
-3.808422824108030259e-22
-1.237137687426286436e-22
-4.088825627238108511e-23
-2.019905235357427297e-22
-1.961266973561211829e-22
-2.065783258865493194e-22
-3.614946690523144386e-22
-1.519119038747916919e-22
2.932176366643171872e-23
-2.610718999460251244e-22
-5.839321129101399782e-23
-1.600993699323129200e-22
-3.950038042528725907e-22
-2.072551788881596468e-23
-6.332774722545791214e-23
-2.171776803584895279e-22
-2.473308249172882562e-22
-7.410536051850388024e-23
2.293829799789356551e-22
2.337574131768662002e-23
-4.996868398371151842e-23
1.591649877327321768e-22
-3.343166872537325185e-23
-1.422224231585313126e-22
-2.983344897722290240e-23
4.965711102569753636e-23
1.043072439711775573e-22
-5.673957621334714084e-23
2.349955004577745909e-22
8.276754170337281397e-23
-7.497557376133951738e-24
-3.489555674655145541e-23
-2.078870121762479529e-22
1.860961680428961427e-22
1.679274130351432970e-22
-9.006224493433520600e-23
8.901114317339974818e-24
6.274450708257658599e-23
4.399785392122613845e-23
-2.473528585444642363e-22
2.088781984757873961e-22
5.626697195241685050e-23
2.098072479441601727e-22
1.655791211413858413e-22
3.466859832780988929e-22
2.633675162238127505e-22
1.752151221458777991e-23
1.009695454343016469e-22
9.749465550618558284e-23
1.052233148706472615e-22
1.137287621301283198e-22
3.182968796644844791e-22
1.052884565605151417e-22
5.470134211695876019e-22
3.154051223698650645e-22
3.106086145446987393e-22
1.336200802017039010e-22
5.737906087988727761e-22
1.239401535643171866e-22
1.094506676311992915e-22
5.835000262719420212e-22
2.052630690351165144e-23
1.252663061737188005e-22
3.229368226050387894e-22
5.050965502829676431e-23
1.522388192508877281e-22
4.027031780778372099e-22
-3.033320533952956141e-23
2.639346967067630709e-23
3.896197508035364529e-24
3.235020605914283239e-22
5.650902970546837273e-24
-2.759776140437248522e-23
1.805603174283464184e-22
-2.888066035405312842e-22
1.477979059506784539e-22
-1.241889596896408387e-24
1.604432446021589401e-22
2.212243572954104954e-22
1.114885575819857180e-22
1.164344225274202244e-22
9.467401338597283523e-23
2.181101440765517043e-22
-9.886616719150946511e-23
1.382934118609878414e-22
7.182546401939805346e-23
-3.907159041459793294e-23
1.042640053087035581e-22
4.373202136707583442e-23
-4.092804365858428985e-23
-1.890179353473344929e-23
5.423596402445049012e-24
1.515059818843226035e-22
1.799221546394466276e-22
3.065693707746588159e-23
1.309714996841461374e-22
-1.856470721886886333e-22
-7.917816599884502233e-23
-5.993120737726526200e-23
8.352929557440992661e-24
-7.917076003198799289e-23
-1.781984791633667388e-22
-2.071902947776401916e-23
-2.146228943799178398e-22
-2.730347510078638278e-22
-1.955403461540615656e-22
9.153595982527171510e-23
-1.855091055675075486e-22
1.572525691190838276e-23
-2.785483362109843425e-22
-1.615446733093791430e-22
-3.743335142521826140e-22
-3.442866132888883915e-22
-2.271869790923190318e-22
-5.573495225316065514e-23
-2.147583336289048555e-22
-6.610008223870399393e-24
-3.272721331908424092e-22
-1.091162179272387859e-22
-2.035708299111670826e-22
-4.706582992155783856e-22
5.221250251829828337e-25
-1.721944010232022217e-22
-4.267487980800974965e-22
2.404555790471573496e-23
-3.176332349248339501e-22
1.742086915527844757e-23
-3.085925108152841492e-22
-2.917236979161114505e-22
-1.530042124920816133e-22
-9.368552670303766193e-23
-5.564591362378641569e-22
-1.131427299679616196e-22
-2.395485141016831871e-23
-1.719158310275149395e-22
-1.839130901261976102e-22
-2.531980380183985318e-22
-1.570632478639143289e-22
-1.062979686794468099e-22
-2.426228541669417729e-22
1.391922894925356749e-22
-1.471608543898534574e-22
4.812877749174843109e-23
1.084035290435197824e-22
-2.249199702180927360e-22
-4.923767556012124567e-23
2.333757901027072865e-23
-2.301023651064925340e-23
-1.368033252073574329e-22
-1.217587038532941621e-22
1.434338951947333320e-22
-2.545950268426073868e-22
-3.684775609486806648e-23
-6.600067174209089277e-23
-2.654921691606235325e-23
-8.819906907063643977e-23
2.358684038548765074e-22
2.621289480333508007e-22
8.963577254176817780e-23
-7.099422439926930585e-23
1.019210158486347196e-22
3.445721982434015673e-23
2.473025673729975699e-22
5.644719171965638087e-23
-3.805958469384091608e-23
5.807581037712891777e-23
1.102271707626406910e-22
1.262610267738022134e-22
-1.168812576445769340e-22
8.926958852100456570e-23
9.222279235015483381e-23
1.855425435957182424e-22
7.279269984462064912e-23
-1.424777703239922257e-22
3.789504852467665820e-22
1.175205025318673168e-22
3.737274064963838664e-22
4.368196015564128155e-22
1.627261501911768807e-22
2.945340453191109082e-22
2.466230053861543809e-22
3.352765404754493390e-22
4.424309251079415136e-23
1.330390773597267292e-22
2.538828615428381134e-22
1.262079176343647095e-22
1.671609513010817444e-22
4.345443422853641058e-22
2.209973618331595272e-22
3.517034860377280319e-22
1.490971766099455511e-22
2.054624708242279349e-22
3.295137410440805317e-22
2.626807648688159763e-23
7.637469183881817917e-23
6.026680102648897435e-23
1.526711355898411467e-22
1.594713149512078456e-22
1.501800716317070500e-22
2.545496526895773435e-22
-1.278350348374367405e-23
1.480687551391574965e-22
1.686858535791868956e-22
2.260566689408264155e-22
6.366210213260986166e-23
2.940938399001290798e-22
-1.182124038568854033e-22
1.645594692664752402e-22
1.544693014732984866e-22
3.151050507283555174e-24
-1.133894388194304269e-22
-2.422187990629826859e-23
1.968452665523187019e-22
-3.626957053045445630e-22
1.277755345996997843e-23
-3.244258970767268288e-22
-9.222323514879911093e-23
1.153607786394194220e-22
-9.007701785395954836e-23
7.060872654386978099e-23
-9.435371455346753730e-23
1.343781698861695310e-22
-4.921734106810113558e-23
-1.024641329959595932e-23
-9.870093797309064743e-23
1.752382505542561168e-22
-2.474554240989081108e-22
1.140746180174598191e-23
1.222593855196999934e-22
-2.978646072067100483e-23
-6.865461166100504728e-23
2.496623640166636613e-22
-2.415078028642361536e-22
-1.816164866424055364e-22
-6.427347000217061290e-23
-1.387898111969021061e-22
-3.127243633836231446e-22
-2.133929080476827505e-22
-1.325825099331963709e-22
-2.569807563157592278e-22
-7.969672035885128649e-23
-2.484181139665146792e-22
-1.878685454537044991e-23
-1.226226504582320105e-22
-3.156519839261153219e-22
-2.333908947973007216e-22
-3.735844254606042243e-22
-6.205905249367419631e-23
-2.190870009504239605e-22
-3.265858733844929583e-22
-4.212464098576861857e-23
-3.932946557904110024e-22
3.173096456200502101e-23
-5.184991834920257685e-22
-2.985168788735198234e-22
-2.144798533111103308e-22
-4.187371597128362142e-22
-2.337867634146089407e-22
-3.746297932087481191e-22
-2.100538118375639756e-22
-5.604974945259450165e-23
-2.196174897605310715e-23
-1.032888502995994947e-22
-2.917990391552472550e-22
-1.196450416588456634e-22
-1.895725659977083748e-22
-1.567638405867474118e-22
-9.672997227461990776e-23
-1.298786365606473537e-22
-2.709645585378031485e-23
-1.266436713028281340e-22
-1.523406144874483345e-22
2.274579516814087024e-22
-7.687421934428748670e-23
2.940302528164249768e-22
-8.414192019523672085e-23
1.126973547731462972e-22
6.434405491650959348e-23
3.342337912457498484e-23
2.514633563353618888e-23
-5.753823476819799849e-25
5.834776479440673439e-23
-4.059559175857055755e-23
1.299978897857134775e-22
-1.789208242449601724e-23
-6.360316912467754252e-23
1.465829118928143057e-22
-5.526630840158041824e-23
2.739698051313306686e-22
-3.182551342576447399e-24
3.179817409659627442e-22
8.053735579685904529e-23
2.647945881461674063e-23
2.025472338797481079e-22
3.789830253293533141e-23
2.094076160626524615e-22
2.190563698641951588e-22
-8.572297935975504268e-23
-1.245913941061918235e-22
8.723619126891933053e-23
2.352965839208265219e-23
3.293171342600867668e-22
-1.105120281673168529e-22
2.608564611058426799e-22
1.700439047321681890e-22
2.392927091774379284e-22
2.034378123513364007e-22
4.343461435462635344e-22
1.558065637883629343e-22
3.290238374416940921e-22
1.267179461621500344e-22
3.038657971559699208e-22
2.253639498108011343e-22
1.305081879873112140e-22
2.585250882076188177e-22
1.213815451674614555e-22
4.256337356305458906e-22
1.820169302382155176e-22
-1.302281473732110175e-22
2.938223595679512574e-22
2.270976556524376639e-22
1.944417179853978064e-22
2.590551492326179162e-22
1.793629040017182753e-22
1.560608377356122294e-22
1.962475153398403100e-22
2.978508194285377104e-22
2.028417445317366209e-22
-2.571856658738274438e-22
2.366895976289170319e-22
4.575621874122746113e-23
2.153637750260789475e-22
4.752168792802376876e-23
-3.767352109488210556e-23
1.789281734189140406e-22
-1.177867066840901986e-22
4.313404984148218840e-22
2.673811713462046837e-23
-1.926127004491469170e-23
-2.286538689909927370e-22
-8.164586023851236218e-23
9.122973664240531499e-25
1.289660752714623972e-22
-1.703077350840487812e-22
2.486971813336057971e-22
-1.085777969530049950e-22
-2.393430338442695857e-22
-1.286651985691411988e-22
-3.189196711631639709e-24
-3.074522019127852943e-22
-1.717076484426507781e-22
1.249499330739568227e-22
7.312628325047828386e-23
-1.973449485279232081e-22
-2.573516852800603555e-22
1.809805775306213106e-22
-1.335242609485294230e-22
9.116539350281873433e-23
-3.167289070177098952e-22
-1.496321361986500658e-23
-2.792668903540296035e-22
-3.267361847702919053e-22
-1.683291878026568571e-22
-1.796720366751224911e-22
-1.231657051186268429e-22
-1.939532857432906384e-22
-2.558465805205163151e-22
-2.231041097254146517e-22
-5.926049842395876499e-23
-3.123378933653104446e-23
-2.447042577590466761e-22
-1.590398434221590988e-22
-4.070685368481268852e-22
-2.873784679912353121e-22
-2.006077685554073932e-23
-3.550587861614521483e-22
-2.168603177879438165e-22
-1.625783345574237320e-22
-2.077436254743482792e-22
-1.806405536756762237e-22
-1.941525954775722673e-22
-5.150183002120268964e-22
-1.750434689061587890e-22
-2.510458690766152104e-22
1.267331351447785491e-22
-1.057491545063181327e-22
-5.667951808656899871e-24
-2.004762029242604999e-22
-2.174118703805768359e-22
-4.604447097880447806e-23
2.385316454793729538e-23
-1.255361221111286989e-22
-6.021489393601756049e-24
-3.364435992664089700e-23
-1.688467861418940416e-22
5.016780036970766511e-23
5.558700557984527618e-23
-2.668466546997790060e-22
-2.232212860917482741e-22
5.620723346314876857e-24
-2.563365840401658080e-22
8.155201731697223029e-23
-2.414440917166659208e-22
4.997027698225911565e-23
7.626983437108086854e-23
2.115553280876574404e-22
2.336752346432053680e-24
-6.970450972198434732e-25
-3.642431140083233883e-23
9.592457537948145377e-23
-3.735279955234935146e-23
1.472147626560806935e-22
2.135990500091214809e-23
9.017854884636422737e-23
-2.710275354812777983e-23
2.626964216544391874e-23
1.004830298338774596e-22
-3.729437213301967646e-23
7.464824991517574973e-23
3.822993883666525955e-22
1.672288887929149408e-22
6.416055037302551648e-23
1.499452161464499134e-22
2.185361181222250323e-22
3.448227154456605673e-22
1.200105069129568359e-22
4.223514794066356689e-22
2.467438251402727604e-22
3.085321642314211920e-22
6.390647490269047088e-23
3.098001124795811266e-22
7.500800702679480388e-23
2.886418021606926003e-22
2.393035233498031717e-22
1.329242937165010108e-22
1.508403520269127727e-22
2.165668054424458626e-22
3.261306891261788166e-22
1.017069741277065633e-22
3.302932225170257432e-22
1.182774953461910547e-22
9.636194001306277219e-23
1.844898346356547173e-23
1.220822217144538201e-22
2.185742156851539631e-22
1.873590781049043326e-22
4.527448066854083335e-22
-2.654610047225162123e-23
1.719587481781019434e-22
2.267027095013639439e-22
2.912873860930285004e-22
6.581827174185619114e-23
-1.714747119609800005e-22
-1.058146048791413786e-22
4.700875958086500310e-22
-4.063825374250107642e-23
1.273755113117092654e-22
2.953918435981216888e-22
-3.216425893535582387e-23
1.741480787069725734e-22
-6.344043195259213073e-23
6.216692473897928596e-23
9.195597905989423483e-23
-9.122970512131287915e-23
3.135909068636596117e-23
-4.339605194696668648e-23
-1.978786096346282995e-22
2.161067561727878665e-22
-1.474490830816587069e-22
6.742919089803060950e-23
-5.238263082224713478e-23
4.589869313127041109e-23
4.160271412770582527e-23
-6.803803590703086787e-23
-2.558855163678177133e-22
-1.540897884056655555e-22
-9.002147530511703581e-23
-2.204563060645447970e-22
-1.636026153831227880e-22
6.109570230483229271e-23
-1.610650864310268455e-22
6.666463493564510344e-24
-4.211374788870723947e-22
-1.431538738908941856e-22
-4.075730837090040409e-22
-1.407850333353226059e-22
-7.897875124617479056e-23
-1.492009227246055397e-22
-3.687383767381438447e-22
-2.847640416364830878e-22
-1.843811991364845211e-22
-2.132460692904131171e-22
-2.189951229234152674e-22
-1.448441893972103826e-22
-2.900838917338605624e-22
-2.272778894397018790e-22
-2.224634019728669231e-22
-1.508117603038594165e-22
4.700662754970941001e-23
-2.053978084736976875e-22
-1.101974071238754030e-22
-9.898599271932295181e-23
-1.541304629033427149e-22
-5.098183579908592288e-23
-3.467356020595021001e-22
8.703377637191583333e-23
-1.329768710005030256e-22
-3.250036487323351193e-22
-5.733303824131649495e-23
-8.352617971092014917e-23
-2.046703539637616564e-22
-1.749800561713188274e-22
3.022365487505216688e-23
-8.186464088668332408e-23
-3.403940158175994171e-22
-1.205018584798153766e-22
-2.886522886896954889e-22
-1.299266727668862912e-22
1.203923152041185179e-22
-1.754134738192688156e-22
-2.280978889608730434e-23
-5.850079713038575081e-23
6.966662244176111017e-24
1.465553827085885462e-22
-3.231268766604097689e-22
-6.964748851346162600e-23
-3.396147098928944173e-22
-1.582788538903471580e-23
2.646834363664245323e-23
-1.989817582741358430e-22
-1.006018767135370460e-22
3.638242932835349757e-22
2.551773017601452548e-22
8.674089236714524274e-23
1.249141547566120022e-22
-1.290200322762767252e-23
6.153675890348701704e-23
2.406958262485899008e-22
2.931707086078917709e-22
-6.390674264250037166e-23
7.375891331545286042e-23
1.764971092135990363e-22
2.440947815492135109e-22
1.528600210619683980e-22
5.225337996491613363e-22
2.371830788246446477e-22
-3.074996001663158493e-23
3.003877225928347763e-22
-4.921024043734619144e-24
1.843221435081024221e-22
8.183148268590686851e-23
1.064294846291989693e-22
3.968796589997036069e-22
1.116623163909219496e-22
-9.297897176020641814e-23
1.844775896718171873e-22
3.800777268324427080e-22
1.026224751918221216e-22
7.752465192447643372e-23
1.563667127079635031e-22
1.337254240465665313e-23
3.596425025322414807e-22
3.566205289699828348e-22
2.023384421460402858e-22
2.473509723731046573e-22
1.403788247165127942e-22
3.510860246249711804e-22
2.376225206625395362e-22
6.799360919825402301e-23
3.361348453044077284e-22
1.965823221503969509e-22
1.435605498780251216e-22
9.034300713438277264e-23
4.256442596403694382e-22
2.550413491269308613e-22
-3.278814375579417850e-23
2.532716889435043130e-22
1.256841476791250774e-22
-4.194184046694896287e-23
-9.138538100684526107e-23
4.127503352747418608e-23
3.286057981778884691e-22
-1.543515691539016720e-22
-9.031841194496046404e-23
8.971853308021788000e-23
-6.280697008305728507e-23
4.413748191027028191e-23
1.094676072058444016e-22
-1.006360277962022140e-22
5.921729258246287602e-24
-2.595768083888877537e-23
-1.360084391125141203e-22
-4.156711799500231588e-23
2.797154197540343631e-23
-6.844361911353357223e-23
-2.079126914217132175e-22
-3.153212045205361903e-22
-2.179598752841589428e-22
5.080344881859481930e-23
-1.666273092278185402e-22
-2.036281852154239106e-22
1.307475393789548824e-22
-5.350740477309269933e-22
-1.278620241163978035e-22
-6.098220172043857497e-23
-2.889908893042560967e-22
7.755800381946579957e-23
-1.047640354317557266e-22
-1.521332067678203175e-22
-1.943366149195584013e-22
-3.326037355514261672e-22
-1.070617484103397057e-22
-4.260241647815408227e-22
-7.101818396154054831e-23
-1.493957799160056152e-22
-2.061742882680687361e-22
-1.865724206422166278e-22
-1.973445340729638280e-23
-4.226709395874652475e-22
-1.743842950210611716e-23
-8.364066601146022818e-23
-1.925623240041696819e-22
-1.573095909742369518e-22
-2.389704903946372224e-22
-1.629069975760117054e-22
-2.170792622199222331e-22
3.622648101334729828e-23
5.164454469974886785e-23
-2.666772213127220632e-22
-6.384822498421201699e-23
-2.953747067930985979e-22
-1.693159047699876838e-22
-3.677721899073518859e-22
-2.650663587735584125e-23
-1.939435136727439074e-22
-3.729281887019517165e-22
-1.544441529199461341e-22
-2.344756340462150480e-22
-8.919169628715934186e-23
-9.300608749882968865e-23
5.183628882403243846e-23
-2.413981399754849944e-22
1.719991904777228033e-22
-2.734433758887261221e-22
1.245397193847972662e-22
-7.833840587516806223e-23
2.250734458275617686e-23
1.354227273218367407e-22
-1.467139671875249407e-22
-1.968269677800304313e-22
2.218202440258617612e-23
1.412252377066238648e-22
-4.782493133535744612e-23
1.648202902212756308e-22
2.211615922386999950e-22
8.117895020869556999e-23
1.029908381772748804e-22
1.755381002046976590e-22
-1.102442898955473733e-23
1.903577792770850760e-22
1.173311287904732699e-22
4.511769234645775836e-23
-1.995676702564417235e-23
2.818129743528218221e-22
-2.297529622114546482e-23
3.867727115199019785e-22
1.481269885583389612e-22
3.080110304223137643e-22
1.102332922999514385e-22
4.178055100011339747e-22
2.786660375103602271e-23
1.377970987252177494e-22
2.852643653501168900e-22
1.430774872929635346e-22
1.854395833339323703e-22
1.561911421882122728e-22
2.651974794597801308e-22
8.736829284671557336e-23
4.434507321581659747e-23
2.223672222200232381e-22
4.027718233705353743e-22
2.417476008696984078e-22
1.229924519297267620e-22
2.305380603843535545e-22
3.403714782799465482e-22
2.206977748035185179e-22
4.874050614663832789e-23
1.617813440372834883e-22
5.303851341432894866e-23
1.233207698778523236e-22
1.705744277681070097e-22
1.293464412113858618e-24
4.052842804035075903e-22
3.749846082013226248e-22
-1.542669461105190143e-22
-1.053479495704773053e-23
1.091805475697822387e-22
2.895241569182699399e-22
1.244865092029673777e-22
2.155549850463613248e-22
1.211089554864810615e-22
7.098327722405058669e-23
8.868244930166200092e-23
-1.499865787197486415e-22
-5.007776255795882851e-23
9.027005450871831162e-23
1.128308981270900945e-23
2.898779039501066139e-22
-3.427719241717795945e-22
-2.665541158395232920e-25
3.644984082977928863e-23
-5.518929912555742505e-23
-8.661102907679033818e-23
5.957512195900112768e-24
-3.430494906491915517e-22
1.356022416638594782e-22
-6.345574136152687692e-23
7.280148361248722934e-23
-9.277227470993104555e-23
-2.946710247946486866e-22
-1.743585816049204141e-23
8.968042778123743455e-23
-3.288443684197925808e-22
5.876338910629577181e-23
-5.118623021018072914e-23
-1.147956048990815352e-22
-2.442800694176948335e-22
-3.154418018014771407e-22
1.039678045554381793e-22
-2.158705711799759846e-22
-2.296777550215371231e-22
-2.046259396359300898e-22
-2.860738670575678918e-22
-2.126369484664020216e-22
-3.036005682503144203e-22
-3.388063608207490089e-22
-2.571167311535742192e-22
-3.331166823922847250e-22
-9.140584068881760839e-23
-3.225461326809784206e-22
-3.042050898251826308e-22
-2.089621547653670489e-22
-1.677897093235997628e-22
-2.877470161943703925e-22
-4.096932657070261507e-22
-3.835093601386847979e-22
-1.119008567986901234e-22
-2.650592336453079107e-22
-1.785639641156898070e-22
-1.528601298152501353e-22
-5.754211651845228921e-23
6.855290393758454701e-23
1.315097224315505032e-22
-5.482594436339046449e-23
-1.140376293394755838e-22
-1.993247794460081305e-22
-1.241388235880294031e-22
-2.003601544501716413e-22
-3.918620381256464425e-24
1.122685580709324639e-22
-1.525244126837715056e-22
1.720719850518103500e-22
-9.039039316692433661e-23
2.117683489516232590e-23
-1.931889190186674021e-22
2.237057236238435071e-22
-5.800448456931815005e-23
6.721624367029573268e-24
9.664460730297054490e-23
3.990378867404255727e-23
-1.062164014786278711e-23
-5.800274655344829627e-23
1.070208107748131355e-22
-3.628108140693621672e-23
-5.051349020877253435e-23
2.221881309702773257e-22
2.397447705418720975e-23
-2.282081170810611776e-22
1.485038478252908544e-22
9.740911592483853381e-23
1.420555688015876636e-22
1.096200728822648968e-22
7.282173340205206148e-23
5.630001506758249891e-23
5.633180610436823236e-23
1.304672729864634304e-22
-7.161198690549511112e-23
4.165108777609883441e-22
3.795113431118716472e-23
3.886810751727424625e-22
1.351162216964340327e-22
1.059930466866292285e-22
3.402581896876539574e-22
5.735214748934710715e-23
1.232590692190529737e-22
3.787389241608645601e-22
9.733777913098866619e-23
2.366687504811904493e-22
1.988621437869214617e-22
1.575161622147395425e-22
4.368713583925280526e-22
2.535797127172339486e-22
3.212763051904038693e-22
2.778909289106017880e-22
3.373602333846720257e-22
3.145491649469757576e-22
1.641461649466161143e-22
2.205979151762350652e-22
1.831090627355582367e-22
8.172442208598261685e-23
1.880926026100131429e-22
1.887227947389091781e-22
1.501943617141767825e-22
3.026376881200066433e-22
7.377853934821060147e-23
1.745307242797184940e-22
-8.716466343240513612e-23
6.672492349227134351e-23
-3.779375312398393007e-23
1.382451983327695314e-22
6.905848029278067636e-23
-3.671775273146876267e-23
-6.454548009460632685e-23
1.621045035167199925e-22
-9.044940552061127804e-23
-9.738856234426753409e-23
5.235142959537202368e-23
5.837247697462349473e-23
1.603198053472599776e-22
-2.172970414200131092e-22
5.279287631614282241e-23
-5.529380555818853002e-23
3.708066053016999849e-23
-2.890346489483232831e-22
-3.069578395951200094e-23
-1.643173817321777378e-22
-1.001710811982274697e-22
2.385838507911336053e-23
-1.212459725839229421e-22
-2.532424724423160104e-22
-3.900319891005786038e-22
1.494014092608064907e-22
-2.190248693381253537e-22
-4.788442424050047870e-23
-3.565668923798420574e-22
-3.351648581935985201e-23
-2.292796882756549664e-22
-1.085307811348498652e-22
-2.178372063788003457e-22
-1.448324089078303396e-22
-2.692618530510983069e-22
-1.047289232735150382e-22
-2.691681687737564404e-22
-1.446163114747534943e-22
-9.940467409672282629e-23
-9.254642326579609817e-23
-1.140116950621178552e-22
-2.208137843335415763e-22
-1.687226797500875569e-22
4.463945840895599557e-23
-4.133437905623116205e-22
-2.652466469885020621e-22
-7.267999760024970170e-23
-3.518824996888561173e-22
-1.766453767522451932e-22
-1.953202401490241377e-22
-3.702005576177809558e-22
5.569099312300850278e-24
-3.376644168255143107e-22
-7.057374259231402528e-23
-3.344354782828145744e-22
2.645150912540307137e-23
-2.314421340713304570e-22
-1.770641678645422764e-22
4.442931320039938998e-24
-2.566076575740660100e-22
6.208918689646609434e-23
-1.216000403328885450e-22
-1.080998958269469892e-24
-3.663123936602310654e-23
-9.658507356616748914e-23
-1.207559736725326377e-22
-2.889756425659183754e-23
-6.389055435420213060e-23
1.689852136673819441e-22
-1.332593870922064554e-22
-1.642924480082317441e-22
-1.931616601170050567e-22
-4.822349658640560631e-23
-7.186557532109064825e-23
-4.520043997620500928e-23
2.344828516774304398e-22
2.103972157920100725e-22
6.848881170850709020e-23
-4.771804445835588629e-23
8.981793353123830784e-23
1.728385801260429922e-22
8.367599367675016975e-23
1.073831976957983503e-22
2.385526158603021600e-22
2.213689833324966261e-22
-6.642554395950046266e-23
1.982992614660354126e-22
2.723864836787929300e-22
2.684699066483296072e-22
3.802519320304351063e-22
4.140724730463809133e-22
1.334835399877468167e-22
1.056712488946342474e-22
5.377246859930506946e-22
3.310801821220798900e-23
2.266288411756509276e-22
1.682474123875842763e-24
2.035381402210280914e-22
3.655278166550562605e-22
2.935887751917678993e-22
1.037802235482836404e-22
2.407204002383031640e-22
1.692543428940869581e-22
5.197497921267413106e-23
2.691304031488856994e-22
1.368716805157258277e-22
7.634699642275058833e-23
3.329444699854375157e-22
1.473472196776164355e-22
-1.697385030573741920e-23
1.033627992446778582e-22
1.404247845057246332e-22
1.305061032584084178e-22
4.946730799371196739e-23
2.587504416071907937e-23
2.913742923207476668e-23
1.417462734550884271e-22
9.317807965404160407e-23
1.411308510499559501e-22
1.451975717844836995e-22
2.005874176611131115e-22
2.756826054478976702e-22
1.640186776877625536e-23
5.965332011105117048e-23
-9.031335021941058803e-23
3.177989251307993380e-22
5.228539527904528679e-23
2.346742122028303153e-22
9.324695339956997364e-23
-7.942113022104194012e-23
1.721783504644064879e-22
5.105061986150273384e-23
9.590495417354620975e-24
6.595198168719077063e-23
-3.092651378125944710e-22
-5.932350335693048511e-23
9.747087287992315211e-24
-1.762042403440411533e-22
-2.027707399739435522e-22
-2.174664581873075320e-22
-4.316042079040563740e-23
-9.588523386517446530e-23
-2.303421861827893749e-22
-8.779572986039495048e-23
-2.312032640471280762e-22
-2.971367555484872023e-22
-4.440505589037572655e-22
-1.366023980323386533e-22
-2.869248107233655760e-22
-2.590185841412249705e-22
-1.749157589942978288e-22
-1.739387368818066315e-22
-2.817392024490396420e-22
-8.835102553006155571e-23
-3.431949468339751611e-22
-1.133648261682696869e-22
-1.180949521321696471e-22
-3.492813520338242633e-22
-5.305980098061087424e-23
-2.595509958483854691e-22
-1.378294230100005093e-22
-3.202697653346676637e-22
2.930679130215073399e-23
-1.736543299466704431e-22
-2.378453154975082447e-22
-4.578648471886045695e-22
1.103566438317461622e-22
-5.280255641417574612e-23
-1.258187093241998181e-22
-6.166511199764314119e-23
-2.587256505324205161e-22
-1.009375936227070186e-22
-1.555695741243106187e-23
-4.566743926792541301e-22
1.859938598092174442e-22
-3.602642343784812921e-22
1.982349851422208149e-22
-9.448784491980111977e-23
-5.196219331459490184e-23
-2.982783585202817440e-22
-3.252719168062143447e-23
-6.446890681432093962e-23
-1.834908187641573860e-22
-2.910855653162426487e-22
-2.240080676454981343e-24
-1.908366206845140831e-22
-1.912722052755843927e-23
7.327025217145335867e-23
1.011128367292976313e-24
-3.531308431683109430e-23
1.931056043948222383e-22
9.222620401947182117e-23
-3.509678833425685561e-23
2.364062750914021806e-22
-1.195572530279348978e-22
-1.452802163549949831e-22
4.891319669377984927e-22
-3.864062225496743112e-23
3.061572721255360974e-22
9.663925020760923416e-23
3.595428634883962096e-22
1.786709072428779845e-22
1.189996987247763062e-22
6.800748010967155366e-24
1.488374811729018211e-22
1.276829859760326784e-22
4.043688469032625201e-22
2.751446100597806046e-22
1.955220975938450477e-23
2.685913888957267771e-22
2.369816425236653793e-22
5.905591658097714921e-23
3.340110479592254707e-22
1.721413340569730267e-22
1.832174444885448580e-22
5.596929311851105794e-23
1.893897631930041608e-22
2.476812942714350864e-22
1.563582332927538446e-22
2.009414344641022747e-22
-8.513384717255101487e-23
4.133073325615095206e-22
3.212857984918289842e-22
1.195255284509088652e-22
2.696085574890340492e-22
1.057750273957905206e-22
1.112713235020710721e-22
1.019675674634706669e-22
3.150945214303261298e-22
2.757290873210032811e-23
1.185534893839753179e-22
1.787638286035031811e-22
1.009396007338677997e-22
1.652436897447539267e-22
1.896993288867176136e-22
-9.543709321943329268e-23
2.531453778660618713e-22
-2.485579885803837038e-23
3.736620108722269841e-23
1.910870538411093752e-22
2.688808039175459524e-22
-6.256574966329596591e-23
3.354654047823392340e-22
-2.027953219150666063e-22
-3.545126952716860536e-23
-2.457689345647279149e-23
3.989881852741421626e-23
-7.957941308324245516e-23
2.071281615591763376e-22
-3.615358466725837826e-22
9.647257677134817319e-23
-9.466735264644455221e-24
1.704054524137318843e-22
-1.511468801427347794e-22
3.020735712337919663e-23
-1.271975182531831843e-22
-1.848505219165384444e-22
-1.685517126463189243e-22
-1.644777462782466872e-22
-2.571755986253539431e-22
-2.515537043168852249e-22
-3.071832998368791989e-22
-1.987063756529710027e-22
-2.127061048114112110e-22
-6.128953136421415725e-23
-1.001271410831812558e-22
-1.694458918507116549e-22
-2.140112205875242896e-22
-1.379238142177533774e-22
-3.897790588490198533e-23
-2.176391246086811533e-22
-2.013381550522969528e-22
-3.437878929041472873e-22
-3.419811880350087438e-22
-2.495834360874334989e-22
-2.525472884471953866e-22
-3.415746034272092065e-22
-2.687850931913314758e-22
-3.165867290400054178e-22
-6.956860646077078958e-23
-2.983582389560873509e-22
-2.550704638767818810e-22
-2.700273854830184016e-22
-8.819170137852841320e-24
-2.584636254388299919e-22
-2.304229751828002139e-22
-1.393747919668287050e-22
-1.958276372906985742e-22
-1.673589075035079804e-22
1.471664257059856520e-22
-1.737195319416900762e-22
-2.941561553228490080e-22
7.945935556271036149e-23
-7.423292765257546631e-23
-2.107613843520036373e-22
-2.045325144326718489e-22
2.498203010863595905e-22
-4.228420336093488056e-22
-5.735127489221224300e-23
5.756263370036707858e-23
-5.873697371138397951e-24
5.965579434399737429e-23
-1.527054792794735492e-22
4.257171385604625793e-22
-2.644273473015948910e-23
3.291923120639498373e-22
5.045954082380141910e-23
1.044157630057282829e-22
-5.894424952630126420e-23
2.423039519692634874e-22
1.449739057957489632e-22
-3.637190013086544185e-23
5.184968025234558037e-23
1.601472850868475193e-22
1.414507739998342363e-22
-3.506132635347665351e-23
2.927452849480628070e-22
1.969741679575192810e-22
-5.644900601056957251e-23
1.951749277149381228e-22
3.086210926642752364e-22
2.577834181285715141e-22
1.294234281861201674e-22
4.233013339647383077e-22
2.006983789255030138e-22
1.546125928507890189e-22
3.706751824270986262e-22
1.851294734814941869e-22
1.527343832867866439e-22
2.863175912051977607e-22
-1.440337333203895818e-22
4.701174775462424185e-22
1.319408052050829269e-22
8.472604335783088982e-23
3.313815883923047519e-22
-2.025419455766079511e-22
1.181620587828390471e-22
5.440788853310569356e-23
2.872582257462124351e-22
-5.483264963871344392e-23
3.256466196312180528e-22
1.294652855023521228e-23
1.603446902064208387e-22
-1.130869498904359861e-23
4.112642556655724214e-23
3.567565120490022864e-23
3.283412816461664681e-22
-8.071679232219461323e-23
1.484997370531662294e-22
3.965202754422739696e-22
4.886006070030085183e-23
9.180163541956270203e-23
6.102824518868411080e-23
3.474765528047957600e-23
5.833711909118964802e-23
3.231898183858626199e-22
-3.756072557649747005e-23
6.089405204701301881e-23
2.142109960580408755e-22
2.813544036607257509e-22
-7.369241244965599807e-23
1.134578296165374868e-22
1.296664260160768744e-22
-1.290455314766806298e-22
3.545996032445614365e-22
-1.549359450520719867e-23
-1.856008845470396858e-22
-9.236345473495767899e-24
-1.177516645890261940e-22
-1.424728851891410912e-22
-2.655663753753649589e-22
-2.157987966897508047e-22
-1.218880045692561346e-23
-1.820656902537168998e-22
-3.112290630010710603e-22
1.453458183159474253e-23
-1.204609735643278092e-22
-9.746788848662017514e-23
-2.438170239953538955e-22
-2.950175156535274779e-22
-3.690102163701098350e-22
-2.487093449609502186e-23
-3.579512810452234402e-22
-4.389491201554338074e-22
-1.630150526088277637e-22
-3.023702113518013865e-22
-3.120315778455955080e-22
-1.569520476508848725e-22
-2.938701191001156964e-22
-3.962803667022311229e-22
-2.192390577511811441e-22
-2.449030942481177196e-22
-3.226492046954069233e-22
-4.136758080654834666e-22
-7.827598115500230826e-23
-1.800400879069760967e-22
7.761319957224765283e-23
-4.220809881931183918e-22
-1.665837706658036526e-22
-1.621517810095448200e-22
-5.745576040995317486e-23
-1.207605671917884478e-24
-1.437647978300098571e-22
-1.262531915057367263e-22
4.576830324095513412e-23
-7.142276595674264138e-23
5.342491468766076805e-23
-3.060989970846472249e-22
-1.255818280648049339e-22
-1.798709197321882015e-22
-1.883981252841379973e-23
-5.523837621999562175e-23
-1.270484294867521362e-22
2.056980990605977764e-22
-1.636873405853633217e-22
2.947084964466439208e-22
2.259306596899593834e-23
1.005624556391855305e-22
1.073783562653578046e-22
1.459285366254065299e-22
7.915684759922807872e-23
-1.380671647873922136e-22
5.126247095350890080e-23
-1.804789849912981764e-22
8.047134074437805896e-23
2.507113763624607285e-23
4.487020825649508783e-23
-1.346514418149893435e-24
4.397613012756238533e-23
6.729444437488447990e-23
-1.404195405196781902e-23
4.567670266321817579e-22
8.478965357815088989e-23
2.134343032300619561e-22
1.804354231193519052e-22
2.851607560060128991e-22
1.423245633236360750e-22
2.019979626726345574e-22
4.569493548706458543e-22
2.355881092209038910e-22
2.868699629705332456e-22
2.405847468117757620e-22
2.035196592382703891e-22
1.586548289315066583e-22
1.886733851085403074e-22
1.195257663677204724e-22
2.268203120887444232e-22
4.178858747975416409e-22
2.246663357817115035e-22
4.417342580689682730e-22
2.012990632839546612e-22
3.500414977815601790e-22
2.105114349764419427e-22
2.612666259685167316e-23
-9.706081426153493611e-23
1.509801691773146158e-22
1.220188098256009445e-22
2.715743384782786952e-22
2.619440842920788716e-22
1.406129130982359746e-22
-2.493052766938724693e-24
2.305679352958588043e-22
2.242887794939751302e-22
-1.137369109907703650e-22
-8.128244728929852300e-24
1.124937192294732518e-22
-3.785156450783958150e-23
2.093935958998841084e-23
1.306097719546198680e-22
-1.420660025218635806e-22
2.758237297343372126e-23
7.355158031955401602e-23
-6.265963511644765017e-23
1.265596033482926981e-22
5.225229121674578698e-24
-2.492776270170509370e-23
-1.980578039094190335e-22
-2.634254303973046575e-23
-1.250138146311057260e-22
1.245224640507113474e-22
-1.964698024751511984e-22
-2.249286016163141620e-22
-4.463577616172579241e-22
-1.391848213850663083e-22
-2.423494458549574847e-22
-1.574204045500875779e-22
-3.407573728110040609e-22
-1.089797052470872431e-22
-4.676105945115182889e-23
-2.993000171595298655e-23
-1.070543388099536304e-22
9.810954963199414839e-23
-3.187769509252107546e-22
1.470244377445183634e-22
-1.060000448981672871e-22
-1.543003123656134312e-22
-2.694051205477920247e-22
-1.747821460977776995e-22
-3.901829958991438284e-22
-4.054238135301716343e-23
-3.306637225035243451e-22
-7.423212795024281142e-23
-3.941549664591625028e-22
-2.356174818015909010e-22
-4.604676091996019197e-23
-7.783698214370260157e-23
-1.079134944994780958e-22
-3.895949936584944316e-22
-1.747133125995947446e-23
-1.998521806792729301e-22
-1.917369603084899744e-22
-1.947628901316820961e-22
-2.243952942215960921e-22
-7.813503283054669639e-23
-1.045509742485313577e-22
-2.476136609918300131e-22
-1.156180549630484881e-22
-1.534723459247088154e-23
-2.547747483160222965e-22
-1.869189097764072395e-23
-1.269246690319656891e-22
-5.611364774186240221e-23
-2.153981155804341810e-22
6.010517526402641813e-23
-1.885800133804115734e-22
1.219197737566324283e-23
3.190435653383997252e-23
-1.608841562301130596e-22
-8.092974939287299109e-23
-1.058669177519289126e-22
-1.240426172689229704e-22
-1.229739227340579398e-22
1.850446923050384145e-23
1.462765288877832190e-22
-1.081757540787473050e-22
1.962785748230472774e-22
-1.017983986901299350e-22
2.596081670643227323e-22
1.050609459090921858e-22
1.127774457123787144e-22
1.494680507338316644e-22
1.685876429688277033e-22
1.160979244875371879e-22
6.578907114531041525e-23
8.542900969759966661e-23
3.369416542224602690e-22
6.492890561929910122e-23
1.015528401003962558e-22
4.643899494688785180e-22
4.241683205028642791e-22
1.046923518034938854e-23
3.807881181553865873e-22
1.627586127382055327e-22
5.117908652784575352e-22
1.562122635653651180e-22
3.261190634012347112e-22
1.557890442143868395e-22
2.462196684205587688e-22
1.068268410571000589e-22
3.651691524733936340e-22
4.454025163951304457e-22
1.767937878280779812e-22
2.591596691440269711e-22
1.956494570905446732e-22
2.603982646925277998e-22
7.663458861227338391e-23
3.042284405116163071e-22
2.089440166479992629e-22
1.711726929112533889e-22
1.192876869593058985e-22
5.146947776158279749e-26
-1.435532741626933094e-23
2.130059344491390365e-22
-3.895288770861891634e-23
7.588367540704699511e-23
1.005308533415102280e-22
3.050335397757324885e-22
3.074774394097639470e-23
1.606944539830957930e-22
-4.812620696918354242e-23
9.582988411826940737e-23
6.053003918968746889e-23
-1.960971670892599596e-22
6.736663624012654694e-23
-3.558025914620493385e-22
5.091023683823837263e-23
-2.175131856861560114e-23
-1.382312943299905826e-22
-6.967648595985616275e-23
-1.054287453728073621e-22
-3.415160732474360198e-23
-8.023309375961906270e-23
-3.710452576779708606e-23
-4.266277246762816936e-23
-2.368799850066192104e-22
1.367390285157542639e-23
-2.207355375406310923e-22
-7.819448410567280456e-23
-2.132596327585377888e-22
-7.676148684021993151e-23
-3.710532562637448698e-22
-1.713049853871492417e-23
-2.276498787359626342e-22
-1.376095435941253046e-22
-3.240993978290184998e-22
-8.790390327392907097e-23
-1.731302691167634704e-22
-1.732812209548561639e-22
-3.275852894083175468e-22
-4.266047562247881376e-22
-1.354659294421419624e-22
-2.999848551026347821e-22
-1.460787260361093249e-22
-2.324673093886775940e-22
-1.133725044200868051e-22
-3.272948709745504838e-22
-3.024053504860211569e-22
-4.105766291929436919e-23
-1.726868787731442869e-22
-1.878010188066651514e-22
-4.198832039020052169e-22
-1.855393725563930966e-22
-1.216361391348815558e-22
-1.882831723492445229e-22
-3.014882585249872938e-23
-1.167384928225393372e-22
-2.146526105511357431e-23
-4.031722549909003600e-23
-1.066582535845447596e-23
-4.052053051489673987e-23
4.842403254941214870e-23
8.169641351028226503e-23
-1.229892204098713018e-22
-1.753053258554347261e-23
4.731849404360100988e-24
-2.833386494829506255e-22
-5.197564496793056677e-23
8.809112688193612996e-23
-6.411715943330406287e-23
-6.413345295895877360e-23
-1.051596626464691675e-22
2.287880041750162481e-22
-2.504668957205621460e-23
-7.744713811515222515e-23
1.457383331791537249e-22
7.008910223975646707e-23
-1.087736383291621425e-22
7.354067146509621665e-23
2.755237917426963658e-23
-6.166775576799651075e-23
4.644684847957124739e-23
-1.683436820957425342e-23
2.249570941834867321e-22
1.759813376425486160e-22
8.044324127879662439e-23
1.441316163843315074e-22
2.529046568382851491e-22
3.287264326982102157e-22
5.406063705679248738e-23
2.199263869099125376e-22
5.180145667418959372e-23
6.303254287241592184e-22
4.805757579528098259e-22
1.661853136720551913e-22
2.506531726286128748e-22
4.619511481796390102e-22
1.672647236235638330e-22
2.052495899706724796e-22
1.624162325643251591e-22
3.241771144369711663e-22
-2.352612065145333624e-23
3.345206911300336401e-22
1.146708772571074297e-22
2.037125693274586771e-22
-3.009094802522723896e-23
1.493531378970563954e-22
1.495296997223497973e-22
1.543296190140751925e-22
2.816984261724610562e-22
3.193899177614507708e-22
1.112743423009945634e-22
1.442698310027372371e-22
2.170362324966247165e-22
6.091036566700980748e-23
1.071755458924561652e-22
2.897251785194868760e-22
-2.228568500824503933e-23
3.953797220951251005e-23
8.359710996994104007e-24
1.734155669228124923e-23
-1.497100300580013099e-22
-5.269041699614879348e-23
1.851155885027246060e-22
-5.739758949834510120e-23
1.685399245432969537e-22
-3.477765969769490175e-22
1.058566959285202369e-22
-2.365450314077861038e-22
-1.512244649282846870e-23
-2.056191478853175774e-22
-2.419188766639230945e-22
1.153485116980566394e-22
-3.410227688613785389e-24
-2.246065116585326913e-22
-2.170366045417761169e-23
-1.420210944370218453e-22
2.325789457351622596e-22
-3.244387523576218755e-22
-2.198119566493076353e-22
-9.768052815470080660e-23
-2.316923353002766436e-23
-1.425362874726517049e-22
-1.140355088412806725e-22
-2.618554382005064791e-22
-9.165450707310052936e-23
-2.332070965879524383e-22
-6.931188318229823523e-23
-2.443433011186520541e-22
-3.266994380671105640e-22
-1.985334940395893129e-22
-3.642367507650441528e-22
-1.041075471278415982e-22
-9.564859411124574909e-23
-1.349230943568752922e-22
-2.701297631339154583e-22
-4.327122084315949644e-23
-2.976404583594971642e-22
-2.426517847372993469e-22
-2.521156254916474139e-22
-2.952517076113523028e-22
-3.232674908904453710e-22
-4.231754361540504631e-22
-6.993865770836223712e-23
-1.707939207536530560e-22
-3.436635225083270393e-22
-2.954730940976740438e-22
-4.663155255875377814e-23
-4.214840285323662596e-22
-1.539062520368897539e-22
-6.892574936598578337e-23
-9.406294560775170878e-23
3.071070104212207743e-23
-1.208448215531199513e-22
-6.621822332452930916e-23
3.230627377251312480e-23
8.979045908609736355e-23
-2.202415214142175786e-22
-2.923377953475917701e-23
1.445997099314841290e-22
4.288959224964207759e-23
7.210163836625815617e-23
2.350365319713496802e-22
-5.040398462335761427e-23
1.365415578293932385e-22
1.258044522743591862e-22
4.669374989734869105e-23
3.254000801741619669e-22
1.325022824334284064e-22
-5.434086360889530363e-23
2.072062739129229062e-22
2.045889888261370881e-22
-2.123687830785605247e-23
3.282104911237185844e-22
1.002839343198991264e-22
1.716925956477656464e-22
1.364607043364641723e-22
2.883478315247324896e-22
3.321193328264860717e-22
3.176470191919074238e-22
2.326753843281920083e-22
1.790238552740305732e-22
3.805345110998598266e-22
1.987176472355018106e-23
3.304154305520061921e-22
2.678704955293751703e-22
2.713691492114121268e-22
3.819949561810581510e-22
3.305177822151708605e-22
1.451353595182742353e-22
2.730497827369292966e-22
1.247228867705165783e-22
7.389589817157636985e-23
1.427748176361538371e-22
3.566269813809239111e-22
2.160464667835522069e-22
1.463760089028942959e-22
7.182121824241776204e-24
1.672228908705816387e-22
3.966287099193003887e-23
7.257823211495393927e-23
1.467210630306485222e-23
2.277406755007664788e-23
-1.762436543499794044e-22
6.076889419571087605e-23
1.658633323235806982e-23
1.407003816948091359e-22
1.119170952829768271e-22
-1.741134991161600823e-23
-2.874322095846567099e-23
-1.172666633948424445e-23
-4.570950670500390587e-23
2.163596888819120018e-23
-2.948035207595535484e-23
-1.820923490897680188e-22
1.536065027648480596e-22
8.906590298577025927e-23
-7.364538966882594203e-24
1.623266807744622183e-23
-1.703705530857366750e-22
-1.265108217728368980e-22
-2.257077052810123364e-22
1.272436090093474965e-22
1.905811106385549371e-23
-1.260318388800928225e-22
3.609158134416117976e-23
-9.978759311137776480e-23
-1.264551128833705319e-22
-3.165117335447992813e-22
-7.724504122015366035e-23
8.808537417474551959e-23
-3.935655584412669898e-22
-1.927896256007573029e-22
-1.414606207889547860e-22
-1.940052091941597607e-22
2.872313494408389131e-23
-4.660545730511462166e-22
-2.237771173480249441e-22
-2.171510792473672724e-22
-2.593555333718933693e-23
-4.315820153899598132e-22
-2.965309682222466084e-22
-2.273749381472659733e-22
-2.845410619641701433e-22
-1.711822944489785779e-22
-5.205521310626852767e-22
6.622357446455557761e-23
-3.386913887227818114e-22
-2.466769177513253167e-22
-2.134543297304456663e-22
-3.198617801348755159e-22
-2.486173102872126270e-22
-2.080278628441665991e-23
4.855122762546989882e-23
-2.654911230833454504e-22
2.018029609543630927e-23
-1.885076539569326105e-22
-2.312461891316175752e-22
-1.959443054301210320e-22
1.652007319882402244e-22
-5.330337494428250150e-23
-1.588553674810821492e-22
-4.591950119322431515e-23
-2.917039350234952178e-22
1.823434915987453579e-22
-3.348074121743127773e-23
1.143855571789351809e-22
-1.010212829742105851e-22
-7.696913934208097954e-24
2.376767155275733648e-22
6.346034925218537909e-23
3.705507882936388376e-23
1.762709707980128568e-22
4.584393358349198220e-23
2.152644876518230319e-22
2.221163301943637719e-22
1.093472668252108019e-22
1.136910682047878389e-22
1.686028268010885635e-22
1.058241364835908845e-22
-4.609940833855356971e-23
2.357082730992863531e-22
2.071372880035292345e-23
-7.550754842661613083e-23
1.959415319378099383e-22
2.046454162675393082e-22
3.943917592194059308e-22
2.351514246426807797e-22
3.397791882201958020e-22
1.719539878243513055e-22
1.369956829199119835e-22
1.418122807245207414e-22
3.546751615282405134e-22
3.204608465838118933e-22
2.341733272340554251e-22
1.595275050942845995e-22
4.112294048584641608e-22
2.191589647321701759e-22
2.505606902259406970e-22
1.107489256667994326e-22
2.289877407795156034e-22
1.050925319249503900e-22
2.404306432422458848e-22
2.691604277437388726e-22
2.256661906595780432e-22
8.290422461935681605e-23
1.028003250426573636e-22
-1.146813684988737756e-23
5.093203637224670256e-23
4.330414742233948441e-23
1.538648718350218399e-22
6.817670222383383984e-23
1.545595250499262265e-22
2.620120807583381765e-22
-1.460732829385534931e-22
1.681401082087987924e-22
1.565759555131471612e-22
1.274550388388079809e-22
-1.319321594620366393e-23
2.396919127927069195e-23
-6.804671692282366778e-23
-1.535872966460760503e-22
7.650698532239713677e-23
2.984758420829041626e-23
-1.986082111137993299e-22
-2.402222757168902091e-23
-2.601126227201957827e-22
2.096078091445569246e-23
4.343847911430018031e-23
-9.915140474993401703e-23
-1.482154615721869777e-22
-2.537187382339310026e-22
-3.964431463421352194e-23
-5.341494467726794083e-22
1.061594502527905634e-22
-1.983100222069815068e-22
-5.468777954837426613e-22
2.548544793669231375e-23
-3.336359926019345170e-22
-2.746664614255553256e-22
-2.412250064781328492e-22
-1.488005171663617278e-22
-2.814055739096973340e-22
-2.785641020651304272e-22
-2.359906761637841595e-22
-1.511526818096783113e-22
-1.468824378981926126e-22
-2.395737452540650407e-22
-1.636872905115066415e-22
-2.259718202308958058e-22
-1.573569703795532017e-22
-2.060167833376368263e-22
-3.147406144991794435e-22
-1.584430676336352168e-22
-2.661661943917203453e-22
-2.706383929559906441e-22
-5.143785446451385420e-23
-3.330613069240083742e-22
-1.287772359740554354e-22
-7.075101089496304001e-23
-2.641125794040605646e-22
4.533051941051585702e-23
-2.212415857042641875e-23
-1.727121435710943419e-22
-6.117814568081371727e-23
1.774361051376565601e-22
-2.217367888867538859e-22
-1.538367362567588368e-22
-9.796272160703709720e-23
-2.409348528676540553e-23
3.925651400587364645e-23
4.996090541898063131e-23
-1.170568725051178459e-22
-7.182095001239504915e-23
-4.137680580748783802e-23
2.552327532886600076e-22
-5.166151459720288922e-23
2.581889019731493149e-22
-1.329323985695759771e-22
1.861141549601453873e-22
1.916574232796503451e-22
2.037659945057787041e-22
-1.254384382254736687e-22
3.466513917510064331e-22
1.216807118557923516e-22
3.057254557037665495e-22
2.503673723875141528e-22
1.283412399441395905e-22
1.313782809920412972e-22
2.147182767865685291e-22
1.466082029165968679e-22
3.204942714755689987e-22
2.778264095738564521e-22
3.541788006260939644e-22
1.543472812439552509e-22
1.496919139956647849e-22
1.091365504045877974e-22
3.598182324823426608e-22
3.177242082939216069e-22
1.317049623573558741e-22
1.401077708599588989e-22
2.122462607135262213e-22
2.501556935292521622e-22
-6.834048708542018552e-23
2.837990532791460605e-22
2.260314338229123476e-22
4.231106371407563681e-22
1.609181445264086686e-22
1.470425510546560940e-22
6.256160078935788138e-23
8.358088927768983555e-23
5.394667548489766281e-22
-2.336013502594890369e-22
1.532911275296162028e-22
-4.258031912988399266e-23
1.343613522729200216e-22
2.634863390547560016e-22
-1.832080995366859484e-22
6.922151336293587968e-23
5.650824829683041713e-23
3.283983061484002040e-23
-4.445841444173229980e-23
-4.833021890650523589e-23
-1.049411843910550772e-22
-3.656860616424042975e-23
2.696979023278697558e-22
-2.056674083654716123e-23
9.231168094410107161e-23
4.858279608852820313e-23
-1.696916202497033654e-22
5.072685156751913280e-23
-1.519855993979891148e-22
-1.099809607892155980e-22
-1.595293631570772416e-22
-5.492504988694141427e-23
-5.962230072598357912e-24
-9.697078516941780670e-23
-2.164853833898517435e-22
-5.251375454936302745e-22
-8.580950152991808430e-23
-7.310909306360807474e-23
-2.873551789502425495e-22
-2.522733017297062203e-22
-3.559350167365089750e-22
-8.502981170018710833e-23
-1.212679885613753048e-22
-2.386151349238351548e-22
-1.735188599907520324e-22
-2.613709631512059805e-22
-2.484398320284076396e-22
-1.143851961451289816e-22
-2.007631960392951150e-22
-3.730929812248182239e-23
-3.746628269408157572e-22
-3.238369873253650014e-22
-1.843987870121682192e-22
-2.121664811749751112e-22
-5.727597910866907457e-23
-1.693324598361167638e-22
-3.193834786821720814e-22
1.346752673338514116e-22
-1.221521447610745703e-22
-2.412041032144575361e-22
-1.160287627094513195e-22
-1.823468150640186283e-22
-2.033815333259993238e-22
-1.190320153297387344e-22
-2.813372903075989196e-22
-2.815641878078108506e-23
-2.194961108604809129e-22
-7.166505589822539772e-23
-2.277352333120087221e-23
-1.328295445291046182e-22
-7.752010285811153548e-25
-2.309108623968540091e-22
-1.784863270976636508e-22
-1.194810630172565258e-22
3.833888119462934986e-23
9.757190070376072232e-23
3.000887827996548533e-23
1.812380927035369837e-22
2.552361520727374580e-22
4.726499346764148672e-23
-1.312740226813584083e-23
2.721041905981588973e-22
2.751433850274016308e-22
-1.848121847492004054e-23
9.033791140171823856e-23
7.617797440756496121e-23
1.051971285269778984e-22
3.827388027385379914e-22
1.606658314160829835e-22
7.803417503111668957e-23
3.090135221409725643e-22
2.176350011494790783e-22
3.210725452979806996e-22
2.951201588884646651e-22
8.923827847646066073e-23
2.788412855766542510e-22
5.866765889231400126e-22
2.110722497961771860e-22
2.099064583011203725e-22
3.052156132304974573e-22
4.416225330778138734e-22
2.107471893630284893e-23
3.722571682603360042e-22
-1.633550992204223886e-23
2.520165369547647899e-22
1.032311918273457192e-23
1.515923338229536262e-22
1.248330756707506468e-22
1.271603914535246193e-22
1.690909218035486279e-22
2.164215997641553029e-22
4.414802793610381499e-23
9.952879929220598081e-23
1.813855265067368549e-22
4.183697065689799902e-22
-6.027646084389873076e-23
2.604303950900040471e-22
6.776756650923813497e-23
2.155261523020284526e-22
2.492167856128094995e-23
6.436333510594537557e-23
-1.025806594140104137e-22
-1.162241124638570088e-22
-1.642560777608088576e-22
-8.837541888440938348e-23
-5.645917707274910689e-23
3.370788019771282125e-23
5.047080629483760320e-23
3.453531489490806046e-23
-7.100426784453258054e-23
1.406686129738346997e-22
-8.235809651193690461e-23
-1.775835328512078293e-22
-1.030449141505778266e-22
-2.538694064736773192e-22
-2.923077029818720408e-22
-1.130441698038190670e-22
3.907319630739252186e-24
-3.781707852689782523e-22
-7.341401053976978030e-23
-1.046418826628884359e-22
-5.583592179564692452e-23
-2.857140885482221030e-22
-3.663585167805188661e-22
-1.432358088939425390e-22
-3.158509948720295371e-22
-1.180370552067632436e-22
-3.327278582667583470e-22
-8.761718640774181927e-23
-2.604977258284025704e-22
-4.276954242553422505e-22
-1.124811258968568614e-22
-2.283028507988176483e-22
-2.036971407735325673e-22
-1.987297780615995586e-22
-3.763415724166982739e-22
-1.233554893904952605e-22
-3.287729087465354658e-22
-2.842412217436690034e-22
-1.445238979172812720e-22
-2.619781330095114383e-22
-3.094653233256534035e-22
-4.328260298403495323e-23
8.973562653794147528e-23
-1.021775331243496163e-22
-2.509200365797376848e-22
-5.939088264074617313e-23
-1.286086867592760820e-22
-1.103761807896373498e-22
-4.461075134189667414e-23
-1.787058957028224583e-22
-1.154540660003119581e-22
8.752745881308030099e-23
-8.831193267883179234e-23
6.089376583369099079e-23
-3.877990631029845569e-23
1.924501189754407995e-22
-2.840507236217967846e-22
1.368030861518432725e-22
2.379751076672570744e-22
1.357648492325371464e-22
1.675721598190621039e-22
8.076746662713757370e-23
1.559051445912946652e-22
2.505169269421568740e-22
2.642563749196461979e-22
1.611177223183540824e-22
2.060658858656915054e-22
3.587037615120516149e-22
6.355610214133511976e-23
4.051946100420473814e-22
8.256824738185488320e-23
3.106117545004693898e-22
-3.292047258659953763e-23
4.693908328934216697e-22
3.341710762458916561e-22
1.986335175667541983e-22
4.060666026056016283e-23
2.750944380644265501e-22
1.993576517112939980e-23
3.160540777608711797e-22
2.949217321639686528e-23
7.953831629885131691e-23
8.576866470543325690e-23
2.040144180793842820e-22
5.927602696761278192e-23
9.381927932948934842e-23
1.203952279653578868e-22
1.150624403262554634e-22
4.088856566835880987e-23
3.396808393138974759e-22
1.960895759656549209e-22
1.279796734320874805e-22
2.317263050969688292e-22
4.178513872737409421e-22
1.952107981590156555e-22
2.214791365993447931e-22
-1.426280391914176850e-22
6.052936895917921282e-23
5.728911967415333580e-23
3.442142845299445746e-22
3.955765114743000680e-23
-9.927853220082497340e-23
-1.445642948758011998e-22
1.457281707207646322e-22
-1.978831513010199379e-22
7.401250859379129290e-23
3.487156827120484256e-23
-3.096130219481869927e-23
-3.591720152998321286e-24
1.274171058469642777e-22
9.503012188134340635e-23
-9.856134278460816985e-23
3.356050141139210075e-24
4.145881920766459800e-23
-2.123022211437151659e-22
-2.901311602324296496e-22
-1.090720896240870894e-22
-8.382955097838599761e-23
-2.912384642751699693e-22
-2.905436119721472855e-22
3.693571814456551794e-23
-3.421740374258017465e-22
-3.402058530505950944e-22
-1.109082838768037938e-22
-1.397301691005799130e-22
-3.447321398855275174e-22
-3.569440578550135737e-22
-1.114595522215163252e-22
-2.398283577586039257e-22
-3.038696925898933952e-22
-2.564461332346962114e-22
-2.560570122486899147e-22
-2.879241682759097980e-22
-1.933441926704557834e-22
-4.564871106668090985e-22
-6.653365335137553238e-23
-1.313661722695145924e-22
-1.842844710459376035e-22
-4.045431739649411247e-22
-1.384541484066044883e-22
-7.973658018784730197e-23
-3.521958106070801310e-22
-1.038058529123562087e-22
-2.880483313762009410e-22
7.342214913775884228e-24
3.814755952878467156e-23
-3.237520254920335987e-22
-5.422704769631821008e-23
-2.377840400992530876e-22
1.180773268304352158e-22
-1.200423229993205099e-22
1.708875506463886574e-23
-4.617853497296178127e-24
1.587813873996414409e-22
1.070889024870865941e-22
6.678211251941000055e-23
-1.342232978593930968e-22
1.426214506804147129e-22
1.311563815311420855e-22
-6.561292655235104436e-23
6.500811995404541738e-23
1.317454719487398401e-22
1.952400600283102037e-22
8.578274691205396423e-23
2.354421778965956363e-22
3.774129593026698573e-23
3.874348577598518326e-22
-1.736295646697279620e-22
-3.702710194588640431e-23
3.125651866050169209e-22
6.600399408564189631e-23
3.858797546018750196e-22
1.683144361706020399e-23
3.226932401881385508e-22
4.021814875991668131e-22
3.417665810518846398e-22
2.001776167398825398e-22
3.549281866562410029e-22
2.306636788852110955e-22
2.422378910084940013e-22
1.157289795983858281e-22
9.591167148797498555e-23
1.089709603418651768e-23
3.988522537205387196e-22
1.654980064113750763e-22
5.384349071858316863e-22
2.559602200112608488e-23
3.844754828231910778e-22
-8.969195907742884632e-24
2.139644087632081239e-22
1.574101859908769330e-22
7.909982108000198963e-23
2.247365500224680903e-22
2.874407869079441024e-22
4.453483287028423755e-23
-4.705030570025817842e-23
2.122170594448158132e-22
-4.968756581117297594e-23
1.206226146481004620e-22
2.463081794013186206e-22
8.705785651447661378e-23
8.512570278320900730e-23
-2.886226522295786145e-22
-9.563025116325558708e-24
-9.738075212749679707e-23
2.165811428519664139e-22
-1.463949724700426439e-22
5.383199182190853865e-23
3.989927267625946015e-23
2.492157818297333715e-23
-1.238475082208481002e-22
-1.193713937345977548e-22
9.058140798719238161e-23
-2.002393451529864029e-23
-2.720928668932996817e-22
-1.722267529660355270e-22
-9.380073263278823393e-23
-2.946603028788618022e-22
-1.587141134500382433e-22
-5.076584895401180168e-22
4.348884375364897708e-23
-3.453014878679933074e-22
-2.734309104489073097e-22
-4.539482878642913200e-22
-3.203655595112186621e-22
-8.265667219649616317e-23
-3.670800681321157797e-22
-3.759071639850196469e-22
-2.011794225743897751e-22
-3.642748281643595821e-22
-1.684568369157776558e-22
-2.485935257901376304e-22
1.083187681034994336e-23
-1.446196696185405966e-22
-3.004267888149276790e-22
-2.761898994588770032e-22
-1.978373740932285650e-22
-6.634343945067347631e-23
-1.599618817555752107e-22
-2.232941948001388804e-22
-2.012754136975044360e-22
-4.483250780773615741e-22
6.437650576761065454e-24
-1.066339484971210272e-22
-7.599479768279870192e-23
7.624205601914320203e-23
-1.297586078198260179e-22
-2.451177599234286587e-22
5.696530758935200644e-23
-1.400445951837572262e-22
-3.437275521598114087e-23
2.947782470477058282e-23
5.269553539084157128e-23
1.194908311847049475e-23
1.445759475183185515e-22
1.234244676381722244e-22
-2.931143007383328417e-23
2.945097317182246352e-22
9.881284319303652667e-23
1.645765459790622257e-22
2.814134194376921133e-22
1.410489108322349469e-22
2.557398407931960364e-22
5.313829514192957069e-24
2.596173710882020880e-22
1.313606376326077156e-22
3.035325112966841057e-23
-7.823837477744312895e-23
3.551637008627395962e-22
-1.850761108798576146e-26
3.738433109190538650e-22
1.484370451263712670e-22
1.578855987190310982e-22
6.743095500239123149e-23
2.661331596696575245e-22
1.120270042117617311e-22
3.361305769892529045e-22
2.986908420740164797e-22
3.557104620353013346e-22
3.346669664549557474e-22
6.253786079432185026e-25
4.989869743067150256e-22
1.013947553713407934e-22
1.236510166702494795e-22
1.136690805759930198e-22
7.304865558328420512e-23
1.334463286074479662e-22
1.488388806532964507e-22
1.017569574192462503e-22
2.154806434852648323e-22
-1.465168041802088783e-22
2.457180070928770846e-22
-6.979479889321166043e-24
1.142875184679782212e-22
3.808643391498036684e-23
3.005079414035642334e-22
-1.522241573052092816e-23
3.100586629478405218e-22
-4.522769234768650487e-23
3.479587962035602423e-22
8.434662123463221789e-23
-2.895291166481385644e-23
1.420649199072158766e-22
6.977742332539608291e-23
1.806120329207821833e-23
-2.350512046324006128e-22
1.507428877812890150e-23
-2.822484831653436064e-22
1.501810656582490794e-22
-1.322739948287791041e-22
-1.753522348149430180e-22
-2.243380944558701581e-22
-2.290054281816188290e-23
-3.467452149474655602e-22
-4.425290180370247164e-23
-1.706781018140357093e-22
-3.396705488824418678e-22
-3.913021987631141436e-26
-1.818564606772802283e-22
-4.661387238271751053e-22
-1.642415916938971822e-22
-6.415798786275088154e-23
-1.808151682134143055e-22
-2.778574869960506178e-22
-1.738909107948050056e-22
-2.446010329275429940e-22
-2.268174416943885648e-22
-3.533358186453914044e-22
-2.154547281677674878e-22
-2.314536008560994326e-22
-4.988026034687675376e-22
-1.620683475340354517e-22
-2.582046725738086633e-22
-1.760945787610360309e-22
-4.885453709744207454e-22
-1.810747767377768889e-22
-2.440721455740436379e-22
-2.197867294441338729e-22
-1.857706618190149417e-22
1.168624515285785966e-22
-5.701039013760585791e-23
-2.203829698679681049e-22
-1.917310248380560178e-22
-3.034484078105657511e-22
-9.931232033237641327e-23
-1.504786650627974928e-23
1.866397693680199037e-23
-1.043554708301195515e-22
1.699082152104526020e-23
2.321770932951823735e-23
1.523448106451064060e-23
2.497487343709437365e-22
1.515972521324276544e-22
1.249660403781483957e-22
-4.628533818234952490e-23
2.830729714595398241e-22
-1.045309315772841914e-22
7.944305452470421413e-23
3.087371401917752403e-22
1.841951982802067302e-22
3.256885023694198337e-22
7.333985799615590973e-23
2.862356585407496915e-22
3.697049979200110278e-22
1.775505690693036375e-22
1.096854741549105015e-22
3.553865411881024973e-22
1.385461193286921419e-22
4.308392309645960691e-22
-4.323850799162983041e-23
2.852845925955167646e-23
2.453167394542532918e-22
3.782892083056998309e-22
1.688329243934665308e-23
1.993976145742093589e-22
1.377860181219163975e-22
2.799547859603706810e-22
4.301914640488808818e-22
2.392027714894364851e-22
3.367501582998513495e-22
1.444027821221977154e-22
1.470100029059213542e-23
3.263321513038231373e-22
2.427605990086010715e-22
1.627714678591176085e-22
1.192531897823395252e-22
1.734268527467142764e-22
-2.488333785956734845e-23
6.734548970235639008e-24
-8.005955214640191805e-23
1.110641499822023465e-22
-1.688708883492684060e-22
-6.341873861692005604e-24
1.440776529052935400e-22
6.339474290867849107e-23
-4.864266536113890340e-23
1.540382643763283975e-22
7.895099338235146004e-23
-9.827441547740299541e-24
1.565010938895049621e-22
1.421424236590670195e-22
-2.164724663008584920e-22
-1.359186098401336856e-22
-1.990673745665911996e-23
3.807207481945648020e-23
5.686235617779948395e-23
-7.862926446767677053e-23
-1.760339937842205912e-22
-4.378335729170995070e-23
1.464926827548563766e-22
-3.468576950834466434e-22
-2.211448229448608764e-22
-2.468609545592690860e-22
-4.339233076891776630e-22
-2.072294286434611202e-22
-1.416146487636765725e-22
-1.736409151493786499e-22
-3.707827799504788102e-22
-1.879221980035780629e-22
-2.893981490041069284e-22
-4.568418285502276435e-22
-8.552182978618521033e-23
-3.070056923606111091e-22
-1.021046500126509303e-22
-3.391662875356840569e-22
-2.587270723829388194e-22
-1.592711635809683636e-22
-2.411067575832369555e-22
-3.809422050342012934e-22
-5.467523972391372387e-23
-7.281661803327931390e-23
-3.452028699509563166e-22
-1.851889199207629132e-22
-4.450188313410657350e-23
-1.418376084291632169e-22
-9.425090980812898174e-23
6.416285983463056811e-23
-3.100102209815852034e-22
-1.678846333706702148e-22
-3.917661000682810398e-22
-1.467535101523078744e-22
-1.123775582460705477e-22
-1.154647833786481425e-22
-4.737352374127527912e-23
8.809953012357064103e-23
-5.206047172935417158e-24
1.295902846822112267e-22
-1.430218056848506750e-22
1.266028213618252326e-22
2.625421137552914428e-22
-4.951677408678011295e-23
1.097718622320491502e-22
9.942409171227883653e-23
3.502026605494335251e-22
1.336411713155660174e-22
2.457198876347373235e-22
3.164818941531100636e-22
2.289318383124460836e-22
9.419815589794338930e-23
1.133449828312463234e-22
3.768485708462036267e-22
3.019611029532608511e-22
5.209282514101662047e-22
1.526136344360513645e-23
2.562823338444243369e-22
1.982702622855326018e-22
3.583347719009665454e-22
2.200849202971544040e-22
1.676728295530426457e-22
3.045816826752615361e-22
1.821061082830704206e-22
3.210812107006195530e-22
1.713371499407710254e-22
3.877629259997996803e-22
-8.812837371409862280e-23
2.673214888126017051e-23
3.380104538315001725e-22
5.026493697642729502e-23
3.445578157526978009e-22
2.932775948240838741e-22
-1.249364094580528896e-23
3.452714297651139407e-22
1.986400773482654120e-22
1.465342683652126365e-22
1.557451081818237134e-22
7.108778287686420538e-23
2.165229467231730549e-22
8.158844860579291818e-23
-7.842840357598843814e-24
-1.714945762226666794e-22
-1.492929416567211117e-22
-1.015575034630059108e-22
2.521189295938434858e-23
-1.848179626357817127e-22
-4.889840733764542439e-23
-1.082428282245531821e-22
-2.640052763277780033e-22
-1.518082518253820470e-22
-1.484646937597142987e-22
-4.057005038052956332e-23
-2.158031772132725137e-22
-3.409089405492256514e-23
-1.683843277811045310e-22
-1.974488405943058716e-22
-1.139111027805247482e-22
-3.116661725661289011e-25
-5.477822812925441677e-22
-2.599201124137165634e-22
-3.518777047961655680e-23
-7.369874783395022124e-23
-1.399577281767594882e-22
-1.879311827509090298e-22
-2.682987358066492770e-22
-4.042893364642565101e-22
-1.578119086201276247e-22
-2.377136869206087583e-22
-9.616160221719359331e-23
-5.133672641395698905e-22
-2.048216689150351298e-23
-1.869002122461157852e-22
-3.101027147136891907e-22
9.262297618716409956e-24
-3.904374254010628966e-22
-1.900083309966478475e-22
-7.693042039292173268e-23
-1.601222126770393018e-22
-2.967143515001390494e-22
-5.545938646176353978e-23
-1.102214284579743607e-23
-1.936231671286355226e-22
-1.135391771018513157e-22
-7.479093265667068213e-23
-2.956915598820604333e-22
-6.296381490585239744e-23
-1.025230053214039102e-22
-2.477943131216585170e-23
-1.606143820495181281e-22
-2.938311322412907772e-23
-6.760525746807363525e-23
1.908553756495187165e-22
2.928915358025136779e-22
1.627011381980932970e-23
2.017654540744053036e-22
1.232709654706353443e-22
4.369396551178714485e-23
2.304405011282749544e-22
2.737092333370031852e-22
-1.062431780376392789e-22
9.591303626890685177e-23
4.148577908247727170e-22
1.831885253777316481e-22
6.682108691983177666e-22
9.325373822842035136e-24
9.647483724984191400e-23
1.218483339946006797e-22
1.980408688746140977e-22
1.839032172045818375e-23
2.088440695265495818e-22
1.126903569073806777e-22
2.033763936198350536e-22
2.671303160831284721e-22
1.141222986947829133e-22
3.135670657509047068e-22
-9.105893325416016981e-23
3.957076827308647745e-22
3.604354653611638646e-22
1.282193715490642879e-22
-1.498341046557980318e-23
2.963758945204151986e-22
-3.982604002466082505e-23
1.091374741941152196e-22
2.360626620827880769e-22
4.136181548028896333e-22
2.235528648250037857e-22
2.517692193049665407e-22
-3.013006867504095364e-24
1.310519524849302601e-22
1.958590166889605150e-22
1.834113895756710846e-22
1.857981231175807270e-22
1.765004255516569122e-23
8.865079070382194599e-23
1.038155333521919917e-22
1.945963943458119002e-22
1.319045660075986178e-23
-1.202150723540244221e-22
-1.301903882484047848e-22
-3.312574497474618865e-23
2.558228659608671079e-23
-1.089734738921921343e-22
-4.165786495309577652e-24
-3.881930662891471549e-23
-2.253172346139359927e-22
-1.697826644833203195e-22
-2.678262343247848914e-22
4.186374262786083129e-23
-4.728866394923525859e-22
-3.530522975805648170e-22
-2.094735865711321316e-22
-3.439972141485792483e-22
-3.016212903194341383e-22
-2.061412810982745939e-22
-2.757563148175386883e-23
-2.843491123924055863e-22
-1.024990922434660263e-22
-1.983259958698775302e-22
-2.586900311869120134e-22
-1.404954845156809811e-22
-2.940785921034396512e-22
-3.806495253267963789e-22
-3.317669292228727538e-22
-2.555616248912781036e-22
-1.839550741889237735e-22
-2.648377556440654237e-22
-2.076108003545966544e-22
-1.341861151855331735e-22
-3.308579122241061610e-22
-7.821809159058490535e-23
-2.509715482209675949e-22
-2.444342719882766218e-22
-8.920159806812919990e-23
-2.066956696410027653e-22
-1.348008003743830735e-22
6.268726519816085418e-23
-2.073439143041645542e-22
-2.810403340022383253e-23
2.207003882339601564e-25
-1.709127331022906729e-24
-2.015552091026221659e-22
1.852350662028970574e-22
-3.876930562949144195e-23
2.320745996252320193e-23
1.401233205625148512e-23
2.282796150497304409e-23
6.042293137077062179e-23
8.400674940243586200e-23
1.519635713366440802e-22
8.386768333658726404e-23
8.380219344452166156e-23
2.962173896798874741e-23
2.972164809038855418e-22
2.266346528064468644e-22
3.191742806255700256e-22
4.223683430022231689e-22
9.947440744949488229e-23
4.398265251551330395e-22
1.926733379747495472e-22
4.477844591770919220e-22
3.741029405106140022e-22
4.500541019942759268e-22
2.201168560740897657e-22
4.549571414777029415e-22
3.433275625582240664e-22
3.044847094111481744e-22
2.961537703309009959e-22
5.092289887514596556e-23
1.969965032456364636e-22
2.324660563300240227e-22
1.317382352603495417e-22
1.654002506841469513e-22
1.359285534456057204e-22
4.546903265772196649e-23
2.499877237668497514e-22
3.443196721595292134e-23
6.955881985201670816e-23
2.327971853410506198e-22
-1.396330161273545414e-22
8.410388928746435667e-23
1.441486826350763228e-22
1.452848819460144581e-22
9.591234626598384238e-23
1.147431815036686760e-22
-1.555580822583994927e-22
1.128242545877541134e-22
4.375674102098549579e-23
3.697763135131414068e-23
-1.787636606575564866e-22
-1.158167752729599774e-22
-2.528211620741732925e-22
-4.449455543846529056e-23
-9.386195369910355150e-23
-2.103434962840350761e-22
-1.925899324750472539e-22
-1.211155205054448300e-22
-3.296738535132745959e-22
-2.421297441242739140e-22
-2.168496708962313412e-22
-3.045681828985350526e-22
-4.996177681197631625e-22
-1.657178142422316494e-22
-2.290845701894018450e-22
-2.388601486545649025e-23
-3.463395084484524868e-22
-3.194600375210716735e-22
-4.814930103250463202e-22
-1.483002134356193976e-22
-2.919395598271789563e-22
-1.863445459320318591e-22
-1.076645683089118697e-22
-2.360078832293482250e-22
9.552788051760598284e-23
-5.477075465685901973e-23
-2.966652389320007099e-22
-2.721252515571820285e-22
-2.060914550270293938e-22
-1.153597890486347833e-24
6.454969481984624274e-24
-1.511914079305322365e-22
-6.305078768491354756e-23
-1.568653946538013917e-22
-1.409433350218688135e-23
7.506896029720012894e-23
2.798648966391130950e-24
-1.188447550654249709e-23
-6.839473071031620190e-23
-1.093629590255112207e-22
1.241543295353988650e-22
-1.427402900752626382e-22
2.369437064598832225e-22
-1.422433334308543131e-23
-2.014336949261175012e-22
-2.076215129165528457e-22
-4.074958065735648436e-23
-3.980616130151893611e-23
1.269852189335873243e-22
1.123622539024064460e-23
-6.206032391501080797e-25
3.954167878801689975e-23
1.310283805335730285e-22
2.716844315595859853e-22
3.649470752409230200e-22
3.307398788719573795e-22
1.941711224670293518e-22
2.392649241546678102e-22
-1.074540043377783330e-24
2.364739643505450841e-22
1.488813104754441806e-22
1.774754139233673984e-22
2.284108072163017879e-22
2.645842177126996263e-22
6.503702202031601271e-23
3.352270540413785648e-22
3.126101864425164342e-22
3.374351802440866406e-22
2.307380692188558871e-22
3.067770482824286009e-22
1.963999782695993885e-22
3.542648806912669613e-22
3.680282390517430428e-22
2.851184905440522516e-22
3.687286742887892030e-22
1.884264921924032343e-22
8.428287825109371553e-23
2.620974945777399939e-23
2.062935153011823569e-22
-1.778330264347623758e-22
1.180115415162534290e-22
8.785362796234442209e-23
-5.784356698076222470e-23
8.383606412892102648e-23
3.349678491210278105e-23
-1.361825704938748450e-22
4.418233882209903517e-23
-1.213609331723887704e-22
2.433940336384033272e-23
3.373500262063717554e-23
-4.039511858136570486e-23
-6.012863338335277933e-23
-1.356185431035467624e-22
-5.842780319352935469e-23
3.351255611262352063e-23
-1.608437129617050980e-23
-1.769385499842978159e-22
-3.507076184104106787e-22
-3.163114491144165022e-22
-3.210276096734721258e-22
-2.375455721778557804e-22
-2.579257521111535182e-23
-2.505803506263014667e-22
-2.622290186985178140e-22
-3.807842869878285019e-22
-1.835964067241957031e-22
-1.768410827982692613e-22
-6.552476985205063942e-22
5.179091899328808194e-23
-2.547037891070758919e-22
-3.858774589744234641e-22
-1.660243926527000783e-22
-3.421215817964373862e-22
-3.091473954837931996e-22
-1.570520601837583938e-22
-2.675243561982119828e-22
-1.460561701670422941e-22
-2.360186691872536511e-22
-2.813598204475856009e-22
-5.476274890552819939e-23
-1.453714705898286050e-22
8.534440682979966440e-23
-1.377202893060018525e-23
-1.571960523891052910e-22
9.125646785709263791e-23
-2.286255631447530877e-22
-1.102955779747887138e-22
1.041570119398035497e-23
-6.214767948498404277e-23
-1.417085841891938950e-22
-3.639995178090342870e-22
3.124419062123494197e-22
-2.799659169810624233e-23
4.139307303427523165e-23
2.073861897249733155e-22
6.539439799404614341e-23
3.767754990374216654e-22
1.030054233559577745e-22
2.091334337369223561e-22
1.933677159548391784e-22
2.336122065395094304e-22
4.075533259162721181e-22
-8.976801665406183485e-23
4.113069667910589583e-22
1.955367983307124454e-22
3.733930486901547272e-22
8.495328676215367159e-24
2.440050191748963464e-22
1.012962239647400452e-22
3.350446567858797849e-22
4.186257506552370581e-22
3.992075405774881587e-22
1.386933206605692473e-23
3.839258588983647228e-22
7.958952242535486399e-23
1.908096812791778734e-22
2.597423651281465034e-22
3.911457889796719178e-22
2.873855785877082530e-22
2.252738302364789627e-22
3.734883515520291269e-22
3.834895099752762385e-23
2.309350566591171279e-22
7.538123244306037187e-23
2.833152690609262057e-22
-3.864907353388303879e-23
9.742497744698528094e-24
-5.896846992512316055e-23
-1.335941711162356186e-22
1.277123141633422686e-22
5.155377721668318136e-23
-3.913104709256590927e-24
-3.980019190357927164e-23
-2.505419702978239397e-22
2.346065259604179503e-22
-1.547066032485741989e-22
3.286480285760128679e-23
-9.925167545228840484e-23
1.509403166108916286e-22
-6.455877035219813074e-23
-5.770040171896757265e-23
-2.219664658215024637e-22
-2.435311688846593112e-22
-4.525248587327981724e-22
-2.638931788003623244e-22
-1.417389958158599702e-22
-1.561637428880074102e-22
-4.418849110578714296e-22
-2.089917296217886226e-22
-1.333460076236713736e-22
-2.229252801766282271e-22
-2.985835379839757883e-22
-3.429158628601407343e-22
-4.284691614086626306e-22
-2.937046177879764495e-22
-3.573171832992740806e-22
-1.210852606629723213e-22
-2.817766494396184533e-22
-7.031740625427003152e-23
-2.930808574776000865e-22
-7.325264306387329942e-23
-5.289457202448068236e-22
-1.166673478429768998e-22
-1.434081415315973161e-22
-2.769086935819352485e-22
1.362740396544918208e-22
-2.870595550423698372e-22
-4.737699917221399354e-23
-1.882016355264062874e-22
-6.794232233088301164e-23
-4.776666661238633049e-23
-2.487851531049469762e-23
-2.266633149221858150e-23
-2.643854922060387433e-22
2.641881998467047369e-23
2.294115385166329607e-22
1.238067400570620314e-22
2.644078608336028054e-22
-6.125225798614448228e-25
1.443947897090621388e-22
1.212307470470007197e-22
-4.818447110787700123e-23
-7.591372391084635795e-24
2.542353171061247109e-22
4.429302150919017893e-23
1.935910443985456273e-22
3.444810116315410669e-22
1.978879332864655548e-22
3.506417780454834257e-22
1.767835198011635105e-22
5.078377576880587804e-22
1.934772068940485690e-22
3.048504389323094373e-22
1.522419048414448079e-22
3.894578569982072347e-22
2.875589147339374468e-22
4.668473958074713652e-22
2.280706519196088235e-22
6.372025187467186574e-22
-7.671191355229899925e-23
3.939919478437991493e-22
5.922190774949670849e-23
2.153992151104457814e-22
1.211105509379638771e-22
2.164096771555942586e-22
2.869270369027089682e-22
1.099144126317001502e-22
-2.658523078235739789e-23
1.432745717914689943e-22
1.501536453334606842e-22
1.175681797319676953e-22
7.406552770946189646e-23
6.934342625033532175e-23
-4.422434206482836190e-23
-1.738738265438779315e-23
-1.021143291182720960e-22
-8.673913484656358723e-24
-4.222636030195506700e-23
9.957216151921115585e-24
-8.320789929552848200e-23
-2.391181128680117986e-22
-3.432644739391865602e-23
-2.643245561382567483e-22
-1.444574899237292984e-22
-1.769959440356996085e-22
-2.968200131818723546e-22
-1.904977266895648313e-22
-4.033200674590090654e-22
-2.351330586850134051e-22
-1.810265077568491989e-22
-3.125948866206984391e-22
-3.342394642533419947e-22
-3.401206338782623430e-22
-1.521492669627924236e-22
-3.881512864710382749e-22
-2.252864251512225402e-22
-2.514079948024646436e-22
-1.173094322796334139e-22
-4.078152512596676171e-22
-6.274137342863144415e-23
-9.239861275229573179e-24
-2.761170803998664340e-22
-2.080442015546978673e-22
-2.463716727688413987e-22
-2.206709116904544083e-22
-1.700526366701716952e-22
-1.893389565933860711e-23
5.628704924837950419e-23
-1.923587443847726670e-22
-2.631813014808666771e-23
-5.735870103040285669e-23
-1.231944361120640418e-22
-1.640779544780490351e-22
1.944951188949261157e-24
-1.791702491308734643e-22
1.766733102163294855e-22
2.144465623841947083e-22
-1.487635852518442651e-23
-5.005625844380477319e-24
-3.285405397870165864e-23
3.116901818698749110e-22
7.014307677308007978e-23
3.655375402906175024e-22
5.884340408348478998e-23
3.263615701509014342e-23
3.070050338520199658e-22
1.036895107046564068e-22
-2.161319711471179632e-22
1.834752604408479268e-22
1.616704450294772805e-22
1.949210379337972007e-22
2.939024280967580596e-22
3.689694105906033754e-22
1.469918876048495234e-22
9.446511270282564174e-23
-1.019569074398886551e-22
1.485449545495722979e-22
-1.748144583499817364e-23
3.272635556021267936e-22
2.465528119521680304e-22
2.196421590637147019e-22
2.996125630820793885e-22
3.432747773847020153e-22
-4.518578129559050969e-23
2.913780176463166362e-22
3.543399893268595490e-23
3.128386359265806778e-22
1.963175942270920980e-22
1.793996900805852428e-22
9.577384594283952251e-23
2.750546874815029079e-22
2.165431913211241928e-22
3.246224404413799935e-22
-7.573239655812725564e-23
3.639014734134365582e-22
3.871321742683840698e-22
7.031385365262921575e-23
2.617880466547904471e-23
4.036045591272679627e-23
-5.713060618524067545e-23
-2.883744941389299864e-22
-8.884357119616496981e-23
-6.769171566912156530e-23
-3.617725168672518699e-24
-1.880126110185360675e-22
1.558079729065089809e-22
-3.578198234026747352e-22
-2.304071170567422928e-22
3.937648924357998763e-23
-2.831584250226693767e-22
-1.599155963069419132e-22
-4.249467984258374071e-22
-3.279724946446341175e-22
-7.634052035590467971e-23
-2.386391014824380778e-22
-1.982688405381680420e-22
-3.326292134869408168e-22
-4.301008600045034095e-22
-4.719423843074761087e-22
-5.065469786210844785e-23
-3.709468999094938113e-22
-3.492010496664184411e-22
-4.318470405964720546e-22
-4.347141260068275438e-22
-9.029160612088560297e-23
-3.547445028536035471e-22
-2.173192641745743909e-22
-2.451853354617681302e-22
-1.667666928890326397e-22
-1.938989235622886649e-22
-3.146681704546364962e-22
5.201174421479044318e-23
-8.196183910900498978e-23
-1.356838989352868159e-24
-1.118488551884109774e-22
-3.856173764116436345e-23
2.331886073705693942e-23
-6.114317870441308426e-23
1.544259383607497240e-22
2.047916038989318153e-22
1.307971334751054625e-23
5.477347363856069271e-23
2.867898605993317281e-22
1.356695335738615507e-22
1.414408983802450356e-22
7.369786525626023539e-23
1.374897695414662507e-22
1.456965759179583089e-22
3.090892977649519254e-22
3.290170398420400805e-22
2.647167406944050565e-22
2.512366012048754314e-22
9.836147602242431043e-24
5.062755738601064944e-22
2.244869819483304515e-22
3.337084980719590287e-22
1.076533540614457745e-22
4.292882307274531776e-22
2.217479646739802736e-22
1.973659939698288826e-22
1.229630077534474783e-22
4.556921585234373142e-22
3.019033403958999908e-22
3.301337062684663354e-22
1.676465192888337450e-22
2.390149251931891236e-22
2.570487502538649179e-22
9.406562208400854522e-23
1.336624297655268781e-22
2.780834008046664521e-22
9.379371175341090468e-23
3.715317675428037692e-22
-1.094870473764084467e-22
-6.216372309372673273e-23
1.801068985212666519e-22
-6.096947038087757280e-23
-4.928686056973879851e-23
-1.610658875084579524e-22
6.764383995350530145e-23
-7.205089714687740678e-23
-2.423789415414172770e-22
-5.964296017201912809e-23
-8.456926671447971963e-23
-9.799629855135077845e-23
-2.082693278937887166e-22
-4.646235265498005247e-22
-1.361403233567859340e-22
-3.836390915838144739e-22
-8.182081745086833591e-23
-3.576056949606464907e-22
-1.996968499113102613e-22
-3.252866969881085436e-22
-5.910017524473365223e-22
-3.573608039398228068e-22
-1.461835392530005742e-22
-1.183723901022556571e-22
-1.179573126369996315e-23
-3.066840098326244834e-22
-1.462327182648646834e-22
-3.362803198748147617e-22
-3.286806601240877286e-22
-1.647527274426230254e-22
-4.821104235821928171e-24
-2.626078333811265713e-22
-3.771944528363715450e-23
-2.700797921371415738e-24
-3.698915421358985483e-23
1.895378005578402179e-23
-2.377295919576966702e-22
-2.348499020991737551e-22
-4.640880494599566315e-23
-2.721793571337446533e-22
-6.170905469509819380e-23
-1.618321927194249881e-24
-1.583618779084504881e-22
2.530821929621148399e-22
-2.107196931522750420e-23
-1.556559065698050559e-23
1.432959835831767111e-22
3.455566680018102999e-22
-3.719849434749867636e-23
1.116115958674010995e-22
9.915180204629190739e-24
7.674232809994367524e-23
1.064056639180252184e-22
-2.076278143017675142e-22
2.779631002618904370e-22
1.295454876818415023e-22
2.709721907213620556e-22
3.299224553279472405e-22
1.545899932331513211e-22
3.574979718983998808e-22
2.324847463779544512e-22
3.579648543637800762e-22
1.040793562694483603e-22
1.692888767683283886e-22
1.159707506781350964e-22
2.880045155538039370e-22
2.586552185086043880e-22
-2.417933254762683364e-23
2.269009322943256015e-22
2.819942241927277550e-22
3.462083146455552935e-23
3.582114789109079811e-22
2.213904336915606675e-22
2.159481987841470387e-22
1.255672255186496742e-22
-8.249929141435683249e-25
3.409104223401205794e-22
1.912455362225631807e-22
1.460240185192690025e-22
1.291948564587143590e-22
-2.057680538567155862e-23
2.356017546447864127e-22
2.797106661938437587e-22
2.759371445583466705e-23
1.037441258788074493e-22
2.407408094711532858e-23
1.715615229306128507e-22
-3.369594340141661546e-23
-1.153947666291596225e-23
-3.489923695097347462e-22
-3.373562430146411640e-22
-2.028967943587256766e-22
-2.827745090022505785e-22
-2.393135940321972089e-22
-1.380960767621136714e-22
-3.135843394487876585e-22
-3.480340808189662005e-22
-8.346689021375231174e-23
-2.872601639896167701e-22
-2.544911197413601950e-22
-2.594444152545661178e-22
-4.399234303578734374e-22
-2.095521443559361938e-22
-5.747131931462073911e-22
-2.129234790621462246e-22
-2.838761800956273441e-22
-5.107817534046007804e-22
-2.895482200486953095e-22
-2.075135534223575340e-22
-1.466455037188062432e-22
-2.803711323480332454e-22
-1.215627173782026244e-22
-7.632157172711332624e-23
-3.285864975703219126e-22
-3.341764647379943751e-22
-2.207045287583680384e-22
-1.508194830096836257e-22
4.106845501699502154e-23
-1.045837821075529738e-22
-1.000105033573732255e-22
-1.963498289636202606e-23
-1.659515016587319928e-22
7.371353902518091294e-23
2.933360612856091474e-22
-4.521557020805901605e-23
3.899016238212574485e-22
2.379051360693162970e-22
1.199945626720188017e-22
2.826458113331271031e-22
8.904223948480165671e-23
1.654563677613138581e-22
4.742017035233004222e-22
3.419488784610621089e-22
1.573646269186042226e-22
3.884155173808594308e-22
2.753622329950980776e-22
2.573074326342218284e-22
4.405885676079693460e-22
3.456392905509979757e-22
4.255310780571260481e-22
2.752830111331046955e-22
4.367683711991898144e-22
2.124975506545921695e-22
5.191639689770337030e-22
1.649513845749343983e-22
2.354349862191299844e-22
2.137476559541106111e-22
1.551316491282808155e-22
3.230766315933758593e-22
1.852861172364929186e-22
7.526928457108743837e-23
2.627764842756327736e-22
3.406695052099823631e-22
-1.102255200035391754e-23
5.622846328895361394e-23
-8.999516544488049850e-23
-1.888061481145176358e-22
1.613916929165190485e-23
-1.657882283983806662e-22
3.009268557310907021e-23
-6.594858044112358047e-23
-2.146198721146033196e-22
-4.216380582149118786e-22
3.385408134149438219e-23
-1.624031366422431449e-22
-4.261975760195501732e-22
-1.195520429544581845e-22
-3.590491733404697850e-22
-2.316443340085872536e-22
-1.961525954855189943e-22
-6.324916305516763734e-22
-3.521535295647448201e-22
-2.241661950440896863e-22
-3.393363665881262150e-22
-2.991798045947638746e-22
-3.063661632658013914e-22
-2.060677587369806019e-22
-3.729650943010462644e-22
-4.032977837522852733e-22
-1.496328263805471918e-22
-2.953523306005017447e-22
-2.887255328510573698e-22
-1.442824054347427902e-22
-2.213960420346607712e-22
-1.430822739749016981e-22
-2.603168382987999411e-22
-2.242799774179198643e-22
-4.842126785163046617e-23
-1.245131249268664661e-22
4.628696887646796838e-23
-1.219945392419695133e-22
7.246644466762231163e-23
1.044886284592952873e-22
-1.512446018839712803e-22
1.705595646628293180e-22
9.655382839992448399e-23
9.968723393446361529e-23
9.489854371660597001e-23
2.803268374903560210e-22
-1.990854747596719390e-23
2.831131524145176316e-22
1.985431493486674097e-22
1.476027974152982660e-22
2.419361457741290586e-23
3.924838958859726395e-22
4.250228801616351339e-22
2.536641843126619375e-22
4.495399677719879755e-22
4.498991629740869856e-22
4.826418104635575758e-22
2.414130811181364832e-22
4.403913240080938744e-22
3.982358175977818787e-22
3.332480888746571166e-22
2.424755636033484939e-22
2.096119421327994060e-22
4.511874200352585730e-22
-5.258875037279016990e-23
3.282730904257470354e-22
-2.072085178041765761e-22
3.387477656012660769e-22
1.042928937354741759e-22
1.321574467208865595e-22
-3.374919657686090839e-23
1.928198904430326735e-22
-3.383596043269160351e-24
9.985156226554538437e-23
-4.361638893051029214e-23
8.752207237508332462e-23
-4.622076487040707076e-22
-2.398375170614178272e-23
5.750405348701974565e-23
4.563780292537797829e-23
-9.228236551672483697e-24
-1.596791644324238761e-22
-2.858459767760979697e-22
-3.929650999733795334e-22
-6.994700022229152213e-23
-3.155086022599595791e-22
-4.677007619752463897e-22
-3.469418483107367700e-22
-3.707767993950494398e-22
-1.738728596740226609e-22
-1.785004943785696993e-22
-3.326454485996688870e-22
-4.774299589491877554e-22
-3.040948915414581249e-22
-2.681206135485162759e-22
-2.703060965463008412e-22
-2.589412477294374672e-22
-2.297742184851312462e-22
-2.457751041695989536e-22
-2.141026361567963214e-22
-1.753723096132357286e-22
-1.585108162903599548e-22
-2.581964203642635110e-22
-6.271505246078588730e-23
9.237268356670905107e-23
-1.189535539006268249e-22
-5.671748567700608350e-23
-9.293116854118388384e-23
1.594185676843309278e-23
2.169309091357297012e-22
-8.663876867806201129e-23
-1.152090943980514395e-22
-7.842918354008580104e-23
2.868094430937844607e-22
7.147581870326411610e-23
1.686629150612861854e-22
-1.477673080409559700e-23
1.946404976128379665e-22
2.410291404165288829e-22
2.770866575606507195e-22
3.487190958226379433e-22
3.622703743973995939e-22
1.858504905112541707e-22
3.019429872232648614e-22
1.352635931686876138e-22
3.694629557303715975e-22
3.653042183717915210e-22
1.705709907306884950e-22
3.185111311524667143e-22
1.781365502366047118e-22
1.892155921380895398e-22
1.624486809659321852e-22
3.325448065806314066e-22
2.373803637711976545e-22
3.026397758261301788e-22
1.742844575078919826e-22
2.375066968057641035e-22
-1.844042715997684507e-22
5.345746643270354539e-22
-4.814505493449909504e-23
1.819665553347892266e-22
1.660965044584929576e-22
1.547185908586194169e-22
8.782972281103025488e-23
8.011707672343319273e-23
-3.807314846072016896e-23
-1.448651034135625654e-22
-3.137228595624100479e-22
1.070455734509219148e-23
-1.589014684923270510e-22
-1.800012723052482857e-22
-2.486746714845735443e-22
-4.235210655691624544e-22
-3.022472693347307459e-22
-2.513660452312290686e-22
-8.985264959990609369e-24
-1.766801649139538203e-22
-4.328621602893959284e-22
-2.661758234092865282e-22
-5.745131254589106654e-22
-3.515102359842895396e-23
-2.248169005997337546e-22
-2.037508140680131464e-22
-2.677066202921422159e-22
-9.222469443601824378e-23
-1.792698499101026113e-22
-2.412668209694850206e-22
-1.490840296848669460e-22
-3.441116623753010063e-22
-1.875380486333994447e-22
-4.338944013771724295e-22
6.140886234799519604e-23
-2.228702876380433412e-23
-1.937299724819831564e-22
-1.211477472260907808e-22
-2.909002228192759532e-22
6.881190827546796511e-23
-9.990653792264328642e-23
-1.552411010053175514e-22
-1.630530164615911527e-23
2.341963915502136805e-22
4.979692679900065920e-23
1.668554208969538229e-22
4.001575510859009360e-23
2.555340319677155684e-22
1.789209480669273147e-22
3.920562933604053511e-22
1.741452005682175449e-22
2.217449327769863759e-22
4.629802357386233910e-22
1.513376051487084889e-22
3.884768133442905015e-22
1.236395491847520995e-22
3.174964891210538461e-22
6.216803936927300355e-23
2.710930950950088714e-22
2.367308087233698991e-22
3.455476726818751732e-22
2.475283805204713828e-22
2.450415040910250569e-22
1.636914626093045913e-22
2.184160344880208362e-22
2.686866116785079268e-22
3.013012868778899928e-22
2.993349500823096164e-23
3.210365534526199273e-22
9.687038035162568713e-23
-3.481831002435688679e-23
2.368114877672432086e-22
-1.058963069083916556e-22
-8.309261234495390003e-23
-1.206158885136618480e-22
-4.243652957077169747e-23
-1.745931742850150817e-23
3.567565954903505318e-23
-6.257397910696892189e-23
-8.993292381641874244e-23
-8.375399577390415765e-23
-3.977874374754439804e-22
-1.071896231232730796e-23
-3.418913560108836316e-22
-1.928487581160215896e-22
-1.423413503977626848e-22
-3.180196897123290238e-22
-2.003957673813933394e-22
-2.400750857208272363e-22
-3.541842910190945106e-22
-3.218635810276450477e-22
-1.245905142356838886e-22
-3.789003690309796786e-22
-2.330175429333762128e-22
-3.084001891164649646e-22
-1.781059049090629092e-23
-2.615015836647976679e-22
-4.158426821658765099e-22
-5.622899332863224914e-24
-8.070990672177740329e-23
-3.428839636047355137e-22
8.328738926774369408e-23
-1.148277179142388880e-22
-1.934853351495124162e-22
-3.517663020940268243e-23
-1.330363102568020608e-22
5.192232454628097952e-23
9.457231056906590810e-23
1.868278066632053416e-22
3.109368632267206786e-22
8.495953278921311608e-24
-7.355230799251452981e-23
-2.124771584374823472e-22
3.432274069765692155e-22
-9.212120844909833452e-23
3.047600170173085319e-22
-1.117304232148690882e-22
1.020207784366836249e-22
2.509486134146396571e-22
2.308019378892037031e-22
3.456406144635792018e-22
2.859688043592255754e-22
3.722849889918063702e-22
5.063840951452095214e-23
4.005056441385137056e-22
4.123819480533132604e-22
3.207790658559502668e-22
2.823725116754189871e-22
2.875380318130879306e-22
2.868738092111577564e-22
2.537770344296753827e-22
1.192664502337172376e-22
1.514507219755724069e-22
1.600564544731858093e-22
6.836284496076871231e-23
2.139172559777116719e-25
9.829394520835947500e-23
6.235868264528246116e-23
-3.359624479719437456e-23
-6.032653016687967311e-23
-6.777601059182154901e-23
1.552842615517759471e-24
1.478411794146744924e-23
-2.446355268768962708e-23
-1.821924408482653299e-22
-4.878704523475611876e-23
-1.584858254442726058e-22
1.741613062720063320e-23
-2.794455341677080591e-22
-1.854078665325516288e-22
-3.694780586689094914e-22
-2.043624239448393376e-22
-3.700151843118399873e-22
-1.551576707002184802e-22
-3.172096598081595780e-22
-3.608674726137543321e-22
-3.303679254006615388e-22
-2.080573917149133063e-22
-1.714079961096035621e-22
-1.403000552595248462e-22
-3.092923254165751071e-22
-4.345780627844115866e-22
-1.252025726408261518e-22
-5.918061263775677853e-23
-3.214525680442204928e-22
-1.284299018962688989e-22
-3.168780539026341551e-22
-2.333972860838203234e-22
1.262174740028804943e-22
-1.975416169151086920e-22
-5.509033943339721416e-23
-2.346055803641166680e-22
1.179495007089727125e-22
2.058579326400291687e-22
3.687386431803968370e-24
4.619014889338723374e-22
8.242080406193148237e-23
2.765160272450516896e-22
1.467917807255890862e-22
3.125446546401933681e-22
2.334591789199826549e-22
2.491153979235961002e-22
3.443813374506305044e-22
7.374852180281705708e-23
7.267467651249253357e-22
2.674689601975599134e-22
2.595259529374425699e-22
3.052769140308561621e-22
1.501749810650248379e-22
4.223819260481193611e-22
1.973321250225198446e-22
4.507294039926749635e-22
6.605530466880214773e-23
1.601824890417533322e-22
2.539149266172892475e-22
1.757560895709467852e-23
2.141986256350947049e-22
3.352962170727481572e-23
-1.536004320133148661e-22
9.832449926593036186e-23
1.894441916371607021e-23
3.742214813978591060e-23
-1.020970117914139778e-22
1.647836215662740065e-22
-1.738299634483170032e-22
-9.149762666732045788e-23
-1.761838270322157600e-22
-2.485323963179341383e-23
-4.370966441049612080e-22
-3.594005790851813900e-22
-3.725090466324238823e-22
-1.676099967422801425e-22
-4.171482348570531379e-22
-2.305112475432630731e-22
-1.169036423687782494e-22
-2.040571476235690803e-22
-5.296726864761007392e-22
-5.039388468452507842e-23
-5.524745201454510291e-22
-2.308278894576579209e-22
-4.066809491161013486e-22
-3.006967272285872435e-22
-3.610062336171723512e-22
-1.283470457820749397e-22
-3.612337554204970713e-22
-1.354692088177526395e-22
8.363156087907616943e-23
-1.396992661724616916e-22
3.531295361804156127e-25
1.004864531613143193e-22
9.244761700222565646e-23
7.776767367271257924e-23
1.220073934666020823e-22
2.054220584240270069e-22
-6.091421540724210217e-24
2.323979688161956053e-22
2.141458328009691627e-22
3.330474511153418279e-22
2.850419557968319381e-22
3.383471412832830238e-22
5.553462868567055981e-22
2.024913378744569633e-22
1.639445841399596199e-22
4.220443039189917918e-22
2.804364734441318215e-22
4.279441920963057289e-22
1.952743018548835190e-22
2.343238410346288056e-22
1.803663735684660341e-22
2.472193016688918055e-22
-3.194999569073955499e-23
3.473091319529703213e-22
1.824444867736985662e-22
2.077289500116116271e-22
3.361772277864284169e-22
1.409777690836906605e-22
4.447174859184512131e-23
-6.006135990596762071e-23
-1.757461153451631595e-22
-7.018202155969721012e-23
-1.038512087780099994e-22
-2.285427313300916691e-22
-3.651143579356218306e-22
-2.714354650317324757e-22
-2.456030136004677540e-22
-2.349904162678121238e-22
-3.223715771486132875e-22
-3.054975495926799218e-22
-1.686530115273788907e-22
-3.049908579718792595e-22
-3.827688069081949521e-22
-4.229971855844918331e-22
-1.181814631057357611e-22
-2.253592999752782504e-22
-3.116247699346968194e-22
-3.841948371605804721e-22
-1.834308519297782039e-22
-1.626639640880512358e-22
-2.287131266461158806e-22
-6.658208856150568104e-23
-2.368374306812346206e-22
-7.581170057570262974e-23
-1.789977885639599075e-22
5.875143216500926274e-23
1.038661414263266740e-23
1.526139992204480736e-22
1.202268988102562580e-22
1.796356147420388307e-22
1.858443837558520525e-22
3.678234259966065336e-22
9.087367773858600376e-23
3.453095521044443651e-22
2.455274006821532118e-22
1.081110813382667819e-22
3.225986381803119173e-22
3.233891230115248639e-22
3.055718892626327802e-22
8.160113284478143690e-24
4.696765653408837577e-22
2.677375455909169391e-22
3.053436386712842903e-22
4.419100381808351258e-22
2.462512733849809504e-22
2.225985440277153559e-22
3.622962416360646555e-22
2.285644798640755281e-23
-1.061659611686056833e-22
1.064939084459731057e-22
-1.234508924743858304e-22
3.298775569049152245e-22
-1.329898009285879571e-23
-1.354240809957962116e-22
-1.283079241144279851e-22
-1.700660635247203047e-22
-2.370251185564025246e-22
-3.439292866045811003e-22
-2.299293326308483517e-22
-2.612181928137905297e-22
-4.596117480281218186e-22
-1.044776811010508752e-22
-4.968286664847961569e-22
-1.586720137997014615e-22
-2.799276084270952625e-22
-3.755577656310863913e-22
-1.770249281517949910e-22
-1.958666631573924115e-22
-1.247128055130871769e-22
-1.787850373782478237e-22
-1.054033303360254258e-22
-2.999745166805542945e-22
-1.960140891969127483e-22
1.000955590117247677e-22
-1.281393552848774627e-22
-2.157029142310832340e-22
3.330457024171420113e-23
-6.257946913475276545e-23
-1.367352534123561308e-22
3.835507903324942924e-23
2.299462982682664238e-22
1.652487540479978041e-22
1.271446072345687192e-22
3.985326186851979233e-22
1.751050445530019540e-22
4.251332507925203895e-22
4.926446217350229046e-22
3.752970508391056346e-22
3.865625139275534025e-22
2.175801236493443191e-22
3.594747090755484690e-22
3.246279554873449701e-22
3.017805244520066712e-22
1.114530905551726475e-22
4.593552547653348734e-22
1.468105443009849147e-22
4.369167459973817253e-23
1.858734570601094506e-22
-1.089986748967799049e-22
2.859133720022745654e-22
-1.892675006188061793e-22
-2.131337070477480673e-22
4.190170989464818660e-23
-2.129632542877356972e-22
1.449637681447244025e-23
-7.294679820204452131e-23
-1.452024568085806966e-22
-2.543293391314153294e-22
-4.757228536921479795e-22
-3.627894133093476702e-22
-2.509552519976286042e-22
-3.828536494934840212e-22
-3.515576254069422470e-22
-5.768769204562543075e-22
-2.500115919297377069e-22
-5.166904336063173664e-22
-2.438329805165847400e-22
-3.326444820399292681e-22
-2.346515954940552171e-22
-2.695761258353356603e-22
8.168341341184433507e-23
-1.733884883968753171e-22
-7.824114084867432704e-23
-8.956531079063056797e-23
5.988391818859026153e-23
1.598651209924495856e-22
1.342375621737869595e-22
3.263397497090435193e-22
1.703617047538430992e-22
3.989122045547633205e-22
1.813404029848354114e-22
3.700381513791132434e-22
2.353839976776801853e-22
6.432552386056738919e-22
2.874880810900495982e-22
4.089503166377951532e-22
2.948435298965680890e-22
4.503573418313689097e-22
2.653482915643021716e-22
4.467142543439728082e-22
1.575763502241015162e-22
4.258982700249521999e-22
6.282202416414226294e-23
1.084001841097784920e-22
-1.543378129442907532e-22
1.422896197868904208e-22
4.206695526852458423e-23
-2.157076892496974707e-22
-7.527415109728634880e-23
-1.632449921967284068e-22
-2.445047249733635691e-22
-3.033932738666149998e-22
-2.487293982827720027e-22
-4.375700063766266121e-22
-5.699927392962791921e-22
-3.371953521032233758e-22
-2.281979138004306103e-22
-6.394239913768967149e-22
-4.188583303214257916e-22
-2.033820464401649854e-22
-5.093211152871875432e-22
-2.375151756792546196e-22
-2.722370247705596496e-22
-2.857918839169856176e-22
1.098944548971086488e-22
9.502528788127964700e-23
-2.351402822113204356e-23
-1.166002910423382537e-22
3.886613620613837228e-22
-1.023735889912741004e-23
3.594438142837633319e-22
4.064005367679165664e-22
3.026234092554934171e-22
4.146594332001520018e-22
5.897115422763573190e-22
3.704424256697238837e-22
2.547494984838463604e-22
6.701628514906731937e-22
3.107344967423129591e-22
2.529127632861446261e-22
2.518710215320236501e-22
-2.896838033203909346e-23
1.449571679975752150e-22
5.518717432189477746e-23
4.045023964705391302e-23
-3.619410904089167181e-23
-2.511757282557233035e-22
-2.651190639642745889e-22
-3.082686593475672216e-22
-2.639311184654630305e-22
-3.567417582280465316e-22
-3.909616790419708791e-22
-3.595864017197642611e-22
-4.244967633474364964e-22
-6.139102707911403746e-22
-5.060958753448664871e-22
-3.326434216118809707e-22
-9.428903039207314442e-23
-1.429560314676981529e-22
7.979191540488229716e-24
-6.547382996633902456e-23
2.631473603915925348e-22
1.148043531279910973e-22
2.870235711543146653e-22
8.590791501494995702e-23
5.100140039340050635e-22
3.806929001676108996e-22
5.945599632593859095e-22
6.465983647084080975e-22
3.864206286898387322e-22
5.482073822024321524e-22
3.039225288992382439e-22
1.583777085959620617e-22
6.422258885326859077e-22
-2.326626026158727139e-22
-1.550432864978176682e-22
-5.307141923027442192e-22
-4.072467454998427981e-22
-5.745144755765993282e-22
-7.378933473576739927e-22
-6.178540959987603653e-22
-5.485106412848272626e-22
-4.220329590036439302e-22
-3.226453203897385690e-22
-5.526679044335851047e-23
1.122117652456043089e-22
1.889439207203551299e-22
3.901492105897087405e-22
5.616489417010626952e-22
3.958686090266235761e-22
8.171714676714191301e-22
4.024982778305594315e-22
5.766185125514659935e-22
2.703679078533123000e-22
-1.911835051893238937e-22
-1.632039862356087758e-22
-4.885909770732918447e-22
-5.376544730583012924e-22
-3.632438334498514865e-22
-5.853685857038522241e-22
-3.647818301692096670e-22
-5.663553934995129725e-23
4.291682920260410220e-23
2.996572840948585658e-22
3.437641187881103679e-22
2.117394946239876655e-22
3.124736270182795486e-22
2.324670407811867649e-22
-1.005355873978137869e-22
-9.112994821508595457e-24
-3.299420783895243085e-22
-3.428840814054616657e-22
-2.905572369861791093e-22
-9.489541942340879999e-23
-1.026826109138677791e-22
3.045351440476354052e-23
3.021452077553622059e-22
-1.098493493911336592e-22
3.866033699113320687e-22
-3.087285433700888563e-23
1.111018043125018916e-22
-7.699502535805123576e-23
-1.049019984143257625e-22
-1.106499005711771811e-22
3.068761329872027680e-23
1.393089010540552863e-22
4.258251983324583330e-23
-5.191496978324010918e-23
1.184568657018852282e-22
1.780531481127949115e-23
-4.737583093949014992e-23
7.346469990484586013e-23
-6.945262267603261107e-23
2.740171506955082423e-22
-1.046919703086638634e-22
1.848696413842215865e-22
1.634847670075820793e-23
1.094978010914932198e-22
8.360770027627436026e-24
-2.156152156126664367e-23
-1.087768885788766714e-22
-1.622971851474400048e-22
2.190837748512424914e-22
-1.031710464089673781e-22
1.076128703798585217e-22
-5.816151065232754302e-23
1.425696270573918800e-23
5.425057498943737457e-23
2.212409124292415378e-22
-1.000320412941245671e-22
3.648316822192053030e-23
-2.295245841714667228e-22
-1.192341949458985298e-23
7.772240869352138089e-23
-4.057380103268255170e-23
-7.894388783351312786e-23
2.855050836339423212e-22
-1.682678298843037529e-22
-2.532731436150859792e-23
-2.134160712480393276e-22
8.840756597816200687e-23
-2.316390239229674841e-22
1.611307087625547797e-23
8.352300680572544993e-23
-1.088433161782975602e-22
-5.301429103089473721e-23
-1.774167792052864002e-22
2.234632338222710042e-22
7.010542061062435913e-23
-1.642580206538473135e-22
-8.753901979956294771e-23
7.256808490001972184e-24
-2.014792152463033512e-22
-1.354300368502111566e-23
-4.766037719538910064e-23
1.283535695219056191e-22
1.697426797545330701e-24
-9.449839848110323208e-23
-1.321301568285249092e-22
-7.846929673013060700e-23
3.308175216979196621e-23
1.180019984903904801e-22
5.348072249727040395e-23
7.519140436645534432e-23
7.335445107845606239e-23
2.245985407854337211e-22
-1.176071881879052669e-22
8.631656600396604252e-23
-3.568445609971626866e-23
6.091253208598915847e-23
-1.524172609754938458e-22
9.925510618741328199e-23
2.496818492907066167e-22
1.100649321071818178e-22
3.431480379017779994e-23
1.043220049796067688e-22
7.944615227197652258e-23
-1.829305274636431237e-23
6.649833736472631486e-23
-1.204542755113828279e-22
7.270968581926716315e-24
1.207651756204465580e-22
-2.730915770105980475e-22
4.432662648629116653e-23
-8.955178354416359637e-23
7.849970363319865818e-23
1.224119865391730384e-23
-1.277375536298927863e-22
6.259616385999244238e-23
2.936847478347388110e-23
1.651251612258246016e-22
-2.740899228442897555e-23
2.649717383034748691e-22
7.326481714008745277e-24
1.072977614466211289e-22
-2.431999554626876160e-22
5.902790520017269330e-23
-6.284790901574337601e-23
-6.439806377190019332e-23
-1.966660163587620438e-22
1.156476640525741083e-22
1.069278413510111720e-23
-2.597085578229384235e-22
6.199134253817517025e-23
-7.453242510437703653e-23
-5.193629839627146638e-24
-9.756671458739445753e-23
-1.989505813722913320e-22
1.469872263909916789e-22
-4.156258032735352597e-22
7.062620866925951699e-23
-3.079913550061372818e-22
-6.949554656215801124e-23
1.546573775103857142e-22
-6.152868468595233544e-23
-1.187526497495263014e-22
2.309388723836514694e-22
1.188603605409042272e-22
1.256479031203798235e-22
2.330626597072967110e-22
-1.907472527575874976e-23
-1.485611113670453977e-22
1.457386311449404492e-22
-1.652660194944507232e-24
-2.490194857785194705e-23
-1.718850175065448678e-22
9.216526052072141344e-23
1.766483996620663154e-22
9.217183395392189340e-23
-1.806875956322441149e-23
-6.260078480421572428e-23
1.872040482880901546e-22
-6.693214227713453637e-23
4.522787173951676148e-23
4.224643350058992021e-23
-2.782884528506920392e-22
2.743018216690913388e-22
-6.534694423484213573e-23
1.413982052669830505e-23
-2.138156550037346667e-22
2.580103732954898382e-22
1.547589047597852310e-22
-1.206658586917155075e-22
-1.022058575230719732e-22
-6.606994067201370745e-23
1.985736016544484836e-22
-1.344595479769623986e-22
1.524311354371036680e-22
-3.709029425029748795e-23
-2.625795938735510093e-23
2.539610685592294129e-22
4.540244325083188611e-23
3.177028240397540594e-23
1.450776414376592991e-22
-1.454982329473786276e-22
8.166602490368256258e-23
-8.347241178235901108e-23
-2.887479377690668751e-23
-1.804843526006427075e-22
3.229315913751190869e-23
-2.582819496824535719e-22
2.424374707365259363e-22
-1.630528232121576101e-22
7.992553792183654299e-23
-1.207496453813110231e-22
-4.913492873596452608e-23
-3.712982897014025217e-23
-1.159535307361177028e-22
1.552372719640007713e-22
2.093835318794528773e-24
-2.365379205280315317e-22
1.965024042901170898e-22
-9.698012600345808038e-23
-2.668592024371764952e-22
-3.829582268011674723e-23
2.088887224486426691e-23
1.611313867636827359e-22
-1.113054049531989306e-22
-1.032714510872323384e-22
1.535769361679409869e-22
1.840034978228174346e-22
-1.487044213066858679e-24
1.075630324196653617e-22
-2.741984352157113260e-22
1.071160089997113846e-22
-1.280572206576412131e-22
1.269630365799949333e-22
-2.448756901574666910e-22
3.156194640369367120e-23
3.529961065712615505e-22
-1.324218993204236376e-22
-1.400331590137602773e-22
6.996799689018468989e-23
2.827154115886330215e-23
-9.837591158866145635e-24
1.706444136397276252e-22
2.135858554389366226e-22
-1.000880084039499694e-22
4.387950134575886737e-23
-3.850362590368809744e-23
-4.554598986353394545e-23
-2.277629410611044212e-22
-1.167381254879204704e-22
1.201594234340633602e-22
4.614063175331326305e-23
7.122222624275893391e-23
3.262799491053905421e-22
-5.342296873404035653e-23
-2.010566309544011905e-23
5.595357348357961638e-23
-7.023004119265672960e-23
1.504772600704839560e-22
1.164006761889453776e-22
-1.333158808779091348e-22
2.284495390718455758e-22
-1.214665420841000423e-22
-2.138892632670713667e-22
1.673229497599286463e-22
6.284517341289441828e-24
-1.699138199932119541e-22
-1.010621188165495228e-22
-1.020111948130491222e-22
1.347225279212408737e-22
-6.813222280396065960e-23
-6.831580113722309980e-23
-2.943120841807703941e-23
1.159878739469684350e-22
-7.115064927068422460e-23
1.061537387591365547e-22
-4.609851506322964843e-23
2.210220092172666110e-22
9.581199674017000029e-23
-1.240237309781542067e-22
-1.194162531353366555e-22
1.923877579937075369e-23
-1.797969682542319702e-22
1.115407818905861132e-22
-1.147428473430549101e-23
4.320436491220391527e-23
-6.766363229192193416e-23
4.191379193119097115e-23
-9.749681406885801969e-23
-8.324470529193215089e-23
4.738815348309305204e-23
1.367417747084963671e-22
-4.909727304196646148e-23
-6.741317112599329278e-23
-1.314059798382961368e-22
-4.732570392998806450e-23
-1.438449658762789434e-22
-8.675472757201169364e-24
-1.821310913464816116e-22
4.419480841949053875e-23
-8.778001880261402779e-23
7.154953834596983522e-23
6.650816159838875650e-23
-6.732947577816715907e-23
-1.830363021505791374e-22
5.321515465752062285e-24
2.078248658595473365e-22
-1.363194327804568252e-22
2.620200734797881479e-22
-4.377787313870286413e-23
2.067812206213208604e-22
2.173577444862470857e-22
6.822948660126535457e-23
-1.274442724893269712e-22
2.249468043172941958e-22
-1.152321091168730104e-22
-4.687138303748959041e-23
2.444444232902784989e-22
2.895951476335589418e-22
-1.553065257884508090e-23
-4.830366372350013033e-23
1.444406588597517438e-22
-1.573528601164307961e-22
1.323118065383208961e-22
-1.662419605047551607e-22
1.030529259166184379e-22
-2.804112734551518685e-22
-9.498552141144864339e-23
-2.889274708069691715e-23
-1.086147393857459802e-22
-1.014988247208227779e-22
1.414937770770164515e-22
-9.357220346033904890e-25
-1.481275092615807168e-22
-1.716132926166834575e-23
2.398387069794287187e-22
-3.855306392956701301e-23
-3.899206898984941787e-23
-6.267617950069415456e-24
1.696143546841803046e-22
-1.305120462034972823e-22
-1.821707761844176589e-22
1.244528859363099128e-22
4.218899577362293013e-24
5.838340447543538648e-24
2.780153529063462315e-22
-1.098885066534114775e-22
-3.546473720015275025e-23
-4.915978621054818933e-23
-1.545491019876494084e-22
3.314824116567378550e-23
1.062956443684002497e-22
-1.599473742584433509e-22
1.032693656476175115e-22
-1.232874572055825150e-22
1.533961339345326819e-23
-7.118171055185271886e-23
-3.953017382768341999e-23
-2.011527573175024907e-22
1.317769624635164041e-22
-2.191468896178988899e-23
-1.963510419969114388e-22
-7.735386298182283205e-23
-1.636354382951472451e-22
-1.782841676196150365e-23
2.423136232843375495e-22
-2.029744460139210904e-22
4.266136564253106514e-22
1.361669710822111507e-22
2.672536585658212636e-24
2.940102801627087321e-22
-1.823654777302209870e-23
-1.669378957567515408e-22
-2.888274831510950452e-22
-8.430302592224255559e-23
3.730824288334423455e-23
2.144897873098282291e-23
1.538329563267988843e-22
-1.729775896694040395e-23
-2.167494227867230699e-23
-6.582380190879330200e-23
-1.259746341413400011e-22
-1.229492589934305392e-22
4.157597711708095599e-22
-3.569059981444022241e-23
3.145862754372058847e-22
1.246010860887079739e-22
1.798659312788122368e-22
-1.673294321727499974e-24
-1.740603301154025097e-22
-1.948158678894056884e-23
3.209662837210769948e-23
2.028337758433572845e-22
-1.792038426003664044e-22
1.637053248641287679e-22
-9.153852346947256400e-26
6.695764382867949841e-23
5.264374194802957606e-25
-3.366677379056040499e-23
-2.275089539143742687e-22
-7.614763628511043338e-23
-7.632006451053089556e-23
1.804286205707713911e-22
-1.463844574843080251e-23
-1.541559996445432925e-23
-3.788108372507887452e-24
-1.029086196218981914e-22
1.010626104980116624e-22
